<shapes type=list>
	<ruler.pixel type=vector names=FALSE length=1 as.numeric=TRUE >539.003710562367</ruler.pixel>
	<ruler.interval type=vector names=FALSE length=1 as.numeric=TRUE >1</ruler.interval>
	<scaling.units type=vector names=FALSE length=1 as.numeric=FALSE >mm</scaling.units>
	<scaling type=vector names=FALSE length=1 as.numeric=TRUE >0.00186561969275678</scaling>
	<landmarks.pixel type=matrix rownames=TRUE colnames=FALSE nrow=7 ncol=2 as.numeric=TRUE >
		punta_espina_dorsal	1462	1026
		esq_izq_caparaza	1404	1259
		superior_ojo	1700	1385
		inferior_ojo	1792	1520
		derecha_ojo	1791	1425
		izquierda_ojo	1690	1481
		organo_dorsal	1755	1247
	</landmarks.pixel>
	<landmarks.scaled type=matrix rownames=TRUE colnames=FALSE nrow=7 ncol=2 as.numeric=TRUE >
		punta_espina_dorsal	2.72753599081041	-1.91412580476845
		esq_izq_caparaza	2.61933004863052	-2.34881519318078
		superior_ojo	3.17155347768652	-2.58388327446814
		inferior_ojo	3.34319048942015	-2.8357419329903
		derecha_ojo	3.34132486972739	-2.65850806217841
		izquierda_ojo	3.15289728075895	-2.76298276497279
		organo_dorsal	3.27416256078814	-2.3264277568677
	</landmarks.scaled>
	<curves.control type=list>
		<curvaD_espina_dorsal type=matrix rownames=FALSE colnames=FALSE nrow=7 ncol=2 as.numeric=TRUE >
			1462	1026
			1478	1026
			1512	1048
			1568	1112
			1612	1164
			1620	1202
			1755	1247
		</curvaD_espina_dorsal>
		<curvaI_espina_dorsal type=matrix rownames=FALSE colnames=FALSE nrow=9 ncol=2 as.numeric=TRUE >
			1462	1026
			1483	1033
			1517	1076
			1558	1137
			1572	1168
			1540	1204
			1482	1203
			1424	1229
			1404	1259
		</curvaI_espina_dorsal>
	</curves.control>
	<curves.pixel type=list>
		<curvaD_espina_dorsal type=matrix rownames=FALSE colnames=FALSE nrow=341 ncol=2 as.numeric=TRUE >
			1462	1026
			1463	1026
			1464	1026
			1465	1026
			1466	1026
			1467	1026
			1468	1027
			1469	1027
			1470	1027
			1471	1027
			1472	1028
			1473	1028
			1474	1028
			1475	1029
			1476	1029
			1477	1029
			1478	1030
			1479	1030
			1480	1031
			1481	1031
			1482	1031
			1483	1032
			1484	1032
			1485	1032
			1486	1033
			1487	1034
			1488	1034
			1489	1035
			1490	1035
			1491	1036
			1492	1036
			1493	1037
			1494	1037
			1495	1038
			1496	1038
			1496	1039
			1497	1039
			1498	1040
			1499	1040
			1500	1041
			1501	1041
			1502	1042
			1503	1042
			1503	1043
			1504	1043
			1505	1044
			1506	1044
			1507	1045
			1508	1045
			1509	1046
			1510	1047
			1511	1047
			1512	1048
			1513	1049
			1514	1050
			1514	1051
			1515	1051
			1516	1052
			1516	1053
			1517	1053
			1517	1054
			1518	1055
			1519	1056
			1520	1057
			1521	1058
			1521	1059
			1522	1060
			1523	1060
			1523	1061
			1524	1062
			1525	1063
			1526	1064
			1527	1065
			1528	1066
			1529	1067
			1529	1068
			1530	1069
			1531	1070
			1532	1071
			1533	1072
			1534	1073
			1535	1074
			1536	1075
			1536	1076
			1537	1076
			1537	1077
			1538	1078
			1539	1079
			1540	1080
			1541	1081
			1541	1082
			1542	1083
			1543	1083
			1544	1084
			1544	1085
			1545	1086
			1546	1086
			1546	1087
			1547	1088
			1548	1089
			1548	1090
			1549	1090
			1549	1091
			1550	1092
			1551	1093
			1552	1094
			1553	1095
			1554	1096
			1554	1097
			1555	1098
			1556	1099
			1557	1100
			1558	1100
			1558	1101
			1559	1102
			1560	1103
			1561	1104
			1561	1105
			1562	1106
			1563	1107
			1564	1108
			1565	1108
			1565	1109
			1566	1110
			1567	1111
			1568	1112
			1568	1113
			1569	1114
			1570	1115
			1571	1116
			1572	1117
			1573	1118
			1574	1119
			1575	1120
			1576	1121
			1577	1122
			1577	1123
			1578	1124
			1579	1125
			1580	1126
			1581	1127
			1581	1128
			1582	1129
			1583	1130
			1584	1131
			1585	1132
			1586	1133
			1586	1134
			1587	1135
			1588	1136
			1589	1136
			1589	1137
			1590	1138
			1591	1139
			1591	1140
			1592	1141
			1593	1142
			1594	1142
			1594	1143
			1595	1144
			1596	1145
			1597	1146
			1597	1147
			1598	1148
			1599	1148
			1600	1149
			1600	1150
			1601	1151
			1602	1152
			1602	1153
			1603	1154
			1604	1154
			1605	1155
			1605	1156
			1606	1157
			1607	1158
			1607	1159
			1608	1159
			1609	1160
			1610	1161
			1610	1162
			1611	1163
			1612	1164
			1612	1165
			1613	1166
			1613	1167
			1613	1168
			1613	1169
			1614	1169
			1614	1170
			1614	1171
			1615	1172
			1616	1173
			1616	1174
			1617	1175
			1617	1176
			1618	1177
			1619	1178
			1619	1179
			1620	1179
			1621	1180
			1622	1181
			1623	1182
			1624	1183
			1624	1184
			1625	1185
			1626	1186
			1627	1187
			1628	1188
			1629	1188
			1630	1189
			1631	1190
			1632	1191
			1633	1191
			1634	1192
			1635	1193
			1636	1193
			1637	1194
			1638	1195
			1639	1196
			1640	1197
			1641	1197
			1642	1197
			1642	1198
			1643	1198
			1644	1199
			1645	1199
			1645	1200
			1646	1200
			1647	1201
			1648	1201
			1649	1202
			1650	1203
			1651	1203
			1652	1204
			1653	1205
			1654	1205
			1655	1206
			1656	1206
			1657	1207
			1658	1207
			1659	1208
			1660	1208
			1661	1209
			1662	1210
			1663	1210
			1664	1210
			1665	1211
			1666	1211
			1666	1212
			1667	1212
			1668	1213
			1669	1213
			1670	1213
			1671	1214
			1672	1214
			1673	1215
			1674	1215
			1674	1216
			1675	1216
			1676	1216
			1677	1217
			1678	1217
			1679	1218
			1680	1218
			1681	1219
			1682	1219
			1683	1220
			1684	1220
			1685	1220
			1686	1221
			1687	1221
			1688	1222
			1689	1222
			1690	1223
			1691	1223
			1692	1223
			1693	1224
			1694	1224
			1695	1225
			1696	1225
			1697	1226
			1698	1226
			1699	1227
			1700	1227
			1701	1227
			1702	1228
			1703	1228
			1704	1229
			1705	1229
			1706	1229
			1707	1230
			1708	1230
			1709	1231
			1710	1231
			1711	1231
			1712	1232
			1713	1232
			1714	1232
			1715	1233
			1716	1233
			1717	1234
			1718	1234
			1719	1234
			1720	1235
			1721	1235
			1722	1236
			1723	1236
			1724	1236
			1725	1236
			1725	1237
			1726	1237
			1727	1237
			1728	1238
			1729	1238
			1730	1238
			1731	1239
			1732	1239
			1733	1239
			1734	1240
			1735	1240
			1736	1240
			1737	1241
			1738	1241
			1739	1242
			1740	1242
			1741	1242
			1742	1243
			1743	1243
			1744	1243
			1745	1244
			1746	1244
			1747	1244
			1748	1245
			1749	1245
			1750	1245
			1751	1246
			1752	1246
			1753	1246
			1754	1247
			1755	1247
		</curvaD_espina_dorsal>
		<curvaI_espina_dorsal type=matrix rownames=FALSE colnames=FALSE nrow=335 ncol=2 as.numeric=TRUE >
			1462	1026
			1463	1026
			1464	1027
			1465	1027
			1466	1027
			1467	1028
			1468	1028
			1468	1029
			1469	1029
			1470	1030
			1471	1031
			1472	1031
			1473	1032
			1474	1033
			1475	1033
			1476	1033
			1476	1034
			1477	1034
			1478	1035
			1479	1036
			1480	1037
			1481	1037
			1482	1038
			1483	1039
			1483	1040
			1484	1040
			1485	1041
			1486	1042
			1487	1042
			1488	1043
			1488	1044
			1489	1045
			1490	1046
			1491	1047
			1492	1047
			1493	1048
			1494	1049
			1495	1050
			1495	1051
			1496	1052
			1497	1053
			1498	1054
			1499	1055
			1500	1056
			1501	1057
			1502	1058
			1503	1059
			1504	1060
			1505	1061
			1506	1062
			1507	1063
			1507	1064
			1508	1065
			1509	1066
			1510	1067
			1510	1068
			1511	1069
			1512	1070
			1513	1071
			1514	1072
			1515	1073
			1515	1074
			1516	1075
			1517	1075
			1517	1076
			1518	1077
			1518	1078
			1519	1079
			1520	1080
			1520	1081
			1521	1082
			1522	1083
			1522	1084
			1523	1085
			1523	1086
			1524	1086
			1525	1087
			1525	1088
			1526	1089
			1526	1090
			1527	1091
			1528	1092
			1528	1093
			1529	1094
			1529	1095
			1530	1095
			1530	1096
			1531	1097
			1532	1098
			1532	1099
			1533	1100
			1533	1101
			1534	1102
			1535	1103
			1536	1104
			1536	1105
			1537	1106
			1537	1107
			1538	1108
			1539	1109
			1539	1110
			1540	1111
			1541	1112
			1541	1113
			1542	1114
			1542	1115
			1543	1116
			1544	1117
			1544	1118
			1545	1119
			1545	1120
			1546	1121
			1546	1122
			1547	1123
			1548	1123
			1548	1124
			1549	1125
			1549	1126
			1550	1127
			1550	1128
			1551	1129
			1551	1130
			1552	1131
			1553	1132
			1553	1133
			1554	1134
			1555	1135
			1555	1136
			1556	1137
			1556	1138
			1557	1139
			1557	1140
			1558	1141
			1559	1142
			1559	1143
			1560	1144
			1560	1145
			1561	1146
			1561	1147
			1562	1148
			1563	1149
			1563	1150
			1564	1151
			1564	1152
			1564	1153
			1565	1153
			1565	1154
			1565	1155
			1566	1155
			1566	1156
			1567	1157
			1567	1158
			1568	1159
			1568	1160
			1569	1161
			1569	1162
			1570	1163
			1570	1164
			1571	1165
			1571	1166
			1571	1167
			1572	1168
			1571	1169
			1570	1170
			1569	1171
			1568	1172
			1567	1173
			1566	1174
			1565	1175
			1564	1176
			1563	1177
			1562	1178
			1561	1178
			1560	1179
			1559	1180
			1558	1181
			1557	1182
			1556	1183
			1555	1183
			1554	1184
			1553	1185
			1552	1186
			1551	1186
			1550	1187
			1549	1187
			1548	1187
			1548	1188
			1547	1188
			1546	1189
			1545	1189
			1544	1190
			1543	1191
			1542	1191
			1541	1191
			1540	1192
			1539	1192
			1538	1193
			1537	1193
			1536	1194
			1535	1194
			1534	1194
			1534	1195
			1533	1195
			1532	1195
			1531	1196
			1530	1196
			1529	1196
			1528	1197
			1527	1197
			1526	1197
			1525	1198
			1524	1198
			1523	1198
			1522	1199
			1521	1199
			1520	1199
			1519	1199
			1518	1200
			1517	1200
			1516	1200
			1515	1200
			1514	1200
			1513	1201
			1512	1201
			1511	1201
			1510	1201
			1509	1201
			1508	1201
			1507	1202
			1506	1202
			1505	1202
			1504	1202
			1503	1202
			1502	1202
			1501	1202
			1500	1202
			1499	1202
			1498	1203
			1497	1203
			1496	1203
			1495	1203
			1494	1203
			1493	1203
			1492	1203
			1491	1203
			1490	1203
			1489	1203
			1488	1203
			1487	1203
			1486	1203
			1485	1203
			1484	1203
			1483	1203
			1482	1203
			1481	1204
			1480	1204
			1479	1205
			1478	1205
			1477	1205
			1476	1206
			1475	1206
			1474	1207
			1473	1207
			1472	1208
			1471	1208
			1470	1209
			1469	1209
			1468	1210
			1467	1210
			1466	1211
			1465	1211
			1464	1212
			1463	1212
			1462	1213
			1461	1213
			1460	1214
			1459	1214
			1458	1215
			1457	1215
			1456	1216
			1455	1217
			1454	1217
			1453	1218
			1452	1218
			1451	1219
			1450	1220
			1449	1220
			1448	1221
			1447	1221
			1446	1222
			1445	1223
			1444	1223
			1443	1224
			1442	1224
			1441	1225
			1440	1226
			1439	1226
			1438	1227
			1437	1227
			1436	1228
			1435	1229
			1434	1230
			1433	1231
			1432	1231
			1431	1232
			1430	1233
			1429	1234
			1428	1234
			1427	1235
			1426	1236
			1425	1236
			1424	1237
			1423	1238
			1422	1239
			1421	1240
			1420	1241
			1419	1242
			1418	1243
			1417	1244
			1416	1245
			1415	1246
			1414	1247
			1413	1248
			1412	1248
			1412	1249
			1411	1250
			1410	1251
			1409	1252
			1408	1253
			1408	1254
			1407	1255
			1406	1256
			1406	1257
			1405	1258
			1404	1259
		</curvaI_espina_dorsal>
	</curves.pixel>
	<curves.scaled type=list>
		<curvaD_espina_dorsal type=matrix rownames=FALSE colnames=FALSE nrow=341 ncol=2 as.numeric=TRUE >
			2.72753599081041	-1.91412580476845
			2.72940161050317	-1.91412580476845
			2.73126723019592	-1.91412580476845
			2.73313284988868	-1.91412580476845
			2.73499846958144	-1.91412580476845
			2.73686408927419	-1.91412580476845
			2.73872970896695	-1.91599142446121
			2.74059532865971	-1.91599142446121
			2.74246094835246	-1.91599142446121
			2.74432656804522	-1.91599142446121
			2.74619218773798	-1.91785704415397
			2.74805780743073	-1.91785704415397
			2.74992342712349	-1.91785704415397
			2.75178904681625	-1.91972266384672
			2.753654666509	-1.91972266384672
			2.75552028620176	-1.91972266384672
			2.75738590589452	-1.92158828353948
			2.75925152558727	-1.92158828353948
			2.76111714528003	-1.92345390323224
			2.76298276497279	-1.92345390323224
			2.76484838466554	-1.92345390323224
			2.7667140043583	-1.92531952292499
			2.76857962405106	-1.92531952292499
			2.77044524374381	-1.92531952292499
			2.77231086343657	-1.92718514261775
			2.77417648312933	-1.92905076231051
			2.77604210282209	-1.92905076231051
			2.77790772251484	-1.93091638200326
			2.7797733422076	-1.93091638200326
			2.78163896190036	-1.93278200169602
			2.78350458159311	-1.93278200169602
			2.78537020128587	-1.93464762138878
			2.78723582097863	-1.93464762138878
			2.78910144067138	-1.93651324108154
			2.79096706036414	-1.93651324108154
			2.79096706036414	-1.93837886077429
			2.7928326800569	-1.93837886077429
			2.79469829974965	-1.94024448046705
			2.79656391944241	-1.94024448046705
			2.79842953913517	-1.94211010015981
			2.80029515882792	-1.94211010015981
			2.80216077852068	-1.94397571985256
			2.80402639821344	-1.94397571985256
			2.80402639821344	-1.94584133954532
			2.80589201790619	-1.94584133954532
			2.80775763759895	-1.94770695923808
			2.80962325729171	-1.94770695923808
			2.81148887698446	-1.94957257893083
			2.81335449667722	-1.94957257893083
			2.81522011636998	-1.95143819862359
			2.81708573606273	-1.95330381831635
			2.81895135575549	-1.95330381831635
			2.82081697544825	-1.9551694380091
			2.822682595141	-1.95703505770186
			2.82454821483376	-1.95890067739462
			2.82454821483376	-1.96076629708737
			2.82641383452652	-1.96076629708737
			2.82827945421927	-1.96263191678013
			2.82827945421927	-1.96449753647289
			2.83014507391203	-1.96449753647289
			2.83014507391203	-1.96636315616564
			2.83201069360479	-1.9682287758584
			2.83387631329755	-1.97009439555116
			2.8357419329903	-1.97196001524391
			2.83760755268306	-1.97382563493667
			2.83760755268306	-1.97569125462943
			2.83947317237582	-1.97755687432218
			2.84133879206857	-1.97755687432218
			2.84133879206857	-1.97942249401494
			2.84320441176133	-1.9812881137077
			2.84507003145409	-1.98315373340045
			2.84693565114684	-1.98501935309321
			2.8488012708396	-1.98688497278597
			2.85066689053236	-1.98875059247872
			2.85253251022511	-1.99061621217148
			2.85253251022511	-1.99248183186424
			2.85439812991787	-1.994347451557
			2.85626374961063	-1.99621307124975
			2.85812936930338	-1.99807869094251
			2.85999498899614	-1.99994431063527
			2.8618606086889	-2.00180993032802
			2.86372622838165	-2.00367555002078
			2.86559184807441	-2.00554116971354
			2.86559184807441	-2.00740678940629
			2.86745746776717	-2.00740678940629
			2.86745746776717	-2.00927240909905
			2.86932308745992	-2.01113802879181
			2.87118870715268	-2.01300364848456
			2.87305432684544	-2.01486926817732
			2.87491994653819	-2.01673488787008
			2.87491994653819	-2.01860050756283
			2.87678556623095	-2.02046612725559
			2.87865118592371	-2.02046612725559
			2.88051680561646	-2.02233174694835
			2.88051680561646	-2.0241973666411
			2.88238242530922	-2.02606298633386
			2.88424804500198	-2.02606298633386
			2.88424804500198	-2.02792860602662
			2.88611366469474	-2.02979422571937
			2.88797928438749	-2.03165984541213
			2.88797928438749	-2.03352546510489
			2.88984490408025	-2.03352546510489
			2.88984490408025	-2.03539108479764
			2.89171052377301	-2.0372567044904
			2.89357614346576	-2.03912232418316
			2.89544176315852	-2.04098794387591
			2.89730738285128	-2.04285356356867
			2.89917300254403	-2.04471918326143
			2.89917300254403	-2.04658480295419
			2.90103862223679	-2.04845042264694
			2.90290424192955	-2.0503160423397
			2.9047698616223	-2.05218166203246
			2.90663548131506	-2.05218166203246
			2.90663548131506	-2.05404728172521
			2.90850110100782	-2.05591290141797
			2.91036672070057	-2.05777852111073
			2.91223234039333	-2.05964414080348
			2.91223234039333	-2.06150976049624
			2.91409796008609	-2.063375380189
			2.91596357977884	-2.06524099988175
			2.9178291994716	-2.06710661957451
			2.91969481916436	-2.06710661957451
			2.91969481916436	-2.06897223926727
			2.92156043885711	-2.07083785896002
			2.92342605854987	-2.07270347865278
			2.92529167824263	-2.07456909834554
			2.92529167824263	-2.07643471803829
			2.92715729793538	-2.07830033773105
			2.92902291762814	-2.08016595742381
			2.9308885373209	-2.08203157711656
			2.93275415701365	-2.08389719680932
			2.93461977670641	-2.08576281650208
			2.93648539639917	-2.08762843619483
			2.93835101609193	-2.08949405588759
			2.94021663578468	-2.09135967558035
			2.94208225547744	-2.0932252952731
			2.94208225547744	-2.09509091496586
			2.9439478751702	-2.09695653465862
			2.94581349486295	-2.09882215435137
			2.94767911455571	-2.10068777404413
			2.94954473424847	-2.10255339373689
			2.94954473424847	-2.10441901342965
			2.95141035394122	-2.1062846331224
			2.95327597363398	-2.10815025281516
			2.95514159332674	-2.11001587250792
			2.95700721301949	-2.11188149220067
			2.95887283271225	-2.11374711189343
			2.95887283271225	-2.11561273158619
			2.96073845240501	-2.11747835127894
			2.96260407209776	-2.1193439709717
			2.96446969179052	-2.1193439709717
			2.96446969179052	-2.12120959066446
			2.96633531148328	-2.12307521035721
			2.96820093117603	-2.12494083004997
			2.96820093117603	-2.12680644974273
			2.97006655086879	-2.12867206943548
			2.97193217056155	-2.13053768912824
			2.9737977902543	-2.13053768912824
			2.9737977902543	-2.132403308821
			2.97566340994706	-2.13426892851375
			2.97752902963982	-2.13613454820651
			2.97939464933257	-2.13800016789927
			2.97939464933257	-2.13986578759202
			2.98126026902533	-2.14173140728478
			2.98312588871809	-2.14173140728478
			2.98499150841084	-2.14359702697754
			2.98499150841084	-2.14546264667029
			2.9868571281036	-2.14732826636305
			2.98872274779636	-2.14919388605581
			2.98872274779636	-2.15105950574856
			2.99058836748911	-2.15292512544132
			2.99245398718187	-2.15292512544132
			2.99431960687463	-2.15479074513408
			2.99431960687463	-2.15665636482683
			2.99618522656738	-2.15852198451959
			2.99805084626014	-2.16038760421235
			2.99805084626014	-2.16225322390511
			2.9999164659529	-2.16225322390511
			3.00178208564566	-2.16411884359786
			3.00364770533841	-2.16598446329062
			3.00364770533841	-2.16785008298338
			3.00551332503117	-2.16971570267613
			3.00737894472393	-2.17158132236889
			3.00737894472393	-2.17344694206165
			3.00924456441668	-2.1753125617544
			3.00924456441668	-2.17717818144716
			3.00924456441668	-2.17904380113992
			3.00924456441668	-2.18090942083267
			3.01111018410944	-2.18090942083267
			3.01111018410944	-2.18277504052543
			3.01111018410944	-2.18464066021819
			3.0129758038022	-2.18650627991094
			3.01484142349495	-2.1883718996037
			3.01484142349495	-2.19023751929646
			3.01670704318771	-2.19210313898921
			3.01670704318771	-2.19396875868197
			3.01857266288047	-2.19583437837473
			3.02043828257322	-2.19769999806748
			3.02043828257322	-2.19956561776024
			3.02230390226598	-2.19956561776024
			3.02416952195874	-2.201431237453
			3.02603514165149	-2.20329685714575
			3.02790076134425	-2.20516247683851
			3.02976638103701	-2.20702809653127
			3.02976638103701	-2.20889371622402
			3.03163200072976	-2.21075933591678
			3.03349762042252	-2.21262495560954
			3.03536324011528	-2.2144905753023
			3.03722885980803	-2.21635619499505
			3.03909447950079	-2.21635619499505
			3.04096009919355	-2.21822181468781
			3.0428257188863	-2.22008743438057
			3.04469133857906	-2.22195305407332
			3.04655695827182	-2.22195305407332
			3.04842257796457	-2.22381867376608
			3.05028819765733	-2.22568429345884
			3.05215381735009	-2.22568429345884
			3.05401943704285	-2.22754991315159
			3.0558850567356	-2.22941553284435
			3.05775067642836	-2.23128115253711
			3.05961629612112	-2.23314677222986
			3.06148191581387	-2.23314677222986
			3.06334753550663	-2.23314677222986
			3.06334753550663	-2.23501239192262
			3.06521315519939	-2.23501239192262
			3.06707877489214	-2.23687801161538
			3.0689443945849	-2.23687801161538
			3.0689443945849	-2.23874363130813
			3.07081001427766	-2.23874363130813
			3.07267563397041	-2.24060925100089
			3.07454125366317	-2.24060925100089
			3.07640687335593	-2.24247487069365
			3.07827249304868	-2.2443404903864
			3.08013811274144	-2.2443404903864
			3.0820037324342	-2.24620611007916
			3.08386935212695	-2.24807172977192
			3.08573497181971	-2.24807172977192
			3.08760059151247	-2.24993734946467
			3.08946621120522	-2.24993734946467
			3.09133183089798	-2.25180296915743
			3.09319745059074	-2.25180296915743
			3.09506307028349	-2.25366858885019
			3.09692868997625	-2.25366858885019
			3.09879430966901	-2.25553420854294
			3.10065992936176	-2.2573998282357
			3.10252554905452	-2.2573998282357
			3.10439116874728	-2.2573998282357
			3.10625678844003	-2.25926544792846
			3.10812240813279	-2.25926544792846
			3.10812240813279	-2.26113106762121
			3.10998802782555	-2.26113106762121
			3.11185364751831	-2.26299668731397
			3.11371926721106	-2.26299668731397
			3.11558488690382	-2.26299668731397
			3.11745050659658	-2.26486230700673
			3.11931612628933	-2.26486230700673
			3.12118174598209	-2.26672792669949
			3.12304736567485	-2.26672792669949
			3.12304736567485	-2.26859354639224
			3.1249129853676	-2.26859354639224
			3.12677860506036	-2.26859354639224
			3.12864422475312	-2.270459166085
			3.13050984444587	-2.270459166085
			3.13237546413863	-2.27232478577776
			3.13424108383139	-2.27232478577776
			3.13610670352414	-2.27419040547051
			3.1379723232169	-2.27419040547051
			3.13983794290966	-2.27605602516327
			3.14170356260241	-2.27605602516327
			3.14356918229517	-2.27605602516327
			3.14543480198793	-2.27792164485603
			3.14730042168068	-2.27792164485603
			3.14916604137344	-2.27978726454878
			3.1510316610662	-2.27978726454878
			3.15289728075895	-2.28165288424154
			3.15476290045171	-2.28165288424154
			3.15662852014447	-2.28165288424154
			3.15849413983722	-2.2835185039343
			3.16035975952998	-2.2835185039343
			3.16222537922274	-2.28538412362705
			3.1640909989155	-2.28538412362705
			3.16595661860825	-2.28724974331981
			3.16782223830101	-2.28724974331981
			3.16968785799377	-2.28911536301257
			3.17155347768652	-2.28911536301257
			3.17341909737928	-2.28911536301257
			3.17528471707204	-2.29098098270532
			3.17715033676479	-2.29098098270532
			3.17901595645755	-2.29284660239808
			3.18088157615031	-2.29284660239808
			3.18274719584306	-2.29284660239808
			3.18461281553582	-2.29471222209084
			3.18647843522858	-2.29471222209084
			3.18834405492133	-2.29657784178359
			3.19020967461409	-2.29657784178359
			3.19207529430685	-2.29657784178359
			3.1939409139996	-2.29844346147635
			3.19580653369236	-2.29844346147635
			3.19767215338512	-2.29844346147635
			3.19953777307787	-2.30030908116911
			3.20140339277063	-2.30030908116911
			3.20326901246339	-2.30217470086186
			3.20513463215614	-2.30217470086186
			3.2070002518489	-2.30217470086186
			3.20886587154166	-2.30404032055462
			3.21073149123441	-2.30404032055462
			3.21259711092717	-2.30590594024738
			3.21446273061993	-2.30590594024738
			3.21632835031268	-2.30590594024738
			3.21819397000544	-2.30590594024738
			3.21819397000544	-2.30777155994013
			3.2200595896982	-2.30777155994013
			3.22192520939095	-2.30777155994013
			3.22379082908371	-2.30963717963289
			3.22565644877647	-2.30963717963289
			3.22752206846923	-2.30963717963289
			3.22938768816198	-2.31150279932565
			3.23125330785474	-2.31150279932565
			3.2331189275475	-2.31150279932565
			3.23498454724025	-2.3133684190184
			3.23685016693301	-2.3133684190184
			3.23871578662577	-2.3133684190184
			3.24058140631852	-2.31523403871116
			3.24244702601128	-2.31523403871116
			3.24431264570404	-2.31709965840392
			3.24617826539679	-2.31709965840392
			3.24804388508955	-2.31709965840392
			3.24990950478231	-2.31896527809667
			3.25177512447506	-2.31896527809667
			3.25364074416782	-2.31896527809667
			3.25550636386058	-2.32083089778943
			3.25737198355333	-2.32083089778943
			3.25923760324609	-2.32083089778943
			3.26110322293885	-2.32269651748219
			3.2629688426316	-2.32269651748219
			3.26483446232436	-2.32269651748219
			3.26670008201712	-2.32456213717494
			3.26856570170987	-2.32456213717494
			3.27043132140263	-2.32456213717494
			3.27229694109539	-2.3264277568677
			3.27416256078814	-2.3264277568677
		</curvaD_espina_dorsal>
		<curvaI_espina_dorsal type=matrix rownames=FALSE colnames=FALSE nrow=335 ncol=2 as.numeric=TRUE >
			2.72753599081041	-1.91412580476845
			2.72940161050317	-1.91412580476845
			2.73126723019592	-1.91599142446121
			2.73313284988868	-1.91599142446121
			2.73499846958144	-1.91599142446121
			2.73686408927419	-1.91785704415397
			2.73872970896695	-1.91785704415397
			2.73872970896695	-1.91972266384672
			2.74059532865971	-1.91972266384672
			2.74246094835246	-1.92158828353948
			2.74432656804522	-1.92345390323224
			2.74619218773798	-1.92345390323224
			2.74805780743073	-1.92531952292499
			2.74992342712349	-1.92718514261775
			2.75178904681625	-1.92718514261775
			2.753654666509	-1.92718514261775
			2.753654666509	-1.92905076231051
			2.75552028620176	-1.92905076231051
			2.75738590589452	-1.93091638200326
			2.75925152558727	-1.93278200169602
			2.76111714528003	-1.93464762138878
			2.76298276497279	-1.93464762138878
			2.76484838466554	-1.93651324108154
			2.7667140043583	-1.93837886077429
			2.7667140043583	-1.94024448046705
			2.76857962405106	-1.94024448046705
			2.77044524374381	-1.94211010015981
			2.77231086343657	-1.94397571985256
			2.77417648312933	-1.94397571985256
			2.77604210282209	-1.94584133954532
			2.77604210282209	-1.94770695923808
			2.77790772251484	-1.94957257893083
			2.7797733422076	-1.95143819862359
			2.78163896190036	-1.95330381831635
			2.78350458159311	-1.95330381831635
			2.78537020128587	-1.9551694380091
			2.78723582097863	-1.95703505770186
			2.78910144067138	-1.95890067739462
			2.78910144067138	-1.96076629708737
			2.79096706036414	-1.96263191678013
			2.7928326800569	-1.96449753647289
			2.79469829974965	-1.96636315616564
			2.79656391944241	-1.9682287758584
			2.79842953913517	-1.97009439555116
			2.80029515882792	-1.97196001524391
			2.80216077852068	-1.97382563493667
			2.80402639821344	-1.97569125462943
			2.80589201790619	-1.97755687432218
			2.80775763759895	-1.97942249401494
			2.80962325729171	-1.9812881137077
			2.81148887698446	-1.98315373340045
			2.81148887698446	-1.98501935309321
			2.81335449667722	-1.98688497278597
			2.81522011636998	-1.98875059247872
			2.81708573606273	-1.99061621217148
			2.81708573606273	-1.99248183186424
			2.81895135575549	-1.994347451557
			2.82081697544825	-1.99621307124975
			2.822682595141	-1.99807869094251
			2.82454821483376	-1.99994431063527
			2.82641383452652	-2.00180993032802
			2.82641383452652	-2.00367555002078
			2.82827945421927	-2.00554116971354
			2.83014507391203	-2.00554116971354
			2.83014507391203	-2.00740678940629
			2.83201069360479	-2.00927240909905
			2.83201069360479	-2.01113802879181
			2.83387631329755	-2.01300364848456
			2.8357419329903	-2.01486926817732
			2.8357419329903	-2.01673488787008
			2.83760755268306	-2.01860050756283
			2.83947317237582	-2.02046612725559
			2.83947317237582	-2.02233174694835
			2.84133879206857	-2.0241973666411
			2.84133879206857	-2.02606298633386
			2.84320441176133	-2.02606298633386
			2.84507003145409	-2.02792860602662
			2.84507003145409	-2.02979422571937
			2.84693565114684	-2.03165984541213
			2.84693565114684	-2.03352546510489
			2.8488012708396	-2.03539108479764
			2.85066689053236	-2.0372567044904
			2.85066689053236	-2.03912232418316
			2.85253251022511	-2.04098794387591
			2.85253251022511	-2.04285356356867
			2.85439812991787	-2.04285356356867
			2.85439812991787	-2.04471918326143
			2.85626374961063	-2.04658480295419
			2.85812936930338	-2.04845042264694
			2.85812936930338	-2.0503160423397
			2.85999498899614	-2.05218166203246
			2.85999498899614	-2.05404728172521
			2.8618606086889	-2.05591290141797
			2.86372622838165	-2.05777852111073
			2.86559184807441	-2.05964414080348
			2.86559184807441	-2.06150976049624
			2.86745746776717	-2.063375380189
			2.86745746776717	-2.06524099988175
			2.86932308745992	-2.06710661957451
			2.87118870715268	-2.06897223926727
			2.87118870715268	-2.07083785896002
			2.87305432684544	-2.07270347865278
			2.87491994653819	-2.07456909834554
			2.87491994653819	-2.07643471803829
			2.87678556623095	-2.07830033773105
			2.87678556623095	-2.08016595742381
			2.87865118592371	-2.08203157711656
			2.88051680561646	-2.08389719680932
			2.88051680561646	-2.08576281650208
			2.88238242530922	-2.08762843619483
			2.88238242530922	-2.08949405588759
			2.88424804500198	-2.09135967558035
			2.88424804500198	-2.0932252952731
			2.88611366469474	-2.09509091496586
			2.88797928438749	-2.09509091496586
			2.88797928438749	-2.09695653465862
			2.88984490408025	-2.09882215435137
			2.88984490408025	-2.10068777404413
			2.89171052377301	-2.10255339373689
			2.89171052377301	-2.10441901342965
			2.89357614346576	-2.1062846331224
			2.89357614346576	-2.10815025281516
			2.89544176315852	-2.11001587250792
			2.89730738285128	-2.11188149220067
			2.89730738285128	-2.11374711189343
			2.89917300254403	-2.11561273158619
			2.90103862223679	-2.11747835127894
			2.90103862223679	-2.1193439709717
			2.90290424192955	-2.12120959066446
			2.90290424192955	-2.12307521035721
			2.9047698616223	-2.12494083004997
			2.9047698616223	-2.12680644974273
			2.90663548131506	-2.12867206943548
			2.90850110100782	-2.13053768912824
			2.90850110100782	-2.132403308821
			2.91036672070057	-2.13426892851375
			2.91036672070057	-2.13613454820651
			2.91223234039333	-2.13800016789927
			2.91223234039333	-2.13986578759202
			2.91409796008609	-2.14173140728478
			2.91596357977884	-2.14359702697754
			2.91596357977884	-2.14546264667029
			2.9178291994716	-2.14732826636305
			2.9178291994716	-2.14919388605581
			2.9178291994716	-2.15105950574856
			2.91969481916436	-2.15105950574856
			2.91969481916436	-2.15292512544132
			2.91969481916436	-2.15479074513408
			2.92156043885711	-2.15479074513408
			2.92156043885711	-2.15665636482683
			2.92342605854987	-2.15852198451959
			2.92342605854987	-2.16038760421235
			2.92529167824263	-2.16225322390511
			2.92529167824263	-2.16411884359786
			2.92715729793538	-2.16598446329062
			2.92715729793538	-2.16785008298338
			2.92902291762814	-2.16971570267613
			2.92902291762814	-2.17158132236889
			2.9308885373209	-2.17344694206165
			2.9308885373209	-2.1753125617544
			2.9308885373209	-2.17717818144716
			2.93275415701365	-2.17904380113992
			2.9308885373209	-2.18090942083267
			2.92902291762814	-2.18277504052543
			2.92715729793538	-2.18464066021819
			2.92529167824263	-2.18650627991094
			2.92342605854987	-2.1883718996037
			2.92156043885711	-2.19023751929646
			2.91969481916436	-2.19210313898921
			2.9178291994716	-2.19396875868197
			2.91596357977884	-2.19583437837473
			2.91409796008609	-2.19769999806748
			2.91223234039333	-2.19769999806748
			2.91036672070057	-2.19956561776024
			2.90850110100782	-2.201431237453
			2.90663548131506	-2.20329685714575
			2.9047698616223	-2.20516247683851
			2.90290424192955	-2.20702809653127
			2.90103862223679	-2.20702809653127
			2.89917300254403	-2.20889371622402
			2.89730738285128	-2.21075933591678
			2.89544176315852	-2.21262495560954
			2.89357614346576	-2.21262495560954
			2.89171052377301	-2.2144905753023
			2.88984490408025	-2.2144905753023
			2.88797928438749	-2.2144905753023
			2.88797928438749	-2.21635619499505
			2.88611366469474	-2.21635619499505
			2.88424804500198	-2.21822181468781
			2.88238242530922	-2.21822181468781
			2.88051680561646	-2.22008743438057
			2.87865118592371	-2.22195305407332
			2.87678556623095	-2.22195305407332
			2.87491994653819	-2.22195305407332
			2.87305432684544	-2.22381867376608
			2.87118870715268	-2.22381867376608
			2.86932308745992	-2.22568429345884
			2.86745746776717	-2.22568429345884
			2.86559184807441	-2.22754991315159
			2.86372622838165	-2.22754991315159
			2.8618606086889	-2.22754991315159
			2.8618606086889	-2.22941553284435
			2.85999498899614	-2.22941553284435
			2.85812936930338	-2.22941553284435
			2.85626374961063	-2.23128115253711
			2.85439812991787	-2.23128115253711
			2.85253251022511	-2.23128115253711
			2.85066689053236	-2.23314677222986
			2.8488012708396	-2.23314677222986
			2.84693565114684	-2.23314677222986
			2.84507003145409	-2.23501239192262
			2.84320441176133	-2.23501239192262
			2.84133879206857	-2.23501239192262
			2.83947317237582	-2.23687801161538
			2.83760755268306	-2.23687801161538
			2.8357419329903	-2.23687801161538
			2.83387631329755	-2.23687801161538
			2.83201069360479	-2.23874363130813
			2.83014507391203	-2.23874363130813
			2.82827945421927	-2.23874363130813
			2.82641383452652	-2.23874363130813
			2.82454821483376	-2.23874363130813
			2.822682595141	-2.24060925100089
			2.82081697544825	-2.24060925100089
			2.81895135575549	-2.24060925100089
			2.81708573606273	-2.24060925100089
			2.81522011636998	-2.24060925100089
			2.81335449667722	-2.24060925100089
			2.81148887698446	-2.24247487069365
			2.80962325729171	-2.24247487069365
			2.80775763759895	-2.24247487069365
			2.80589201790619	-2.24247487069365
			2.80402639821344	-2.24247487069365
			2.80216077852068	-2.24247487069365
			2.80029515882792	-2.24247487069365
			2.79842953913517	-2.24247487069365
			2.79656391944241	-2.24247487069365
			2.79469829974965	-2.2443404903864
			2.7928326800569	-2.2443404903864
			2.79096706036414	-2.2443404903864
			2.78910144067138	-2.2443404903864
			2.78723582097863	-2.2443404903864
			2.78537020128587	-2.2443404903864
			2.78350458159311	-2.2443404903864
			2.78163896190036	-2.2443404903864
			2.7797733422076	-2.2443404903864
			2.77790772251484	-2.2443404903864
			2.77604210282209	-2.2443404903864
			2.77417648312933	-2.2443404903864
			2.77231086343657	-2.2443404903864
			2.77044524374381	-2.2443404903864
			2.76857962405106	-2.2443404903864
			2.7667140043583	-2.2443404903864
			2.76484838466554	-2.2443404903864
			2.76298276497279	-2.24620611007916
			2.76111714528003	-2.24620611007916
			2.75925152558727	-2.24807172977192
			2.75738590589452	-2.24807172977192
			2.75552028620176	-2.24807172977192
			2.753654666509	-2.24993734946467
			2.75178904681625	-2.24993734946467
			2.74992342712349	-2.25180296915743
			2.74805780743073	-2.25180296915743
			2.74619218773798	-2.25366858885019
			2.74432656804522	-2.25366858885019
			2.74246094835246	-2.25553420854294
			2.74059532865971	-2.25553420854294
			2.73872970896695	-2.2573998282357
			2.73686408927419	-2.2573998282357
			2.73499846958144	-2.25926544792846
			2.73313284988868	-2.25926544792846
			2.73126723019592	-2.26113106762121
			2.72940161050317	-2.26113106762121
			2.72753599081041	-2.26299668731397
			2.72567037111765	-2.26299668731397
			2.7238047514249	-2.26486230700673
			2.72193913173214	-2.26486230700673
			2.72007351203938	-2.26672792669949
			2.71820789234663	-2.26672792669949
			2.71634227265387	-2.26859354639224
			2.71447665296111	-2.270459166085
			2.71261103326835	-2.270459166085
			2.7107454135756	-2.27232478577776
			2.70887979388284	-2.27232478577776
			2.70701417419008	-2.27419040547051
			2.70514855449733	-2.27605602516327
			2.70328293480457	-2.27605602516327
			2.70141731511181	-2.27792164485603
			2.69955169541906	-2.27792164485603
			2.6976860757263	-2.27978726454878
			2.69582045603354	-2.28165288424154
			2.69395483634079	-2.28165288424154
			2.69208921664803	-2.2835185039343
			2.69022359695527	-2.2835185039343
			2.68835797726252	-2.28538412362705
			2.68649235756976	-2.28724974331981
			2.684626737877	-2.28724974331981
			2.68276111818425	-2.28911536301257
			2.68089549849149	-2.28911536301257
			2.67902987879873	-2.29098098270532
			2.67716425910598	-2.29284660239808
			2.67529863941322	-2.29471222209084
			2.67343301972046	-2.29657784178359
			2.67156740002771	-2.29657784178359
			2.66970178033495	-2.29844346147635
			2.66783616064219	-2.30030908116911
			2.66597054094944	-2.30217470086186
			2.66410492125668	-2.30217470086186
			2.66223930156392	-2.30404032055462
			2.66037368187117	-2.30590594024738
			2.65850806217841	-2.30590594024738
			2.65664244248565	-2.30777155994013
			2.65477682279289	-2.30963717963289
			2.65291120310014	-2.31150279932565
			2.65104558340738	-2.3133684190184
			2.64917996371462	-2.31523403871116
			2.64731434402187	-2.31709965840392
			2.64544872432911	-2.31896527809667
			2.64358310463635	-2.32083089778943
			2.6417174849436	-2.32269651748219
			2.63985186525084	-2.32456213717494
			2.63798624555808	-2.3264277568677
			2.63612062586533	-2.32829337656046
			2.63425500617257	-2.32829337656046
			2.63425500617257	-2.33015899625322
			2.63238938647981	-2.33202461594597
			2.63052376678706	-2.33389023563873
			2.6286581470943	-2.33575585533149
			2.62679252740154	-2.33762147502424
			2.62679252740154	-2.339487094717
			2.62492690770879	-2.34135271440976
			2.62306128801603	-2.34321833410251
			2.62306128801603	-2.34508395379527
			2.62119566832327	-2.34694957348803
			2.61933004863052	-2.34881519318078
		</curvaI_espina_dorsal>
	</curves.scaled>
	<ruler.points type=matrix rownames=TRUE colnames=FALSE nrow=2 ncol=2 as.numeric=TRUE >
		Ruler point 1	1519	537
		Ruler point 2	2055	533
	</ruler.points>
</shapes>

