<shapes type=list>
	<ruler.pixel type=vector names=FALSE length=1 as.numeric=TRUE >539.000927642987</ruler.pixel>
	<ruler.interval type=vector names=FALSE length=1 as.numeric=TRUE >1</ruler.interval>
	<scaling.units type=vector names=FALSE length=1 as.numeric=FALSE >mm</scaling.units>
	<scaling type=vector names=FALSE length=1 as.numeric=TRUE >0.00185873284861451</scaling>
	<landmarks.pixel type=matrix rownames=TRUE colnames=FALSE nrow=7 ncol=2 as.numeric=TRUE >
		punta_espina_dorsal	1451	947
		esq_izq_caparaza	1418	1189
		superior_ojo	1695	1289
		inferior_ojo	1756	1408
		derecha_ojo	1771	1324
		izquierda_ojo	1666	1371
		organo_dorsal	1740	1178
	</landmarks.pixel>
	<landmarks.scaled type=matrix rownames=TRUE colnames=FALSE nrow=7 ncol=2 as.numeric=TRUE >
		punta_espina_dorsal	2.69702136333965	-1.76022000763794
		esq_izq_caparaza	2.63568317933538	-2.21003335700265
		superior_ojo	3.1505521784016	-2.3959066418641
		inferior_ojo	3.26393488216708	-2.61709585084923
		derecha_ojo	3.2918158748963	-2.46096229156561
		izquierda_ojo	3.09664892579177	-2.54832273545049
		organo_dorsal	3.23419515658925	-2.18958729566789
	</landmarks.scaled>
	<curves.control type=list>
		<curvaD_espina_dorsal type=matrix rownames=FALSE colnames=FALSE nrow=7 ncol=2 as.numeric=TRUE >
			1451	947
			1484	966
			1505	981
			1525	999
			1603	1071
			1626	1143
			1740	1178
		</curvaD_espina_dorsal>
		<curvaI_espina_dorsal type=matrix rownames=FALSE colnames=FALSE nrow=9 ncol=2 as.numeric=TRUE >
			1451	947
			1500	992
			1527	1026
			1550	1049
			1577	1098
			1548	1145
			1477	1139
			1432	1174
			1418	1189
		</curvaI_espina_dorsal>
	</curves.control>
	<curves.pixel type=list>
		<curvaD_espina_dorsal type=matrix rownames=FALSE colnames=FALSE nrow=326 ncol=2 as.numeric=TRUE >
			1451	947
			1452	947
			1452	948
			1453	948
			1454	949
			1455	949
			1456	950
			1457	950
			1458	951
			1459	951
			1460	952
			1461	953
			1462	953
			1463	954
			1464	954
			1465	955
			1466	956
			1467	956
			1467	957
			1468	957
			1469	958
			1470	958
			1471	959
			1472	960
			1473	960
			1474	961
			1475	961
			1476	962
			1477	962
			1478	963
			1479	964
			1480	965
			1481	965
			1482	966
			1483	967
			1484	967
			1485	968
			1486	968
			1487	969
			1488	970
			1489	970
			1490	971
			1491	972
			1492	972
			1493	973
			1494	973
			1495	974
			1496	975
			1497	975
			1498	976
			1499	977
			1500	978
			1501	978
			1502	979
			1503	980
			1504	980
			1505	981
			1506	982
			1507	983
			1508	984
			1509	985
			1510	986
			1511	986
			1512	987
			1512	988
			1513	988
			1514	989
			1515	990
			1516	991
			1517	992
			1518	992
			1519	993
			1519	994
			1520	995
			1521	996
			1522	997
			1523	997
			1524	998
			1524	999
			1525	999
			1526	1000
			1527	1001
			1528	1002
			1529	1003
			1530	1004
			1531	1005
			1532	1005
			1533	1006
			1534	1007
			1534	1008
			1535	1009
			1536	1010
			1537	1010
			1538	1011
			1539	1012
			1540	1013
			1541	1014
			1542	1015
			1543	1016
			1544	1017
			1545	1018
			1546	1019
			1547	1020
			1548	1021
			1549	1022
			1550	1023
			1551	1023
			1552	1024
			1553	1025
			1554	1026
			1555	1027
			1556	1028
			1557	1028
			1558	1029
			1559	1030
			1559	1031
			1560	1032
			1561	1032
			1562	1033
			1563	1034
			1564	1035
			1565	1036
			1566	1037
			1567	1038
			1568	1039
			1569	1039
			1569	1040
			1570	1041
			1571	1041
			1571	1042
			1572	1042
			1573	1043
			1573	1044
			1574	1044
			1575	1045
			1575	1046
			1576	1046
			1577	1047
			1578	1048
			1579	1049
			1580	1050
			1581	1051
			1582	1052
			1583	1052
			1584	1053
			1585	1054
			1586	1055
			1586	1056
			1587	1057
			1588	1057
			1589	1058
			1590	1059
			1591	1060
			1592	1061
			1593	1061
			1594	1062
			1595	1063
			1595	1064
			1596	1065
			1597	1066
			1598	1067
			1599	1067
			1600	1068
			1601	1069
			1602	1070
			1603	1071
			1603	1072
			1604	1073
			1604	1074
			1604	1075
			1605	1076
			1605	1077
			1606	1078
			1606	1079
			1606	1080
			1607	1081
			1607	1082
			1608	1083
			1608	1084
			1608	1085
			1609	1086
			1609	1087
			1610	1088
			1611	1089
			1611	1090
			1612	1091
			1612	1092
			1612	1093
			1613	1094
			1614	1095
			1615	1096
			1615	1097
			1616	1098
			1616	1099
			1617	1100
			1618	1101
			1618	1102
			1619	1103
			1620	1104
			1620	1105
			1621	1106
			1622	1107
			1623	1108
			1623	1109
			1624	1110
			1625	1111
			1626	1112
			1626	1113
			1627	1113
			1628	1114
			1629	1115
			1630	1116
			1630	1117
			1631	1118
			1632	1119
			1633	1120
			1634	1121
			1635	1122
			1636	1122
			1637	1123
			1638	1124
			1638	1125
			1639	1126
			1640	1127
			1641	1128
			1642	1128
			1643	1129
			1644	1130
			1645	1131
			1646	1132
			1647	1133
			1648	1133
			1649	1134
			1650	1135
			1651	1135
			1651	1136
			1652	1136
			1653	1137
			1654	1138
			1655	1139
			1656	1139
			1657	1140
			1658	1140
			1659	1141
			1660	1142
			1661	1143
			1662	1143
			1663	1144
			1664	1145
			1665	1145
			1666	1146
			1667	1147
			1668	1147
			1669	1148
			1670	1148
			1671	1149
			1672	1150
			1673	1150
			1674	1150
			1675	1151
			1676	1151
			1676	1152
			1677	1152
			1678	1153
			1679	1153
			1680	1154
			1681	1154
			1682	1155
			1683	1155
			1684	1156
			1685	1157
			1686	1157
			1687	1158
			1688	1158
			1689	1159
			1690	1159
			1691	1159
			1692	1160
			1693	1160
			1694	1161
			1695	1161
			1696	1162
			1697	1162
			1698	1163
			1699	1163
			1700	1163
			1701	1164
			1702	1164
			1703	1165
			1704	1165
			1705	1165
			1706	1166
			1707	1166
			1708	1167
			1709	1167
			1710	1167
			1711	1168
			1712	1168
			1713	1169
			1714	1169
			1715	1169
			1716	1170
			1717	1170
			1718	1171
			1719	1171
			1720	1171
			1721	1172
			1722	1172
			1723	1172
			1724	1173
			1725	1173
			1726	1174
			1727	1174
			1728	1174
			1729	1174
			1730	1175
			1731	1175
			1732	1175
			1733	1176
			1734	1176
			1735	1177
			1736	1177
			1737	1177
			1738	1177
			1739	1178
			1740	1178
		</curvaD_espina_dorsal>
		<curvaI_espina_dorsal type=matrix rownames=FALSE colnames=FALSE nrow=334 ncol=2 as.numeric=TRUE >
			1451	947
			1452	948
			1453	949
			1454	950
			1455	951
			1456	952
			1457	953
			1458	953
			1459	954
			1460	955
			1461	956
			1462	957
			1463	958
			1464	959
			1465	960
			1466	961
			1467	961
			1467	962
			1468	963
			1469	964
			1470	965
			1471	966
			1472	967
			1473	968
			1474	969
			1475	969
			1476	970
			1476	971
			1477	972
			1478	973
			1479	974
			1480	975
			1481	975
			1482	976
			1483	977
			1483	978
			1484	979
			1485	980
			1486	980
			1487	981
			1488	982
			1488	983
			1489	984
			1490	985
			1491	985
			1492	986
			1492	987
			1493	988
			1494	989
			1495	990
			1496	990
			1496	991
			1497	992
			1498	993
			1499	994
			1500	995
			1501	996
			1502	997
			1503	998
			1504	999
			1504	1000
			1505	1001
			1506	1002
			1507	1003
			1508	1004
			1509	1005
			1510	1005
			1510	1006
			1511	1007
			1512	1008
			1513	1009
			1514	1010
			1514	1011
			1515	1012
			1516	1013
			1517	1014
			1518	1015
			1519	1016
			1520	1017
			1521	1018
			1522	1019
			1522	1020
			1523	1021
			1524	1022
			1525	1023
			1526	1024
			1526	1025
			1527	1026
			1528	1027
			1529	1028
			1530	1029
			1531	1030
			1532	1031
			1533	1032
			1534	1033
			1535	1034
			1535	1035
			1536	1036
			1537	1037
			1538	1038
			1539	1039
			1539	1040
			1540	1041
			1541	1042
			1542	1043
			1542	1044
			1543	1045
			1544	1046
			1545	1047
			1545	1048
			1546	1049
			1547	1050
			1548	1051
			1548	1052
			1549	1053
			1550	1054
			1551	1055
			1551	1056
			1552	1057
			1553	1058
			1554	1059
			1554	1060
			1555	1061
			1555	1062
			1556	1062
			1556	1063
			1557	1064
			1557	1065
			1558	1066
			1559	1067
			1559	1068
			1560	1069
			1560	1070
			1561	1070
			1561	1071
			1562	1072
			1563	1073
			1563	1074
			1564	1075
			1564	1076
			1565	1077
			1565	1078
			1566	1079
			1567	1080
			1567	1081
			1568	1082
			1568	1083
			1569	1084
			1570	1085
			1570	1086
			1571	1087
			1571	1088
			1572	1089
			1572	1090
			1573	1091
			1574	1092
			1574	1093
			1575	1094
			1575	1095
			1576	1096
			1577	1097
			1577	1098
			1576	1099
			1575	1100
			1575	1101
			1574	1102
			1573	1103
			1573	1104
			1572	1105
			1571	1106
			1571	1107
			1570	1108
			1569	1109
			1568	1110
			1568	1111
			1567	1112
			1566	1112
			1565	1113
			1564	1114
			1564	1115
			1563	1116
			1562	1116
			1561	1117
			1560	1118
			1559	1119
			1558	1119
			1558	1120
			1557	1121
			1556	1122
			1555	1122
			1554	1123
			1553	1124
			1552	1124
			1551	1125
			1550	1125
			1549	1126
			1548	1127
			1547	1127
			1546	1128
			1545	1128
			1544	1129
			1543	1129
			1542	1130
			1541	1130
			1540	1131
			1539	1131
			1538	1132
			1537	1132
			1536	1132
			1535	1133
			1534	1133
			1533	1133
			1532	1134
			1531	1134
			1530	1134
			1530	1135
			1529	1135
			1528	1135
			1527	1135
			1526	1136
			1525	1136
			1524	1136
			1523	1136
			1522	1137
			1521	1137
			1520	1137
			1519	1137
			1518	1138
			1517	1138
			1516	1138
			1515	1138
			1514	1138
			1513	1138
			1512	1138
			1511	1139
			1510	1139
			1509	1139
			1508	1139
			1507	1139
			1506	1139
			1505	1139
			1504	1139
			1503	1139
			1502	1139
			1501	1139
			1500	1140
			1499	1140
			1498	1140
			1497	1140
			1496	1140
			1495	1140
			1494	1140
			1493	1140
			1492	1140
			1491	1140
			1490	1140
			1489	1140
			1488	1140
			1487	1140
			1486	1140
			1485	1140
			1484	1139
			1483	1139
			1482	1139
			1481	1139
			1480	1139
			1479	1139
			1478	1139
			1477	1139
			1476	1139
			1476	1140
			1475	1140
			1474	1141
			1473	1142
			1472	1143
			1471	1144
			1470	1145
			1469	1145
			1468	1146
			1467	1147
			1466	1148
			1465	1149
			1464	1149
			1463	1150
			1462	1151
			1461	1151
			1461	1152
			1460	1153
			1459	1153
			1458	1154
			1457	1155
			1456	1156
			1455	1156
			1454	1157
			1453	1158
			1452	1159
			1451	1159
			1451	1160
			1450	1161
			1449	1161
			1448	1162
			1447	1163
			1446	1163
			1446	1164
			1445	1165
			1444	1165
			1443	1166
			1442	1167
			1441	1168
			1440	1169
			1439	1169
			1438	1170
			1438	1171
			1437	1172
			1436	1172
			1435	1173
			1434	1174
			1433	1175
			1432	1176
			1431	1177
			1430	1177
			1429	1178
			1428	1179
			1428	1180
			1427	1180
			1426	1181
			1425	1182
			1424	1183
			1423	1184
			1422	1185
			1421	1186
			1420	1187
			1419	1188
			1418	1189
		</curvaI_espina_dorsal>
	</curves.pixel>
	<curves.scaled type=list>
		<curvaD_espina_dorsal type=matrix rownames=FALSE colnames=FALSE nrow=326 ncol=2 as.numeric=TRUE >
			2.69702136333965	-1.76022000763794
			2.69888009618827	-1.76022000763794
			2.69888009618827	-1.76207874048656
			2.70073882903688	-1.76207874048656
			2.7025975618855	-1.76393747333517
			2.70445629473411	-1.76393747333517
			2.70631502758273	-1.76579620618379
			2.70817376043134	-1.76579620618379
			2.71003249327996	-1.7676549390324
			2.71189122612857	-1.7676549390324
			2.71374995897719	-1.76951367188101
			2.7156086918258	-1.77137240472963
			2.71746742467441	-1.77137240472963
			2.71932615752303	-1.77323113757824
			2.72118489037164	-1.77323113757824
			2.72304362322026	-1.77508987042686
			2.72490235606887	-1.77694860327547
			2.72676108891749	-1.77694860327547
			2.72676108891749	-1.77880733612409
			2.7286198217661	-1.77880733612409
			2.73047855461472	-1.7806660689727
			2.73233728746333	-1.7806660689727
			2.73419602031194	-1.78252480182132
			2.73605475316056	-1.78438353466993
			2.73791348600917	-1.78438353466993
			2.73977221885779	-1.78624226751854
			2.7416309517064	-1.78624226751854
			2.74348968455502	-1.78810100036716
			2.74534841740363	-1.78810100036716
			2.74720715025225	-1.78995973321577
			2.74906588310086	-1.79181846606439
			2.75092461594948	-1.793677198913
			2.75278334879809	-1.793677198913
			2.7546420816467	-1.79553593176162
			2.75650081449532	-1.79739466461023
			2.75835954734393	-1.79739466461023
			2.76021828019255	-1.79925339745885
			2.76207701304116	-1.79925339745885
			2.76393574588978	-1.80111213030746
			2.76579447873839	-1.80297086315608
			2.76765321158701	-1.80297086315608
			2.76951194443562	-1.80482959600469
			2.77137067728424	-1.8066883288533
			2.77322941013285	-1.8066883288533
			2.77508814298146	-1.80854706170192
			2.77694687583008	-1.80854706170192
			2.77880560867869	-1.81040579455053
			2.78066434152731	-1.81226452739915
			2.78252307437592	-1.81226452739915
			2.78438180722454	-1.81412326024776
			2.78624054007315	-1.81598199309638
			2.78809927292177	-1.81784072594499
			2.78995800577038	-1.81784072594499
			2.79181673861899	-1.81969945879361
			2.79367547146761	-1.82155819164222
			2.79553420431622	-1.82155819164222
			2.79739293716484	-1.82341692449083
			2.79925167001345	-1.82527565733945
			2.80111040286207	-1.82713439018806
			2.80296913571068	-1.82899312303668
			2.8048278685593	-1.83085185588529
			2.80668660140791	-1.83271058873391
			2.80854533425653	-1.83271058873391
			2.81040406710514	-1.83456932158252
			2.81040406710514	-1.83642805443114
			2.81226279995375	-1.83642805443114
			2.81412153280237	-1.83828678727975
			2.81598026565098	-1.84014552012837
			2.8178389984996	-1.84200425297698
			2.81969773134821	-1.84386298582559
			2.82155646419683	-1.84386298582559
			2.82341519704544	-1.84572171867421
			2.82341519704544	-1.84758045152282
			2.82527392989406	-1.84943918437144
			2.82713266274267	-1.85129791722005
			2.82899139559128	-1.85315665006867
			2.8308501284399	-1.85315665006867
			2.83270886128851	-1.85501538291728
			2.83270886128851	-1.8568741157659
			2.83456759413713	-1.8568741157659
			2.83642632698574	-1.85873284861451
			2.83828505983436	-1.86059158146313
			2.84014379268297	-1.86245031431174
			2.84200252553159	-1.86430904716035
			2.8438612583802	-1.86616778000897
			2.84571999122882	-1.86802651285758
			2.84757872407743	-1.86802651285758
			2.84943745692604	-1.8698852457062
			2.85129618977466	-1.87174397855481
			2.85129618977466	-1.87360271140343
			2.85315492262327	-1.87546144425204
			2.85501365547189	-1.87732017710066
			2.8568723883205	-1.87732017710066
			2.85873112116912	-1.87917890994927
			2.86058985401773	-1.88103764279788
			2.86244858686635	-1.8828963756465
			2.86430731971496	-1.88475510849511
			2.86616605256358	-1.88661384134373
			2.86802478541219	-1.88847257419234
			2.8698835182608	-1.89033130704096
			2.87174225110942	-1.89219003988957
			2.87360098395803	-1.89404877273819
			2.87545971680665	-1.8959075055868
			2.87731844965526	-1.89776623843542
			2.87917718250388	-1.89962497128403
			2.88103591535249	-1.90148370413264
			2.88289464820111	-1.90148370413264
			2.88475338104972	-1.90334243698126
			2.88661211389833	-1.90520116982987
			2.88847084674695	-1.90705990267849
			2.89032957959556	-1.9089186355271
			2.89218831244418	-1.91077736837572
			2.89404704529279	-1.91077736837572
			2.89590577814141	-1.91263610122433
			2.89776451099002	-1.91449483407295
			2.89776451099002	-1.91635356692156
			2.89962324383864	-1.91821229977017
			2.90148197668725	-1.91821229977017
			2.90334070953587	-1.92007103261879
			2.90519944238448	-1.9219297654674
			2.90705817523309	-1.92378849831602
			2.90891690808171	-1.92564723116463
			2.91077564093032	-1.92750596401325
			2.91263437377894	-1.92936469686186
			2.91449310662755	-1.93122342971048
			2.91635183947617	-1.93122342971048
			2.91635183947617	-1.93308216255909
			2.91821057232478	-1.93494089540771
			2.9200693051734	-1.93494089540771
			2.9200693051734	-1.93679962825632
			2.92192803802201	-1.93679962825632
			2.92378677087063	-1.93865836110493
			2.92378677087063	-1.94051709395355
			2.92564550371924	-1.94051709395355
			2.92750423656785	-1.94237582680216
			2.92750423656785	-1.94423455965078
			2.92936296941647	-1.94423455965078
			2.93122170226508	-1.94609329249939
			2.9330804351137	-1.94795202534801
			2.93493916796231	-1.94981075819662
			2.93679790081093	-1.95166949104524
			2.93865663365954	-1.95352822389385
			2.94051536650816	-1.95538695674247
			2.94237409935677	-1.95538695674247
			2.94423283220538	-1.95724568959108
			2.946091565054	-1.95910442243969
			2.94795029790261	-1.96096315528831
			2.94795029790261	-1.96282188813692
			2.94980903075123	-1.96468062098554
			2.95166776359984	-1.96468062098554
			2.95352649644846	-1.96653935383415
			2.95538522929707	-1.96839808668277
			2.95724396214569	-1.97025681953138
			2.9591026949943	-1.97211555238
			2.96096142784292	-1.97211555238
			2.96282016069153	-1.97397428522861
			2.96467889354014	-1.97583301807722
			2.96467889354014	-1.97769175092584
			2.96653762638876	-1.97955048377445
			2.96839635923737	-1.98140921662307
			2.97025509208599	-1.98326794947168
			2.9721138249346	-1.98326794947168
			2.97397255778322	-1.9851266823203
			2.97583129063183	-1.98698541516891
			2.97769002348045	-1.98884414801753
			2.97954875632906	-1.99070288086614
			2.97954875632906	-1.99256161371476
			2.98140748917768	-1.99442034656337
			2.98140748917768	-1.99627907941198
			2.98140748917768	-1.9981378122606
			2.98326622202629	-1.99999654510921
			2.98326622202629	-2.00185527795783
			2.9851249548749	-2.00371401080644
			2.9851249548749	-2.00557274365506
			2.9851249548749	-2.00743147650367
			2.98698368772352	-2.00929020935229
			2.98698368772352	-2.0111489422009
			2.98884242057213	-2.01300767504951
			2.98884242057213	-2.01486640789813
			2.98884242057213	-2.01672514074674
			2.99070115342075	-2.01858387359536
			2.99070115342075	-2.02044260644397
			2.99255988626936	-2.02230133929259
			2.99441861911798	-2.0241600721412
			2.99441861911798	-2.02601880498982
			2.99627735196659	-2.02787753783843
			2.99627735196659	-2.02973627068705
			2.99627735196659	-2.03159500353566
			2.99813608481521	-2.03345373638427
			2.99999481766382	-2.03531246923289
			3.00185355051243	-2.0371712020815
			3.00185355051243	-2.03902993493012
			3.00371228336105	-2.04088866777873
			3.00371228336105	-2.04274740062735
			3.00557101620966	-2.04460613347596
			3.00742974905828	-2.04646486632458
			3.00742974905828	-2.04832359917319
			3.00928848190689	-2.05018233202181
			3.01114721475551	-2.05204106487042
			3.01114721475551	-2.05389979771903
			3.01300594760412	-2.05575853056765
			3.01486468045274	-2.05761726341626
			3.01672341330135	-2.05947599626488
			3.01672341330135	-2.06133472911349
			3.01858214614997	-2.06319346196211
			3.02044087899858	-2.06505219481072
			3.02229961184719	-2.06691092765934
			3.02229961184719	-2.06876966050795
			3.02415834469581	-2.06876966050795
			3.02601707754442	-2.07062839335656
			3.02787581039304	-2.07248712620518
			3.02973454324165	-2.07434585905379
			3.02973454324165	-2.07620459190241
			3.03159327609027	-2.07806332475102
			3.03345200893888	-2.07992205759964
			3.0353107417875	-2.08178079044825
			3.03716947463611	-2.08363952329687
			3.03902820748472	-2.08549825614548
			3.04088694033334	-2.08549825614548
			3.04274567318195	-2.0873569889941
			3.04460440603057	-2.08921572184271
			3.04460440603057	-2.09107445469132
			3.04646313887918	-2.09293318753994
			3.0483218717278	-2.09479192038855
			3.05018060457641	-2.09665065323717
			3.05203933742503	-2.09665065323717
			3.05389807027364	-2.09850938608578
			3.05575680312226	-2.1003681189344
			3.05761553597087	-2.10222685178301
			3.05947426881948	-2.10408558463163
			3.0613330016681	-2.10594431748024
			3.06319173451671	-2.10594431748024
			3.06505046736533	-2.10780305032885
			3.06690920021394	-2.10966178317747
			3.06876793306256	-2.10966178317747
			3.06876793306256	-2.11152051602608
			3.07062666591117	-2.11152051602608
			3.07248539875979	-2.1133792488747
			3.0743441316084	-2.11523798172331
			3.07620286445702	-2.11709671457193
			3.07806159730563	-2.11709671457193
			3.07992033015424	-2.11895544742054
			3.08177906300286	-2.11895544742054
			3.08363779585147	-2.12081418026916
			3.08549652870009	-2.12267291311777
			3.0873552615487	-2.12453164596639
			3.08921399439732	-2.12453164596639
			3.09107272724593	-2.126390378815
			3.09293146009455	-2.12824911166361
			3.09479019294316	-2.12824911166361
			3.09664892579177	-2.13010784451223
			3.09850765864039	-2.13196657736084
			3.100366391489	-2.13196657736084
			3.10222512433762	-2.13382531020946
			3.10408385718623	-2.13382531020946
			3.10594259003485	-2.13568404305807
			3.10780132288346	-2.13754277590669
			3.10966005573208	-2.13754277590669
			3.11151878858069	-2.13754277590669
			3.11337752142931	-2.1394015087553
			3.11523625427792	-2.1394015087553
			3.11523625427792	-2.14126024160392
			3.11709498712653	-2.14126024160392
			3.11895371997515	-2.14311897445253
			3.12081245282376	-2.14311897445253
			3.12267118567238	-2.14497770730115
			3.12452991852099	-2.14497770730115
			3.12638865136961	-2.14683644014976
			3.12824738421822	-2.14683644014976
			3.13010611706684	-2.14869517299837
			3.13196484991545	-2.15055390584699
			3.13382358276407	-2.15055390584699
			3.13568231561268	-2.1524126386956
			3.13754104846129	-2.1524126386956
			3.13939978130991	-2.15427137154422
			3.14125851415852	-2.15427137154422
			3.14311724700714	-2.15427137154422
			3.14497597985575	-2.15613010439283
			3.14683471270437	-2.15613010439283
			3.14869344555298	-2.15798883724145
			3.1505521784016	-2.15798883724145
			3.15241091125021	-2.15984757009006
			3.15426964409882	-2.15984757009006
			3.15612837694744	-2.16170630293868
			3.15798710979605	-2.16170630293868
			3.15984584264467	-2.16170630293868
			3.16170457549328	-2.16356503578729
			3.1635633083419	-2.16356503578729
			3.16542204119051	-2.1654237686359
			3.16728077403913	-2.1654237686359
			3.16913950688774	-2.1654237686359
			3.17099823973636	-2.16728250148452
			3.17285697258497	-2.16728250148452
			3.17471570543358	-2.16914123433313
			3.1765744382822	-2.16914123433313
			3.17843317113081	-2.16914123433313
			3.18029190397943	-2.17099996718175
			3.18215063682804	-2.17099996718175
			3.18400936967666	-2.17285870003036
			3.18586810252527	-2.17285870003036
			3.18772683537389	-2.17285870003036
			3.1895855682225	-2.17471743287898
			3.19144430107111	-2.17471743287898
			3.19330303391973	-2.17657616572759
			3.19516176676834	-2.17657616572759
			3.19702049961696	-2.17657616572759
			3.19887923246557	-2.17843489857621
			3.20073796531419	-2.17843489857621
			3.2025966981628	-2.17843489857621
			3.20445543101142	-2.18029363142482
			3.20631416386003	-2.18029363142482
			3.20817289670865	-2.18215236427344
			3.21003162955726	-2.18215236427344
			3.21189036240587	-2.18215236427344
			3.21374909525449	-2.18215236427344
			3.2156078281031	-2.18401109712205
			3.21746656095172	-2.18401109712205
			3.21932529380033	-2.18401109712205
			3.22118402664895	-2.18586982997066
			3.22304275949756	-2.18586982997066
			3.22490149234618	-2.18772856281928
			3.22676022519479	-2.18772856281928
			3.22861895804341	-2.18772856281928
			3.23047769089202	-2.18772856281928
			3.23233642374063	-2.18958729566789
			3.23419515658925	-2.18958729566789
		</curvaD_espina_dorsal>
		<curvaI_espina_dorsal type=matrix rownames=FALSE colnames=FALSE nrow=334 ncol=2 as.numeric=TRUE >
			2.69702136333965	-1.76022000763794
			2.69888009618827	-1.76207874048656
			2.70073882903688	-1.76393747333517
			2.7025975618855	-1.76579620618379
			2.70445629473411	-1.7676549390324
			2.70631502758273	-1.76951367188101
			2.70817376043134	-1.77137240472963
			2.71003249327996	-1.77137240472963
			2.71189122612857	-1.77323113757824
			2.71374995897719	-1.77508987042686
			2.7156086918258	-1.77694860327547
			2.71746742467441	-1.77880733612409
			2.71932615752303	-1.7806660689727
			2.72118489037164	-1.78252480182132
			2.72304362322026	-1.78438353466993
			2.72490235606887	-1.78624226751854
			2.72676108891749	-1.78624226751854
			2.72676108891749	-1.78810100036716
			2.7286198217661	-1.78995973321577
			2.73047855461472	-1.79181846606439
			2.73233728746333	-1.793677198913
			2.73419602031194	-1.79553593176162
			2.73605475316056	-1.79739466461023
			2.73791348600917	-1.79925339745885
			2.73977221885779	-1.80111213030746
			2.7416309517064	-1.80111213030746
			2.74348968455502	-1.80297086315608
			2.74348968455502	-1.80482959600469
			2.74534841740363	-1.8066883288533
			2.74720715025225	-1.80854706170192
			2.74906588310086	-1.81040579455053
			2.75092461594948	-1.81226452739915
			2.75278334879809	-1.81226452739915
			2.7546420816467	-1.81412326024776
			2.75650081449532	-1.81598199309638
			2.75650081449532	-1.81784072594499
			2.75835954734393	-1.81969945879361
			2.76021828019255	-1.82155819164222
			2.76207701304116	-1.82155819164222
			2.76393574588978	-1.82341692449083
			2.76579447873839	-1.82527565733945
			2.76579447873839	-1.82713439018806
			2.76765321158701	-1.82899312303668
			2.76951194443562	-1.83085185588529
			2.77137067728424	-1.83085185588529
			2.77322941013285	-1.83271058873391
			2.77322941013285	-1.83456932158252
			2.77508814298146	-1.83642805443114
			2.77694687583008	-1.83828678727975
			2.77880560867869	-1.84014552012837
			2.78066434152731	-1.84014552012837
			2.78066434152731	-1.84200425297698
			2.78252307437592	-1.84386298582559
			2.78438180722454	-1.84572171867421
			2.78624054007315	-1.84758045152282
			2.78809927292177	-1.84943918437144
			2.78995800577038	-1.85129791722005
			2.79181673861899	-1.85315665006867
			2.79367547146761	-1.85501538291728
			2.79553420431622	-1.8568741157659
			2.79553420431622	-1.85873284861451
			2.79739293716484	-1.86059158146313
			2.79925167001345	-1.86245031431174
			2.80111040286207	-1.86430904716035
			2.80296913571068	-1.86616778000897
			2.8048278685593	-1.86802651285758
			2.80668660140791	-1.86802651285758
			2.80668660140791	-1.8698852457062
			2.80854533425653	-1.87174397855481
			2.81040406710514	-1.87360271140343
			2.81226279995375	-1.87546144425204
			2.81412153280237	-1.87732017710066
			2.81412153280237	-1.87917890994927
			2.81598026565098	-1.88103764279788
			2.8178389984996	-1.8828963756465
			2.81969773134821	-1.88475510849511
			2.82155646419683	-1.88661384134373
			2.82341519704544	-1.88847257419234
			2.82527392989406	-1.89033130704096
			2.82713266274267	-1.89219003988957
			2.82899139559128	-1.89404877273819
			2.82899139559128	-1.8959075055868
			2.8308501284399	-1.89776623843542
			2.83270886128851	-1.89962497128403
			2.83456759413713	-1.90148370413264
			2.83642632698574	-1.90334243698126
			2.83642632698574	-1.90520116982987
			2.83828505983436	-1.90705990267849
			2.84014379268297	-1.9089186355271
			2.84200252553159	-1.91077736837572
			2.8438612583802	-1.91263610122433
			2.84571999122882	-1.91449483407295
			2.84757872407743	-1.91635356692156
			2.84943745692604	-1.91821229977017
			2.85129618977466	-1.92007103261879
			2.85315492262327	-1.9219297654674
			2.85315492262327	-1.92378849831602
			2.85501365547189	-1.92564723116463
			2.8568723883205	-1.92750596401325
			2.85873112116912	-1.92936469686186
			2.86058985401773	-1.93122342971048
			2.86058985401773	-1.93308216255909
			2.86244858686635	-1.93494089540771
			2.86430731971496	-1.93679962825632
			2.86616605256358	-1.93865836110493
			2.86616605256358	-1.94051709395355
			2.86802478541219	-1.94237582680216
			2.8698835182608	-1.94423455965078
			2.87174225110942	-1.94609329249939
			2.87174225110942	-1.94795202534801
			2.87360098395803	-1.94981075819662
			2.87545971680665	-1.95166949104524
			2.87731844965526	-1.95352822389385
			2.87731844965526	-1.95538695674247
			2.87917718250388	-1.95724568959108
			2.88103591535249	-1.95910442243969
			2.88289464820111	-1.96096315528831
			2.88289464820111	-1.96282188813692
			2.88475338104972	-1.96468062098554
			2.88661211389833	-1.96653935383415
			2.88847084674695	-1.96839808668277
			2.88847084674695	-1.97025681953138
			2.89032957959556	-1.97211555238
			2.89032957959556	-1.97397428522861
			2.89218831244418	-1.97397428522861
			2.89218831244418	-1.97583301807722
			2.89404704529279	-1.97769175092584
			2.89404704529279	-1.97955048377445
			2.89590577814141	-1.98140921662307
			2.89776451099002	-1.98326794947168
			2.89776451099002	-1.9851266823203
			2.89962324383864	-1.98698541516891
			2.89962324383864	-1.98884414801753
			2.90148197668725	-1.98884414801753
			2.90148197668725	-1.99070288086614
			2.90334070953587	-1.99256161371476
			2.90519944238448	-1.99442034656337
			2.90519944238448	-1.99627907941198
			2.90705817523309	-1.9981378122606
			2.90705817523309	-1.99999654510921
			2.90891690808171	-2.00185527795783
			2.90891690808171	-2.00371401080644
			2.91077564093032	-2.00557274365506
			2.91263437377894	-2.00743147650367
			2.91263437377894	-2.00929020935229
			2.91449310662755	-2.0111489422009
			2.91449310662755	-2.01300767504951
			2.91635183947617	-2.01486640789813
			2.91821057232478	-2.01672514074674
			2.91821057232478	-2.01858387359536
			2.9200693051734	-2.02044260644397
			2.9200693051734	-2.02230133929259
			2.92192803802201	-2.0241600721412
			2.92192803802201	-2.02601880498982
			2.92378677087063	-2.02787753783843
			2.92564550371924	-2.02973627068705
			2.92564550371924	-2.03159500353566
			2.92750423656785	-2.03345373638427
			2.92750423656785	-2.03531246923289
			2.92936296941647	-2.0371712020815
			2.93122170226508	-2.03902993493012
			2.93122170226508	-2.04088866777873
			2.92936296941647	-2.04274740062735
			2.92750423656785	-2.04460613347596
			2.92750423656785	-2.04646486632458
			2.92564550371924	-2.04832359917319
			2.92378677087063	-2.05018233202181
			2.92378677087063	-2.05204106487042
			2.92192803802201	-2.05389979771903
			2.9200693051734	-2.05575853056765
			2.9200693051734	-2.05761726341626
			2.91821057232478	-2.05947599626488
			2.91635183947617	-2.06133472911349
			2.91449310662755	-2.06319346196211
			2.91449310662755	-2.06505219481072
			2.91263437377894	-2.06691092765934
			2.91077564093032	-2.06691092765934
			2.90891690808171	-2.06876966050795
			2.90705817523309	-2.07062839335656
			2.90705817523309	-2.07248712620518
			2.90519944238448	-2.07434585905379
			2.90334070953587	-2.07434585905379
			2.90148197668725	-2.07620459190241
			2.89962324383864	-2.07806332475102
			2.89776451099002	-2.07992205759964
			2.89590577814141	-2.07992205759964
			2.89590577814141	-2.08178079044825
			2.89404704529279	-2.08363952329687
			2.89218831244418	-2.08549825614548
			2.89032957959556	-2.08549825614548
			2.88847084674695	-2.0873569889941
			2.88661211389833	-2.08921572184271
			2.88475338104972	-2.08921572184271
			2.88289464820111	-2.09107445469132
			2.88103591535249	-2.09107445469132
			2.87917718250388	-2.09293318753994
			2.87731844965526	-2.09479192038855
			2.87545971680665	-2.09479192038855
			2.87360098395803	-2.09665065323717
			2.87174225110942	-2.09665065323717
			2.8698835182608	-2.09850938608578
			2.86802478541219	-2.09850938608578
			2.86616605256358	-2.1003681189344
			2.86430731971496	-2.1003681189344
			2.86244858686635	-2.10222685178301
			2.86058985401773	-2.10222685178301
			2.85873112116912	-2.10408558463163
			2.8568723883205	-2.10408558463163
			2.85501365547189	-2.10408558463163
			2.85315492262327	-2.10594431748024
			2.85129618977466	-2.10594431748024
			2.84943745692604	-2.10594431748024
			2.84757872407743	-2.10780305032885
			2.84571999122882	-2.10780305032885
			2.8438612583802	-2.10780305032885
			2.8438612583802	-2.10966178317747
			2.84200252553159	-2.10966178317747
			2.84014379268297	-2.10966178317747
			2.83828505983436	-2.10966178317747
			2.83642632698574	-2.11152051602608
			2.83456759413713	-2.11152051602608
			2.83270886128851	-2.11152051602608
			2.8308501284399	-2.11152051602608
			2.82899139559128	-2.1133792488747
			2.82713266274267	-2.1133792488747
			2.82527392989406	-2.1133792488747
			2.82341519704544	-2.1133792488747
			2.82155646419683	-2.11523798172331
			2.81969773134821	-2.11523798172331
			2.8178389984996	-2.11523798172331
			2.81598026565098	-2.11523798172331
			2.81412153280237	-2.11523798172331
			2.81226279995375	-2.11523798172331
			2.81040406710514	-2.11523798172331
			2.80854533425653	-2.11709671457193
			2.80668660140791	-2.11709671457193
			2.8048278685593	-2.11709671457193
			2.80296913571068	-2.11709671457193
			2.80111040286207	-2.11709671457193
			2.79925167001345	-2.11709671457193
			2.79739293716484	-2.11709671457193
			2.79553420431622	-2.11709671457193
			2.79367547146761	-2.11709671457193
			2.79181673861899	-2.11709671457193
			2.78995800577038	-2.11709671457193
			2.78809927292177	-2.11895544742054
			2.78624054007315	-2.11895544742054
			2.78438180722454	-2.11895544742054
			2.78252307437592	-2.11895544742054
			2.78066434152731	-2.11895544742054
			2.77880560867869	-2.11895544742054
			2.77694687583008	-2.11895544742054
			2.77508814298146	-2.11895544742054
			2.77322941013285	-2.11895544742054
			2.77137067728424	-2.11895544742054
			2.76951194443562	-2.11895544742054
			2.76765321158701	-2.11895544742054
			2.76579447873839	-2.11895544742054
			2.76393574588978	-2.11895544742054
			2.76207701304116	-2.11895544742054
			2.76021828019255	-2.11895544742054
			2.75835954734393	-2.11709671457193
			2.75650081449532	-2.11709671457193
			2.7546420816467	-2.11709671457193
			2.75278334879809	-2.11709671457193
			2.75092461594948	-2.11709671457193
			2.74906588310086	-2.11709671457193
			2.74720715025225	-2.11709671457193
			2.74534841740363	-2.11709671457193
			2.74348968455502	-2.11709671457193
			2.74348968455502	-2.11895544742054
			2.7416309517064	-2.11895544742054
			2.73977221885779	-2.12081418026916
			2.73791348600917	-2.12267291311777
			2.73605475316056	-2.12453164596639
			2.73419602031194	-2.126390378815
			2.73233728746333	-2.12824911166361
			2.73047855461472	-2.12824911166361
			2.7286198217661	-2.13010784451223
			2.72676108891749	-2.13196657736084
			2.72490235606887	-2.13382531020946
			2.72304362322026	-2.13568404305807
			2.72118489037164	-2.13568404305807
			2.71932615752303	-2.13754277590669
			2.71746742467441	-2.1394015087553
			2.7156086918258	-2.1394015087553
			2.7156086918258	-2.14126024160392
			2.71374995897719	-2.14311897445253
			2.71189122612857	-2.14311897445253
			2.71003249327996	-2.14497770730115
			2.70817376043134	-2.14683644014976
			2.70631502758273	-2.14869517299837
			2.70445629473411	-2.14869517299837
			2.7025975618855	-2.15055390584699
			2.70073882903688	-2.1524126386956
			2.69888009618827	-2.15427137154422
			2.69702136333965	-2.15427137154422
			2.69702136333965	-2.15613010439283
			2.69516263049104	-2.15798883724145
			2.69330389764243	-2.15798883724145
			2.69144516479381	-2.15984757009006
			2.6895864319452	-2.16170630293868
			2.68772769909658	-2.16170630293868
			2.68772769909658	-2.16356503578729
			2.68586896624797	-2.1654237686359
			2.68401023339935	-2.1654237686359
			2.68215150055074	-2.16728250148452
			2.68029276770212	-2.16914123433313
			2.67843403485351	-2.17099996718175
			2.6765753020049	-2.17285870003036
			2.67471656915628	-2.17285870003036
			2.67285783630767	-2.17471743287898
			2.67285783630767	-2.17657616572759
			2.67099910345905	-2.17843489857621
			2.66914037061044	-2.17843489857621
			2.66728163776182	-2.18029363142482
			2.66542290491321	-2.18215236427344
			2.66356417206459	-2.18401109712205
			2.66170543921598	-2.18586982997066
			2.65984670636736	-2.18772856281928
			2.65798797351875	-2.18772856281928
			2.65612924067014	-2.18958729566789
			2.65427050782152	-2.19144602851651
			2.65427050782152	-2.19330476136512
			2.65241177497291	-2.19330476136512
			2.65055304212429	-2.19516349421374
			2.64869430927568	-2.19702222706235
			2.64683557642706	-2.19888095991097
			2.64497684357845	-2.20073969275958
			2.64311811072983	-2.20259842560819
			2.64125937788122	-2.20445715845681
			2.6394006450326	-2.20631589130542
			2.63754191218399	-2.20817462415404
			2.63568317933538	-2.21003335700265
		</curvaI_espina_dorsal>
	</curves.scaled>
	<ruler.points type=matrix rownames=TRUE colnames=FALSE nrow=2 ncol=2 as.numeric=TRUE >
		Ruler point 1	1607	568
		Ruler point 2	2145	567
	</ruler.points>
</shapes>

