<shapes type=list>
	<ruler.pixel type=vector names=FALSE length=1 as.numeric=TRUE >539.000927642987</ruler.pixel>
	<ruler.interval type=vector names=FALSE length=1 as.numeric=TRUE >1</ruler.interval>
	<scaling.units type=vector names=FALSE length=1 as.numeric=FALSE >mm</scaling.units>
	<scaling type=vector names=FALSE length=1 as.numeric=TRUE >0.00185873284861451</scaling>
	<landmarks.pixel type=matrix rownames=TRUE colnames=FALSE nrow=7 ncol=2 as.numeric=TRUE >
		punta_espina_dorsal	1382	756
		esq_izq_caparaza	1373	999
		superior_ojo	1619	1081
		inferior_ojo	1726	1180
		derecha_ojo	1702	1090
		izquierda_ojo	1609	1171
		organo_dorsal	1671	967
	</landmarks.pixel>
	<landmarks.scaled type=matrix rownames=TRUE colnames=FALSE nrow=7 ncol=2 as.numeric=TRUE >
		punta_espina_dorsal	2.56876879678525	-1.40520203355257
		esq_izq_caparaza	2.55204020114772	-1.8568741157659
		superior_ojo	3.00928848190689	-2.00929020935229
		inferior_ojo	3.20817289670865	-2.19330476136512
		derecha_ojo	3.1635633083419	-2.02601880498982
		izquierda_ojo	2.99070115342075	-2.17657616572759
		organo_dorsal	3.10594259003485	-1.79739466461023
	</landmarks.scaled>
	<curves.control type=list>
		<curvaD_espina_dorsal type=matrix rownames=FALSE colnames=FALSE nrow=7 ncol=2 as.numeric=TRUE >
			1382	756
			1401	760
			1451	799
			1528	866
			1550	900
			1551	942
			1671	967
		</curvaD_espina_dorsal>
		<curvaI_espina_dorsal type=matrix rownames=FALSE colnames=FALSE nrow=9 ncol=2 as.numeric=TRUE >
			1382	756
			1430	795
			1445	812
			1507	884
			1509	910
			1476	964
			1407	961
			1391	972
			1373	999
		</curvaI_espina_dorsal>
	</curves.control>
	<curves.pixel type=list>
		<curvaD_espina_dorsal type=matrix rownames=FALSE colnames=FALSE nrow=336 ncol=2 as.numeric=TRUE >
			1382	756
			1383	756
			1384	756
			1385	757
			1386	757
			1387	757
			1388	758
			1389	758
			1390	759
			1391	759
			1392	759
			1393	760
			1394	760
			1395	761
			1396	761
			1397	762
			1398	763
			1399	763
			1400	764
			1401	764
			1402	765
			1403	765
			1404	766
			1405	766
			1406	767
			1407	768
			1408	768
			1409	769
			1410	769
			1411	770
			1412	771
			1413	771
			1414	772
			1415	773
			1416	773
			1417	774
			1418	775
			1419	775
			1420	776
			1421	777
			1422	778
			1423	778
			1424	779
			1425	779
			1425	780
			1426	780
			1427	781
			1428	781
			1428	782
			1429	782
			1430	783
			1431	784
			1432	785
			1433	785
			1434	786
			1435	787
			1436	787
			1437	788
			1437	789
			1438	789
			1439	790
			1440	791
			1441	791
			1442	792
			1443	793
			1444	794
			1445	794
			1446	795
			1447	796
			1448	797
			1449	797
			1450	798
			1451	799
			1452	800
			1453	801
			1454	801
			1455	802
			1456	803
			1456	804
			1457	805
			1458	805
			1459	806
			1460	807
			1461	808
			1462	809
			1463	809
			1464	810
			1465	811
			1465	812
			1466	812
			1467	813
			1468	814
			1469	815
			1470	815
			1471	816
			1471	817
			1472	818
			1473	819
			1474	819
			1475	820
			1476	821
			1477	822
			1478	823
			1479	824
			1480	825
			1481	826
			1482	827
			1483	827
			1484	828
			1485	829
			1486	830
			1487	831
			1488	832
			1488	833
			1489	833
			1490	834
			1491	835
			1492	836
			1493	837
			1494	838
			1495	838
			1495	839
			1496	840
			1497	841
			1498	842
			1499	843
			1500	843
			1501	844
			1501	845
			1502	846
			1503	846
			1504	847
			1505	848
			1505	849
			1506	850
			1507	850
			1508	851
			1508	852
			1509	853
			1510	853
			1511	854
			1511	855
			1512	856
			1513	856
			1514	857
			1514	858
			1515	859
			1516	859
			1517	860
			1517	861
			1518	862
			1519	862
			1519	863
			1520	864
			1521	864
			1521	865
			1522	866
			1523	866
			1523	867
			1524	868
			1525	869
			1526	870
			1527	871
			1528	872
			1528	873
			1529	874
			1530	874
			1531	875
			1531	876
			1532	877
			1533	877
			1533	878
			1534	879
			1535	880
			1536	881
			1537	882
			1537	883
			1538	884
			1539	885
			1539	886
			1540	886
			1541	887
			1541	888
			1542	889
			1543	890
			1544	891
			1545	892
			1545	893
			1546	894
			1547	895
			1547	896
			1548	897
			1548	898
			1549	899
			1550	899
			1550	900
			1550	901
			1550	902
			1550	903
			1550	904
			1551	905
			1551	906
			1551	907
			1551	908
			1552	909
			1552	910
			1552	911
			1553	911
			1553	912
			1553	913
			1554	913
			1554	914
			1554	915
			1555	916
			1556	917
			1557	918
			1557	919
			1558	920
			1559	921
			1559	922
			1560	922
			1561	923
			1562	924
			1562	925
			1563	926
			1564	926
			1565	927
			1566	928
			1567	929
			1568	930
			1569	930
			1570	931
			1571	932
			1572	933
			1573	933
			1574	934
			1575	934
			1576	935
			1577	936
			1578	936
			1579	937
			1580	938
			1581	938
			1582	939
			1583	939
			1584	940
			1585	940
			1586	941
			1587	941
			1588	942
			1589	942
			1590	943
			1591	943
			1592	943
			1592	944
			1593	944
			1594	944
			1595	945
			1596	945
			1597	946
			1598	946
			1599	946
			1600	947
			1601	947
			1602	947
			1603	948
			1604	948
			1605	949
			1606	949
			1607	949
			1607	950
			1608	950
			1609	950
			1610	951
			1611	951
			1612	951
			1613	952
			1614	952
			1615	952
			1616	953
			1617	953
			1618	953
			1619	954
			1620	954
			1621	954
			1622	954
			1622	955
			1623	955
			1624	955
			1625	955
			1626	956
			1627	956
			1628	956
			1629	957
			1630	957
			1631	957
			1632	958
			1633	958
			1634	958
			1635	958
			1636	959
			1637	959
			1638	959
			1639	960
			1640	960
			1641	960
			1642	960
			1643	961
			1644	961
			1645	961
			1646	961
			1647	962
			1648	962
			1649	962
			1650	962
			1651	963
			1652	963
			1653	963
			1654	963
			1655	963
			1656	964
			1657	964
			1658	964
			1659	964
			1660	965
			1661	965
			1662	965
			1663	965
			1664	966
			1665	966
			1666	966
			1667	966
			1668	966
			1669	967
			1670	967
			1671	967
		</curvaD_espina_dorsal>
		<curvaI_espina_dorsal type=matrix rownames=FALSE colnames=FALSE nrow=334 ncol=2 as.numeric=TRUE >
			1382	756
			1383	757
			1384	758
			1385	758
			1386	759
			1387	760
			1388	761
			1389	762
			1390	763
			1391	763
			1392	764
			1393	765
			1394	766
			1395	766
			1396	767
			1397	768
			1397	769
			1398	769
			1399	770
			1400	771
			1401	772
			1402	772
			1403	773
			1404	774
			1404	775
			1405	775
			1406	776
			1407	777
			1408	777
			1409	778
			1409	779
			1410	779
			1411	780
			1412	781
			1413	781
			1413	782
			1414	783
			1415	783
			1416	784
			1416	785
			1417	785
			1418	786
			1418	787
			1419	787
			1420	788
			1421	788
			1421	789
			1422	790
			1423	790
			1423	791
			1424	791
			1425	792
			1425	793
			1426	793
			1426	794
			1427	794
			1428	795
			1429	796
			1430	797
			1431	798
			1432	799
			1433	800
			1434	801
			1435	802
			1436	803
			1437	804
			1438	805
			1439	806
			1440	807
			1441	807
			1442	808
			1442	809
			1443	810
			1444	811
			1445	811
			1445	812
			1446	813
			1447	814
			1448	815
			1448	816
			1449	816
			1449	817
			1450	818
			1451	819
			1452	820
			1453	821
			1453	822
			1454	823
			1455	823
			1455	824
			1456	825
			1457	826
			1458	827
			1458	828
			1459	829
			1460	830
			1461	831
			1462	832
			1463	833
			1464	834
			1465	835
			1465	836
			1466	837
			1467	838
			1468	839
			1469	840
			1469	841
			1470	842
			1471	843
			1472	844
			1472	845
			1473	846
			1474	847
			1475	848
			1475	849
			1476	850
			1477	851
			1478	852
			1478	853
			1479	854
			1480	855
			1480	856
			1481	857
			1482	857
			1482	858
			1483	859
			1483	860
			1484	861
			1485	862
			1485	863
			1486	863
			1486	864
			1487	865
			1488	866
			1488	867
			1489	868
			1490	869
			1491	870
			1491	871
			1492	872
			1492	873
			1493	874
			1494	875
			1494	876
			1495	877
			1495	878
			1496	879
			1497	880
			1497	881
			1498	882
			1499	883
			1499	884
			1500	885
			1500	886
			1501	887
			1501	888
			1502	889
			1502	890
			1503	891
			1503	892
			1504	893
			1504	894
			1504	895
			1505	895
			1505	896
			1505	897
			1506	898
			1506	899
			1507	900
			1507	901
			1507	902
			1508	903
			1508	904
			1508	905
			1508	906
			1509	907
			1509	908
			1509	909
			1509	910
			1508	911
			1508	912
			1507	913
			1506	914
			1506	915
			1505	916
			1504	917
			1504	918
			1503	919
			1502	920
			1501	921
			1501	922
			1500	923
			1499	924
			1499	925
			1498	926
			1497	926
			1496	927
			1495	928
			1495	929
			1494	930
			1493	931
			1492	932
			1491	932
			1491	933
			1490	934
			1489	935
			1488	935
			1487	936
			1486	937
			1485	938
			1484	939
			1483	940
			1482	941
			1481	941
			1480	942
			1479	943
			1478	944
			1477	944
			1476	945
			1475	945
			1474	946
			1473	946
			1473	947
			1472	947
			1471	948
			1470	948
			1469	949
			1468	949
			1467	950
			1466	950
			1465	951
			1464	951
			1463	952
			1462	952
			1461	953
			1460	953
			1459	953
			1458	954
			1457	954
			1456	954
			1456	955
			1455	955
			1454	955
			1453	955
			1452	956
			1451	956
			1450	956
			1449	957
			1448	957
			1447	957
			1446	958
			1445	958
			1444	958
			1443	958
			1442	958
			1441	959
			1440	959
			1439	959
			1438	959
			1437	959
			1436	960
			1435	960
			1434	960
			1433	960
			1432	960
			1431	960
			1430	960
			1429	960
			1428	960
			1427	961
			1426	961
			1425	961
			1424	961
			1423	961
			1422	961
			1421	961
			1420	961
			1419	961
			1418	961
			1417	961
			1416	961
			1415	961
			1414	961
			1413	961
			1412	961
			1411	961
			1410	961
			1409	961
			1408	961
			1407	961
			1406	962
			1405	962
			1404	963
			1403	964
			1402	965
			1401	966
			1400	966
			1399	967
			1398	968
			1397	969
			1396	970
			1395	971
			1394	972
			1393	973
			1392	974
			1392	975
			1391	975
			1390	976
			1390	977
			1389	978
			1388	978
			1388	979
			1387	980
			1387	981
			1386	981
			1385	982
			1385	983
			1384	984
			1383	985
			1382	986
			1381	987
			1381	988
			1380	989
			1379	990
			1378	991
			1378	992
			1377	993
			1376	994
			1376	995
			1375	996
			1375	997
			1374	997
			1373	998
			1373	999
		</curvaI_espina_dorsal>
	</curves.pixel>
	<curves.scaled type=list>
		<curvaD_espina_dorsal type=matrix rownames=FALSE colnames=FALSE nrow=336 ncol=2 as.numeric=TRUE >
			2.56876879678525	-1.40520203355257
			2.57062752963387	-1.40520203355257
			2.57248626248248	-1.40520203355257
			2.5743449953311	-1.40706076640118
			2.57620372817971	-1.40706076640118
			2.57806246102833	-1.40706076640118
			2.57992119387694	-1.4089194992498
			2.58177992672556	-1.4089194992498
			2.58363865957417	-1.41077823209841
			2.58549739242278	-1.41077823209841
			2.5873561252714	-1.41077823209841
			2.58921485812001	-1.41263696494703
			2.59107359096863	-1.41263696494703
			2.59293232381724	-1.41449569779564
			2.59479105666586	-1.41449569779564
			2.59664978951447	-1.41635443064426
			2.59850852236309	-1.41821316349287
			2.6003672552117	-1.41821316349287
			2.60222598806031	-1.42007189634149
			2.60408472090893	-1.42007189634149
			2.60594345375754	-1.4219306291901
			2.60780218660616	-1.4219306291901
			2.60966091945477	-1.42378936203872
			2.61151965230339	-1.42378936203872
			2.613378385152	-1.42564809488733
			2.61523711800062	-1.42750682773594
			2.61709585084923	-1.42750682773594
			2.61895458369785	-1.42936556058456
			2.62081331654646	-1.42936556058456
			2.62267204939507	-1.43122429343317
			2.62453078224369	-1.43308302628179
			2.6263895150923	-1.43308302628179
			2.62824824794092	-1.4349417591304
			2.63010698078953	-1.43680049197902
			2.63196571363815	-1.43680049197902
			2.63382444648676	-1.43865922482763
			2.63568317933538	-1.44051795767625
			2.63754191218399	-1.44051795767625
			2.6394006450326	-1.44237669052486
			2.64125937788122	-1.44423542337347
			2.64311811072983	-1.44609415622209
			2.64497684357845	-1.44609415622209
			2.64683557642706	-1.4479528890707
			2.64869430927568	-1.4479528890707
			2.64869430927568	-1.44981162191932
			2.65055304212429	-1.44981162191932
			2.65241177497291	-1.45167035476793
			2.65427050782152	-1.45167035476793
			2.65427050782152	-1.45352908761655
			2.65612924067014	-1.45352908761655
			2.65798797351875	-1.45538782046516
			2.65984670636736	-1.45724655331378
			2.66170543921598	-1.45910528616239
			2.66356417206459	-1.45910528616239
			2.66542290491321	-1.46096401901101
			2.66728163776182	-1.46282275185962
			2.66914037061044	-1.46282275185962
			2.67099910345905	-1.46468148470823
			2.67099910345905	-1.46654021755685
			2.67285783630767	-1.46654021755685
			2.67471656915628	-1.46839895040546
			2.6765753020049	-1.47025768325408
			2.67843403485351	-1.47025768325408
			2.68029276770212	-1.47211641610269
			2.68215150055074	-1.47397514895131
			2.68401023339935	-1.47583388179992
			2.68586896624797	-1.47583388179992
			2.68772769909658	-1.47769261464854
			2.6895864319452	-1.47955134749715
			2.69144516479381	-1.48141008034576
			2.69330389764243	-1.48141008034576
			2.69516263049104	-1.48326881319438
			2.69702136333965	-1.48512754604299
			2.69888009618827	-1.48698627889161
			2.70073882903688	-1.48884501174022
			2.7025975618855	-1.48884501174022
			2.70445629473411	-1.49070374458884
			2.70631502758273	-1.49256247743745
			2.70631502758273	-1.49442121028607
			2.70817376043134	-1.49627994313468
			2.71003249327996	-1.49627994313468
			2.71189122612857	-1.4981386759833
			2.71374995897719	-1.49999740883191
			2.7156086918258	-1.50185614168052
			2.71746742467441	-1.50371487452914
			2.71932615752303	-1.50371487452914
			2.72118489037164	-1.50557360737775
			2.72304362322026	-1.50743234022637
			2.72304362322026	-1.50929107307498
			2.72490235606887	-1.50929107307498
			2.72676108891749	-1.5111498059236
			2.7286198217661	-1.51300853877221
			2.73047855461472	-1.51486727162083
			2.73233728746333	-1.51486727162083
			2.73419602031194	-1.51672600446944
			2.73419602031194	-1.51858473731806
			2.73605475316056	-1.52044347016667
			2.73791348600917	-1.52230220301528
			2.73977221885779	-1.52230220301528
			2.7416309517064	-1.5241609358639
			2.74348968455502	-1.52601966871251
			2.74534841740363	-1.52787840156113
			2.74720715025225	-1.52973713440974
			2.74906588310086	-1.53159586725836
			2.75092461594948	-1.53345460010697
			2.75278334879809	-1.53531333295559
			2.7546420816467	-1.5371720658042
			2.75650081449532	-1.5371720658042
			2.75835954734393	-1.53903079865281
			2.76021828019255	-1.54088953150143
			2.76207701304116	-1.54274826435004
			2.76393574588978	-1.54460699719866
			2.76579447873839	-1.54646573004727
			2.76579447873839	-1.54832446289589
			2.76765321158701	-1.54832446289589
			2.76951194443562	-1.5501831957445
			2.77137067728424	-1.55204192859312
			2.77322941013285	-1.55390066144173
			2.77508814298146	-1.55575939429035
			2.77694687583008	-1.55761812713896
			2.77880560867869	-1.55761812713896
			2.77880560867869	-1.55947685998757
			2.78066434152731	-1.56133559283619
			2.78252307437592	-1.5631943256848
			2.78438180722454	-1.56505305853342
			2.78624054007315	-1.56691179138203
			2.78809927292177	-1.56691179138203
			2.78995800577038	-1.56877052423065
			2.78995800577038	-1.57062925707926
			2.79181673861899	-1.57248798992788
			2.79367547146761	-1.57248798992788
			2.79553420431622	-1.57434672277649
			2.79739293716484	-1.57620545562511
			2.79739293716484	-1.57806418847372
			2.79925167001345	-1.57992292132233
			2.80111040286207	-1.57992292132233
			2.80296913571068	-1.58178165417095
			2.80296913571068	-1.58364038701956
			2.8048278685593	-1.58549911986818
			2.80668660140791	-1.58549911986818
			2.80854533425653	-1.58735785271679
			2.80854533425653	-1.58921658556541
			2.81040406710514	-1.59107531841402
			2.81226279995375	-1.59107531841402
			2.81412153280237	-1.59293405126264
			2.81412153280237	-1.59479278411125
			2.81598026565098	-1.59665151695986
			2.8178389984996	-1.59665151695986
			2.81969773134821	-1.59851024980848
			2.81969773134821	-1.60036898265709
			2.82155646419683	-1.60222771550571
			2.82341519704544	-1.60222771550571
			2.82341519704544	-1.60408644835432
			2.82527392989406	-1.60594518120294
			2.82713266274267	-1.60594518120294
			2.82713266274267	-1.60780391405155
			2.82899139559128	-1.60966264690017
			2.8308501284399	-1.60966264690017
			2.8308501284399	-1.61152137974878
			2.83270886128851	-1.6133801125974
			2.83456759413713	-1.61523884544601
			2.83642632698574	-1.61709757829462
			2.83828505983436	-1.61895631114324
			2.84014379268297	-1.62081504399185
			2.84014379268297	-1.62267377684047
			2.84200252553159	-1.62453250968908
			2.8438612583802	-1.62453250968908
			2.84571999122882	-1.6263912425377
			2.84571999122882	-1.62824997538631
			2.84757872407743	-1.63010870823493
			2.84943745692604	-1.63010870823493
			2.84943745692604	-1.63196744108354
			2.85129618977466	-1.63382617393215
			2.85315492262327	-1.63568490678077
			2.85501365547189	-1.63754363962938
			2.8568723883205	-1.639402372478
			2.8568723883205	-1.64126110532661
			2.85873112116912	-1.64311983817523
			2.86058985401773	-1.64497857102384
			2.86058985401773	-1.64683730387246
			2.86244858686635	-1.64683730387246
			2.86430731971496	-1.64869603672107
			2.86430731971496	-1.65055476956969
			2.86616605256358	-1.6524135024183
			2.86802478541219	-1.65427223526691
			2.8698835182608	-1.65613096811553
			2.87174225110942	-1.65798970096414
			2.87174225110942	-1.65984843381276
			2.87360098395803	-1.66170716666137
			2.87545971680665	-1.66356589950999
			2.87545971680665	-1.6654246323586
			2.87731844965526	-1.66728336520722
			2.87731844965526	-1.66914209805583
			2.87917718250388	-1.67100083090445
			2.88103591535249	-1.67100083090445
			2.88103591535249	-1.67285956375306
			2.88103591535249	-1.67471829660167
			2.88103591535249	-1.67657702945029
			2.88103591535249	-1.6784357622989
			2.88103591535249	-1.68029449514752
			2.88289464820111	-1.68215322799613
			2.88289464820111	-1.68401196084475
			2.88289464820111	-1.68587069369336
			2.88289464820111	-1.68772942654198
			2.88475338104972	-1.68958815939059
			2.88475338104972	-1.6914468922392
			2.88475338104972	-1.69330562508782
			2.88661211389833	-1.69330562508782
			2.88661211389833	-1.69516435793643
			2.88661211389833	-1.69702309078505
			2.88847084674695	-1.69702309078505
			2.88847084674695	-1.69888182363366
			2.88847084674695	-1.70074055648228
			2.89032957959556	-1.70259928933089
			2.89218831244418	-1.70445802217951
			2.89404704529279	-1.70631675502812
			2.89404704529279	-1.70817548787674
			2.89590577814141	-1.71003422072535
			2.89776451099002	-1.71189295357396
			2.89776451099002	-1.71375168642258
			2.89962324383864	-1.71375168642258
			2.90148197668725	-1.71561041927119
			2.90334070953587	-1.71746915211981
			2.90334070953587	-1.71932788496842
			2.90519944238448	-1.72118661781704
			2.90705817523309	-1.72118661781704
			2.90891690808171	-1.72304535066565
			2.91077564093032	-1.72490408351427
			2.91263437377894	-1.72676281636288
			2.91449310662755	-1.72862154921149
			2.91635183947617	-1.72862154921149
			2.91821057232478	-1.73048028206011
			2.9200693051734	-1.73233901490872
			2.92192803802201	-1.73419774775734
			2.92378677087063	-1.73419774775734
			2.92564550371924	-1.73605648060595
			2.92750423656785	-1.73605648060595
			2.92936296941647	-1.73791521345457
			2.93122170226508	-1.73977394630318
			2.9330804351137	-1.73977394630318
			2.93493916796231	-1.7416326791518
			2.93679790081093	-1.74349141200041
			2.93865663365954	-1.74349141200041
			2.94051536650816	-1.74535014484903
			2.94237409935677	-1.74535014484903
			2.94423283220538	-1.74720887769764
			2.946091565054	-1.74720887769764
			2.94795029790261	-1.74906761054625
			2.94980903075123	-1.74906761054625
			2.95166776359984	-1.75092634339487
			2.95352649644846	-1.75092634339487
			2.95538522929707	-1.75278507624348
			2.95724396214569	-1.75278507624348
			2.9591026949943	-1.75278507624348
			2.9591026949943	-1.7546438090921
			2.96096142784292	-1.7546438090921
			2.96282016069153	-1.7546438090921
			2.96467889354014	-1.75650254194071
			2.96653762638876	-1.75650254194071
			2.96839635923737	-1.75836127478933
			2.97025509208599	-1.75836127478933
			2.9721138249346	-1.75836127478933
			2.97397255778322	-1.76022000763794
			2.97583129063183	-1.76022000763794
			2.97769002348045	-1.76022000763794
			2.97954875632906	-1.76207874048656
			2.98140748917768	-1.76207874048656
			2.98326622202629	-1.76393747333517
			2.9851249548749	-1.76393747333517
			2.98698368772352	-1.76393747333517
			2.98698368772352	-1.76579620618379
			2.98884242057213	-1.76579620618379
			2.99070115342075	-1.76579620618379
			2.99255988626936	-1.7676549390324
			2.99441861911798	-1.7676549390324
			2.99627735196659	-1.7676549390324
			2.99813608481521	-1.76951367188101
			2.99999481766382	-1.76951367188101
			3.00185355051243	-1.76951367188101
			3.00371228336105	-1.77137240472963
			3.00557101620966	-1.77137240472963
			3.00742974905828	-1.77137240472963
			3.00928848190689	-1.77323113757824
			3.01114721475551	-1.77323113757824
			3.01300594760412	-1.77323113757824
			3.01486468045274	-1.77323113757824
			3.01486468045274	-1.77508987042686
			3.01672341330135	-1.77508987042686
			3.01858214614997	-1.77508987042686
			3.02044087899858	-1.77508987042686
			3.02229961184719	-1.77694860327547
			3.02415834469581	-1.77694860327547
			3.02601707754442	-1.77694860327547
			3.02787581039304	-1.77880733612409
			3.02973454324165	-1.77880733612409
			3.03159327609027	-1.77880733612409
			3.03345200893888	-1.7806660689727
			3.0353107417875	-1.7806660689727
			3.03716947463611	-1.7806660689727
			3.03902820748472	-1.7806660689727
			3.04088694033334	-1.78252480182132
			3.04274567318195	-1.78252480182132
			3.04460440603057	-1.78252480182132
			3.04646313887918	-1.78438353466993
			3.0483218717278	-1.78438353466993
			3.05018060457641	-1.78438353466993
			3.05203933742503	-1.78438353466993
			3.05389807027364	-1.78624226751854
			3.05575680312226	-1.78624226751854
			3.05761553597087	-1.78624226751854
			3.05947426881948	-1.78624226751854
			3.0613330016681	-1.78810100036716
			3.06319173451671	-1.78810100036716
			3.06505046736533	-1.78810100036716
			3.06690920021394	-1.78810100036716
			3.06876793306256	-1.78995973321577
			3.07062666591117	-1.78995973321577
			3.07248539875979	-1.78995973321577
			3.0743441316084	-1.78995973321577
			3.07620286445702	-1.78995973321577
			3.07806159730563	-1.79181846606439
			3.07992033015424	-1.79181846606439
			3.08177906300286	-1.79181846606439
			3.08363779585147	-1.79181846606439
			3.08549652870009	-1.793677198913
			3.0873552615487	-1.793677198913
			3.08921399439732	-1.793677198913
			3.09107272724593	-1.793677198913
			3.09293146009455	-1.79553593176162
			3.09479019294316	-1.79553593176162
			3.09664892579177	-1.79553593176162
			3.09850765864039	-1.79553593176162
			3.100366391489	-1.79553593176162
			3.10222512433762	-1.79739466461023
			3.10408385718623	-1.79739466461023
			3.10594259003485	-1.79739466461023
		</curvaD_espina_dorsal>
		<curvaI_espina_dorsal type=matrix rownames=FALSE colnames=FALSE nrow=334 ncol=2 as.numeric=TRUE >
			2.56876879678525	-1.40520203355257
			2.57062752963387	-1.40706076640118
			2.57248626248248	-1.4089194992498
			2.5743449953311	-1.4089194992498
			2.57620372817971	-1.41077823209841
			2.57806246102833	-1.41263696494703
			2.57992119387694	-1.41449569779564
			2.58177992672556	-1.41635443064426
			2.58363865957417	-1.41821316349287
			2.58549739242278	-1.41821316349287
			2.5873561252714	-1.42007189634149
			2.58921485812001	-1.4219306291901
			2.59107359096863	-1.42378936203872
			2.59293232381724	-1.42378936203872
			2.59479105666586	-1.42564809488733
			2.59664978951447	-1.42750682773594
			2.59664978951447	-1.42936556058456
			2.59850852236309	-1.42936556058456
			2.6003672552117	-1.43122429343317
			2.60222598806031	-1.43308302628179
			2.60408472090893	-1.4349417591304
			2.60594345375754	-1.4349417591304
			2.60780218660616	-1.43680049197902
			2.60966091945477	-1.43865922482763
			2.60966091945477	-1.44051795767625
			2.61151965230339	-1.44051795767625
			2.613378385152	-1.44237669052486
			2.61523711800062	-1.44423542337347
			2.61709585084923	-1.44423542337347
			2.61895458369785	-1.44609415622209
			2.61895458369785	-1.4479528890707
			2.62081331654646	-1.4479528890707
			2.62267204939507	-1.44981162191932
			2.62453078224369	-1.45167035476793
			2.6263895150923	-1.45167035476793
			2.6263895150923	-1.45352908761655
			2.62824824794092	-1.45538782046516
			2.63010698078953	-1.45538782046516
			2.63196571363815	-1.45724655331378
			2.63196571363815	-1.45910528616239
			2.63382444648676	-1.45910528616239
			2.63568317933538	-1.46096401901101
			2.63568317933538	-1.46282275185962
			2.63754191218399	-1.46282275185962
			2.6394006450326	-1.46468148470823
			2.64125937788122	-1.46468148470823
			2.64125937788122	-1.46654021755685
			2.64311811072983	-1.46839895040546
			2.64497684357845	-1.46839895040546
			2.64497684357845	-1.47025768325408
			2.64683557642706	-1.47025768325408
			2.64869430927568	-1.47211641610269
			2.64869430927568	-1.47397514895131
			2.65055304212429	-1.47397514895131
			2.65055304212429	-1.47583388179992
			2.65241177497291	-1.47583388179992
			2.65427050782152	-1.47769261464854
			2.65612924067014	-1.47955134749715
			2.65798797351875	-1.48141008034576
			2.65984670636736	-1.48326881319438
			2.66170543921598	-1.48512754604299
			2.66356417206459	-1.48698627889161
			2.66542290491321	-1.48884501174022
			2.66728163776182	-1.49070374458884
			2.66914037061044	-1.49256247743745
			2.67099910345905	-1.49442121028607
			2.67285783630767	-1.49627994313468
			2.67471656915628	-1.4981386759833
			2.6765753020049	-1.49999740883191
			2.67843403485351	-1.49999740883191
			2.68029276770212	-1.50185614168052
			2.68029276770212	-1.50371487452914
			2.68215150055074	-1.50557360737775
			2.68401023339935	-1.50743234022637
			2.68586896624797	-1.50743234022637
			2.68586896624797	-1.50929107307498
			2.68772769909658	-1.5111498059236
			2.6895864319452	-1.51300853877221
			2.69144516479381	-1.51486727162083
			2.69144516479381	-1.51672600446944
			2.69330389764243	-1.51672600446944
			2.69330389764243	-1.51858473731806
			2.69516263049104	-1.52044347016667
			2.69702136333965	-1.52230220301528
			2.69888009618827	-1.5241609358639
			2.70073882903688	-1.52601966871251
			2.70073882903688	-1.52787840156113
			2.7025975618855	-1.52973713440974
			2.70445629473411	-1.52973713440974
			2.70445629473411	-1.53159586725836
			2.70631502758273	-1.53345460010697
			2.70817376043134	-1.53531333295559
			2.71003249327996	-1.5371720658042
			2.71003249327996	-1.53903079865281
			2.71189122612857	-1.54088953150143
			2.71374995897719	-1.54274826435004
			2.7156086918258	-1.54460699719866
			2.71746742467441	-1.54646573004727
			2.71932615752303	-1.54832446289589
			2.72118489037164	-1.5501831957445
			2.72304362322026	-1.55204192859312
			2.72304362322026	-1.55390066144173
			2.72490235606887	-1.55575939429035
			2.72676108891749	-1.55761812713896
			2.7286198217661	-1.55947685998757
			2.73047855461472	-1.56133559283619
			2.73047855461472	-1.5631943256848
			2.73233728746333	-1.56505305853342
			2.73419602031194	-1.56691179138203
			2.73605475316056	-1.56877052423065
			2.73605475316056	-1.57062925707926
			2.73791348600917	-1.57248798992788
			2.73977221885779	-1.57434672277649
			2.7416309517064	-1.57620545562511
			2.7416309517064	-1.57806418847372
			2.74348968455502	-1.57992292132233
			2.74534841740363	-1.58178165417095
			2.74720715025225	-1.58364038701956
			2.74720715025225	-1.58549911986818
			2.74906588310086	-1.58735785271679
			2.75092461594948	-1.58921658556541
			2.75092461594948	-1.59107531841402
			2.75278334879809	-1.59293405126264
			2.7546420816467	-1.59293405126264
			2.7546420816467	-1.59479278411125
			2.75650081449532	-1.59665151695986
			2.75650081449532	-1.59851024980848
			2.75835954734393	-1.60036898265709
			2.76021828019255	-1.60222771550571
			2.76021828019255	-1.60408644835432
			2.76207701304116	-1.60408644835432
			2.76207701304116	-1.60594518120294
			2.76393574588978	-1.60780391405155
			2.76579447873839	-1.60966264690017
			2.76579447873839	-1.61152137974878
			2.76765321158701	-1.6133801125974
			2.76951194443562	-1.61523884544601
			2.77137067728424	-1.61709757829462
			2.77137067728424	-1.61895631114324
			2.77322941013285	-1.62081504399185
			2.77322941013285	-1.62267377684047
			2.77508814298146	-1.62453250968908
			2.77694687583008	-1.6263912425377
			2.77694687583008	-1.62824997538631
			2.77880560867869	-1.63010870823493
			2.77880560867869	-1.63196744108354
			2.78066434152731	-1.63382617393215
			2.78252307437592	-1.63568490678077
			2.78252307437592	-1.63754363962938
			2.78438180722454	-1.639402372478
			2.78624054007315	-1.64126110532661
			2.78624054007315	-1.64311983817523
			2.78809927292177	-1.64497857102384
			2.78809927292177	-1.64683730387246
			2.78995800577038	-1.64869603672107
			2.78995800577038	-1.65055476956969
			2.79181673861899	-1.6524135024183
			2.79181673861899	-1.65427223526691
			2.79367547146761	-1.65613096811553
			2.79367547146761	-1.65798970096414
			2.79553420431622	-1.65984843381276
			2.79553420431622	-1.66170716666137
			2.79553420431622	-1.66356589950999
			2.79739293716484	-1.66356589950999
			2.79739293716484	-1.6654246323586
			2.79739293716484	-1.66728336520722
			2.79925167001345	-1.66914209805583
			2.79925167001345	-1.67100083090445
			2.80111040286207	-1.67285956375306
			2.80111040286207	-1.67471829660167
			2.80111040286207	-1.67657702945029
			2.80296913571068	-1.6784357622989
			2.80296913571068	-1.68029449514752
			2.80296913571068	-1.68215322799613
			2.80296913571068	-1.68401196084475
			2.8048278685593	-1.68587069369336
			2.8048278685593	-1.68772942654198
			2.8048278685593	-1.68958815939059
			2.8048278685593	-1.6914468922392
			2.80296913571068	-1.69330562508782
			2.80296913571068	-1.69516435793643
			2.80111040286207	-1.69702309078505
			2.79925167001345	-1.69888182363366
			2.79925167001345	-1.70074055648228
			2.79739293716484	-1.70259928933089
			2.79553420431622	-1.70445802217951
			2.79553420431622	-1.70631675502812
			2.79367547146761	-1.70817548787674
			2.79181673861899	-1.71003422072535
			2.78995800577038	-1.71189295357396
			2.78995800577038	-1.71375168642258
			2.78809927292177	-1.71561041927119
			2.78624054007315	-1.71746915211981
			2.78624054007315	-1.71932788496842
			2.78438180722454	-1.72118661781704
			2.78252307437592	-1.72118661781704
			2.78066434152731	-1.72304535066565
			2.77880560867869	-1.72490408351427
			2.77880560867869	-1.72676281636288
			2.77694687583008	-1.72862154921149
			2.77508814298146	-1.73048028206011
			2.77322941013285	-1.73233901490872
			2.77137067728424	-1.73233901490872
			2.77137067728424	-1.73419774775734
			2.76951194443562	-1.73605648060595
			2.76765321158701	-1.73791521345457
			2.76579447873839	-1.73791521345457
			2.76393574588978	-1.73977394630318
			2.76207701304116	-1.7416326791518
			2.76021828019255	-1.74349141200041
			2.75835954734393	-1.74535014484903
			2.75650081449532	-1.74720887769764
			2.7546420816467	-1.74906761054625
			2.75278334879809	-1.74906761054625
			2.75092461594948	-1.75092634339487
			2.74906588310086	-1.75278507624348
			2.74720715025225	-1.7546438090921
			2.74534841740363	-1.7546438090921
			2.74348968455502	-1.75650254194071
			2.7416309517064	-1.75650254194071
			2.73977221885779	-1.75836127478933
			2.73791348600917	-1.75836127478933
			2.73791348600917	-1.76022000763794
			2.73605475316056	-1.76022000763794
			2.73419602031194	-1.76207874048656
			2.73233728746333	-1.76207874048656
			2.73047855461472	-1.76393747333517
			2.7286198217661	-1.76393747333517
			2.72676108891749	-1.76579620618379
			2.72490235606887	-1.76579620618379
			2.72304362322026	-1.7676549390324
			2.72118489037164	-1.7676549390324
			2.71932615752303	-1.76951367188101
			2.71746742467441	-1.76951367188101
			2.7156086918258	-1.77137240472963
			2.71374995897719	-1.77137240472963
			2.71189122612857	-1.77137240472963
			2.71003249327996	-1.77323113757824
			2.70817376043134	-1.77323113757824
			2.70631502758273	-1.77323113757824
			2.70631502758273	-1.77508987042686
			2.70445629473411	-1.77508987042686
			2.7025975618855	-1.77508987042686
			2.70073882903688	-1.77508987042686
			2.69888009618827	-1.77694860327547
			2.69702136333965	-1.77694860327547
			2.69516263049104	-1.77694860327547
			2.69330389764243	-1.77880733612409
			2.69144516479381	-1.77880733612409
			2.6895864319452	-1.77880733612409
			2.68772769909658	-1.7806660689727
			2.68586896624797	-1.7806660689727
			2.68401023339935	-1.7806660689727
			2.68215150055074	-1.7806660689727
			2.68029276770212	-1.7806660689727
			2.67843403485351	-1.78252480182132
			2.6765753020049	-1.78252480182132
			2.67471656915628	-1.78252480182132
			2.67285783630767	-1.78252480182132
			2.67099910345905	-1.78252480182132
			2.66914037061044	-1.78438353466993
			2.66728163776182	-1.78438353466993
			2.66542290491321	-1.78438353466993
			2.66356417206459	-1.78438353466993
			2.66170543921598	-1.78438353466993
			2.65984670636736	-1.78438353466993
			2.65798797351875	-1.78438353466993
			2.65612924067014	-1.78438353466993
			2.65427050782152	-1.78438353466993
			2.65241177497291	-1.78624226751854
			2.65055304212429	-1.78624226751854
			2.64869430927568	-1.78624226751854
			2.64683557642706	-1.78624226751854
			2.64497684357845	-1.78624226751854
			2.64311811072983	-1.78624226751854
			2.64125937788122	-1.78624226751854
			2.6394006450326	-1.78624226751854
			2.63754191218399	-1.78624226751854
			2.63568317933538	-1.78624226751854
			2.63382444648676	-1.78624226751854
			2.63196571363815	-1.78624226751854
			2.63010698078953	-1.78624226751854
			2.62824824794092	-1.78624226751854
			2.6263895150923	-1.78624226751854
			2.62453078224369	-1.78624226751854
			2.62267204939507	-1.78624226751854
			2.62081331654646	-1.78624226751854
			2.61895458369785	-1.78624226751854
			2.61709585084923	-1.78624226751854
			2.61523711800062	-1.78624226751854
			2.613378385152	-1.78810100036716
			2.61151965230339	-1.78810100036716
			2.60966091945477	-1.78995973321577
			2.60780218660616	-1.79181846606439
			2.60594345375754	-1.793677198913
			2.60408472090893	-1.79553593176162
			2.60222598806031	-1.79553593176162
			2.6003672552117	-1.79739466461023
			2.59850852236309	-1.79925339745885
			2.59664978951447	-1.80111213030746
			2.59479105666586	-1.80297086315608
			2.59293232381724	-1.80482959600469
			2.59107359096863	-1.8066883288533
			2.58921485812001	-1.80854706170192
			2.5873561252714	-1.81040579455053
			2.5873561252714	-1.81226452739915
			2.58549739242278	-1.81226452739915
			2.58363865957417	-1.81412326024776
			2.58363865957417	-1.81598199309638
			2.58177992672556	-1.81784072594499
			2.57992119387694	-1.81784072594499
			2.57992119387694	-1.81969945879361
			2.57806246102833	-1.82155819164222
			2.57806246102833	-1.82341692449083
			2.57620372817971	-1.82341692449083
			2.5743449953311	-1.82527565733945
			2.5743449953311	-1.82713439018806
			2.57248626248248	-1.82899312303668
			2.57062752963387	-1.83085185588529
			2.56876879678525	-1.83271058873391
			2.56691006393664	-1.83456932158252
			2.56691006393664	-1.83642805443114
			2.56505133108802	-1.83828678727975
			2.56319259823941	-1.84014552012837
			2.5613338653908	-1.84200425297698
			2.5613338653908	-1.84386298582559
			2.55947513254218	-1.84572171867421
			2.55761639969357	-1.84758045152282
			2.55761639969357	-1.84943918437144
			2.55575766684495	-1.85129791722005
			2.55575766684495	-1.85315665006867
			2.55389893399634	-1.85315665006867
			2.55204020114772	-1.85501538291728
			2.55204020114772	-1.8568741157659
		</curvaI_espina_dorsal>
	</curves.scaled>
	<ruler.points type=matrix rownames=TRUE colnames=FALSE nrow=2 ncol=2 as.numeric=TRUE >
		Ruler point 1	1607	568
		Ruler point 2	2145	567
	</ruler.points>
</shapes>

