<shapes type=list>
	<ruler.pixel type=vector names=FALSE length=1 as.numeric=TRUE >539.000927642987</ruler.pixel>
	<ruler.interval type=vector names=FALSE length=1 as.numeric=TRUE >1</ruler.interval>
	<scaling.units type=vector names=FALSE length=1 as.numeric=FALSE >mm</scaling.units>
	<scaling type=vector names=FALSE length=1 as.numeric=TRUE >0.00185873284861451</scaling>
	<landmarks.pixel type=matrix rownames=TRUE colnames=FALSE nrow=7 ncol=2 as.numeric=TRUE >
		punta_espina_dorsal	1532	970
		esq_izq_caparaza	1406	1175
		superior_ojo	1570	1367
		inferior_ojo	1608	1484
		derecha_ojo	1638	1424
		izquierda_ojo	1534	1430
		organo_dorsal	1674	1288
	</landmarks.pixel>
	<landmarks.scaled type=matrix rownames=TRUE colnames=FALSE nrow=7 ncol=2 as.numeric=TRUE >
		punta_espina_dorsal	2.84757872407743	-1.80297086315608
		esq_izq_caparaza	2.613378385152	-2.18401109712205
		superior_ojo	2.91821057232478	-2.54088780405604
		inferior_ojo	2.98884242057213	-2.75835954734393
		derecha_ojo	3.04460440603057	-2.64683557642706
		izquierda_ojo	2.85129618977466	-2.65798797351875
		organo_dorsal	3.11151878858069	-2.39404790901549
	</landmarks.scaled>
	<curves.control type=list>
		<curvaD_espina_dorsal type=matrix rownames=FALSE colnames=FALSE nrow=7 ncol=2 as.numeric=TRUE >
			1532	970
			1546	982
			1556	1000
			1579	1059
			1603	1161
			1585	1215
			1674	1288
		</curvaD_espina_dorsal>
		<curvaI_espina_dorsal type=matrix rownames=FALSE colnames=FALSE nrow=9 ncol=2 as.numeric=TRUE >
			1532	970
			1548	1012
			1559	1063
			1573	1119
			1562	1160
			1510	1187
			1455	1156
			1425	1162
			1406	1175
		</curvaI_espina_dorsal>
	</curves.control>
	<curves.pixel type=list>
		<curvaD_espina_dorsal type=matrix rownames=FALSE colnames=FALSE nrow=327 ncol=2 as.numeric=TRUE >
			1532	970
			1533	971
			1534	972
			1535	972
			1536	973
			1537	974
			1537	975
			1538	976
			1539	977
			1540	978
			1541	979
			1542	980
			1543	981
			1543	982
			1544	982
			1545	983
			1546	984
			1546	985
			1547	986
			1548	987
			1549	988
			1549	989
			1550	990
			1551	991
			1551	992
			1552	993
			1553	994
			1553	995
			1554	996
			1554	997
			1555	998
			1556	999
			1556	1000
			1556	1001
			1557	1002
			1557	1003
			1558	1004
			1558	1005
			1558	1006
			1559	1007
			1559	1008
			1559	1009
			1560	1010
			1560	1011
			1560	1012
			1561	1013
			1561	1014
			1561	1015
			1562	1016
			1562	1017
			1563	1018
			1563	1019
			1563	1020
			1564	1021
			1564	1022
			1564	1023
			1565	1024
			1565	1025
			1566	1026
			1566	1027
			1566	1028
			1566	1029
			1567	1030
			1567	1031
			1567	1032
			1568	1032
			1568	1033
			1568	1034
			1569	1035
			1569	1036
			1569	1037
			1569	1038
			1570	1039
			1570	1040
			1570	1041
			1571	1042
			1571	1043
			1572	1044
			1572	1045
			1572	1046
			1572	1047
			1573	1048
			1573	1049
			1573	1050
			1574	1051
			1574	1052
			1574	1053
			1575	1054
			1575	1055
			1575	1056
			1576	1057
			1576	1058
			1576	1059
			1576	1060
			1577	1061
			1577	1062
			1577	1063
			1578	1064
			1578	1065
			1578	1066
			1578	1067
			1579	1068
			1579	1069
			1579	1070
			1580	1071
			1580	1072
			1580	1073
			1580	1074
			1581	1075
			1581	1076
			1581	1077
			1582	1078
			1582	1079
			1582	1080
			1582	1081
			1583	1082
			1583	1083
			1583	1084
			1584	1085
			1584	1086
			1584	1087
			1585	1088
			1585	1089
			1585	1090
			1585	1091
			1586	1092
			1586	1093
			1586	1094
			1586	1095
			1587	1096
			1587	1097
			1587	1098
			1587	1099
			1588	1100
			1588	1101
			1588	1102
			1589	1103
			1589	1104
			1589	1105
			1589	1106
			1589	1107
			1590	1108
			1590	1109
			1590	1110
			1591	1111
			1591	1112
			1591	1113
			1592	1114
			1592	1115
			1592	1116
			1592	1117
			1592	1118
			1593	1119
			1593	1120
			1593	1121
			1594	1122
			1594	1123
			1594	1124
			1594	1125
			1595	1126
			1595	1127
			1595	1128
			1595	1129
			1596	1130
			1596	1131
			1596	1132
			1596	1133
			1597	1134
			1597	1135
			1597	1136
			1597	1137
			1597	1138
			1598	1138
			1598	1139
			1598	1140
			1598	1141
			1598	1142
			1599	1143
			1599	1144
			1599	1145
			1599	1146
			1600	1146
			1600	1147
			1600	1148
			1600	1149
			1600	1150
			1601	1151
			1601	1152
			1601	1153
			1601	1154
			1602	1155
			1602	1156
			1602	1157
			1602	1158
			1602	1159
			1603	1160
			1603	1161
			1603	1162
			1602	1163
			1602	1164
			1602	1165
			1602	1166
			1601	1167
			1601	1168
			1601	1169
			1601	1170
			1601	1171
			1600	1172
			1600	1173
			1600	1174
			1600	1175
			1600	1176
			1600	1177
			1600	1178
			1600	1179
			1600	1180
			1600	1181
			1600	1182
			1600	1183
			1600	1184
			1600	1185
			1600	1186
			1600	1187
			1601	1188
			1601	1189
			1601	1190
			1601	1191
			1601	1192
			1601	1193
			1602	1194
			1602	1195
			1602	1196
			1602	1197
			1603	1198
			1603	1199
			1603	1200
			1603	1201
			1604	1202
			1604	1203
			1604	1204
			1605	1205
			1605	1206
			1605	1207
			1606	1208
			1606	1209
			1607	1210
			1607	1211
			1608	1212
			1608	1213
			1609	1214
			1609	1215
			1610	1216
			1610	1217
			1611	1218
			1611	1219
			1612	1220
			1612	1221
			1613	1222
			1613	1223
			1614	1224
			1615	1225
			1615	1226
			1616	1227
			1617	1228
			1617	1229
			1618	1230
			1619	1231
			1619	1232
			1620	1233
			1621	1234
			1622	1235
			1622	1236
			1623	1237
			1624	1238
			1625	1239
			1626	1240
			1627	1241
			1627	1242
			1628	1243
			1629	1244
			1630	1245
			1630	1246
			1631	1247
			1632	1248
			1633	1249
			1634	1250
			1635	1251
			1636	1252
			1636	1253
			1637	1254
			1638	1255
			1639	1256
			1640	1257
			1641	1258
			1642	1259
			1643	1260
			1644	1261
			1645	1262
			1646	1262
			1647	1263
			1648	1264
			1649	1265
			1650	1266
			1651	1267
			1652	1268
			1653	1269
			1654	1270
			1655	1271
			1656	1272
			1657	1273
			1658	1274
			1659	1275
			1660	1276
			1661	1277
			1662	1278
			1663	1279
			1664	1280
			1665	1280
			1666	1281
			1667	1282
			1668	1283
			1669	1284
			1670	1285
			1671	1285
			1672	1286
			1673	1287
			1674	1288
		</curvaD_espina_dorsal>
		<curvaI_espina_dorsal type=matrix rownames=FALSE colnames=FALSE nrow=359 ncol=2 as.numeric=TRUE >
			1532	970
			1532	971
			1533	972
			1533	973
			1533	974
			1534	975
			1534	976
			1534	977
			1535	978
			1535	979
			1536	980
			1536	981
			1536	982
			1537	983
			1537	984
			1537	985
			1538	986
			1538	987
			1538	988
			1539	988
			1539	989
			1539	990
			1540	991
			1540	992
			1540	993
			1540	994
			1541	994
			1541	995
			1541	996
			1541	997
			1542	998
			1542	999
			1542	1000
			1543	1000
			1543	1001
			1543	1002
			1543	1003
			1544	1004
			1544	1005
			1544	1006
			1544	1007
			1545	1007
			1545	1008
			1545	1009
			1546	1010
			1546	1011
			1546	1012
			1546	1013
			1547	1014
			1547	1015
			1547	1016
			1548	1017
			1548	1018
			1548	1019
			1548	1020
			1549	1020
			1549	1021
			1549	1022
			1549	1023
			1550	1024
			1550	1025
			1550	1026
			1550	1027
			1550	1028
			1551	1028
			1551	1029
			1551	1030
			1551	1031
			1552	1031
			1552	1032
			1552	1033
			1552	1034
			1552	1035
			1553	1036
			1553	1037
			1553	1038
			1553	1039
			1554	1040
			1554	1041
			1554	1042
			1554	1043
			1555	1044
			1555	1045
			1555	1046
			1555	1047
			1556	1048
			1556	1049
			1556	1050
			1556	1051
			1557	1052
			1557	1053
			1557	1054
			1557	1055
			1557	1056
			1558	1057
			1558	1058
			1558	1059
			1558	1060
			1559	1061
			1559	1062
			1559	1063
			1559	1064
			1560	1065
			1560	1066
			1560	1067
			1560	1068
			1560	1069
			1561	1070
			1561	1071
			1561	1072
			1561	1073
			1562	1074
			1562	1075
			1562	1076
			1562	1077
			1562	1078
			1563	1079
			1563	1080
			1563	1081
			1563	1082
			1563	1083
			1563	1084
			1564	1084
			1564	1085
			1564	1086
			1564	1087
			1564	1088
			1564	1089
			1564	1090
			1565	1091
			1565	1092
			1565	1093
			1565	1094
			1565	1095
			1565	1096
			1565	1097
			1565	1098
			1566	1098
			1566	1099
			1566	1100
			1566	1101
			1566	1102
			1566	1103
			1566	1104
			1566	1105
			1566	1106
			1566	1107
			1566	1108
			1566	1109
			1567	1110
			1567	1111
			1567	1112
			1567	1113
			1567	1114
			1567	1115
			1567	1116
			1567	1117
			1567	1118
			1567	1119
			1567	1120
			1567	1121
			1567	1122
			1567	1123
			1567	1124
			1567	1125
			1567	1126
			1567	1127
			1567	1128
			1567	1129
			1567	1130
			1567	1131
			1567	1132
			1566	1133
			1566	1134
			1566	1135
			1566	1136
			1566	1137
			1566	1138
			1566	1139
			1566	1140
			1566	1141
			1566	1142
			1565	1143
			1565	1144
			1565	1145
			1565	1146
			1565	1147
			1565	1148
			1564	1149
			1564	1150
			1564	1151
			1564	1152
			1564	1153
			1564	1154
			1563	1155
			1563	1156
			1563	1157
			1562	1158
			1562	1159
			1561	1160
			1560	1161
			1559	1162
			1558	1162
			1557	1163
			1556	1163
			1555	1163
			1554	1164
			1553	1164
			1552	1165
			1551	1165
			1550	1166
			1549	1166
			1548	1166
			1547	1167
			1546	1167
			1545	1167
			1544	1168
			1543	1168
			1542	1168
			1541	1169
			1540	1169
			1539	1169
			1538	1169
			1537	1170
			1536	1170
			1535	1170
			1534	1170
			1533	1171
			1532	1171
			1531	1171
			1530	1171
			1529	1171
			1528	1171
			1527	1172
			1526	1172
			1525	1172
			1524	1172
			1523	1172
			1522	1172
			1521	1172
			1520	1172
			1519	1172
			1518	1172
			1517	1172
			1517	1173
			1516	1173
			1515	1173
			1514	1173
			1513	1173
			1512	1173
			1511	1173
			1510	1173
			1509	1173
			1509	1172
			1508	1172
			1507	1172
			1506	1172
			1505	1172
			1504	1172
			1503	1172
			1502	1172
			1501	1172
			1500	1172
			1499	1172
			1498	1171
			1497	1171
			1496	1171
			1495	1171
			1494	1171
			1493	1170
			1492	1170
			1491	1170
			1490	1170
			1489	1170
			1488	1169
			1487	1169
			1486	1169
			1485	1169
			1484	1168
			1483	1168
			1482	1168
			1481	1168
			1480	1167
			1479	1167
			1478	1166
			1477	1166
			1476	1166
			1475	1165
			1474	1165
			1473	1165
			1472	1164
			1471	1164
			1470	1164
			1470	1163
			1469	1163
			1468	1162
			1467	1162
			1466	1162
			1465	1161
			1464	1161
			1463	1160
			1462	1160
			1461	1159
			1460	1159
			1459	1158
			1458	1158
			1457	1157
			1456	1157
			1455	1156
			1454	1156
			1453	1156
			1452	1157
			1451	1157
			1450	1157
			1449	1157
			1448	1157
			1447	1158
			1446	1158
			1445	1158
			1444	1158
			1443	1159
			1442	1159
			1441	1159
			1440	1160
			1439	1160
			1438	1160
			1437	1160
			1436	1161
			1435	1161
			1434	1162
			1433	1162
			1432	1162
			1431	1163
			1430	1163
			1429	1163
			1428	1164
			1427	1164
			1426	1164
			1425	1165
			1424	1165
			1423	1166
			1422	1166
			1421	1167
			1420	1167
			1419	1168
			1418	1168
			1417	1169
			1416	1169
			1415	1170
			1414	1170
			1413	1171
			1412	1171
			1411	1172
			1410	1172
			1409	1173
			1408	1173
			1408	1174
			1407	1174
			1406	1175
		</curvaI_espina_dorsal>
	</curves.pixel>
	<curves.scaled type=list>
		<curvaD_espina_dorsal type=matrix rownames=FALSE colnames=FALSE nrow=327 ncol=2 as.numeric=TRUE >
			2.84757872407743	-1.80297086315608
			2.84943745692604	-1.80482959600469
			2.85129618977466	-1.8066883288533
			2.85315492262327	-1.8066883288533
			2.85501365547189	-1.80854706170192
			2.8568723883205	-1.81040579455053
			2.8568723883205	-1.81226452739915
			2.85873112116912	-1.81412326024776
			2.86058985401773	-1.81598199309638
			2.86244858686635	-1.81784072594499
			2.86430731971496	-1.81969945879361
			2.86616605256358	-1.82155819164222
			2.86802478541219	-1.82341692449083
			2.86802478541219	-1.82527565733945
			2.8698835182608	-1.82527565733945
			2.87174225110942	-1.82713439018806
			2.87360098395803	-1.82899312303668
			2.87360098395803	-1.83085185588529
			2.87545971680665	-1.83271058873391
			2.87731844965526	-1.83456932158252
			2.87917718250388	-1.83642805443114
			2.87917718250388	-1.83828678727975
			2.88103591535249	-1.84014552012837
			2.88289464820111	-1.84200425297698
			2.88289464820111	-1.84386298582559
			2.88475338104972	-1.84572171867421
			2.88661211389833	-1.84758045152282
			2.88661211389833	-1.84943918437144
			2.88847084674695	-1.85129791722005
			2.88847084674695	-1.85315665006867
			2.89032957959556	-1.85501538291728
			2.89218831244418	-1.8568741157659
			2.89218831244418	-1.85873284861451
			2.89218831244418	-1.86059158146313
			2.89404704529279	-1.86245031431174
			2.89404704529279	-1.86430904716035
			2.89590577814141	-1.86616778000897
			2.89590577814141	-1.86802651285758
			2.89590577814141	-1.8698852457062
			2.89776451099002	-1.87174397855481
			2.89776451099002	-1.87360271140343
			2.89776451099002	-1.87546144425204
			2.89962324383864	-1.87732017710066
			2.89962324383864	-1.87917890994927
			2.89962324383864	-1.88103764279788
			2.90148197668725	-1.8828963756465
			2.90148197668725	-1.88475510849511
			2.90148197668725	-1.88661384134373
			2.90334070953587	-1.88847257419234
			2.90334070953587	-1.89033130704096
			2.90519944238448	-1.89219003988957
			2.90519944238448	-1.89404877273819
			2.90519944238448	-1.8959075055868
			2.90705817523309	-1.89776623843542
			2.90705817523309	-1.89962497128403
			2.90705817523309	-1.90148370413264
			2.90891690808171	-1.90334243698126
			2.90891690808171	-1.90520116982987
			2.91077564093032	-1.90705990267849
			2.91077564093032	-1.9089186355271
			2.91077564093032	-1.91077736837572
			2.91077564093032	-1.91263610122433
			2.91263437377894	-1.91449483407295
			2.91263437377894	-1.91635356692156
			2.91263437377894	-1.91821229977017
			2.91449310662755	-1.91821229977017
			2.91449310662755	-1.92007103261879
			2.91449310662755	-1.9219297654674
			2.91635183947617	-1.92378849831602
			2.91635183947617	-1.92564723116463
			2.91635183947617	-1.92750596401325
			2.91635183947617	-1.92936469686186
			2.91821057232478	-1.93122342971048
			2.91821057232478	-1.93308216255909
			2.91821057232478	-1.93494089540771
			2.9200693051734	-1.93679962825632
			2.9200693051734	-1.93865836110493
			2.92192803802201	-1.94051709395355
			2.92192803802201	-1.94237582680216
			2.92192803802201	-1.94423455965078
			2.92192803802201	-1.94609329249939
			2.92378677087063	-1.94795202534801
			2.92378677087063	-1.94981075819662
			2.92378677087063	-1.95166949104524
			2.92564550371924	-1.95352822389385
			2.92564550371924	-1.95538695674247
			2.92564550371924	-1.95724568959108
			2.92750423656785	-1.95910442243969
			2.92750423656785	-1.96096315528831
			2.92750423656785	-1.96282188813692
			2.92936296941647	-1.96468062098554
			2.92936296941647	-1.96653935383415
			2.92936296941647	-1.96839808668277
			2.92936296941647	-1.97025681953138
			2.93122170226508	-1.97211555238
			2.93122170226508	-1.97397428522861
			2.93122170226508	-1.97583301807722
			2.9330804351137	-1.97769175092584
			2.9330804351137	-1.97955048377445
			2.9330804351137	-1.98140921662307
			2.9330804351137	-1.98326794947168
			2.93493916796231	-1.9851266823203
			2.93493916796231	-1.98698541516891
			2.93493916796231	-1.98884414801753
			2.93679790081093	-1.99070288086614
			2.93679790081093	-1.99256161371476
			2.93679790081093	-1.99442034656337
			2.93679790081093	-1.99627907941198
			2.93865663365954	-1.9981378122606
			2.93865663365954	-1.99999654510921
			2.93865663365954	-2.00185527795783
			2.94051536650816	-2.00371401080644
			2.94051536650816	-2.00557274365506
			2.94051536650816	-2.00743147650367
			2.94051536650816	-2.00929020935229
			2.94237409935677	-2.0111489422009
			2.94237409935677	-2.01300767504951
			2.94237409935677	-2.01486640789813
			2.94423283220538	-2.01672514074674
			2.94423283220538	-2.01858387359536
			2.94423283220538	-2.02044260644397
			2.946091565054	-2.02230133929259
			2.946091565054	-2.0241600721412
			2.946091565054	-2.02601880498982
			2.946091565054	-2.02787753783843
			2.94795029790261	-2.02973627068705
			2.94795029790261	-2.03159500353566
			2.94795029790261	-2.03345373638427
			2.94795029790261	-2.03531246923289
			2.94980903075123	-2.0371712020815
			2.94980903075123	-2.03902993493012
			2.94980903075123	-2.04088866777873
			2.94980903075123	-2.04274740062735
			2.95166776359984	-2.04460613347596
			2.95166776359984	-2.04646486632458
			2.95166776359984	-2.04832359917319
			2.95352649644846	-2.05018233202181
			2.95352649644846	-2.05204106487042
			2.95352649644846	-2.05389979771903
			2.95352649644846	-2.05575853056765
			2.95352649644846	-2.05761726341626
			2.95538522929707	-2.05947599626488
			2.95538522929707	-2.06133472911349
			2.95538522929707	-2.06319346196211
			2.95724396214569	-2.06505219481072
			2.95724396214569	-2.06691092765934
			2.95724396214569	-2.06876966050795
			2.9591026949943	-2.07062839335656
			2.9591026949943	-2.07248712620518
			2.9591026949943	-2.07434585905379
			2.9591026949943	-2.07620459190241
			2.9591026949943	-2.07806332475102
			2.96096142784292	-2.07992205759964
			2.96096142784292	-2.08178079044825
			2.96096142784292	-2.08363952329687
			2.96282016069153	-2.08549825614548
			2.96282016069153	-2.0873569889941
			2.96282016069153	-2.08921572184271
			2.96282016069153	-2.09107445469132
			2.96467889354014	-2.09293318753994
			2.96467889354014	-2.09479192038855
			2.96467889354014	-2.09665065323717
			2.96467889354014	-2.09850938608578
			2.96653762638876	-2.1003681189344
			2.96653762638876	-2.10222685178301
			2.96653762638876	-2.10408558463163
			2.96653762638876	-2.10594431748024
			2.96839635923737	-2.10780305032885
			2.96839635923737	-2.10966178317747
			2.96839635923737	-2.11152051602608
			2.96839635923737	-2.1133792488747
			2.96839635923737	-2.11523798172331
			2.97025509208599	-2.11523798172331
			2.97025509208599	-2.11709671457193
			2.97025509208599	-2.11895544742054
			2.97025509208599	-2.12081418026916
			2.97025509208599	-2.12267291311777
			2.9721138249346	-2.12453164596639
			2.9721138249346	-2.126390378815
			2.9721138249346	-2.12824911166361
			2.9721138249346	-2.13010784451223
			2.97397255778322	-2.13010784451223
			2.97397255778322	-2.13196657736084
			2.97397255778322	-2.13382531020946
			2.97397255778322	-2.13568404305807
			2.97397255778322	-2.13754277590669
			2.97583129063183	-2.1394015087553
			2.97583129063183	-2.14126024160392
			2.97583129063183	-2.14311897445253
			2.97583129063183	-2.14497770730115
			2.97769002348045	-2.14683644014976
			2.97769002348045	-2.14869517299837
			2.97769002348045	-2.15055390584699
			2.97769002348045	-2.1524126386956
			2.97769002348045	-2.15427137154422
			2.97954875632906	-2.15613010439283
			2.97954875632906	-2.15798883724145
			2.97954875632906	-2.15984757009006
			2.97769002348045	-2.16170630293868
			2.97769002348045	-2.16356503578729
			2.97769002348045	-2.1654237686359
			2.97769002348045	-2.16728250148452
			2.97583129063183	-2.16914123433313
			2.97583129063183	-2.17099996718175
			2.97583129063183	-2.17285870003036
			2.97583129063183	-2.17471743287898
			2.97583129063183	-2.17657616572759
			2.97397255778322	-2.17843489857621
			2.97397255778322	-2.18029363142482
			2.97397255778322	-2.18215236427344
			2.97397255778322	-2.18401109712205
			2.97397255778322	-2.18586982997066
			2.97397255778322	-2.18772856281928
			2.97397255778322	-2.18958729566789
			2.97397255778322	-2.19144602851651
			2.97397255778322	-2.19330476136512
			2.97397255778322	-2.19516349421374
			2.97397255778322	-2.19702222706235
			2.97397255778322	-2.19888095991097
			2.97397255778322	-2.20073969275958
			2.97397255778322	-2.20259842560819
			2.97397255778322	-2.20445715845681
			2.97397255778322	-2.20631589130542
			2.97583129063183	-2.20817462415404
			2.97583129063183	-2.21003335700265
			2.97583129063183	-2.21189208985127
			2.97583129063183	-2.21375082269988
			2.97583129063183	-2.2156095555485
			2.97583129063183	-2.21746828839711
			2.97769002348045	-2.21932702124573
			2.97769002348045	-2.22118575409434
			2.97769002348045	-2.22304448694295
			2.97769002348045	-2.22490321979157
			2.97954875632906	-2.22676195264018
			2.97954875632906	-2.2286206854888
			2.97954875632906	-2.23047941833741
			2.97954875632906	-2.23233815118603
			2.98140748917768	-2.23419688403464
			2.98140748917768	-2.23605561688326
			2.98140748917768	-2.23791434973187
			2.98326622202629	-2.23977308258049
			2.98326622202629	-2.2416318154291
			2.98326622202629	-2.24349054827771
			2.9851249548749	-2.24534928112633
			2.9851249548749	-2.24720801397494
			2.98698368772352	-2.24906674682356
			2.98698368772352	-2.25092547967217
			2.98884242057213	-2.25278421252079
			2.98884242057213	-2.2546429453694
			2.99070115342075	-2.25650167821802
			2.99070115342075	-2.25836041106663
			2.99255988626936	-2.26021914391524
			2.99255988626936	-2.26207787676386
			2.99441861911798	-2.26393660961247
			2.99441861911798	-2.26579534246109
			2.99627735196659	-2.2676540753097
			2.99627735196659	-2.26951280815832
			2.99813608481521	-2.27137154100693
			2.99813608481521	-2.27323027385555
			2.99999481766382	-2.27508900670416
			3.00185355051243	-2.27694773955278
			3.00185355051243	-2.27880647240139
			3.00371228336105	-2.28066520525
			3.00557101620966	-2.28252393809862
			3.00557101620966	-2.28438267094723
			3.00742974905828	-2.28624140379585
			3.00928848190689	-2.28810013664446
			3.00928848190689	-2.28995886949308
			3.01114721475551	-2.29181760234169
			3.01300594760412	-2.29367633519031
			3.01486468045274	-2.29553506803892
			3.01486468045274	-2.29739380088753
			3.01672341330135	-2.29925253373615
			3.01858214614997	-2.30111126658476
			3.02044087899858	-2.30296999943338
			3.02229961184719	-2.30482873228199
			3.02415834469581	-2.30668746513061
			3.02415834469581	-2.30854619797922
			3.02601707754442	-2.31040493082784
			3.02787581039304	-2.31226366367645
			3.02973454324165	-2.31412239652507
			3.02973454324165	-2.31598112937368
			3.03159327609027	-2.31783986222229
			3.03345200893888	-2.31969859507091
			3.0353107417875	-2.32155732791952
			3.03716947463611	-2.32341606076814
			3.03902820748472	-2.32527479361675
			3.04088694033334	-2.32713352646537
			3.04088694033334	-2.32899225931398
			3.04274567318195	-2.3308509921626
			3.04460440603057	-2.33270972501121
			3.04646313887918	-2.33456845785983
			3.0483218717278	-2.33642719070844
			3.05018060457641	-2.33828592355705
			3.05203933742503	-2.34014465640567
			3.05389807027364	-2.34200338925428
			3.05575680312226	-2.3438621221029
			3.05761553597087	-2.34572085495151
			3.05947426881948	-2.34572085495151
			3.0613330016681	-2.34757958780013
			3.06319173451671	-2.34943832064874
			3.06505046736533	-2.35129705349736
			3.06690920021394	-2.35315578634597
			3.06876793306256	-2.35501451919458
			3.07062666591117	-2.3568732520432
			3.07248539875979	-2.35873198489181
			3.0743441316084	-2.36059071774043
			3.07620286445702	-2.36244945058904
			3.07806159730563	-2.36430818343766
			3.07992033015424	-2.36616691628627
			3.08177906300286	-2.36802564913489
			3.08363779585147	-2.3698843819835
			3.08549652870009	-2.37174311483212
			3.0873552615487	-2.37360184768073
			3.08921399439732	-2.37546058052934
			3.09107272724593	-2.37731931337796
			3.09293146009455	-2.37917804622657
			3.09479019294316	-2.37917804622657
			3.09664892579177	-2.38103677907519
			3.09850765864039	-2.3828955119238
			3.100366391489	-2.38475424477242
			3.10222512433762	-2.38661297762103
			3.10408385718623	-2.38847171046965
			3.10594259003485	-2.38847171046965
			3.10780132288346	-2.39033044331826
			3.10966005573208	-2.39218917616687
			3.11151878858069	-2.39404790901549
		</curvaD_espina_dorsal>
		<curvaI_espina_dorsal type=matrix rownames=FALSE colnames=FALSE nrow=359 ncol=2 as.numeric=TRUE >
			2.84757872407743	-1.80297086315608
			2.84757872407743	-1.80482959600469
			2.84943745692604	-1.8066883288533
			2.84943745692604	-1.80854706170192
			2.84943745692604	-1.81040579455053
			2.85129618977466	-1.81226452739915
			2.85129618977466	-1.81412326024776
			2.85129618977466	-1.81598199309638
			2.85315492262327	-1.81784072594499
			2.85315492262327	-1.81969945879361
			2.85501365547189	-1.82155819164222
			2.85501365547189	-1.82341692449083
			2.85501365547189	-1.82527565733945
			2.8568723883205	-1.82713439018806
			2.8568723883205	-1.82899312303668
			2.8568723883205	-1.83085185588529
			2.85873112116912	-1.83271058873391
			2.85873112116912	-1.83456932158252
			2.85873112116912	-1.83642805443114
			2.86058985401773	-1.83642805443114
			2.86058985401773	-1.83828678727975
			2.86058985401773	-1.84014552012837
			2.86244858686635	-1.84200425297698
			2.86244858686635	-1.84386298582559
			2.86244858686635	-1.84572171867421
			2.86244858686635	-1.84758045152282
			2.86430731971496	-1.84758045152282
			2.86430731971496	-1.84943918437144
			2.86430731971496	-1.85129791722005
			2.86430731971496	-1.85315665006867
			2.86616605256358	-1.85501538291728
			2.86616605256358	-1.8568741157659
			2.86616605256358	-1.85873284861451
			2.86802478541219	-1.85873284861451
			2.86802478541219	-1.86059158146313
			2.86802478541219	-1.86245031431174
			2.86802478541219	-1.86430904716035
			2.8698835182608	-1.86616778000897
			2.8698835182608	-1.86802651285758
			2.8698835182608	-1.8698852457062
			2.8698835182608	-1.87174397855481
			2.87174225110942	-1.87174397855481
			2.87174225110942	-1.87360271140343
			2.87174225110942	-1.87546144425204
			2.87360098395803	-1.87732017710066
			2.87360098395803	-1.87917890994927
			2.87360098395803	-1.88103764279788
			2.87360098395803	-1.8828963756465
			2.87545971680665	-1.88475510849511
			2.87545971680665	-1.88661384134373
			2.87545971680665	-1.88847257419234
			2.87731844965526	-1.89033130704096
			2.87731844965526	-1.89219003988957
			2.87731844965526	-1.89404877273819
			2.87731844965526	-1.8959075055868
			2.87917718250388	-1.8959075055868
			2.87917718250388	-1.89776623843542
			2.87917718250388	-1.89962497128403
			2.87917718250388	-1.90148370413264
			2.88103591535249	-1.90334243698126
			2.88103591535249	-1.90520116982987
			2.88103591535249	-1.90705990267849
			2.88103591535249	-1.9089186355271
			2.88103591535249	-1.91077736837572
			2.88289464820111	-1.91077736837572
			2.88289464820111	-1.91263610122433
			2.88289464820111	-1.91449483407295
			2.88289464820111	-1.91635356692156
			2.88475338104972	-1.91635356692156
			2.88475338104972	-1.91821229977017
			2.88475338104972	-1.92007103261879
			2.88475338104972	-1.9219297654674
			2.88475338104972	-1.92378849831602
			2.88661211389833	-1.92564723116463
			2.88661211389833	-1.92750596401325
			2.88661211389833	-1.92936469686186
			2.88661211389833	-1.93122342971048
			2.88847084674695	-1.93308216255909
			2.88847084674695	-1.93494089540771
			2.88847084674695	-1.93679962825632
			2.88847084674695	-1.93865836110493
			2.89032957959556	-1.94051709395355
			2.89032957959556	-1.94237582680216
			2.89032957959556	-1.94423455965078
			2.89032957959556	-1.94609329249939
			2.89218831244418	-1.94795202534801
			2.89218831244418	-1.94981075819662
			2.89218831244418	-1.95166949104524
			2.89218831244418	-1.95352822389385
			2.89404704529279	-1.95538695674247
			2.89404704529279	-1.95724568959108
			2.89404704529279	-1.95910442243969
			2.89404704529279	-1.96096315528831
			2.89404704529279	-1.96282188813692
			2.89590577814141	-1.96468062098554
			2.89590577814141	-1.96653935383415
			2.89590577814141	-1.96839808668277
			2.89590577814141	-1.97025681953138
			2.89776451099002	-1.97211555238
			2.89776451099002	-1.97397428522861
			2.89776451099002	-1.97583301807722
			2.89776451099002	-1.97769175092584
			2.89962324383864	-1.97955048377445
			2.89962324383864	-1.98140921662307
			2.89962324383864	-1.98326794947168
			2.89962324383864	-1.9851266823203
			2.89962324383864	-1.98698541516891
			2.90148197668725	-1.98884414801753
			2.90148197668725	-1.99070288086614
			2.90148197668725	-1.99256161371476
			2.90148197668725	-1.99442034656337
			2.90334070953587	-1.99627907941198
			2.90334070953587	-1.9981378122606
			2.90334070953587	-1.99999654510921
			2.90334070953587	-2.00185527795783
			2.90334070953587	-2.00371401080644
			2.90519944238448	-2.00557274365506
			2.90519944238448	-2.00743147650367
			2.90519944238448	-2.00929020935229
			2.90519944238448	-2.0111489422009
			2.90519944238448	-2.01300767504951
			2.90519944238448	-2.01486640789813
			2.90705817523309	-2.01486640789813
			2.90705817523309	-2.01672514074674
			2.90705817523309	-2.01858387359536
			2.90705817523309	-2.02044260644397
			2.90705817523309	-2.02230133929259
			2.90705817523309	-2.0241600721412
			2.90705817523309	-2.02601880498982
			2.90891690808171	-2.02787753783843
			2.90891690808171	-2.02973627068705
			2.90891690808171	-2.03159500353566
			2.90891690808171	-2.03345373638427
			2.90891690808171	-2.03531246923289
			2.90891690808171	-2.0371712020815
			2.90891690808171	-2.03902993493012
			2.90891690808171	-2.04088866777873
			2.91077564093032	-2.04088866777873
			2.91077564093032	-2.04274740062735
			2.91077564093032	-2.04460613347596
			2.91077564093032	-2.04646486632458
			2.91077564093032	-2.04832359917319
			2.91077564093032	-2.05018233202181
			2.91077564093032	-2.05204106487042
			2.91077564093032	-2.05389979771903
			2.91077564093032	-2.05575853056765
			2.91077564093032	-2.05761726341626
			2.91077564093032	-2.05947599626488
			2.91077564093032	-2.06133472911349
			2.91263437377894	-2.06319346196211
			2.91263437377894	-2.06505219481072
			2.91263437377894	-2.06691092765934
			2.91263437377894	-2.06876966050795
			2.91263437377894	-2.07062839335656
			2.91263437377894	-2.07248712620518
			2.91263437377894	-2.07434585905379
			2.91263437377894	-2.07620459190241
			2.91263437377894	-2.07806332475102
			2.91263437377894	-2.07992205759964
			2.91263437377894	-2.08178079044825
			2.91263437377894	-2.08363952329687
			2.91263437377894	-2.08549825614548
			2.91263437377894	-2.0873569889941
			2.91263437377894	-2.08921572184271
			2.91263437377894	-2.09107445469132
			2.91263437377894	-2.09293318753994
			2.91263437377894	-2.09479192038855
			2.91263437377894	-2.09665065323717
			2.91263437377894	-2.09850938608578
			2.91263437377894	-2.1003681189344
			2.91263437377894	-2.10222685178301
			2.91263437377894	-2.10408558463163
			2.91077564093032	-2.10594431748024
			2.91077564093032	-2.10780305032885
			2.91077564093032	-2.10966178317747
			2.91077564093032	-2.11152051602608
			2.91077564093032	-2.1133792488747
			2.91077564093032	-2.11523798172331
			2.91077564093032	-2.11709671457193
			2.91077564093032	-2.11895544742054
			2.91077564093032	-2.12081418026916
			2.91077564093032	-2.12267291311777
			2.90891690808171	-2.12453164596639
			2.90891690808171	-2.126390378815
			2.90891690808171	-2.12824911166361
			2.90891690808171	-2.13010784451223
			2.90891690808171	-2.13196657736084
			2.90891690808171	-2.13382531020946
			2.90705817523309	-2.13568404305807
			2.90705817523309	-2.13754277590669
			2.90705817523309	-2.1394015087553
			2.90705817523309	-2.14126024160392
			2.90705817523309	-2.14311897445253
			2.90705817523309	-2.14497770730115
			2.90519944238448	-2.14683644014976
			2.90519944238448	-2.14869517299837
			2.90519944238448	-2.15055390584699
			2.90334070953587	-2.1524126386956
			2.90334070953587	-2.15427137154422
			2.90148197668725	-2.15613010439283
			2.89962324383864	-2.15798883724145
			2.89776451099002	-2.15984757009006
			2.89590577814141	-2.15984757009006
			2.89404704529279	-2.16170630293868
			2.89218831244418	-2.16170630293868
			2.89032957959556	-2.16170630293868
			2.88847084674695	-2.16356503578729
			2.88661211389833	-2.16356503578729
			2.88475338104972	-2.1654237686359
			2.88289464820111	-2.1654237686359
			2.88103591535249	-2.16728250148452
			2.87917718250388	-2.16728250148452
			2.87731844965526	-2.16728250148452
			2.87545971680665	-2.16914123433313
			2.87360098395803	-2.16914123433313
			2.87174225110942	-2.16914123433313
			2.8698835182608	-2.17099996718175
			2.86802478541219	-2.17099996718175
			2.86616605256358	-2.17099996718175
			2.86430731971496	-2.17285870003036
			2.86244858686635	-2.17285870003036
			2.86058985401773	-2.17285870003036
			2.85873112116912	-2.17285870003036
			2.8568723883205	-2.17471743287898
			2.85501365547189	-2.17471743287898
			2.85315492262327	-2.17471743287898
			2.85129618977466	-2.17471743287898
			2.84943745692604	-2.17657616572759
			2.84757872407743	-2.17657616572759
			2.84571999122882	-2.17657616572759
			2.8438612583802	-2.17657616572759
			2.84200252553159	-2.17657616572759
			2.84014379268297	-2.17657616572759
			2.83828505983436	-2.17843489857621
			2.83642632698574	-2.17843489857621
			2.83456759413713	-2.17843489857621
			2.83270886128851	-2.17843489857621
			2.8308501284399	-2.17843489857621
			2.82899139559128	-2.17843489857621
			2.82713266274267	-2.17843489857621
			2.82527392989406	-2.17843489857621
			2.82341519704544	-2.17843489857621
			2.82155646419683	-2.17843489857621
			2.81969773134821	-2.17843489857621
			2.81969773134821	-2.18029363142482
			2.8178389984996	-2.18029363142482
			2.81598026565098	-2.18029363142482
			2.81412153280237	-2.18029363142482
			2.81226279995375	-2.18029363142482
			2.81040406710514	-2.18029363142482
			2.80854533425653	-2.18029363142482
			2.80668660140791	-2.18029363142482
			2.8048278685593	-2.18029363142482
			2.8048278685593	-2.17843489857621
			2.80296913571068	-2.17843489857621
			2.80111040286207	-2.17843489857621
			2.79925167001345	-2.17843489857621
			2.79739293716484	-2.17843489857621
			2.79553420431622	-2.17843489857621
			2.79367547146761	-2.17843489857621
			2.79181673861899	-2.17843489857621
			2.78995800577038	-2.17843489857621
			2.78809927292177	-2.17843489857621
			2.78624054007315	-2.17843489857621
			2.78438180722454	-2.17657616572759
			2.78252307437592	-2.17657616572759
			2.78066434152731	-2.17657616572759
			2.77880560867869	-2.17657616572759
			2.77694687583008	-2.17657616572759
			2.77508814298146	-2.17471743287898
			2.77322941013285	-2.17471743287898
			2.77137067728424	-2.17471743287898
			2.76951194443562	-2.17471743287898
			2.76765321158701	-2.17471743287898
			2.76579447873839	-2.17285870003036
			2.76393574588978	-2.17285870003036
			2.76207701304116	-2.17285870003036
			2.76021828019255	-2.17285870003036
			2.75835954734393	-2.17099996718175
			2.75650081449532	-2.17099996718175
			2.7546420816467	-2.17099996718175
			2.75278334879809	-2.17099996718175
			2.75092461594948	-2.16914123433313
			2.74906588310086	-2.16914123433313
			2.74720715025225	-2.16728250148452
			2.74534841740363	-2.16728250148452
			2.74348968455502	-2.16728250148452
			2.7416309517064	-2.1654237686359
			2.73977221885779	-2.1654237686359
			2.73791348600917	-2.1654237686359
			2.73605475316056	-2.16356503578729
			2.73419602031194	-2.16356503578729
			2.73233728746333	-2.16356503578729
			2.73233728746333	-2.16170630293868
			2.73047855461472	-2.16170630293868
			2.7286198217661	-2.15984757009006
			2.72676108891749	-2.15984757009006
			2.72490235606887	-2.15984757009006
			2.72304362322026	-2.15798883724145
			2.72118489037164	-2.15798883724145
			2.71932615752303	-2.15613010439283
			2.71746742467441	-2.15613010439283
			2.7156086918258	-2.15427137154422
			2.71374995897719	-2.15427137154422
			2.71189122612857	-2.1524126386956
			2.71003249327996	-2.1524126386956
			2.70817376043134	-2.15055390584699
			2.70631502758273	-2.15055390584699
			2.70445629473411	-2.14869517299837
			2.7025975618855	-2.14869517299837
			2.70073882903688	-2.14869517299837
			2.69888009618827	-2.15055390584699
			2.69702136333965	-2.15055390584699
			2.69516263049104	-2.15055390584699
			2.69330389764243	-2.15055390584699
			2.69144516479381	-2.15055390584699
			2.6895864319452	-2.1524126386956
			2.68772769909658	-2.1524126386956
			2.68586896624797	-2.1524126386956
			2.68401023339935	-2.1524126386956
			2.68215150055074	-2.15427137154422
			2.68029276770212	-2.15427137154422
			2.67843403485351	-2.15427137154422
			2.6765753020049	-2.15613010439283
			2.67471656915628	-2.15613010439283
			2.67285783630767	-2.15613010439283
			2.67099910345905	-2.15613010439283
			2.66914037061044	-2.15798883724145
			2.66728163776182	-2.15798883724145
			2.66542290491321	-2.15984757009006
			2.66356417206459	-2.15984757009006
			2.66170543921598	-2.15984757009006
			2.65984670636736	-2.16170630293868
			2.65798797351875	-2.16170630293868
			2.65612924067014	-2.16170630293868
			2.65427050782152	-2.16356503578729
			2.65241177497291	-2.16356503578729
			2.65055304212429	-2.16356503578729
			2.64869430927568	-2.1654237686359
			2.64683557642706	-2.1654237686359
			2.64497684357845	-2.16728250148452
			2.64311811072983	-2.16728250148452
			2.64125937788122	-2.16914123433313
			2.6394006450326	-2.16914123433313
			2.63754191218399	-2.17099996718175
			2.63568317933538	-2.17099996718175
			2.63382444648676	-2.17285870003036
			2.63196571363815	-2.17285870003036
			2.63010698078953	-2.17471743287898
			2.62824824794092	-2.17471743287898
			2.6263895150923	-2.17657616572759
			2.62453078224369	-2.17657616572759
			2.62267204939507	-2.17843489857621
			2.62081331654646	-2.17843489857621
			2.61895458369785	-2.18029363142482
			2.61709585084923	-2.18029363142482
			2.61709585084923	-2.18215236427344
			2.61523711800062	-2.18215236427344
			2.613378385152	-2.18401109712205
		</curvaI_espina_dorsal>
	</curves.scaled>
	<ruler.points type=matrix rownames=TRUE colnames=FALSE nrow=2 ncol=2 as.numeric=TRUE >
		Ruler point 1	1607	568
		Ruler point 2	2145	567
	</ruler.points>
</shapes>

