<shapes type=list>
	<ruler.pixel type=vector names=FALSE length=1 as.numeric=TRUE >539.000927642987</ruler.pixel>
	<ruler.interval type=vector names=FALSE length=1 as.numeric=TRUE >1</ruler.interval>
	<scaling.units type=vector names=FALSE length=1 as.numeric=FALSE >mm</scaling.units>
	<scaling type=vector names=FALSE length=1 as.numeric=TRUE >0.00185873284861451</scaling>
	<landmarks.pixel type=matrix rownames=TRUE colnames=FALSE nrow=7 ncol=2 as.numeric=TRUE >
		punta_espina_dorsal	1367	878
		esq_izq_caparaza	1455	1118
		superior_ojo	1740	1068
		inferior_ojo	1848	1155
		derecha_ojo	1836	1071
		izquierda_ojo	1744	1143
		organo_dorsal	1714	950
	</landmarks.pixel>
	<landmarks.scaled type=matrix rownames=TRUE colnames=FALSE nrow=7 ncol=2 as.numeric=TRUE >
		punta_espina_dorsal	2.54088780405604	-1.63196744108354
		esq_izq_caparaza	2.70445629473411	-2.07806332475102
		superior_ojo	3.23419515658925	-1.9851266823203
		inferior_ojo	3.43493830423962	-2.14683644014976
		derecha_ojo	3.41263351005624	-1.99070288086614
		izquierda_ojo	3.24163008798371	-2.12453164596639
		organo_dorsal	3.18586810252527	-1.76579620618379
	</landmarks.scaled>
	<curves.control type=list>
		<curvaD_espina_dorsal type=matrix rownames=FALSE colnames=FALSE nrow=7 ncol=2 as.numeric=TRUE >
			1367	878
			1401	880
			1470	903
			1515	920
			1561	935
			1602	976
			1714	950
		</curvaD_espina_dorsal>
		<curvaI_espina_dorsal type=matrix rownames=FALSE colnames=FALSE nrow=9 ncol=2 as.numeric=TRUE >
			1367	878
			1419	898
			1459	917
			1508	941
			1536	966
			1550	1013
			1476	1058
			1456	1085
			1455	1118
		</curvaI_espina_dorsal>
	</curves.control>
	<curves.pixel type=list>
		<curvaD_espina_dorsal type=matrix rownames=FALSE colnames=FALSE nrow=352 ncol=2 as.numeric=TRUE >
			1367	878
			1368	878
			1369	878
			1370	878
			1371	878
			1372	878
			1373	879
			1374	879
			1375	879
			1376	879
			1377	879
			1378	879
			1379	879
			1380	879
			1381	879
			1382	880
			1383	880
			1384	880
			1385	880
			1386	880
			1387	880
			1388	881
			1389	881
			1390	881
			1391	881
			1392	881
			1393	882
			1394	882
			1395	882
			1396	882
			1397	882
			1398	883
			1399	883
			1400	883
			1401	883
			1402	883
			1403	884
			1404	884
			1405	884
			1406	884
			1407	885
			1408	885
			1409	885
			1410	885
			1411	885
			1411	886
			1412	886
			1413	886
			1414	886
			1415	887
			1416	887
			1417	887
			1418	887
			1419	887
			1419	888
			1420	888
			1421	888
			1422	888
			1423	889
			1424	889
			1425	889
			1426	890
			1427	890
			1428	890
			1429	890
			1430	891
			1431	891
			1432	891
			1433	892
			1434	892
			1435	892
			1436	892
			1437	893
			1438	893
			1439	893
			1440	893
			1440	894
			1441	894
			1442	894
			1443	894
			1444	895
			1445	895
			1446	895
			1447	896
			1448	896
			1449	896
			1450	897
			1451	897
			1452	897
			1453	897
			1454	898
			1455	898
			1456	898
			1457	899
			1458	899
			1459	899
			1460	900
			1461	900
			1462	900
			1463	901
			1464	901
			1465	901
			1466	902
			1467	902
			1468	902
			1469	903
			1470	903
			1471	903
			1472	904
			1473	904
			1474	905
			1475	905
			1476	905
			1477	906
			1478	906
			1479	906
			1479	907
			1480	907
			1481	907
			1482	907
			1483	908
			1484	908
			1485	909
			1486	909
			1487	909
			1488	910
			1489	910
			1490	911
			1491	911
			1492	911
			1493	912
			1494	912
			1495	912
			1496	913
			1497	913
			1498	913
			1499	914
			1500	914
			1501	915
			1502	915
			1503	915
			1504	916
			1505	916
			1506	916
			1507	917
			1508	917
			1509	917
			1510	918
			1511	918
			1512	918
			1513	919
			1514	919
			1515	920
			1516	920
			1517	920
			1518	921
			1519	921
			1520	921
			1521	922
			1522	922
			1523	922
			1524	923
			1525	923
			1526	923
			1527	924
			1528	924
			1529	924
			1530	925
			1531	925
			1532	925
			1533	926
			1534	926
			1535	926
			1536	927
			1537	927
			1538	927
			1539	928
			1540	928
			1541	928
			1542	929
			1543	929
			1544	930
			1545	930
			1546	930
			1547	930
			1548	931
			1549	931
			1550	931
			1551	932
			1552	932
			1553	933
			1554	933
			1555	933
			1556	933
			1557	934
			1558	934
			1559	934
			1560	935
			1561	935
			1562	936
			1563	937
			1564	938
			1565	939
			1566	940
			1567	940
			1568	941
			1569	942
			1570	942
			1571	943
			1572	944
			1573	944
			1574	945
			1575	946
			1576	946
			1577	947
			1578	947
			1579	948
			1580	949
			1581	949
			1582	950
			1583	950
			1584	951
			1585	951
			1586	951
			1587	952
			1588	952
			1589	953
			1590	953
			1591	953
			1592	954
			1593	954
			1594	954
			1595	955
			1596	955
			1597	955
			1598	955
			1599	956
			1600	956
			1601	956
			1602	956
			1603	957
			1604	957
			1605	957
			1606	957
			1607	958
			1608	958
			1609	958
			1610	958
			1611	958
			1612	958
			1613	958
			1614	959
			1615	959
			1616	959
			1617	959
			1618	959
			1619	959
			1620	959
			1621	959
			1622	959
			1623	960
			1624	960
			1625	960
			1626	960
			1627	960
			1628	960
			1629	960
			1630	960
			1631	960
			1632	960
			1633	960
			1634	960
			1635	960
			1636	960
			1637	960
			1638	960
			1639	960
			1640	960
			1641	960
			1642	960
			1643	960
			1644	960
			1645	960
			1646	960
			1647	960
			1648	960
			1649	960
			1650	960
			1651	960
			1652	960
			1653	960
			1654	960
			1655	959
			1656	959
			1657	959
			1658	959
			1659	959
			1660	959
			1661	959
			1662	959
			1663	959
			1664	959
			1665	959
			1666	958
			1667	958
			1668	958
			1669	958
			1670	958
			1671	958
			1672	958
			1673	958
			1674	957
			1675	957
			1676	957
			1677	957
			1678	957
			1679	957
			1680	957
			1681	956
			1682	956
			1683	956
			1684	956
			1685	956
			1686	956
			1687	955
			1688	955
			1689	955
			1690	955
			1691	955
			1692	955
			1693	954
			1694	954
			1695	954
			1696	954
			1697	954
			1698	953
			1699	953
			1700	953
			1701	953
			1702	953
			1703	952
			1704	952
			1705	952
			1706	952
			1707	952
			1708	951
			1709	951
			1710	951
			1711	951
			1712	950
			1713	950
			1714	950
		</curvaD_espina_dorsal>
		<curvaI_espina_dorsal type=matrix rownames=FALSE colnames=FALSE nrow=342 ncol=2 as.numeric=TRUE >
			1367	878
			1368	878
			1369	879
			1370	879
			1371	880
			1372	880
			1373	880
			1374	881
			1375	881
			1376	882
			1377	882
			1378	882
			1379	883
			1380	883
			1381	884
			1382	884
			1383	884
			1384	885
			1385	885
			1386	885
			1387	886
			1388	886
			1389	886
			1389	887
			1390	887
			1391	888
			1392	888
			1393	888
			1394	889
			1395	889
			1396	889
			1397	890
			1398	890
			1399	891
			1400	891
			1401	892
			1402	892
			1403	892
			1404	893
			1405	893
			1406	894
			1407	894
			1408	894
			1409	895
			1410	895
			1411	896
			1412	896
			1413	896
			1414	897
			1415	897
			1416	898
			1417	898
			1418	899
			1419	899
			1420	899
			1421	900
			1422	901
			1423	901
			1424	901
			1425	901
			1425	902
			1426	902
			1427	902
			1428	903
			1429	903
			1430	904
			1431	904
			1432	905
			1433	905
			1434	906
			1435	906
			1436	907
			1437	907
			1438	908
			1439	908
			1440	908
			1441	909
			1442	909
			1443	910
			1444	910
			1445	911
			1446	911
			1447	911
			1447	912
			1448	912
			1449	912
			1450	913
			1451	913
			1452	914
			1453	914
			1454	915
			1455	915
			1456	915
			1457	916
			1458	917
			1459	917
			1460	918
			1461	918
			1462	918
			1463	919
			1464	919
			1465	920
			1466	921
			1467	921
			1468	921
			1469	922
			1470	922
			1470	923
			1471	923
			1472	924
			1473	924
			1474	924
			1475	925
			1476	926
			1477	926
			1478	927
			1479	927
			1480	928
			1481	928
			1482	929
			1483	929
			1484	930
			1485	930
			1486	931
			1487	932
			1488	933
			1489	933
			1490	934
			1491	934
			1492	935
			1493	935
			1494	936
			1495	936
			1496	937
			1497	938
			1498	938
			1499	939
			1500	939
			1501	940
			1502	941
			1503	942
			1504	942
			1505	943
			1506	944
			1507	944
			1508	945
			1509	946
			1510	946
			1511	947
			1512	947
			1513	948
			1514	949
			1515	949
			1516	950
			1517	951
			1518	951
			1519	952
			1520	953
			1521	954
			1522	955
			1523	956
			1524	956
			1525	957
			1526	958
			1527	959
			1528	960
			1529	960
			1530	961
			1531	962
			1532	963
			1533	964
			1534	964
			1535	965
			1536	966
			1536	967
			1537	968
			1537	969
			1537	970
			1537	971
			1537	972
			1538	973
			1538	974
			1538	975
			1538	976
			1538	977
			1538	978
			1538	979
			1538	980
			1538	981
			1538	982
			1538	983
			1538	984
			1538	985
			1538	986
			1538	987
			1538	988
			1538	989
			1537	990
			1537	991
			1537	992
			1537	993
			1536	994
			1536	995
			1536	996
			1536	997
			1535	998
			1535	999
			1535	1000
			1534	1001
			1534	1002
			1533	1003
			1533	1004
			1532	1005
			1532	1006
			1531	1007
			1531	1008
			1530	1009
			1530	1010
			1529	1011
			1529	1012
			1528	1013
			1527	1014
			1527	1015
			1526	1015
			1525	1016
			1525	1017
			1524	1018
			1523	1019
			1522	1020
			1522	1021
			1521	1022
			1520	1023
			1519	1024
			1518	1025
			1517	1026
			1517	1027
			1516	1028
			1515	1029
			1514	1030
			1513	1031
			1512	1031
			1511	1032
			1510	1033
			1509	1034
			1508	1035
			1507	1036
			1506	1037
			1505	1038
			1504	1038
			1504	1039
			1503	1039
			1502	1040
			1501	1040
			1501	1041
			1500	1042
			1499	1042
			1499	1043
			1498	1043
			1497	1044
			1496	1044
			1496	1045
			1495	1045
			1494	1046
			1493	1047
			1492	1048
			1491	1048
			1490	1049
			1489	1050
			1488	1050
			1487	1051
			1486	1052
			1485	1052
			1484	1053
			1483	1054
			1482	1054
			1481	1055
			1480	1056
			1479	1056
			1478	1057
			1477	1058
			1476	1058
			1476	1059
			1475	1059
			1475	1060
			1474	1061
			1473	1062
			1472	1063
			1472	1064
			1471	1065
			1470	1066
			1470	1067
			1469	1068
			1469	1069
			1468	1070
			1468	1071
			1467	1072
			1466	1073
			1466	1074
			1465	1075
			1465	1076
			1464	1077
			1464	1078
			1464	1079
			1463	1080
			1463	1081
			1462	1082
			1462	1083
			1462	1084
			1461	1085
			1461	1086
			1461	1087
			1460	1088
			1460	1089
			1460	1090
			1459	1091
			1459	1092
			1459	1093
			1458	1094
			1458	1095
			1458	1096
			1458	1097
			1458	1098
			1457	1099
			1457	1100
			1457	1101
			1457	1102
			1456	1103
			1456	1104
			1456	1105
			1456	1106
			1456	1107
			1456	1108
			1456	1109
			1456	1110
			1455	1111
			1455	1112
			1455	1113
			1455	1114
			1455	1115
			1455	1116
			1455	1117
			1455	1118
		</curvaI_espina_dorsal>
	</curves.pixel>
	<curves.scaled type=list>
		<curvaD_espina_dorsal type=matrix rownames=FALSE colnames=FALSE nrow=352 ncol=2 as.numeric=TRUE >
			2.54088780405604	-1.63196744108354
			2.54274653690465	-1.63196744108354
			2.54460526975326	-1.63196744108354
			2.54646400260188	-1.63196744108354
			2.54832273545049	-1.63196744108354
			2.55018146829911	-1.63196744108354
			2.55204020114772	-1.63382617393215
			2.55389893399634	-1.63382617393215
			2.55575766684495	-1.63382617393215
			2.55761639969357	-1.63382617393215
			2.55947513254218	-1.63382617393215
			2.5613338653908	-1.63382617393215
			2.56319259823941	-1.63382617393215
			2.56505133108802	-1.63382617393215
			2.56691006393664	-1.63382617393215
			2.56876879678525	-1.63568490678077
			2.57062752963387	-1.63568490678077
			2.57248626248248	-1.63568490678077
			2.5743449953311	-1.63568490678077
			2.57620372817971	-1.63568490678077
			2.57806246102833	-1.63568490678077
			2.57992119387694	-1.63754363962938
			2.58177992672556	-1.63754363962938
			2.58363865957417	-1.63754363962938
			2.58549739242278	-1.63754363962938
			2.5873561252714	-1.63754363962938
			2.58921485812001	-1.639402372478
			2.59107359096863	-1.639402372478
			2.59293232381724	-1.639402372478
			2.59479105666586	-1.639402372478
			2.59664978951447	-1.639402372478
			2.59850852236309	-1.64126110532661
			2.6003672552117	-1.64126110532661
			2.60222598806031	-1.64126110532661
			2.60408472090893	-1.64126110532661
			2.60594345375754	-1.64126110532661
			2.60780218660616	-1.64311983817523
			2.60966091945477	-1.64311983817523
			2.61151965230339	-1.64311983817523
			2.613378385152	-1.64311983817523
			2.61523711800062	-1.64497857102384
			2.61709585084923	-1.64497857102384
			2.61895458369785	-1.64497857102384
			2.62081331654646	-1.64497857102384
			2.62267204939507	-1.64497857102384
			2.62267204939507	-1.64683730387246
			2.62453078224369	-1.64683730387246
			2.6263895150923	-1.64683730387246
			2.62824824794092	-1.64683730387246
			2.63010698078953	-1.64869603672107
			2.63196571363815	-1.64869603672107
			2.63382444648676	-1.64869603672107
			2.63568317933538	-1.64869603672107
			2.63754191218399	-1.64869603672107
			2.63754191218399	-1.65055476956969
			2.6394006450326	-1.65055476956969
			2.64125937788122	-1.65055476956969
			2.64311811072983	-1.65055476956969
			2.64497684357845	-1.6524135024183
			2.64683557642706	-1.6524135024183
			2.64869430927568	-1.6524135024183
			2.65055304212429	-1.65427223526691
			2.65241177497291	-1.65427223526691
			2.65427050782152	-1.65427223526691
			2.65612924067014	-1.65427223526691
			2.65798797351875	-1.65613096811553
			2.65984670636736	-1.65613096811553
			2.66170543921598	-1.65613096811553
			2.66356417206459	-1.65798970096414
			2.66542290491321	-1.65798970096414
			2.66728163776182	-1.65798970096414
			2.66914037061044	-1.65798970096414
			2.67099910345905	-1.65984843381276
			2.67285783630767	-1.65984843381276
			2.67471656915628	-1.65984843381276
			2.6765753020049	-1.65984843381276
			2.6765753020049	-1.66170716666137
			2.67843403485351	-1.66170716666137
			2.68029276770212	-1.66170716666137
			2.68215150055074	-1.66170716666137
			2.68401023339935	-1.66356589950999
			2.68586896624797	-1.66356589950999
			2.68772769909658	-1.66356589950999
			2.6895864319452	-1.6654246323586
			2.69144516479381	-1.6654246323586
			2.69330389764243	-1.6654246323586
			2.69516263049104	-1.66728336520722
			2.69702136333965	-1.66728336520722
			2.69888009618827	-1.66728336520722
			2.70073882903688	-1.66728336520722
			2.7025975618855	-1.66914209805583
			2.70445629473411	-1.66914209805583
			2.70631502758273	-1.66914209805583
			2.70817376043134	-1.67100083090445
			2.71003249327996	-1.67100083090445
			2.71189122612857	-1.67100083090445
			2.71374995897719	-1.67285956375306
			2.7156086918258	-1.67285956375306
			2.71746742467441	-1.67285956375306
			2.71932615752303	-1.67471829660167
			2.72118489037164	-1.67471829660167
			2.72304362322026	-1.67471829660167
			2.72490235606887	-1.67657702945029
			2.72676108891749	-1.67657702945029
			2.7286198217661	-1.67657702945029
			2.73047855461472	-1.6784357622989
			2.73233728746333	-1.6784357622989
			2.73419602031194	-1.6784357622989
			2.73605475316056	-1.68029449514752
			2.73791348600917	-1.68029449514752
			2.73977221885779	-1.68215322799613
			2.7416309517064	-1.68215322799613
			2.74348968455502	-1.68215322799613
			2.74534841740363	-1.68401196084475
			2.74720715025225	-1.68401196084475
			2.74906588310086	-1.68401196084475
			2.74906588310086	-1.68587069369336
			2.75092461594948	-1.68587069369336
			2.75278334879809	-1.68587069369336
			2.7546420816467	-1.68587069369336
			2.75650081449532	-1.68772942654198
			2.75835954734393	-1.68772942654198
			2.76021828019255	-1.68958815939059
			2.76207701304116	-1.68958815939059
			2.76393574588978	-1.68958815939059
			2.76579447873839	-1.6914468922392
			2.76765321158701	-1.6914468922392
			2.76951194443562	-1.69330562508782
			2.77137067728424	-1.69330562508782
			2.77322941013285	-1.69330562508782
			2.77508814298146	-1.69516435793643
			2.77694687583008	-1.69516435793643
			2.77880560867869	-1.69516435793643
			2.78066434152731	-1.69702309078505
			2.78252307437592	-1.69702309078505
			2.78438180722454	-1.69702309078505
			2.78624054007315	-1.69888182363366
			2.78809927292177	-1.69888182363366
			2.78995800577038	-1.70074055648228
			2.79181673861899	-1.70074055648228
			2.79367547146761	-1.70074055648228
			2.79553420431622	-1.70259928933089
			2.79739293716484	-1.70259928933089
			2.79925167001345	-1.70259928933089
			2.80111040286207	-1.70445802217951
			2.80296913571068	-1.70445802217951
			2.8048278685593	-1.70445802217951
			2.80668660140791	-1.70631675502812
			2.80854533425653	-1.70631675502812
			2.81040406710514	-1.70631675502812
			2.81226279995375	-1.70817548787674
			2.81412153280237	-1.70817548787674
			2.81598026565098	-1.71003422072535
			2.8178389984996	-1.71003422072535
			2.81969773134821	-1.71003422072535
			2.82155646419683	-1.71189295357396
			2.82341519704544	-1.71189295357396
			2.82527392989406	-1.71189295357396
			2.82713266274267	-1.71375168642258
			2.82899139559128	-1.71375168642258
			2.8308501284399	-1.71375168642258
			2.83270886128851	-1.71561041927119
			2.83456759413713	-1.71561041927119
			2.83642632698574	-1.71561041927119
			2.83828505983436	-1.71746915211981
			2.84014379268297	-1.71746915211981
			2.84200252553159	-1.71746915211981
			2.8438612583802	-1.71932788496842
			2.84571999122882	-1.71932788496842
			2.84757872407743	-1.71932788496842
			2.84943745692604	-1.72118661781704
			2.85129618977466	-1.72118661781704
			2.85315492262327	-1.72118661781704
			2.85501365547189	-1.72304535066565
			2.8568723883205	-1.72304535066565
			2.85873112116912	-1.72304535066565
			2.86058985401773	-1.72490408351427
			2.86244858686635	-1.72490408351427
			2.86430731971496	-1.72490408351427
			2.86616605256358	-1.72676281636288
			2.86802478541219	-1.72676281636288
			2.8698835182608	-1.72862154921149
			2.87174225110942	-1.72862154921149
			2.87360098395803	-1.72862154921149
			2.87545971680665	-1.72862154921149
			2.87731844965526	-1.73048028206011
			2.87917718250388	-1.73048028206011
			2.88103591535249	-1.73048028206011
			2.88289464820111	-1.73233901490872
			2.88475338104972	-1.73233901490872
			2.88661211389833	-1.73419774775734
			2.88847084674695	-1.73419774775734
			2.89032957959556	-1.73419774775734
			2.89218831244418	-1.73419774775734
			2.89404704529279	-1.73605648060595
			2.89590577814141	-1.73605648060595
			2.89776451099002	-1.73605648060595
			2.89962324383864	-1.73791521345457
			2.90148197668725	-1.73791521345457
			2.90334070953587	-1.73977394630318
			2.90519944238448	-1.7416326791518
			2.90705817523309	-1.74349141200041
			2.90891690808171	-1.74535014484903
			2.91077564093032	-1.74720887769764
			2.91263437377894	-1.74720887769764
			2.91449310662755	-1.74906761054625
			2.91635183947617	-1.75092634339487
			2.91821057232478	-1.75092634339487
			2.9200693051734	-1.75278507624348
			2.92192803802201	-1.7546438090921
			2.92378677087063	-1.7546438090921
			2.92564550371924	-1.75650254194071
			2.92750423656785	-1.75836127478933
			2.92936296941647	-1.75836127478933
			2.93122170226508	-1.76022000763794
			2.9330804351137	-1.76022000763794
			2.93493916796231	-1.76207874048656
			2.93679790081093	-1.76393747333517
			2.93865663365954	-1.76393747333517
			2.94051536650816	-1.76579620618379
			2.94237409935677	-1.76579620618379
			2.94423283220538	-1.7676549390324
			2.946091565054	-1.7676549390324
			2.94795029790261	-1.7676549390324
			2.94980903075123	-1.76951367188101
			2.95166776359984	-1.76951367188101
			2.95352649644846	-1.77137240472963
			2.95538522929707	-1.77137240472963
			2.95724396214569	-1.77137240472963
			2.9591026949943	-1.77323113757824
			2.96096142784292	-1.77323113757824
			2.96282016069153	-1.77323113757824
			2.96467889354014	-1.77508987042686
			2.96653762638876	-1.77508987042686
			2.96839635923737	-1.77508987042686
			2.97025509208599	-1.77508987042686
			2.9721138249346	-1.77694860327547
			2.97397255778322	-1.77694860327547
			2.97583129063183	-1.77694860327547
			2.97769002348045	-1.77694860327547
			2.97954875632906	-1.77880733612409
			2.98140748917768	-1.77880733612409
			2.98326622202629	-1.77880733612409
			2.9851249548749	-1.77880733612409
			2.98698368772352	-1.7806660689727
			2.98884242057213	-1.7806660689727
			2.99070115342075	-1.7806660689727
			2.99255988626936	-1.7806660689727
			2.99441861911798	-1.7806660689727
			2.99627735196659	-1.7806660689727
			2.99813608481521	-1.7806660689727
			2.99999481766382	-1.78252480182132
			3.00185355051243	-1.78252480182132
			3.00371228336105	-1.78252480182132
			3.00557101620966	-1.78252480182132
			3.00742974905828	-1.78252480182132
			3.00928848190689	-1.78252480182132
			3.01114721475551	-1.78252480182132
			3.01300594760412	-1.78252480182132
			3.01486468045274	-1.78252480182132
			3.01672341330135	-1.78438353466993
			3.01858214614997	-1.78438353466993
			3.02044087899858	-1.78438353466993
			3.02229961184719	-1.78438353466993
			3.02415834469581	-1.78438353466993
			3.02601707754442	-1.78438353466993
			3.02787581039304	-1.78438353466993
			3.02973454324165	-1.78438353466993
			3.03159327609027	-1.78438353466993
			3.03345200893888	-1.78438353466993
			3.0353107417875	-1.78438353466993
			3.03716947463611	-1.78438353466993
			3.03902820748472	-1.78438353466993
			3.04088694033334	-1.78438353466993
			3.04274567318195	-1.78438353466993
			3.04460440603057	-1.78438353466993
			3.04646313887918	-1.78438353466993
			3.0483218717278	-1.78438353466993
			3.05018060457641	-1.78438353466993
			3.05203933742503	-1.78438353466993
			3.05389807027364	-1.78438353466993
			3.05575680312226	-1.78438353466993
			3.05761553597087	-1.78438353466993
			3.05947426881948	-1.78438353466993
			3.0613330016681	-1.78438353466993
			3.06319173451671	-1.78438353466993
			3.06505046736533	-1.78438353466993
			3.06690920021394	-1.78438353466993
			3.06876793306256	-1.78438353466993
			3.07062666591117	-1.78438353466993
			3.07248539875979	-1.78438353466993
			3.0743441316084	-1.78438353466993
			3.07620286445702	-1.78252480182132
			3.07806159730563	-1.78252480182132
			3.07992033015424	-1.78252480182132
			3.08177906300286	-1.78252480182132
			3.08363779585147	-1.78252480182132
			3.08549652870009	-1.78252480182132
			3.0873552615487	-1.78252480182132
			3.08921399439732	-1.78252480182132
			3.09107272724593	-1.78252480182132
			3.09293146009455	-1.78252480182132
			3.09479019294316	-1.78252480182132
			3.09664892579177	-1.7806660689727
			3.09850765864039	-1.7806660689727
			3.100366391489	-1.7806660689727
			3.10222512433762	-1.7806660689727
			3.10408385718623	-1.7806660689727
			3.10594259003485	-1.7806660689727
			3.10780132288346	-1.7806660689727
			3.10966005573208	-1.7806660689727
			3.11151878858069	-1.77880733612409
			3.11337752142931	-1.77880733612409
			3.11523625427792	-1.77880733612409
			3.11709498712653	-1.77880733612409
			3.11895371997515	-1.77880733612409
			3.12081245282376	-1.77880733612409
			3.12267118567238	-1.77880733612409
			3.12452991852099	-1.77694860327547
			3.12638865136961	-1.77694860327547
			3.12824738421822	-1.77694860327547
			3.13010611706684	-1.77694860327547
			3.13196484991545	-1.77694860327547
			3.13382358276407	-1.77694860327547
			3.13568231561268	-1.77508987042686
			3.13754104846129	-1.77508987042686
			3.13939978130991	-1.77508987042686
			3.14125851415852	-1.77508987042686
			3.14311724700714	-1.77508987042686
			3.14497597985575	-1.77508987042686
			3.14683471270437	-1.77323113757824
			3.14869344555298	-1.77323113757824
			3.1505521784016	-1.77323113757824
			3.15241091125021	-1.77323113757824
			3.15426964409882	-1.77323113757824
			3.15612837694744	-1.77137240472963
			3.15798710979605	-1.77137240472963
			3.15984584264467	-1.77137240472963
			3.16170457549328	-1.77137240472963
			3.1635633083419	-1.77137240472963
			3.16542204119051	-1.76951367188101
			3.16728077403913	-1.76951367188101
			3.16913950688774	-1.76951367188101
			3.17099823973636	-1.76951367188101
			3.17285697258497	-1.76951367188101
			3.17471570543358	-1.7676549390324
			3.1765744382822	-1.7676549390324
			3.17843317113081	-1.7676549390324
			3.18029190397943	-1.7676549390324
			3.18215063682804	-1.76579620618379
			3.18400936967666	-1.76579620618379
			3.18586810252527	-1.76579620618379
		</curvaD_espina_dorsal>
		<curvaI_espina_dorsal type=matrix rownames=FALSE colnames=FALSE nrow=342 ncol=2 as.numeric=TRUE >
			2.54088780405604	-1.63196744108354
			2.54274653690465	-1.63196744108354
			2.54460526975326	-1.63382617393215
			2.54646400260188	-1.63382617393215
			2.54832273545049	-1.63568490678077
			2.55018146829911	-1.63568490678077
			2.55204020114772	-1.63568490678077
			2.55389893399634	-1.63754363962938
			2.55575766684495	-1.63754363962938
			2.55761639969357	-1.639402372478
			2.55947513254218	-1.639402372478
			2.5613338653908	-1.639402372478
			2.56319259823941	-1.64126110532661
			2.56505133108802	-1.64126110532661
			2.56691006393664	-1.64311983817523
			2.56876879678525	-1.64311983817523
			2.57062752963387	-1.64311983817523
			2.57248626248248	-1.64497857102384
			2.5743449953311	-1.64497857102384
			2.57620372817971	-1.64497857102384
			2.57806246102833	-1.64683730387246
			2.57992119387694	-1.64683730387246
			2.58177992672556	-1.64683730387246
			2.58177992672556	-1.64869603672107
			2.58363865957417	-1.64869603672107
			2.58549739242278	-1.65055476956969
			2.5873561252714	-1.65055476956969
			2.58921485812001	-1.65055476956969
			2.59107359096863	-1.6524135024183
			2.59293232381724	-1.6524135024183
			2.59479105666586	-1.6524135024183
			2.59664978951447	-1.65427223526691
			2.59850852236309	-1.65427223526691
			2.6003672552117	-1.65613096811553
			2.60222598806031	-1.65613096811553
			2.60408472090893	-1.65798970096414
			2.60594345375754	-1.65798970096414
			2.60780218660616	-1.65798970096414
			2.60966091945477	-1.65984843381276
			2.61151965230339	-1.65984843381276
			2.613378385152	-1.66170716666137
			2.61523711800062	-1.66170716666137
			2.61709585084923	-1.66170716666137
			2.61895458369785	-1.66356589950999
			2.62081331654646	-1.66356589950999
			2.62267204939507	-1.6654246323586
			2.62453078224369	-1.6654246323586
			2.6263895150923	-1.6654246323586
			2.62824824794092	-1.66728336520722
			2.63010698078953	-1.66728336520722
			2.63196571363815	-1.66914209805583
			2.63382444648676	-1.66914209805583
			2.63568317933538	-1.67100083090445
			2.63754191218399	-1.67100083090445
			2.6394006450326	-1.67100083090445
			2.64125937788122	-1.67285956375306
			2.64311811072983	-1.67471829660167
			2.64497684357845	-1.67471829660167
			2.64683557642706	-1.67471829660167
			2.64869430927568	-1.67471829660167
			2.64869430927568	-1.67657702945029
			2.65055304212429	-1.67657702945029
			2.65241177497291	-1.67657702945029
			2.65427050782152	-1.6784357622989
			2.65612924067014	-1.6784357622989
			2.65798797351875	-1.68029449514752
			2.65984670636736	-1.68029449514752
			2.66170543921598	-1.68215322799613
			2.66356417206459	-1.68215322799613
			2.66542290491321	-1.68401196084475
			2.66728163776182	-1.68401196084475
			2.66914037061044	-1.68587069369336
			2.67099910345905	-1.68587069369336
			2.67285783630767	-1.68772942654198
			2.67471656915628	-1.68772942654198
			2.6765753020049	-1.68772942654198
			2.67843403485351	-1.68958815939059
			2.68029276770212	-1.68958815939059
			2.68215150055074	-1.6914468922392
			2.68401023339935	-1.6914468922392
			2.68586896624797	-1.69330562508782
			2.68772769909658	-1.69330562508782
			2.6895864319452	-1.69330562508782
			2.6895864319452	-1.69516435793643
			2.69144516479381	-1.69516435793643
			2.69330389764243	-1.69516435793643
			2.69516263049104	-1.69702309078505
			2.69702136333965	-1.69702309078505
			2.69888009618827	-1.69888182363366
			2.70073882903688	-1.69888182363366
			2.7025975618855	-1.70074055648228
			2.70445629473411	-1.70074055648228
			2.70631502758273	-1.70074055648228
			2.70817376043134	-1.70259928933089
			2.71003249327996	-1.70445802217951
			2.71189122612857	-1.70445802217951
			2.71374995897719	-1.70631675502812
			2.7156086918258	-1.70631675502812
			2.71746742467441	-1.70631675502812
			2.71932615752303	-1.70817548787674
			2.72118489037164	-1.70817548787674
			2.72304362322026	-1.71003422072535
			2.72490235606887	-1.71189295357396
			2.72676108891749	-1.71189295357396
			2.7286198217661	-1.71189295357396
			2.73047855461472	-1.71375168642258
			2.73233728746333	-1.71375168642258
			2.73233728746333	-1.71561041927119
			2.73419602031194	-1.71561041927119
			2.73605475316056	-1.71746915211981
			2.73791348600917	-1.71746915211981
			2.73977221885779	-1.71746915211981
			2.7416309517064	-1.71932788496842
			2.74348968455502	-1.72118661781704
			2.74534841740363	-1.72118661781704
			2.74720715025225	-1.72304535066565
			2.74906588310086	-1.72304535066565
			2.75092461594948	-1.72490408351427
			2.75278334879809	-1.72490408351427
			2.7546420816467	-1.72676281636288
			2.75650081449532	-1.72676281636288
			2.75835954734393	-1.72862154921149
			2.76021828019255	-1.72862154921149
			2.76207701304116	-1.73048028206011
			2.76393574588978	-1.73233901490872
			2.76579447873839	-1.73419774775734
			2.76765321158701	-1.73419774775734
			2.76951194443562	-1.73605648060595
			2.77137067728424	-1.73605648060595
			2.77322941013285	-1.73791521345457
			2.77508814298146	-1.73791521345457
			2.77694687583008	-1.73977394630318
			2.77880560867869	-1.73977394630318
			2.78066434152731	-1.7416326791518
			2.78252307437592	-1.74349141200041
			2.78438180722454	-1.74349141200041
			2.78624054007315	-1.74535014484903
			2.78809927292177	-1.74535014484903
			2.78995800577038	-1.74720887769764
			2.79181673861899	-1.74906761054625
			2.79367547146761	-1.75092634339487
			2.79553420431622	-1.75092634339487
			2.79739293716484	-1.75278507624348
			2.79925167001345	-1.7546438090921
			2.80111040286207	-1.7546438090921
			2.80296913571068	-1.75650254194071
			2.8048278685593	-1.75836127478933
			2.80668660140791	-1.75836127478933
			2.80854533425653	-1.76022000763794
			2.81040406710514	-1.76022000763794
			2.81226279995375	-1.76207874048656
			2.81412153280237	-1.76393747333517
			2.81598026565098	-1.76393747333517
			2.8178389984996	-1.76579620618379
			2.81969773134821	-1.7676549390324
			2.82155646419683	-1.7676549390324
			2.82341519704544	-1.76951367188101
			2.82527392989406	-1.77137240472963
			2.82713266274267	-1.77323113757824
			2.82899139559128	-1.77508987042686
			2.8308501284399	-1.77694860327547
			2.83270886128851	-1.77694860327547
			2.83456759413713	-1.77880733612409
			2.83642632698574	-1.7806660689727
			2.83828505983436	-1.78252480182132
			2.84014379268297	-1.78438353466993
			2.84200252553159	-1.78438353466993
			2.8438612583802	-1.78624226751854
			2.84571999122882	-1.78810100036716
			2.84757872407743	-1.78995973321577
			2.84943745692604	-1.79181846606439
			2.85129618977466	-1.79181846606439
			2.85315492262327	-1.793677198913
			2.85501365547189	-1.79553593176162
			2.85501365547189	-1.79739466461023
			2.8568723883205	-1.79925339745885
			2.8568723883205	-1.80111213030746
			2.8568723883205	-1.80297086315608
			2.8568723883205	-1.80482959600469
			2.8568723883205	-1.8066883288533
			2.85873112116912	-1.80854706170192
			2.85873112116912	-1.81040579455053
			2.85873112116912	-1.81226452739915
			2.85873112116912	-1.81412326024776
			2.85873112116912	-1.81598199309638
			2.85873112116912	-1.81784072594499
			2.85873112116912	-1.81969945879361
			2.85873112116912	-1.82155819164222
			2.85873112116912	-1.82341692449083
			2.85873112116912	-1.82527565733945
			2.85873112116912	-1.82713439018806
			2.85873112116912	-1.82899312303668
			2.85873112116912	-1.83085185588529
			2.85873112116912	-1.83271058873391
			2.85873112116912	-1.83456932158252
			2.85873112116912	-1.83642805443114
			2.85873112116912	-1.83828678727975
			2.8568723883205	-1.84014552012837
			2.8568723883205	-1.84200425297698
			2.8568723883205	-1.84386298582559
			2.8568723883205	-1.84572171867421
			2.85501365547189	-1.84758045152282
			2.85501365547189	-1.84943918437144
			2.85501365547189	-1.85129791722005
			2.85501365547189	-1.85315665006867
			2.85315492262327	-1.85501538291728
			2.85315492262327	-1.8568741157659
			2.85315492262327	-1.85873284861451
			2.85129618977466	-1.86059158146313
			2.85129618977466	-1.86245031431174
			2.84943745692604	-1.86430904716035
			2.84943745692604	-1.86616778000897
			2.84757872407743	-1.86802651285758
			2.84757872407743	-1.8698852457062
			2.84571999122882	-1.87174397855481
			2.84571999122882	-1.87360271140343
			2.8438612583802	-1.87546144425204
			2.8438612583802	-1.87732017710066
			2.84200252553159	-1.87917890994927
			2.84200252553159	-1.88103764279788
			2.84014379268297	-1.8828963756465
			2.83828505983436	-1.88475510849511
			2.83828505983436	-1.88661384134373
			2.83642632698574	-1.88661384134373
			2.83456759413713	-1.88847257419234
			2.83456759413713	-1.89033130704096
			2.83270886128851	-1.89219003988957
			2.8308501284399	-1.89404877273819
			2.82899139559128	-1.8959075055868
			2.82899139559128	-1.89776623843542
			2.82713266274267	-1.89962497128403
			2.82527392989406	-1.90148370413264
			2.82341519704544	-1.90334243698126
			2.82155646419683	-1.90520116982987
			2.81969773134821	-1.90705990267849
			2.81969773134821	-1.9089186355271
			2.8178389984996	-1.91077736837572
			2.81598026565098	-1.91263610122433
			2.81412153280237	-1.91449483407295
			2.81226279995375	-1.91635356692156
			2.81040406710514	-1.91635356692156
			2.80854533425653	-1.91821229977017
			2.80668660140791	-1.92007103261879
			2.8048278685593	-1.9219297654674
			2.80296913571068	-1.92378849831602
			2.80111040286207	-1.92564723116463
			2.79925167001345	-1.92750596401325
			2.79739293716484	-1.92936469686186
			2.79553420431622	-1.92936469686186
			2.79553420431622	-1.93122342971048
			2.79367547146761	-1.93122342971048
			2.79181673861899	-1.93308216255909
			2.78995800577038	-1.93308216255909
			2.78995800577038	-1.93494089540771
			2.78809927292177	-1.93679962825632
			2.78624054007315	-1.93679962825632
			2.78624054007315	-1.93865836110493
			2.78438180722454	-1.93865836110493
			2.78252307437592	-1.94051709395355
			2.78066434152731	-1.94051709395355
			2.78066434152731	-1.94237582680216
			2.77880560867869	-1.94237582680216
			2.77694687583008	-1.94423455965078
			2.77508814298146	-1.94609329249939
			2.77322941013285	-1.94795202534801
			2.77137067728424	-1.94795202534801
			2.76951194443562	-1.94981075819662
			2.76765321158701	-1.95166949104524
			2.76579447873839	-1.95166949104524
			2.76393574588978	-1.95352822389385
			2.76207701304116	-1.95538695674247
			2.76021828019255	-1.95538695674247
			2.75835954734393	-1.95724568959108
			2.75650081449532	-1.95910442243969
			2.7546420816467	-1.95910442243969
			2.75278334879809	-1.96096315528831
			2.75092461594948	-1.96282188813692
			2.74906588310086	-1.96282188813692
			2.74720715025225	-1.96468062098554
			2.74534841740363	-1.96653935383415
			2.74348968455502	-1.96653935383415
			2.74348968455502	-1.96839808668277
			2.7416309517064	-1.96839808668277
			2.7416309517064	-1.97025681953138
			2.73977221885779	-1.97211555238
			2.73791348600917	-1.97397428522861
			2.73605475316056	-1.97583301807722
			2.73605475316056	-1.97769175092584
			2.73419602031194	-1.97955048377445
			2.73233728746333	-1.98140921662307
			2.73233728746333	-1.98326794947168
			2.73047855461472	-1.9851266823203
			2.73047855461472	-1.98698541516891
			2.7286198217661	-1.98884414801753
			2.7286198217661	-1.99070288086614
			2.72676108891749	-1.99256161371476
			2.72490235606887	-1.99442034656337
			2.72490235606887	-1.99627907941198
			2.72304362322026	-1.9981378122606
			2.72304362322026	-1.99999654510921
			2.72118489037164	-2.00185527795783
			2.72118489037164	-2.00371401080644
			2.72118489037164	-2.00557274365506
			2.71932615752303	-2.00743147650367
			2.71932615752303	-2.00929020935229
			2.71746742467441	-2.0111489422009
			2.71746742467441	-2.01300767504951
			2.71746742467441	-2.01486640789813
			2.7156086918258	-2.01672514074674
			2.7156086918258	-2.01858387359536
			2.7156086918258	-2.02044260644397
			2.71374995897719	-2.02230133929259
			2.71374995897719	-2.0241600721412
			2.71374995897719	-2.02601880498982
			2.71189122612857	-2.02787753783843
			2.71189122612857	-2.02973627068705
			2.71189122612857	-2.03159500353566
			2.71003249327996	-2.03345373638427
			2.71003249327996	-2.03531246923289
			2.71003249327996	-2.0371712020815
			2.71003249327996	-2.03902993493012
			2.71003249327996	-2.04088866777873
			2.70817376043134	-2.04274740062735
			2.70817376043134	-2.04460613347596
			2.70817376043134	-2.04646486632458
			2.70817376043134	-2.04832359917319
			2.70631502758273	-2.05018233202181
			2.70631502758273	-2.05204106487042
			2.70631502758273	-2.05389979771903
			2.70631502758273	-2.05575853056765
			2.70631502758273	-2.05761726341626
			2.70631502758273	-2.05947599626488
			2.70631502758273	-2.06133472911349
			2.70631502758273	-2.06319346196211
			2.70445629473411	-2.06505219481072
			2.70445629473411	-2.06691092765934
			2.70445629473411	-2.06876966050795
			2.70445629473411	-2.07062839335656
			2.70445629473411	-2.07248712620518
			2.70445629473411	-2.07434585905379
			2.70445629473411	-2.07620459190241
			2.70445629473411	-2.07806332475102
		</curvaI_espina_dorsal>
	</curves.scaled>
	<ruler.points type=matrix rownames=TRUE colnames=FALSE nrow=2 ncol=2 as.numeric=TRUE >
		Ruler point 1	1607	568
		Ruler point 2	2145	567
	</ruler.points>
</shapes>

