<shapes type=list>
	<ruler.pixel type=vector names=FALSE length=1 as.numeric=TRUE >539.000927642987</ruler.pixel>
	<ruler.interval type=vector names=FALSE length=1 as.numeric=TRUE >1</ruler.interval>
	<scaling.units type=vector names=FALSE length=1 as.numeric=FALSE >mm</scaling.units>
	<scaling type=vector names=FALSE length=1 as.numeric=TRUE >0.00185873284861451</scaling>
	<landmarks.pixel type=matrix rownames=TRUE colnames=FALSE nrow=7 ncol=2 as.numeric=TRUE >
		punta_espina_dorsal	1377	776
		esq_izq_caparaza	1338	1030
		superior_ojo	1628	1112
		inferior_ojo	1692	1225
		derecha_ojo	1706	1141
		izquierda_ojo	1604	1194
		organo_dorsal	1656	990
	</landmarks.pixel>
	<landmarks.scaled type=matrix rownames=TRUE colnames=FALSE nrow=7 ncol=2 as.numeric=TRUE >
		punta_espina_dorsal	2.55947513254218	-1.44237669052486
		esq_izq_caparaza	2.48698455144621	-1.91449483407295
		superior_ojo	3.02601707754442	-2.06691092765934
		inferior_ojo	3.14497597985575	-2.27694773955278
		derecha_ojo	3.17099823973636	-2.12081418026916
		izquierda_ojo	2.98140748917768	-2.21932702124573
		organo_dorsal	3.07806159730563	-1.84014552012837
	</landmarks.scaled>
	<curves.control type=list>
		<curvaD_espina_dorsal type=matrix rownames=FALSE colnames=FALSE nrow=7 ncol=2 as.numeric=TRUE >
			1377	776
			1414	802
			1455	839
			1487	871
			1521	907
			1543	970
			1656	990
		</curvaD_espina_dorsal>
		<curvaI_espina_dorsal type=matrix rownames=FALSE colnames=FALSE nrow=9 ncol=2 as.numeric=TRUE >
			1377	776
			1425	826
			1449	856
			1489	905
			1489	930
			1444	988
			1391	979
			1357	997
			1338	1030
		</curvaI_espina_dorsal>
	</curves.control>
	<curves.pixel type=list>
		<curvaD_espina_dorsal type=matrix rownames=FALSE colnames=FALSE nrow=318 ncol=2 as.numeric=TRUE >
			1377	776
			1378	776
			1378	777
			1379	777
			1379	778
			1380	778
			1381	779
			1382	780
			1383	780
			1384	781
			1385	782
			1386	782
			1387	783
			1388	784
			1389	785
			1390	785
			1391	786
			1392	787
			1393	787
			1394	788
			1394	789
			1395	789
			1396	790
			1397	791
			1398	791
			1399	792
			1400	793
			1401	794
			1402	794
			1403	795
			1404	796
			1405	796
			1405	797
			1406	798
			1407	799
			1408	799
			1409	800
			1410	801
			1411	802
			1412	802
			1413	803
			1414	804
			1415	805
			1416	805
			1417	806
			1418	807
			1418	808
			1419	808
			1420	809
			1421	810
			1422	811
			1423	811
			1424	812
			1425	813
			1426	814
			1427	815
			1428	815
			1429	816
			1430	817
			1431	818
			1432	819
			1433	819
			1434	820
			1435	821
			1436	822
			1436	823
			1437	823
			1438	824
			1439	825
			1440	826
			1441	827
			1442	828
			1443	829
			1444	829
			1445	830
			1446	831
			1447	832
			1448	833
			1449	834
			1450	835
			1451	835
			1452	836
			1453	837
			1454	838
			1455	839
			1456	840
			1457	841
			1458	842
			1459	843
			1460	844
			1461	845
			1462	846
			1463	847
			1464	848
			1465	849
			1466	850
			1466	851
			1467	851
			1468	852
			1469	853
			1470	854
			1471	855
			1472	856
			1473	857
			1474	858
			1475	859
			1476	860
			1477	861
			1478	862
			1479	863
			1480	864
			1480	865
			1481	866
			1482	867
			1483	868
			1484	869
			1485	870
			1486	871
			1487	872
			1488	873
			1489	874
			1490	875
			1491	876
			1492	876
			1493	877
			1494	878
			1495	879
			1496	880
			1497	881
			1498	882
			1499	883
			1499	884
			1500	885
			1501	886
			1502	887
			1503	888
			1504	889
			1505	890
			1506	891
			1507	892
			1508	893
			1509	894
			1510	895
			1511	896
			1512	897
			1512	898
			1513	898
			1513	899
			1514	900
			1515	900
			1515	901
			1516	901
			1516	902
			1517	903
			1518	904
			1519	905
			1520	906
			1521	907
			1522	908
			1522	909
			1522	910
			1522	911
			1523	912
			1523	913
			1524	914
			1524	915
			1525	916
			1525	917
			1526	918
			1526	919
			1527	920
			1527	921
			1528	922
			1528	923
			1529	924
			1530	925
			1530	926
			1531	927
			1531	928
			1532	928
			1532	929
			1533	930
			1534	931
			1535	932
			1536	933
			1536	934
			1537	935
			1538	936
			1538	937
			1539	937
			1540	938
			1540	939
			1541	940
			1542	940
			1543	941
			1543	942
			1544	943
			1545	944
			1546	944
			1547	945
			1547	946
			1548	947
			1549	947
			1550	948
			1551	949
			1552	949
			1553	950
			1554	951
			1554	952
			1555	952
			1556	953
			1557	954
			1558	954
			1559	955
			1560	956
			1561	956
			1562	957
			1563	958
			1564	958
			1565	959
			1566	960
			1567	960
			1568	961
			1569	961
			1570	962
			1571	962
			1571	963
			1572	963
			1573	963
			1573	964
			1574	964
			1575	964
			1575	965
			1576	965
			1577	965
			1577	966
			1578	966
			1579	966
			1580	967
			1581	968
			1582	968
			1583	969
			1584	969
			1585	969
			1586	970
			1587	970
			1588	971
			1589	971
			1590	971
			1590	972
			1591	972
			1592	973
			1593	973
			1594	973
			1595	974
			1596	974
			1597	974
			1598	975
			1599	975
			1600	975
			1601	976
			1602	976
			1603	977
			1604	977
			1605	977
			1606	978
			1607	978
			1608	978
			1609	979
			1610	979
			1611	979
			1612	980
			1613	980
			1614	980
			1615	980
			1616	981
			1617	981
			1618	981
			1619	982
			1620	982
			1621	982
			1622	982
			1622	983
			1623	983
			1624	983
			1625	983
			1626	984
			1627	984
			1628	984
			1629	984
			1630	984
			1630	985
			1631	985
			1632	985
			1633	985
			1634	985
			1635	986
			1636	986
			1637	986
			1638	986
			1639	987
			1640	987
			1641	987
			1642	987
			1643	988
			1644	988
			1645	988
			1646	988
			1647	988
			1648	989
			1649	989
			1650	989
			1651	989
			1652	989
			1653	989
			1654	990
			1655	990
			1656	990
		</curvaD_espina_dorsal>
		<curvaI_espina_dorsal type=matrix rownames=FALSE colnames=FALSE nrow=338 ncol=2 as.numeric=TRUE >
			1377	776
			1378	777
			1379	778
			1380	779
			1381	780
			1382	781
			1383	782
			1384	783
			1385	784
			1386	785
			1387	786
			1388	787
			1389	788
			1390	789
			1391	790
			1391	791
			1392	792
			1393	793
			1394	794
			1395	795
			1396	796
			1397	797
			1398	798
			1399	799
			1400	800
			1400	801
			1401	802
			1402	803
			1403	804
			1404	804
			1405	805
			1406	806
			1406	807
			1407	808
			1408	809
			1409	810
			1410	811
			1411	812
			1411	813
			1412	813
			1413	814
			1414	815
			1414	816
			1415	817
			1416	818
			1417	819
			1418	819
			1418	820
			1419	821
			1420	822
			1421	823
			1421	824
			1422	824
			1423	825
			1423	826
			1424	827
			1425	828
			1426	828
			1426	829
			1427	830
			1428	831
			1428	832
			1429	832
			1430	833
			1430	834
			1431	835
			1432	835
			1432	836
			1433	837
			1434	838
			1435	839
			1436	840
			1436	841
			1437	842
			1438	843
			1439	843
			1439	844
			1440	845
			1441	846
			1441	847
			1442	848
			1443	848
			1444	849
			1444	850
			1445	851
			1445	852
			1446	852
			1447	853
			1447	854
			1448	855
			1449	856
			1450	857
			1451	858
			1451	859
			1452	860
			1453	861
			1454	862
			1455	863
			1456	864
			1456	865
			1457	866
			1458	867
			1459	868
			1459	869
			1460	870
			1461	871
			1462	872
			1462	873
			1463	874
			1464	875
			1464	876
			1465	877
			1466	878
			1466	879
			1467	880
			1468	881
			1468	882
			1469	883
			1470	884
			1471	885
			1471	886
			1472	887
			1473	888
			1473	889
			1474	890
			1474	891
			1475	892
			1476	893
			1476	894
			1477	895
			1477	896
			1478	897
			1479	898
			1479	899
			1480	900
			1480	901
			1480	902
			1481	902
			1481	903
			1482	904
			1482	905
			1482	906
			1483	906
			1483	907
			1483	908
			1484	909
			1484	910
			1485	911
			1485	912
			1485	913
			1486	914
			1486	915
			1487	916
			1487	917
			1487	918
			1487	919
			1488	920
			1488	921
			1488	922
			1488	923
			1488	924
			1489	925
			1489	926
			1489	927
			1489	928
			1489	929
			1489	930
			1488	931
			1487	932
			1487	933
			1486	934
			1485	935
			1484	936
			1483	937
			1483	938
			1482	939
			1481	940
			1480	940
			1480	941
			1479	942
			1478	943
			1477	944
			1476	945
			1475	946
			1474	947
			1473	948
			1472	949
			1471	950
			1470	951
			1469	952
			1468	953
			1467	954
			1466	955
			1465	956
			1464	956
			1464	957
			1463	958
			1462	958
			1461	959
			1460	960
			1459	961
			1458	961
			1457	962
			1456	963
			1455	963
			1455	964
			1454	964
			1453	965
			1452	965
			1451	966
			1450	967
			1449	968
			1448	968
			1447	969
			1446	969
			1445	970
			1444	970
			1443	971
			1442	971
			1441	972
			1440	972
			1439	973
			1438	973
			1437	973
			1437	974
			1436	974
			1435	974
			1434	975
			1433	975
			1432	976
			1431	976
			1430	976
			1429	976
			1429	977
			1428	977
			1427	977
			1426	977
			1425	978
			1424	978
			1423	978
			1422	978
			1421	979
			1420	979
			1419	979
			1418	979
			1417	979
			1416	979
			1415	980
			1414	980
			1413	980
			1412	980
			1411	980
			1410	980
			1409	980
			1408	980
			1407	980
			1406	980
			1405	980
			1404	980
			1403	980
			1402	980
			1401	980
			1400	980
			1399	980
			1398	980
			1397	980
			1396	980
			1395	980
			1394	979
			1393	979
			1392	979
			1391	979
			1390	979
			1390	980
			1389	980
			1388	981
			1387	981
			1386	982
			1385	982
			1384	983
			1383	984
			1382	984
			1381	985
			1380	986
			1379	986
			1378	987
			1377	987
			1377	988
			1376	988
			1375	989
			1374	990
			1373	990
			1372	991
			1371	992
			1370	993
			1369	993
			1368	994
			1367	995
			1366	996
			1365	997
			1364	997
			1364	998
			1363	999
			1362	1000
			1361	1001
			1360	1001
			1359	1002
			1358	1003
			1358	1004
			1357	1005
			1356	1006
			1355	1006
			1354	1007
			1354	1008
			1353	1009
			1352	1010
			1351	1011
			1351	1012
			1350	1013
			1349	1014
			1348	1015
			1348	1016
			1347	1017
			1346	1018
			1345	1018
			1345	1019
			1344	1020
			1343	1021
			1343	1022
			1342	1023
			1341	1024
			1341	1025
			1341	1026
			1340	1026
			1340	1027
			1339	1028
			1339	1029
			1338	1030
		</curvaI_espina_dorsal>
	</curves.pixel>
	<curves.scaled type=list>
		<curvaD_espina_dorsal type=matrix rownames=FALSE colnames=FALSE nrow=318 ncol=2 as.numeric=TRUE >
			2.55947513254218	-1.44237669052486
			2.5613338653908	-1.44237669052486
			2.5613338653908	-1.44423542337347
			2.56319259823941	-1.44423542337347
			2.56319259823941	-1.44609415622209
			2.56505133108802	-1.44609415622209
			2.56691006393664	-1.4479528890707
			2.56876879678525	-1.44981162191932
			2.57062752963387	-1.44981162191932
			2.57248626248248	-1.45167035476793
			2.5743449953311	-1.45352908761655
			2.57620372817971	-1.45352908761655
			2.57806246102833	-1.45538782046516
			2.57992119387694	-1.45724655331378
			2.58177992672556	-1.45910528616239
			2.58363865957417	-1.45910528616239
			2.58549739242278	-1.46096401901101
			2.5873561252714	-1.46282275185962
			2.58921485812001	-1.46282275185962
			2.59107359096863	-1.46468148470823
			2.59107359096863	-1.46654021755685
			2.59293232381724	-1.46654021755685
			2.59479105666586	-1.46839895040546
			2.59664978951447	-1.47025768325408
			2.59850852236309	-1.47025768325408
			2.6003672552117	-1.47211641610269
			2.60222598806031	-1.47397514895131
			2.60408472090893	-1.47583388179992
			2.60594345375754	-1.47583388179992
			2.60780218660616	-1.47769261464854
			2.60966091945477	-1.47955134749715
			2.61151965230339	-1.47955134749715
			2.61151965230339	-1.48141008034576
			2.613378385152	-1.48326881319438
			2.61523711800062	-1.48512754604299
			2.61709585084923	-1.48512754604299
			2.61895458369785	-1.48698627889161
			2.62081331654646	-1.48884501174022
			2.62267204939507	-1.49070374458884
			2.62453078224369	-1.49070374458884
			2.6263895150923	-1.49256247743745
			2.62824824794092	-1.49442121028607
			2.63010698078953	-1.49627994313468
			2.63196571363815	-1.49627994313468
			2.63382444648676	-1.4981386759833
			2.63568317933538	-1.49999740883191
			2.63568317933538	-1.50185614168052
			2.63754191218399	-1.50185614168052
			2.6394006450326	-1.50371487452914
			2.64125937788122	-1.50557360737775
			2.64311811072983	-1.50743234022637
			2.64497684357845	-1.50743234022637
			2.64683557642706	-1.50929107307498
			2.64869430927568	-1.5111498059236
			2.65055304212429	-1.51300853877221
			2.65241177497291	-1.51486727162083
			2.65427050782152	-1.51486727162083
			2.65612924067014	-1.51672600446944
			2.65798797351875	-1.51858473731806
			2.65984670636736	-1.52044347016667
			2.66170543921598	-1.52230220301528
			2.66356417206459	-1.52230220301528
			2.66542290491321	-1.5241609358639
			2.66728163776182	-1.52601966871251
			2.66914037061044	-1.52787840156113
			2.66914037061044	-1.52973713440974
			2.67099910345905	-1.52973713440974
			2.67285783630767	-1.53159586725836
			2.67471656915628	-1.53345460010697
			2.6765753020049	-1.53531333295559
			2.67843403485351	-1.5371720658042
			2.68029276770212	-1.53903079865281
			2.68215150055074	-1.54088953150143
			2.68401023339935	-1.54088953150143
			2.68586896624797	-1.54274826435004
			2.68772769909658	-1.54460699719866
			2.6895864319452	-1.54646573004727
			2.69144516479381	-1.54832446289589
			2.69330389764243	-1.5501831957445
			2.69516263049104	-1.55204192859312
			2.69702136333965	-1.55204192859312
			2.69888009618827	-1.55390066144173
			2.70073882903688	-1.55575939429035
			2.7025975618855	-1.55761812713896
			2.70445629473411	-1.55947685998757
			2.70631502758273	-1.56133559283619
			2.70817376043134	-1.5631943256848
			2.71003249327996	-1.56505305853342
			2.71189122612857	-1.56691179138203
			2.71374995897719	-1.56877052423065
			2.7156086918258	-1.57062925707926
			2.71746742467441	-1.57248798992788
			2.71932615752303	-1.57434672277649
			2.72118489037164	-1.57620545562511
			2.72304362322026	-1.57806418847372
			2.72490235606887	-1.57992292132233
			2.72490235606887	-1.58178165417095
			2.72676108891749	-1.58178165417095
			2.7286198217661	-1.58364038701956
			2.73047855461472	-1.58549911986818
			2.73233728746333	-1.58735785271679
			2.73419602031194	-1.58921658556541
			2.73605475316056	-1.59107531841402
			2.73791348600917	-1.59293405126264
			2.73977221885779	-1.59479278411125
			2.7416309517064	-1.59665151695986
			2.74348968455502	-1.59851024980848
			2.74534841740363	-1.60036898265709
			2.74720715025225	-1.60222771550571
			2.74906588310086	-1.60408644835432
			2.75092461594948	-1.60594518120294
			2.75092461594948	-1.60780391405155
			2.75278334879809	-1.60966264690017
			2.7546420816467	-1.61152137974878
			2.75650081449532	-1.6133801125974
			2.75835954734393	-1.61523884544601
			2.76021828019255	-1.61709757829462
			2.76207701304116	-1.61895631114324
			2.76393574588978	-1.62081504399185
			2.76579447873839	-1.62267377684047
			2.76765321158701	-1.62453250968908
			2.76951194443562	-1.6263912425377
			2.77137067728424	-1.62824997538631
			2.77322941013285	-1.62824997538631
			2.77508814298146	-1.63010870823493
			2.77694687583008	-1.63196744108354
			2.77880560867869	-1.63382617393215
			2.78066434152731	-1.63568490678077
			2.78252307437592	-1.63754363962938
			2.78438180722454	-1.639402372478
			2.78624054007315	-1.64126110532661
			2.78624054007315	-1.64311983817523
			2.78809927292177	-1.64497857102384
			2.78995800577038	-1.64683730387246
			2.79181673861899	-1.64869603672107
			2.79367547146761	-1.65055476956969
			2.79553420431622	-1.6524135024183
			2.79739293716484	-1.65427223526691
			2.79925167001345	-1.65613096811553
			2.80111040286207	-1.65798970096414
			2.80296913571068	-1.65984843381276
			2.8048278685593	-1.66170716666137
			2.80668660140791	-1.66356589950999
			2.80854533425653	-1.6654246323586
			2.81040406710514	-1.66728336520722
			2.81040406710514	-1.66914209805583
			2.81226279995375	-1.66914209805583
			2.81226279995375	-1.67100083090445
			2.81412153280237	-1.67285956375306
			2.81598026565098	-1.67285956375306
			2.81598026565098	-1.67471829660167
			2.8178389984996	-1.67471829660167
			2.8178389984996	-1.67657702945029
			2.81969773134821	-1.6784357622989
			2.82155646419683	-1.68029449514752
			2.82341519704544	-1.68215322799613
			2.82527392989406	-1.68401196084475
			2.82713266274267	-1.68587069369336
			2.82899139559128	-1.68772942654198
			2.82899139559128	-1.68958815939059
			2.82899139559128	-1.6914468922392
			2.82899139559128	-1.69330562508782
			2.8308501284399	-1.69516435793643
			2.8308501284399	-1.69702309078505
			2.83270886128851	-1.69888182363366
			2.83270886128851	-1.70074055648228
			2.83456759413713	-1.70259928933089
			2.83456759413713	-1.70445802217951
			2.83642632698574	-1.70631675502812
			2.83642632698574	-1.70817548787674
			2.83828505983436	-1.71003422072535
			2.83828505983436	-1.71189295357396
			2.84014379268297	-1.71375168642258
			2.84014379268297	-1.71561041927119
			2.84200252553159	-1.71746915211981
			2.8438612583802	-1.71932788496842
			2.8438612583802	-1.72118661781704
			2.84571999122882	-1.72304535066565
			2.84571999122882	-1.72490408351427
			2.84757872407743	-1.72490408351427
			2.84757872407743	-1.72676281636288
			2.84943745692604	-1.72862154921149
			2.85129618977466	-1.73048028206011
			2.85315492262327	-1.73233901490872
			2.85501365547189	-1.73419774775734
			2.85501365547189	-1.73605648060595
			2.8568723883205	-1.73791521345457
			2.85873112116912	-1.73977394630318
			2.85873112116912	-1.7416326791518
			2.86058985401773	-1.7416326791518
			2.86244858686635	-1.74349141200041
			2.86244858686635	-1.74535014484903
			2.86430731971496	-1.74720887769764
			2.86616605256358	-1.74720887769764
			2.86802478541219	-1.74906761054625
			2.86802478541219	-1.75092634339487
			2.8698835182608	-1.75278507624348
			2.87174225110942	-1.7546438090921
			2.87360098395803	-1.7546438090921
			2.87545971680665	-1.75650254194071
			2.87545971680665	-1.75836127478933
			2.87731844965526	-1.76022000763794
			2.87917718250388	-1.76022000763794
			2.88103591535249	-1.76207874048656
			2.88289464820111	-1.76393747333517
			2.88475338104972	-1.76393747333517
			2.88661211389833	-1.76579620618379
			2.88847084674695	-1.7676549390324
			2.88847084674695	-1.76951367188101
			2.89032957959556	-1.76951367188101
			2.89218831244418	-1.77137240472963
			2.89404704529279	-1.77323113757824
			2.89590577814141	-1.77323113757824
			2.89776451099002	-1.77508987042686
			2.89962324383864	-1.77694860327547
			2.90148197668725	-1.77694860327547
			2.90334070953587	-1.77880733612409
			2.90519944238448	-1.7806660689727
			2.90705817523309	-1.7806660689727
			2.90891690808171	-1.78252480182132
			2.91077564093032	-1.78438353466993
			2.91263437377894	-1.78438353466993
			2.91449310662755	-1.78624226751854
			2.91635183947617	-1.78624226751854
			2.91821057232478	-1.78810100036716
			2.9200693051734	-1.78810100036716
			2.9200693051734	-1.78995973321577
			2.92192803802201	-1.78995973321577
			2.92378677087063	-1.78995973321577
			2.92378677087063	-1.79181846606439
			2.92564550371924	-1.79181846606439
			2.92750423656785	-1.79181846606439
			2.92750423656785	-1.793677198913
			2.92936296941647	-1.793677198913
			2.93122170226508	-1.793677198913
			2.93122170226508	-1.79553593176162
			2.9330804351137	-1.79553593176162
			2.93493916796231	-1.79553593176162
			2.93679790081093	-1.79739466461023
			2.93865663365954	-1.79925339745885
			2.94051536650816	-1.79925339745885
			2.94237409935677	-1.80111213030746
			2.94423283220538	-1.80111213030746
			2.946091565054	-1.80111213030746
			2.94795029790261	-1.80297086315608
			2.94980903075123	-1.80297086315608
			2.95166776359984	-1.80482959600469
			2.95352649644846	-1.80482959600469
			2.95538522929707	-1.80482959600469
			2.95538522929707	-1.8066883288533
			2.95724396214569	-1.8066883288533
			2.9591026949943	-1.80854706170192
			2.96096142784292	-1.80854706170192
			2.96282016069153	-1.80854706170192
			2.96467889354014	-1.81040579455053
			2.96653762638876	-1.81040579455053
			2.96839635923737	-1.81040579455053
			2.97025509208599	-1.81226452739915
			2.9721138249346	-1.81226452739915
			2.97397255778322	-1.81226452739915
			2.97583129063183	-1.81412326024776
			2.97769002348045	-1.81412326024776
			2.97954875632906	-1.81598199309638
			2.98140748917768	-1.81598199309638
			2.98326622202629	-1.81598199309638
			2.9851249548749	-1.81784072594499
			2.98698368772352	-1.81784072594499
			2.98884242057213	-1.81784072594499
			2.99070115342075	-1.81969945879361
			2.99255988626936	-1.81969945879361
			2.99441861911798	-1.81969945879361
			2.99627735196659	-1.82155819164222
			2.99813608481521	-1.82155819164222
			2.99999481766382	-1.82155819164222
			3.00185355051243	-1.82155819164222
			3.00371228336105	-1.82341692449083
			3.00557101620966	-1.82341692449083
			3.00742974905828	-1.82341692449083
			3.00928848190689	-1.82527565733945
			3.01114721475551	-1.82527565733945
			3.01300594760412	-1.82527565733945
			3.01486468045274	-1.82527565733945
			3.01486468045274	-1.82713439018806
			3.01672341330135	-1.82713439018806
			3.01858214614997	-1.82713439018806
			3.02044087899858	-1.82713439018806
			3.02229961184719	-1.82899312303668
			3.02415834469581	-1.82899312303668
			3.02601707754442	-1.82899312303668
			3.02787581039304	-1.82899312303668
			3.02973454324165	-1.82899312303668
			3.02973454324165	-1.83085185588529
			3.03159327609027	-1.83085185588529
			3.03345200893888	-1.83085185588529
			3.0353107417875	-1.83085185588529
			3.03716947463611	-1.83085185588529
			3.03902820748472	-1.83271058873391
			3.04088694033334	-1.83271058873391
			3.04274567318195	-1.83271058873391
			3.04460440603057	-1.83271058873391
			3.04646313887918	-1.83456932158252
			3.0483218717278	-1.83456932158252
			3.05018060457641	-1.83456932158252
			3.05203933742503	-1.83456932158252
			3.05389807027364	-1.83642805443114
			3.05575680312226	-1.83642805443114
			3.05761553597087	-1.83642805443114
			3.05947426881948	-1.83642805443114
			3.0613330016681	-1.83642805443114
			3.06319173451671	-1.83828678727975
			3.06505046736533	-1.83828678727975
			3.06690920021394	-1.83828678727975
			3.06876793306256	-1.83828678727975
			3.07062666591117	-1.83828678727975
			3.07248539875979	-1.83828678727975
			3.0743441316084	-1.84014552012837
			3.07620286445702	-1.84014552012837
			3.07806159730563	-1.84014552012837
		</curvaD_espina_dorsal>
		<curvaI_espina_dorsal type=matrix rownames=FALSE colnames=FALSE nrow=338 ncol=2 as.numeric=TRUE >
			2.55947513254218	-1.44237669052486
			2.5613338653908	-1.44423542337347
			2.56319259823941	-1.44609415622209
			2.56505133108802	-1.4479528890707
			2.56691006393664	-1.44981162191932
			2.56876879678525	-1.45167035476793
			2.57062752963387	-1.45352908761655
			2.57248626248248	-1.45538782046516
			2.5743449953311	-1.45724655331378
			2.57620372817971	-1.45910528616239
			2.57806246102833	-1.46096401901101
			2.57992119387694	-1.46282275185962
			2.58177992672556	-1.46468148470823
			2.58363865957417	-1.46654021755685
			2.58549739242278	-1.46839895040546
			2.58549739242278	-1.47025768325408
			2.5873561252714	-1.47211641610269
			2.58921485812001	-1.47397514895131
			2.59107359096863	-1.47583388179992
			2.59293232381724	-1.47769261464854
			2.59479105666586	-1.47955134749715
			2.59664978951447	-1.48141008034576
			2.59850852236309	-1.48326881319438
			2.6003672552117	-1.48512754604299
			2.60222598806031	-1.48698627889161
			2.60222598806031	-1.48884501174022
			2.60408472090893	-1.49070374458884
			2.60594345375754	-1.49256247743745
			2.60780218660616	-1.49442121028607
			2.60966091945477	-1.49442121028607
			2.61151965230339	-1.49627994313468
			2.613378385152	-1.4981386759833
			2.613378385152	-1.49999740883191
			2.61523711800062	-1.50185614168052
			2.61709585084923	-1.50371487452914
			2.61895458369785	-1.50557360737775
			2.62081331654646	-1.50743234022637
			2.62267204939507	-1.50929107307498
			2.62267204939507	-1.5111498059236
			2.62453078224369	-1.5111498059236
			2.6263895150923	-1.51300853877221
			2.62824824794092	-1.51486727162083
			2.62824824794092	-1.51672600446944
			2.63010698078953	-1.51858473731806
			2.63196571363815	-1.52044347016667
			2.63382444648676	-1.52230220301528
			2.63568317933538	-1.52230220301528
			2.63568317933538	-1.5241609358639
			2.63754191218399	-1.52601966871251
			2.6394006450326	-1.52787840156113
			2.64125937788122	-1.52973713440974
			2.64125937788122	-1.53159586725836
			2.64311811072983	-1.53159586725836
			2.64497684357845	-1.53345460010697
			2.64497684357845	-1.53531333295559
			2.64683557642706	-1.5371720658042
			2.64869430927568	-1.53903079865281
			2.65055304212429	-1.53903079865281
			2.65055304212429	-1.54088953150143
			2.65241177497291	-1.54274826435004
			2.65427050782152	-1.54460699719866
			2.65427050782152	-1.54646573004727
			2.65612924067014	-1.54646573004727
			2.65798797351875	-1.54832446289589
			2.65798797351875	-1.5501831957445
			2.65984670636736	-1.55204192859312
			2.66170543921598	-1.55204192859312
			2.66170543921598	-1.55390066144173
			2.66356417206459	-1.55575939429035
			2.66542290491321	-1.55761812713896
			2.66728163776182	-1.55947685998757
			2.66914037061044	-1.56133559283619
			2.66914037061044	-1.5631943256848
			2.67099910345905	-1.56505305853342
			2.67285783630767	-1.56691179138203
			2.67471656915628	-1.56691179138203
			2.67471656915628	-1.56877052423065
			2.6765753020049	-1.57062925707926
			2.67843403485351	-1.57248798992788
			2.67843403485351	-1.57434672277649
			2.68029276770212	-1.57620545562511
			2.68215150055074	-1.57620545562511
			2.68401023339935	-1.57806418847372
			2.68401023339935	-1.57992292132233
			2.68586896624797	-1.58178165417095
			2.68586896624797	-1.58364038701956
			2.68772769909658	-1.58364038701956
			2.6895864319452	-1.58549911986818
			2.6895864319452	-1.58735785271679
			2.69144516479381	-1.58921658556541
			2.69330389764243	-1.59107531841402
			2.69516263049104	-1.59293405126264
			2.69702136333965	-1.59479278411125
			2.69702136333965	-1.59665151695986
			2.69888009618827	-1.59851024980848
			2.70073882903688	-1.60036898265709
			2.7025975618855	-1.60222771550571
			2.70445629473411	-1.60408644835432
			2.70631502758273	-1.60594518120294
			2.70631502758273	-1.60780391405155
			2.70817376043134	-1.60966264690017
			2.71003249327996	-1.61152137974878
			2.71189122612857	-1.6133801125974
			2.71189122612857	-1.61523884544601
			2.71374995897719	-1.61709757829462
			2.7156086918258	-1.61895631114324
			2.71746742467441	-1.62081504399185
			2.71746742467441	-1.62267377684047
			2.71932615752303	-1.62453250968908
			2.72118489037164	-1.6263912425377
			2.72118489037164	-1.62824997538631
			2.72304362322026	-1.63010870823493
			2.72490235606887	-1.63196744108354
			2.72490235606887	-1.63382617393215
			2.72676108891749	-1.63568490678077
			2.7286198217661	-1.63754363962938
			2.7286198217661	-1.639402372478
			2.73047855461472	-1.64126110532661
			2.73233728746333	-1.64311983817523
			2.73419602031194	-1.64497857102384
			2.73419602031194	-1.64683730387246
			2.73605475316056	-1.64869603672107
			2.73791348600917	-1.65055476956969
			2.73791348600917	-1.6524135024183
			2.73977221885779	-1.65427223526691
			2.73977221885779	-1.65613096811553
			2.7416309517064	-1.65798970096414
			2.74348968455502	-1.65984843381276
			2.74348968455502	-1.66170716666137
			2.74534841740363	-1.66356589950999
			2.74534841740363	-1.6654246323586
			2.74720715025225	-1.66728336520722
			2.74906588310086	-1.66914209805583
			2.74906588310086	-1.67100083090445
			2.75092461594948	-1.67285956375306
			2.75092461594948	-1.67471829660167
			2.75092461594948	-1.67657702945029
			2.75278334879809	-1.67657702945029
			2.75278334879809	-1.6784357622989
			2.7546420816467	-1.68029449514752
			2.7546420816467	-1.68215322799613
			2.7546420816467	-1.68401196084475
			2.75650081449532	-1.68401196084475
			2.75650081449532	-1.68587069369336
			2.75650081449532	-1.68772942654198
			2.75835954734393	-1.68958815939059
			2.75835954734393	-1.6914468922392
			2.76021828019255	-1.69330562508782
			2.76021828019255	-1.69516435793643
			2.76021828019255	-1.69702309078505
			2.76207701304116	-1.69888182363366
			2.76207701304116	-1.70074055648228
			2.76393574588978	-1.70259928933089
			2.76393574588978	-1.70445802217951
			2.76393574588978	-1.70631675502812
			2.76393574588978	-1.70817548787674
			2.76579447873839	-1.71003422072535
			2.76579447873839	-1.71189295357396
			2.76579447873839	-1.71375168642258
			2.76579447873839	-1.71561041927119
			2.76579447873839	-1.71746915211981
			2.76765321158701	-1.71932788496842
			2.76765321158701	-1.72118661781704
			2.76765321158701	-1.72304535066565
			2.76765321158701	-1.72490408351427
			2.76765321158701	-1.72676281636288
			2.76765321158701	-1.72862154921149
			2.76579447873839	-1.73048028206011
			2.76393574588978	-1.73233901490872
			2.76393574588978	-1.73419774775734
			2.76207701304116	-1.73605648060595
			2.76021828019255	-1.73791521345457
			2.75835954734393	-1.73977394630318
			2.75650081449532	-1.7416326791518
			2.75650081449532	-1.74349141200041
			2.7546420816467	-1.74535014484903
			2.75278334879809	-1.74720887769764
			2.75092461594948	-1.74720887769764
			2.75092461594948	-1.74906761054625
			2.74906588310086	-1.75092634339487
			2.74720715025225	-1.75278507624348
			2.74534841740363	-1.7546438090921
			2.74348968455502	-1.75650254194071
			2.7416309517064	-1.75836127478933
			2.73977221885779	-1.76022000763794
			2.73791348600917	-1.76207874048656
			2.73605475316056	-1.76393747333517
			2.73419602031194	-1.76579620618379
			2.73233728746333	-1.7676549390324
			2.73047855461472	-1.76951367188101
			2.7286198217661	-1.77137240472963
			2.72676108891749	-1.77323113757824
			2.72490235606887	-1.77508987042686
			2.72304362322026	-1.77694860327547
			2.72118489037164	-1.77694860327547
			2.72118489037164	-1.77880733612409
			2.71932615752303	-1.7806660689727
			2.71746742467441	-1.7806660689727
			2.7156086918258	-1.78252480182132
			2.71374995897719	-1.78438353466993
			2.71189122612857	-1.78624226751854
			2.71003249327996	-1.78624226751854
			2.70817376043134	-1.78810100036716
			2.70631502758273	-1.78995973321577
			2.70445629473411	-1.78995973321577
			2.70445629473411	-1.79181846606439
			2.7025975618855	-1.79181846606439
			2.70073882903688	-1.793677198913
			2.69888009618827	-1.793677198913
			2.69702136333965	-1.79553593176162
			2.69516263049104	-1.79739466461023
			2.69330389764243	-1.79925339745885
			2.69144516479381	-1.79925339745885
			2.6895864319452	-1.80111213030746
			2.68772769909658	-1.80111213030746
			2.68586896624797	-1.80297086315608
			2.68401023339935	-1.80297086315608
			2.68215150055074	-1.80482959600469
			2.68029276770212	-1.80482959600469
			2.67843403485351	-1.8066883288533
			2.6765753020049	-1.8066883288533
			2.67471656915628	-1.80854706170192
			2.67285783630767	-1.80854706170192
			2.67099910345905	-1.80854706170192
			2.67099910345905	-1.81040579455053
			2.66914037061044	-1.81040579455053
			2.66728163776182	-1.81040579455053
			2.66542290491321	-1.81226452739915
			2.66356417206459	-1.81226452739915
			2.66170543921598	-1.81412326024776
			2.65984670636736	-1.81412326024776
			2.65798797351875	-1.81412326024776
			2.65612924067014	-1.81412326024776
			2.65612924067014	-1.81598199309638
			2.65427050782152	-1.81598199309638
			2.65241177497291	-1.81598199309638
			2.65055304212429	-1.81598199309638
			2.64869430927568	-1.81784072594499
			2.64683557642706	-1.81784072594499
			2.64497684357845	-1.81784072594499
			2.64311811072983	-1.81784072594499
			2.64125937788122	-1.81969945879361
			2.6394006450326	-1.81969945879361
			2.63754191218399	-1.81969945879361
			2.63568317933538	-1.81969945879361
			2.63382444648676	-1.81969945879361
			2.63196571363815	-1.81969945879361
			2.63010698078953	-1.82155819164222
			2.62824824794092	-1.82155819164222
			2.6263895150923	-1.82155819164222
			2.62453078224369	-1.82155819164222
			2.62267204939507	-1.82155819164222
			2.62081331654646	-1.82155819164222
			2.61895458369785	-1.82155819164222
			2.61709585084923	-1.82155819164222
			2.61523711800062	-1.82155819164222
			2.613378385152	-1.82155819164222
			2.61151965230339	-1.82155819164222
			2.60966091945477	-1.82155819164222
			2.60780218660616	-1.82155819164222
			2.60594345375754	-1.82155819164222
			2.60408472090893	-1.82155819164222
			2.60222598806031	-1.82155819164222
			2.6003672552117	-1.82155819164222
			2.59850852236309	-1.82155819164222
			2.59664978951447	-1.82155819164222
			2.59479105666586	-1.82155819164222
			2.59293232381724	-1.82155819164222
			2.59107359096863	-1.81969945879361
			2.58921485812001	-1.81969945879361
			2.5873561252714	-1.81969945879361
			2.58549739242278	-1.81969945879361
			2.58363865957417	-1.81969945879361
			2.58363865957417	-1.82155819164222
			2.58177992672556	-1.82155819164222
			2.57992119387694	-1.82341692449083
			2.57806246102833	-1.82341692449083
			2.57620372817971	-1.82527565733945
			2.5743449953311	-1.82527565733945
			2.57248626248248	-1.82713439018806
			2.57062752963387	-1.82899312303668
			2.56876879678525	-1.82899312303668
			2.56691006393664	-1.83085185588529
			2.56505133108802	-1.83271058873391
			2.56319259823941	-1.83271058873391
			2.5613338653908	-1.83456932158252
			2.55947513254218	-1.83456932158252
			2.55947513254218	-1.83642805443114
			2.55761639969357	-1.83642805443114
			2.55575766684495	-1.83828678727975
			2.55389893399634	-1.84014552012837
			2.55204020114772	-1.84014552012837
			2.55018146829911	-1.84200425297698
			2.54832273545049	-1.84386298582559
			2.54646400260188	-1.84572171867421
			2.54460526975326	-1.84572171867421
			2.54274653690465	-1.84758045152282
			2.54088780405604	-1.84943918437144
			2.53902907120742	-1.85129791722005
			2.53717033835881	-1.85315665006867
			2.53531160551019	-1.85315665006867
			2.53531160551019	-1.85501538291728
			2.53345287266158	-1.8568741157659
			2.53159413981296	-1.85873284861451
			2.52973540696435	-1.86059158146313
			2.52787667411573	-1.86059158146313
			2.52601794126712	-1.86245031431174
			2.52415920841851	-1.86430904716035
			2.52415920841851	-1.86616778000897
			2.52230047556989	-1.86802651285758
			2.52044174272128	-1.8698852457062
			2.51858300987266	-1.8698852457062
			2.51672427702405	-1.87174397855481
			2.51672427702405	-1.87360271140343
			2.51486554417543	-1.87546144425204
			2.51300681132682	-1.87732017710066
			2.5111480784782	-1.87917890994927
			2.5111480784782	-1.88103764279788
			2.50928934562959	-1.8828963756465
			2.50743061278097	-1.88475510849511
			2.50557187993236	-1.88661384134373
			2.50557187993236	-1.88847257419234
			2.50371314708375	-1.89033130704096
			2.50185441423513	-1.89219003988957
			2.49999568138652	-1.89219003988957
			2.49999568138652	-1.89404877273819
			2.4981369485379	-1.8959075055868
			2.49627821568929	-1.89776623843542
			2.49627821568929	-1.89962497128403
			2.49441948284067	-1.90148370413264
			2.49256074999206	-1.90334243698126
			2.49256074999206	-1.90520116982987
			2.49256074999206	-1.90705990267849
			2.49070201714344	-1.90705990267849
			2.49070201714344	-1.9089186355271
			2.48884328429483	-1.91077736837572
			2.48884328429483	-1.91263610122433
			2.48698455144621	-1.91449483407295
		</curvaI_espina_dorsal>
	</curves.scaled>
	<ruler.points type=matrix rownames=TRUE colnames=FALSE nrow=2 ncol=2 as.numeric=TRUE >
		Ruler point 1	1607	568
		Ruler point 2	2145	567
	</ruler.points>
</shapes>

