<shapes type=list>
	<ruler.pixel type=vector names=FALSE length=1 as.numeric=TRUE >539.000927642987</ruler.pixel>
	<ruler.interval type=vector names=FALSE length=1 as.numeric=TRUE >1</ruler.interval>
	<scaling.units type=vector names=FALSE length=1 as.numeric=FALSE >mm</scaling.units>
	<scaling type=vector names=FALSE length=1 as.numeric=TRUE >0.00185873284861451</scaling>
	<landmarks.pixel type=matrix rownames=TRUE colnames=FALSE nrow=7 ncol=2 as.numeric=TRUE >
		punta_espina_dorsal	1374	1109
		esq_izq_caparaza	1501	1312
		superior_ojo	1757	1242
		inferior_ojo	1855	1303
		derecha_ojo	1838	1233
		izquierda_ojo	1772	1322
		organo_dorsal	1729	1130
	</landmarks.pixel>
	<landmarks.scaled type=matrix rownames=TRUE colnames=FALSE nrow=7 ncol=2 as.numeric=TRUE >
		punta_espina_dorsal	2.55389893399634	-2.06133472911349
		esq_izq_caparaza	2.78995800577038	-2.43865749738224
		superior_ojo	3.2657936150157	-2.30854619797922
		inferior_ojo	3.44794943417992	-2.42192890174471
		derecha_ojo	3.41635097575347	-2.29181760234169
		izquierda_ojo	3.29367460774491	-2.45724482586838
		organo_dorsal	3.21374909525449	-2.1003681189344
	</landmarks.scaled>
	<curves.control type=list>
		<curvaD_espina_dorsal type=matrix rownames=FALSE colnames=FALSE nrow=7 ncol=2 as.numeric=TRUE >
			1374	1109
			1417	1101
			1479	1112
			1548	1125
			1596	1145
			1629	1172
			1729	1130
		</curvaD_espina_dorsal>
		<curvaI_espina_dorsal type=matrix rownames=FALSE colnames=FALSE nrow=9 ncol=2 as.numeric=TRUE >
			1374	1109
			1432	1112
			1484	1130
			1541	1147
			1558	1164
			1571	1227
			1507	1263
			1498	1287
			1501	1312
		</curvaI_espina_dorsal>
	</curves.control>
	<curves.pixel type=list>
		<curvaD_espina_dorsal type=matrix rownames=FALSE colnames=FALSE nrow=364 ncol=2 as.numeric=TRUE >
			1374	1109
			1375	1109
			1376	1109
			1377	1108
			1378	1108
			1379	1108
			1380	1108
			1381	1108
			1382	1108
			1383	1108
			1384	1107
			1385	1107
			1386	1107
			1387	1107
			1388	1107
			1389	1107
			1390	1107
			1391	1107
			1392	1107
			1393	1106
			1394	1106
			1395	1106
			1396	1106
			1397	1106
			1398	1106
			1399	1106
			1400	1106
			1401	1106
			1402	1106
			1403	1106
			1404	1106
			1405	1106
			1406	1106
			1407	1106
			1408	1106
			1409	1106
			1410	1106
			1411	1106
			1412	1106
			1413	1106
			1414	1106
			1415	1106
			1416	1106
			1417	1106
			1418	1106
			1419	1106
			1420	1106
			1421	1106
			1422	1106
			1423	1106
			1424	1106
			1425	1106
			1426	1106
			1427	1106
			1428	1106
			1429	1106
			1430	1106
			1431	1106
			1432	1106
			1433	1106
			1434	1106
			1435	1106
			1436	1106
			1437	1107
			1438	1107
			1439	1107
			1440	1107
			1441	1107
			1442	1107
			1443	1107
			1444	1107
			1445	1107
			1446	1107
			1447	1107
			1448	1108
			1449	1108
			1450	1108
			1451	1108
			1452	1108
			1453	1108
			1454	1108
			1455	1108
			1456	1108
			1457	1109
			1458	1109
			1459	1109
			1460	1109
			1461	1109
			1462	1109
			1463	1109
			1464	1110
			1465	1110
			1466	1110
			1467	1110
			1468	1110
			1469	1110
			1470	1110
			1470	1111
			1471	1111
			1472	1111
			1473	1111
			1474	1111
			1475	1111
			1476	1111
			1477	1112
			1478	1112
			1479	1112
			1480	1112
			1481	1112
			1482	1113
			1483	1113
			1484	1113
			1485	1113
			1486	1113
			1487	1114
			1488	1114
			1489	1114
			1490	1114
			1491	1114
			1492	1115
			1493	1115
			1494	1115
			1495	1115
			1496	1115
			1497	1116
			1498	1116
			1499	1116
			1500	1116
			1501	1117
			1502	1117
			1503	1117
			1504	1117
			1505	1117
			1506	1117
			1507	1118
			1508	1118
			1509	1118
			1510	1118
			1511	1119
			1512	1119
			1513	1119
			1514	1119
			1515	1120
			1516	1120
			1517	1120
			1518	1120
			1519	1121
			1520	1121
			1521	1121
			1522	1121
			1523	1122
			1524	1122
			1525	1122
			1526	1122
			1527	1123
			1528	1123
			1529	1123
			1530	1123
			1531	1124
			1532	1124
			1533	1124
			1534	1124
			1535	1125
			1536	1125
			1537	1125
			1538	1125
			1538	1126
			1539	1126
			1540	1126
			1541	1126
			1542	1127
			1543	1127
			1544	1127
			1545	1127
			1546	1128
			1547	1128
			1548	1128
			1549	1128
			1549	1129
			1550	1129
			1551	1129
			1552	1129
			1553	1130
			1554	1130
			1555	1130
			1556	1131
			1557	1131
			1558	1131
			1559	1132
			1560	1132
			1561	1132
			1562	1133
			1563	1133
			1564	1133
			1565	1134
			1566	1134
			1567	1134
			1568	1135
			1569	1135
			1570	1135
			1571	1136
			1572	1136
			1573	1136
			1574	1137
			1575	1137
			1576	1137
			1577	1138
			1578	1138
			1579	1138
			1580	1139
			1581	1139
			1582	1140
			1583	1140
			1584	1140
			1585	1141
			1586	1141
			1587	1141
			1588	1142
			1589	1142
			1590	1143
			1591	1143
			1592	1143
			1593	1144
			1594	1144
			1595	1145
			1596	1145
			1597	1145
			1597	1146
			1598	1146
			1599	1147
			1600	1148
			1601	1148
			1602	1149
			1603	1149
			1604	1150
			1605	1150
			1606	1151
			1607	1151
			1608	1152
			1609	1152
			1610	1152
			1611	1153
			1612	1153
			1613	1153
			1614	1154
			1615	1154
			1616	1154
			1617	1154
			1618	1154
			1619	1155
			1620	1155
			1621	1155
			1622	1155
			1623	1155
			1624	1155
			1625	1155
			1626	1155
			1627	1155
			1628	1155
			1629	1156
			1630	1156
			1631	1156
			1632	1156
			1633	1156
			1634	1156
			1635	1156
			1636	1156
			1637	1155
			1638	1155
			1639	1155
			1640	1155
			1641	1155
			1642	1155
			1643	1155
			1644	1155
			1645	1155
			1646	1155
			1647	1155
			1648	1155
			1648	1154
			1649	1154
			1650	1154
			1651	1154
			1652	1154
			1653	1154
			1654	1154
			1655	1153
			1656	1153
			1657	1153
			1658	1153
			1659	1153
			1660	1153
			1660	1152
			1661	1152
			1662	1152
			1663	1152
			1664	1152
			1665	1151
			1666	1151
			1667	1151
			1668	1151
			1669	1151
			1670	1150
			1671	1150
			1672	1150
			1673	1149
			1674	1149
			1675	1149
			1676	1149
			1677	1148
			1678	1148
			1679	1148
			1680	1148
			1681	1147
			1682	1147
			1683	1147
			1684	1147
			1684	1146
			1685	1146
			1686	1146
			1687	1145
			1688	1145
			1689	1145
			1690	1145
			1691	1144
			1692	1144
			1693	1144
			1693	1143
			1694	1143
			1695	1143
			1696	1143
			1697	1142
			1698	1142
			1699	1142
			1700	1141
			1701	1141
			1702	1141
			1703	1140
			1704	1140
			1705	1140
			1706	1139
			1707	1139
			1708	1138
			1709	1138
			1710	1138
			1711	1137
			1712	1137
			1713	1137
			1714	1136
			1715	1136
			1716	1135
			1717	1135
			1718	1135
			1719	1134
			1720	1134
			1721	1133
			1722	1133
			1723	1133
			1724	1132
			1725	1132
			1726	1131
			1727	1131
			1728	1130
			1729	1130
		</curvaD_espina_dorsal>
		<curvaI_espina_dorsal type=matrix rownames=FALSE colnames=FALSE nrow=348 ncol=2 as.numeric=TRUE >
			1374	1109
			1375	1109
			1376	1109
			1377	1109
			1378	1109
			1379	1109
			1380	1109
			1381	1109
			1382	1109
			1383	1110
			1384	1110
			1385	1110
			1386	1110
			1387	1110
			1388	1110
			1389	1110
			1390	1110
			1391	1110
			1392	1110
			1393	1110
			1394	1110
			1394	1111
			1395	1111
			1396	1111
			1397	1111
			1398	1111
			1399	1111
			1400	1111
			1401	1111
			1402	1111
			1403	1111
			1404	1112
			1405	1112
			1406	1112
			1407	1112
			1408	1112
			1409	1112
			1410	1112
			1411	1113
			1412	1113
			1413	1113
			1414	1113
			1415	1113
			1416	1113
			1417	1113
			1418	1114
			1419	1114
			1420	1114
			1421	1114
			1422	1114
			1423	1114
			1424	1115
			1425	1115
			1426	1115
			1427	1115
			1428	1115
			1429	1115
			1429	1116
			1430	1116
			1431	1116
			1432	1116
			1433	1116
			1434	1116
			1435	1117
			1436	1117
			1437	1117
			1438	1117
			1439	1118
			1440	1118
			1441	1118
			1442	1118
			1443	1118
			1444	1119
			1445	1119
			1446	1119
			1447	1119
			1448	1119
			1449	1120
			1450	1120
			1451	1120
			1452	1120
			1453	1121
			1454	1121
			1455	1121
			1456	1122
			1457	1122
			1458	1122
			1459	1122
			1460	1123
			1461	1123
			1462	1123
			1463	1123
			1464	1124
			1465	1124
			1466	1124
			1467	1125
			1468	1125
			1469	1125
			1470	1125
			1471	1126
			1472	1126
			1473	1126
			1474	1127
			1475	1127
			1476	1127
			1477	1128
			1478	1128
			1479	1128
			1480	1128
			1480	1129
			1481	1129
			1482	1129
			1483	1130
			1484	1130
			1485	1130
			1486	1131
			1487	1131
			1488	1131
			1489	1132
			1490	1132
			1491	1132
			1492	1133
			1493	1133
			1494	1133
			1495	1134
			1496	1134
			1497	1134
			1498	1134
			1499	1135
			1500	1135
			1501	1135
			1502	1136
			1503	1136
			1504	1136
			1505	1137
			1506	1137
			1507	1138
			1508	1138
			1509	1138
			1510	1139
			1511	1139
			1512	1139
			1513	1140
			1514	1140
			1515	1141
			1516	1141
			1517	1141
			1518	1142
			1519	1142
			1520	1142
			1521	1143
			1522	1143
			1523	1143
			1524	1144
			1525	1144
			1526	1145
			1527	1145
			1528	1146
			1529	1146
			1530	1147
			1531	1147
			1532	1148
			1533	1148
			1534	1148
			1535	1149
			1536	1149
			1537	1150
			1538	1150
			1539	1151
			1540	1152
			1541	1152
			1542	1153
			1543	1153
			1544	1154
			1545	1154
			1546	1155
			1547	1155
			1548	1156
			1549	1157
			1550	1158
			1551	1158
			1552	1159
			1553	1160
			1554	1160
			1554	1161
			1555	1161
			1556	1162
			1557	1163
			1558	1164
			1558	1165
			1558	1166
			1559	1167
			1559	1168
			1559	1169
			1559	1170
			1559	1171
			1559	1172
			1560	1173
			1560	1174
			1560	1175
			1560	1176
			1560	1177
			1560	1178
			1560	1179
			1560	1180
			1560	1181
			1560	1182
			1560	1183
			1560	1184
			1560	1185
			1560	1186
			1560	1187
			1560	1188
			1560	1189
			1560	1190
			1560	1191
			1560	1192
			1560	1193
			1560	1194
			1560	1195
			1559	1195
			1559	1196
			1559	1197
			1559	1198
			1559	1199
			1559	1200
			1559	1201
			1558	1202
			1558	1203
			1558	1204
			1558	1205
			1557	1206
			1557	1207
			1557	1208
			1557	1209
			1556	1209
			1556	1210
			1556	1211
			1555	1212
			1555	1213
			1555	1214
			1554	1215
			1554	1216
			1553	1217
			1553	1218
			1552	1219
			1552	1220
			1551	1221
			1551	1222
			1550	1223
			1549	1224
			1549	1225
			1548	1226
			1548	1227
			1547	1228
			1546	1229
			1546	1230
			1545	1231
			1544	1232
			1544	1233
			1543	1234
			1542	1235
			1541	1236
			1541	1237
			1540	1238
			1539	1238
			1538	1239
			1537	1240
			1536	1241
			1536	1242
			1535	1243
			1534	1244
			1533	1245
			1532	1245
			1531	1246
			1530	1247
			1529	1248
			1528	1249
			1527	1250
			1526	1250
			1525	1251
			1524	1252
			1523	1253
			1522	1254
			1521	1254
			1520	1255
			1519	1256
			1518	1256
			1517	1257
			1516	1257
			1515	1258
			1514	1259
			1513	1260
			1512	1260
			1511	1261
			1510	1261
			1509	1262
			1508	1262
			1507	1263
			1507	1264
			1506	1265
			1506	1266
			1506	1267
			1505	1268
			1505	1269
			1505	1270
			1504	1271
			1504	1272
			1504	1273
			1504	1274
			1503	1275
			1503	1276
			1503	1277
			1503	1278
			1502	1279
			1502	1280
			1502	1281
			1502	1282
			1502	1283
			1501	1284
			1501	1285
			1501	1286
			1501	1287
			1501	1288
			1501	1289
			1501	1290
			1501	1291
			1501	1292
			1500	1293
			1500	1294
			1500	1295
			1500	1296
			1500	1297
			1500	1298
			1500	1299
			1500	1300
			1500	1301
			1500	1302
			1500	1303
			1500	1304
			1500	1305
			1500	1306
			1501	1307
			1501	1308
			1501	1309
			1501	1310
			1501	1311
			1501	1312
		</curvaI_espina_dorsal>
	</curves.pixel>
	<curves.scaled type=list>
		<curvaD_espina_dorsal type=matrix rownames=FALSE colnames=FALSE nrow=364 ncol=2 as.numeric=TRUE >
			2.55389893399634	-2.06133472911349
			2.55575766684495	-2.06133472911349
			2.55761639969357	-2.06133472911349
			2.55947513254218	-2.05947599626488
			2.5613338653908	-2.05947599626488
			2.56319259823941	-2.05947599626488
			2.56505133108802	-2.05947599626488
			2.56691006393664	-2.05947599626488
			2.56876879678525	-2.05947599626488
			2.57062752963387	-2.05947599626488
			2.57248626248248	-2.05761726341626
			2.5743449953311	-2.05761726341626
			2.57620372817971	-2.05761726341626
			2.57806246102833	-2.05761726341626
			2.57992119387694	-2.05761726341626
			2.58177992672556	-2.05761726341626
			2.58363865957417	-2.05761726341626
			2.58549739242278	-2.05761726341626
			2.5873561252714	-2.05761726341626
			2.58921485812001	-2.05575853056765
			2.59107359096863	-2.05575853056765
			2.59293232381724	-2.05575853056765
			2.59479105666586	-2.05575853056765
			2.59664978951447	-2.05575853056765
			2.59850852236309	-2.05575853056765
			2.6003672552117	-2.05575853056765
			2.60222598806031	-2.05575853056765
			2.60408472090893	-2.05575853056765
			2.60594345375754	-2.05575853056765
			2.60780218660616	-2.05575853056765
			2.60966091945477	-2.05575853056765
			2.61151965230339	-2.05575853056765
			2.613378385152	-2.05575853056765
			2.61523711800062	-2.05575853056765
			2.61709585084923	-2.05575853056765
			2.61895458369785	-2.05575853056765
			2.62081331654646	-2.05575853056765
			2.62267204939507	-2.05575853056765
			2.62453078224369	-2.05575853056765
			2.6263895150923	-2.05575853056765
			2.62824824794092	-2.05575853056765
			2.63010698078953	-2.05575853056765
			2.63196571363815	-2.05575853056765
			2.63382444648676	-2.05575853056765
			2.63568317933538	-2.05575853056765
			2.63754191218399	-2.05575853056765
			2.6394006450326	-2.05575853056765
			2.64125937788122	-2.05575853056765
			2.64311811072983	-2.05575853056765
			2.64497684357845	-2.05575853056765
			2.64683557642706	-2.05575853056765
			2.64869430927568	-2.05575853056765
			2.65055304212429	-2.05575853056765
			2.65241177497291	-2.05575853056765
			2.65427050782152	-2.05575853056765
			2.65612924067014	-2.05575853056765
			2.65798797351875	-2.05575853056765
			2.65984670636736	-2.05575853056765
			2.66170543921598	-2.05575853056765
			2.66356417206459	-2.05575853056765
			2.66542290491321	-2.05575853056765
			2.66728163776182	-2.05575853056765
			2.66914037061044	-2.05575853056765
			2.67099910345905	-2.05761726341626
			2.67285783630767	-2.05761726341626
			2.67471656915628	-2.05761726341626
			2.6765753020049	-2.05761726341626
			2.67843403485351	-2.05761726341626
			2.68029276770212	-2.05761726341626
			2.68215150055074	-2.05761726341626
			2.68401023339935	-2.05761726341626
			2.68586896624797	-2.05761726341626
			2.68772769909658	-2.05761726341626
			2.6895864319452	-2.05761726341626
			2.69144516479381	-2.05947599626488
			2.69330389764243	-2.05947599626488
			2.69516263049104	-2.05947599626488
			2.69702136333965	-2.05947599626488
			2.69888009618827	-2.05947599626488
			2.70073882903688	-2.05947599626488
			2.7025975618855	-2.05947599626488
			2.70445629473411	-2.05947599626488
			2.70631502758273	-2.05947599626488
			2.70817376043134	-2.06133472911349
			2.71003249327996	-2.06133472911349
			2.71189122612857	-2.06133472911349
			2.71374995897719	-2.06133472911349
			2.7156086918258	-2.06133472911349
			2.71746742467441	-2.06133472911349
			2.71932615752303	-2.06133472911349
			2.72118489037164	-2.06319346196211
			2.72304362322026	-2.06319346196211
			2.72490235606887	-2.06319346196211
			2.72676108891749	-2.06319346196211
			2.7286198217661	-2.06319346196211
			2.73047855461472	-2.06319346196211
			2.73233728746333	-2.06319346196211
			2.73233728746333	-2.06505219481072
			2.73419602031194	-2.06505219481072
			2.73605475316056	-2.06505219481072
			2.73791348600917	-2.06505219481072
			2.73977221885779	-2.06505219481072
			2.7416309517064	-2.06505219481072
			2.74348968455502	-2.06505219481072
			2.74534841740363	-2.06691092765934
			2.74720715025225	-2.06691092765934
			2.74906588310086	-2.06691092765934
			2.75092461594948	-2.06691092765934
			2.75278334879809	-2.06691092765934
			2.7546420816467	-2.06876966050795
			2.75650081449532	-2.06876966050795
			2.75835954734393	-2.06876966050795
			2.76021828019255	-2.06876966050795
			2.76207701304116	-2.06876966050795
			2.76393574588978	-2.07062839335656
			2.76579447873839	-2.07062839335656
			2.76765321158701	-2.07062839335656
			2.76951194443562	-2.07062839335656
			2.77137067728424	-2.07062839335656
			2.77322941013285	-2.07248712620518
			2.77508814298146	-2.07248712620518
			2.77694687583008	-2.07248712620518
			2.77880560867869	-2.07248712620518
			2.78066434152731	-2.07248712620518
			2.78252307437592	-2.07434585905379
			2.78438180722454	-2.07434585905379
			2.78624054007315	-2.07434585905379
			2.78809927292177	-2.07434585905379
			2.78995800577038	-2.07620459190241
			2.79181673861899	-2.07620459190241
			2.79367547146761	-2.07620459190241
			2.79553420431622	-2.07620459190241
			2.79739293716484	-2.07620459190241
			2.79925167001345	-2.07620459190241
			2.80111040286207	-2.07806332475102
			2.80296913571068	-2.07806332475102
			2.8048278685593	-2.07806332475102
			2.80668660140791	-2.07806332475102
			2.80854533425653	-2.07992205759964
			2.81040406710514	-2.07992205759964
			2.81226279995375	-2.07992205759964
			2.81412153280237	-2.07992205759964
			2.81598026565098	-2.08178079044825
			2.8178389984996	-2.08178079044825
			2.81969773134821	-2.08178079044825
			2.82155646419683	-2.08178079044825
			2.82341519704544	-2.08363952329687
			2.82527392989406	-2.08363952329687
			2.82713266274267	-2.08363952329687
			2.82899139559128	-2.08363952329687
			2.8308501284399	-2.08549825614548
			2.83270886128851	-2.08549825614548
			2.83456759413713	-2.08549825614548
			2.83642632698574	-2.08549825614548
			2.83828505983436	-2.0873569889941
			2.84014379268297	-2.0873569889941
			2.84200252553159	-2.0873569889941
			2.8438612583802	-2.0873569889941
			2.84571999122882	-2.08921572184271
			2.84757872407743	-2.08921572184271
			2.84943745692604	-2.08921572184271
			2.85129618977466	-2.08921572184271
			2.85315492262327	-2.09107445469132
			2.85501365547189	-2.09107445469132
			2.8568723883205	-2.09107445469132
			2.85873112116912	-2.09107445469132
			2.85873112116912	-2.09293318753994
			2.86058985401773	-2.09293318753994
			2.86244858686635	-2.09293318753994
			2.86430731971496	-2.09293318753994
			2.86616605256358	-2.09479192038855
			2.86802478541219	-2.09479192038855
			2.8698835182608	-2.09479192038855
			2.87174225110942	-2.09479192038855
			2.87360098395803	-2.09665065323717
			2.87545971680665	-2.09665065323717
			2.87731844965526	-2.09665065323717
			2.87917718250388	-2.09665065323717
			2.87917718250388	-2.09850938608578
			2.88103591535249	-2.09850938608578
			2.88289464820111	-2.09850938608578
			2.88475338104972	-2.09850938608578
			2.88661211389833	-2.1003681189344
			2.88847084674695	-2.1003681189344
			2.89032957959556	-2.1003681189344
			2.89218831244418	-2.10222685178301
			2.89404704529279	-2.10222685178301
			2.89590577814141	-2.10222685178301
			2.89776451099002	-2.10408558463163
			2.89962324383864	-2.10408558463163
			2.90148197668725	-2.10408558463163
			2.90334070953587	-2.10594431748024
			2.90519944238448	-2.10594431748024
			2.90705817523309	-2.10594431748024
			2.90891690808171	-2.10780305032885
			2.91077564093032	-2.10780305032885
			2.91263437377894	-2.10780305032885
			2.91449310662755	-2.10966178317747
			2.91635183947617	-2.10966178317747
			2.91821057232478	-2.10966178317747
			2.9200693051734	-2.11152051602608
			2.92192803802201	-2.11152051602608
			2.92378677087063	-2.11152051602608
			2.92564550371924	-2.1133792488747
			2.92750423656785	-2.1133792488747
			2.92936296941647	-2.1133792488747
			2.93122170226508	-2.11523798172331
			2.9330804351137	-2.11523798172331
			2.93493916796231	-2.11523798172331
			2.93679790081093	-2.11709671457193
			2.93865663365954	-2.11709671457193
			2.94051536650816	-2.11895544742054
			2.94237409935677	-2.11895544742054
			2.94423283220538	-2.11895544742054
			2.946091565054	-2.12081418026916
			2.94795029790261	-2.12081418026916
			2.94980903075123	-2.12081418026916
			2.95166776359984	-2.12267291311777
			2.95352649644846	-2.12267291311777
			2.95538522929707	-2.12453164596639
			2.95724396214569	-2.12453164596639
			2.9591026949943	-2.12453164596639
			2.96096142784292	-2.126390378815
			2.96282016069153	-2.126390378815
			2.96467889354014	-2.12824911166361
			2.96653762638876	-2.12824911166361
			2.96839635923737	-2.12824911166361
			2.96839635923737	-2.13010784451223
			2.97025509208599	-2.13010784451223
			2.9721138249346	-2.13196657736084
			2.97397255778322	-2.13382531020946
			2.97583129063183	-2.13382531020946
			2.97769002348045	-2.13568404305807
			2.97954875632906	-2.13568404305807
			2.98140748917768	-2.13754277590669
			2.98326622202629	-2.13754277590669
			2.9851249548749	-2.1394015087553
			2.98698368772352	-2.1394015087553
			2.98884242057213	-2.14126024160392
			2.99070115342075	-2.14126024160392
			2.99255988626936	-2.14126024160392
			2.99441861911798	-2.14311897445253
			2.99627735196659	-2.14311897445253
			2.99813608481521	-2.14311897445253
			2.99999481766382	-2.14497770730115
			3.00185355051243	-2.14497770730115
			3.00371228336105	-2.14497770730115
			3.00557101620966	-2.14497770730115
			3.00742974905828	-2.14497770730115
			3.00928848190689	-2.14683644014976
			3.01114721475551	-2.14683644014976
			3.01300594760412	-2.14683644014976
			3.01486468045274	-2.14683644014976
			3.01672341330135	-2.14683644014976
			3.01858214614997	-2.14683644014976
			3.02044087899858	-2.14683644014976
			3.02229961184719	-2.14683644014976
			3.02415834469581	-2.14683644014976
			3.02601707754442	-2.14683644014976
			3.02787581039304	-2.14869517299837
			3.02973454324165	-2.14869517299837
			3.03159327609027	-2.14869517299837
			3.03345200893888	-2.14869517299837
			3.0353107417875	-2.14869517299837
			3.03716947463611	-2.14869517299837
			3.03902820748472	-2.14869517299837
			3.04088694033334	-2.14869517299837
			3.04274567318195	-2.14683644014976
			3.04460440603057	-2.14683644014976
			3.04646313887918	-2.14683644014976
			3.0483218717278	-2.14683644014976
			3.05018060457641	-2.14683644014976
			3.05203933742503	-2.14683644014976
			3.05389807027364	-2.14683644014976
			3.05575680312226	-2.14683644014976
			3.05761553597087	-2.14683644014976
			3.05947426881948	-2.14683644014976
			3.0613330016681	-2.14683644014976
			3.06319173451671	-2.14683644014976
			3.06319173451671	-2.14497770730115
			3.06505046736533	-2.14497770730115
			3.06690920021394	-2.14497770730115
			3.06876793306256	-2.14497770730115
			3.07062666591117	-2.14497770730115
			3.07248539875979	-2.14497770730115
			3.0743441316084	-2.14497770730115
			3.07620286445702	-2.14311897445253
			3.07806159730563	-2.14311897445253
			3.07992033015424	-2.14311897445253
			3.08177906300286	-2.14311897445253
			3.08363779585147	-2.14311897445253
			3.08549652870009	-2.14311897445253
			3.08549652870009	-2.14126024160392
			3.0873552615487	-2.14126024160392
			3.08921399439732	-2.14126024160392
			3.09107272724593	-2.14126024160392
			3.09293146009455	-2.14126024160392
			3.09479019294316	-2.1394015087553
			3.09664892579177	-2.1394015087553
			3.09850765864039	-2.1394015087553
			3.100366391489	-2.1394015087553
			3.10222512433762	-2.1394015087553
			3.10408385718623	-2.13754277590669
			3.10594259003485	-2.13754277590669
			3.10780132288346	-2.13754277590669
			3.10966005573208	-2.13568404305807
			3.11151878858069	-2.13568404305807
			3.11337752142931	-2.13568404305807
			3.11523625427792	-2.13568404305807
			3.11709498712653	-2.13382531020946
			3.11895371997515	-2.13382531020946
			3.12081245282376	-2.13382531020946
			3.12267118567238	-2.13382531020946
			3.12452991852099	-2.13196657736084
			3.12638865136961	-2.13196657736084
			3.12824738421822	-2.13196657736084
			3.13010611706684	-2.13196657736084
			3.13010611706684	-2.13010784451223
			3.13196484991545	-2.13010784451223
			3.13382358276407	-2.13010784451223
			3.13568231561268	-2.12824911166361
			3.13754104846129	-2.12824911166361
			3.13939978130991	-2.12824911166361
			3.14125851415852	-2.12824911166361
			3.14311724700714	-2.126390378815
			3.14497597985575	-2.126390378815
			3.14683471270437	-2.126390378815
			3.14683471270437	-2.12453164596639
			3.14869344555298	-2.12453164596639
			3.1505521784016	-2.12453164596639
			3.15241091125021	-2.12453164596639
			3.15426964409882	-2.12267291311777
			3.15612837694744	-2.12267291311777
			3.15798710979605	-2.12267291311777
			3.15984584264467	-2.12081418026916
			3.16170457549328	-2.12081418026916
			3.1635633083419	-2.12081418026916
			3.16542204119051	-2.11895544742054
			3.16728077403913	-2.11895544742054
			3.16913950688774	-2.11895544742054
			3.17099823973636	-2.11709671457193
			3.17285697258497	-2.11709671457193
			3.17471570543358	-2.11523798172331
			3.1765744382822	-2.11523798172331
			3.17843317113081	-2.11523798172331
			3.18029190397943	-2.1133792488747
			3.18215063682804	-2.1133792488747
			3.18400936967666	-2.1133792488747
			3.18586810252527	-2.11152051602608
			3.18772683537389	-2.11152051602608
			3.1895855682225	-2.10966178317747
			3.19144430107111	-2.10966178317747
			3.19330303391973	-2.10966178317747
			3.19516176676834	-2.10780305032885
			3.19702049961696	-2.10780305032885
			3.19887923246557	-2.10594431748024
			3.20073796531419	-2.10594431748024
			3.2025966981628	-2.10594431748024
			3.20445543101142	-2.10408558463163
			3.20631416386003	-2.10408558463163
			3.20817289670865	-2.10222685178301
			3.21003162955726	-2.10222685178301
			3.21189036240587	-2.1003681189344
			3.21374909525449	-2.1003681189344
		</curvaD_espina_dorsal>
		<curvaI_espina_dorsal type=matrix rownames=FALSE colnames=FALSE nrow=348 ncol=2 as.numeric=TRUE >
			2.55389893399634	-2.06133472911349
			2.55575766684495	-2.06133472911349
			2.55761639969357	-2.06133472911349
			2.55947513254218	-2.06133472911349
			2.5613338653908	-2.06133472911349
			2.56319259823941	-2.06133472911349
			2.56505133108802	-2.06133472911349
			2.56691006393664	-2.06133472911349
			2.56876879678525	-2.06133472911349
			2.57062752963387	-2.06319346196211
			2.57248626248248	-2.06319346196211
			2.5743449953311	-2.06319346196211
			2.57620372817971	-2.06319346196211
			2.57806246102833	-2.06319346196211
			2.57992119387694	-2.06319346196211
			2.58177992672556	-2.06319346196211
			2.58363865957417	-2.06319346196211
			2.58549739242278	-2.06319346196211
			2.5873561252714	-2.06319346196211
			2.58921485812001	-2.06319346196211
			2.59107359096863	-2.06319346196211
			2.59107359096863	-2.06505219481072
			2.59293232381724	-2.06505219481072
			2.59479105666586	-2.06505219481072
			2.59664978951447	-2.06505219481072
			2.59850852236309	-2.06505219481072
			2.6003672552117	-2.06505219481072
			2.60222598806031	-2.06505219481072
			2.60408472090893	-2.06505219481072
			2.60594345375754	-2.06505219481072
			2.60780218660616	-2.06505219481072
			2.60966091945477	-2.06691092765934
			2.61151965230339	-2.06691092765934
			2.613378385152	-2.06691092765934
			2.61523711800062	-2.06691092765934
			2.61709585084923	-2.06691092765934
			2.61895458369785	-2.06691092765934
			2.62081331654646	-2.06691092765934
			2.62267204939507	-2.06876966050795
			2.62453078224369	-2.06876966050795
			2.6263895150923	-2.06876966050795
			2.62824824794092	-2.06876966050795
			2.63010698078953	-2.06876966050795
			2.63196571363815	-2.06876966050795
			2.63382444648676	-2.06876966050795
			2.63568317933538	-2.07062839335656
			2.63754191218399	-2.07062839335656
			2.6394006450326	-2.07062839335656
			2.64125937788122	-2.07062839335656
			2.64311811072983	-2.07062839335656
			2.64497684357845	-2.07062839335656
			2.64683557642706	-2.07248712620518
			2.64869430927568	-2.07248712620518
			2.65055304212429	-2.07248712620518
			2.65241177497291	-2.07248712620518
			2.65427050782152	-2.07248712620518
			2.65612924067014	-2.07248712620518
			2.65612924067014	-2.07434585905379
			2.65798797351875	-2.07434585905379
			2.65984670636736	-2.07434585905379
			2.66170543921598	-2.07434585905379
			2.66356417206459	-2.07434585905379
			2.66542290491321	-2.07434585905379
			2.66728163776182	-2.07620459190241
			2.66914037061044	-2.07620459190241
			2.67099910345905	-2.07620459190241
			2.67285783630767	-2.07620459190241
			2.67471656915628	-2.07806332475102
			2.6765753020049	-2.07806332475102
			2.67843403485351	-2.07806332475102
			2.68029276770212	-2.07806332475102
			2.68215150055074	-2.07806332475102
			2.68401023339935	-2.07992205759964
			2.68586896624797	-2.07992205759964
			2.68772769909658	-2.07992205759964
			2.6895864319452	-2.07992205759964
			2.69144516479381	-2.07992205759964
			2.69330389764243	-2.08178079044825
			2.69516263049104	-2.08178079044825
			2.69702136333965	-2.08178079044825
			2.69888009618827	-2.08178079044825
			2.70073882903688	-2.08363952329687
			2.7025975618855	-2.08363952329687
			2.70445629473411	-2.08363952329687
			2.70631502758273	-2.08549825614548
			2.70817376043134	-2.08549825614548
			2.71003249327996	-2.08549825614548
			2.71189122612857	-2.08549825614548
			2.71374995897719	-2.0873569889941
			2.7156086918258	-2.0873569889941
			2.71746742467441	-2.0873569889941
			2.71932615752303	-2.0873569889941
			2.72118489037164	-2.08921572184271
			2.72304362322026	-2.08921572184271
			2.72490235606887	-2.08921572184271
			2.72676108891749	-2.09107445469132
			2.7286198217661	-2.09107445469132
			2.73047855461472	-2.09107445469132
			2.73233728746333	-2.09107445469132
			2.73419602031194	-2.09293318753994
			2.73605475316056	-2.09293318753994
			2.73791348600917	-2.09293318753994
			2.73977221885779	-2.09479192038855
			2.7416309517064	-2.09479192038855
			2.74348968455502	-2.09479192038855
			2.74534841740363	-2.09665065323717
			2.74720715025225	-2.09665065323717
			2.74906588310086	-2.09665065323717
			2.75092461594948	-2.09665065323717
			2.75092461594948	-2.09850938608578
			2.75278334879809	-2.09850938608578
			2.7546420816467	-2.09850938608578
			2.75650081449532	-2.1003681189344
			2.75835954734393	-2.1003681189344
			2.76021828019255	-2.1003681189344
			2.76207701304116	-2.10222685178301
			2.76393574588978	-2.10222685178301
			2.76579447873839	-2.10222685178301
			2.76765321158701	-2.10408558463163
			2.76951194443562	-2.10408558463163
			2.77137067728424	-2.10408558463163
			2.77322941013285	-2.10594431748024
			2.77508814298146	-2.10594431748024
			2.77694687583008	-2.10594431748024
			2.77880560867869	-2.10780305032885
			2.78066434152731	-2.10780305032885
			2.78252307437592	-2.10780305032885
			2.78438180722454	-2.10780305032885
			2.78624054007315	-2.10966178317747
			2.78809927292177	-2.10966178317747
			2.78995800577038	-2.10966178317747
			2.79181673861899	-2.11152051602608
			2.79367547146761	-2.11152051602608
			2.79553420431622	-2.11152051602608
			2.79739293716484	-2.1133792488747
			2.79925167001345	-2.1133792488747
			2.80111040286207	-2.11523798172331
			2.80296913571068	-2.11523798172331
			2.8048278685593	-2.11523798172331
			2.80668660140791	-2.11709671457193
			2.80854533425653	-2.11709671457193
			2.81040406710514	-2.11709671457193
			2.81226279995375	-2.11895544742054
			2.81412153280237	-2.11895544742054
			2.81598026565098	-2.12081418026916
			2.8178389984996	-2.12081418026916
			2.81969773134821	-2.12081418026916
			2.82155646419683	-2.12267291311777
			2.82341519704544	-2.12267291311777
			2.82527392989406	-2.12267291311777
			2.82713266274267	-2.12453164596639
			2.82899139559128	-2.12453164596639
			2.8308501284399	-2.12453164596639
			2.83270886128851	-2.126390378815
			2.83456759413713	-2.126390378815
			2.83642632698574	-2.12824911166361
			2.83828505983436	-2.12824911166361
			2.84014379268297	-2.13010784451223
			2.84200252553159	-2.13010784451223
			2.8438612583802	-2.13196657736084
			2.84571999122882	-2.13196657736084
			2.84757872407743	-2.13382531020946
			2.84943745692604	-2.13382531020946
			2.85129618977466	-2.13382531020946
			2.85315492262327	-2.13568404305807
			2.85501365547189	-2.13568404305807
			2.8568723883205	-2.13754277590669
			2.85873112116912	-2.13754277590669
			2.86058985401773	-2.1394015087553
			2.86244858686635	-2.14126024160392
			2.86430731971496	-2.14126024160392
			2.86616605256358	-2.14311897445253
			2.86802478541219	-2.14311897445253
			2.8698835182608	-2.14497770730115
			2.87174225110942	-2.14497770730115
			2.87360098395803	-2.14683644014976
			2.87545971680665	-2.14683644014976
			2.87731844965526	-2.14869517299837
			2.87917718250388	-2.15055390584699
			2.88103591535249	-2.1524126386956
			2.88289464820111	-2.1524126386956
			2.88475338104972	-2.15427137154422
			2.88661211389833	-2.15613010439283
			2.88847084674695	-2.15613010439283
			2.88847084674695	-2.15798883724145
			2.89032957959556	-2.15798883724145
			2.89218831244418	-2.15984757009006
			2.89404704529279	-2.16170630293868
			2.89590577814141	-2.16356503578729
			2.89590577814141	-2.1654237686359
			2.89590577814141	-2.16728250148452
			2.89776451099002	-2.16914123433313
			2.89776451099002	-2.17099996718175
			2.89776451099002	-2.17285870003036
			2.89776451099002	-2.17471743287898
			2.89776451099002	-2.17657616572759
			2.89776451099002	-2.17843489857621
			2.89962324383864	-2.18029363142482
			2.89962324383864	-2.18215236427344
			2.89962324383864	-2.18401109712205
			2.89962324383864	-2.18586982997066
			2.89962324383864	-2.18772856281928
			2.89962324383864	-2.18958729566789
			2.89962324383864	-2.19144602851651
			2.89962324383864	-2.19330476136512
			2.89962324383864	-2.19516349421374
			2.89962324383864	-2.19702222706235
			2.89962324383864	-2.19888095991097
			2.89962324383864	-2.20073969275958
			2.89962324383864	-2.20259842560819
			2.89962324383864	-2.20445715845681
			2.89962324383864	-2.20631589130542
			2.89962324383864	-2.20817462415404
			2.89962324383864	-2.21003335700265
			2.89962324383864	-2.21189208985127
			2.89962324383864	-2.21375082269988
			2.89962324383864	-2.2156095555485
			2.89962324383864	-2.21746828839711
			2.89962324383864	-2.21932702124573
			2.89962324383864	-2.22118575409434
			2.89776451099002	-2.22118575409434
			2.89776451099002	-2.22304448694295
			2.89776451099002	-2.22490321979157
			2.89776451099002	-2.22676195264018
			2.89776451099002	-2.2286206854888
			2.89776451099002	-2.23047941833741
			2.89776451099002	-2.23233815118603
			2.89590577814141	-2.23419688403464
			2.89590577814141	-2.23605561688326
			2.89590577814141	-2.23791434973187
			2.89590577814141	-2.23977308258049
			2.89404704529279	-2.2416318154291
			2.89404704529279	-2.24349054827771
			2.89404704529279	-2.24534928112633
			2.89404704529279	-2.24720801397494
			2.89218831244418	-2.24720801397494
			2.89218831244418	-2.24906674682356
			2.89218831244418	-2.25092547967217
			2.89032957959556	-2.25278421252079
			2.89032957959556	-2.2546429453694
			2.89032957959556	-2.25650167821802
			2.88847084674695	-2.25836041106663
			2.88847084674695	-2.26021914391524
			2.88661211389833	-2.26207787676386
			2.88661211389833	-2.26393660961247
			2.88475338104972	-2.26579534246109
			2.88475338104972	-2.2676540753097
			2.88289464820111	-2.26951280815832
			2.88289464820111	-2.27137154100693
			2.88103591535249	-2.27323027385555
			2.87917718250388	-2.27508900670416
			2.87917718250388	-2.27694773955278
			2.87731844965526	-2.27880647240139
			2.87731844965526	-2.28066520525
			2.87545971680665	-2.28252393809862
			2.87360098395803	-2.28438267094723
			2.87360098395803	-2.28624140379585
			2.87174225110942	-2.28810013664446
			2.8698835182608	-2.28995886949308
			2.8698835182608	-2.29181760234169
			2.86802478541219	-2.29367633519031
			2.86616605256358	-2.29553506803892
			2.86430731971496	-2.29739380088753
			2.86430731971496	-2.29925253373615
			2.86244858686635	-2.30111126658476
			2.86058985401773	-2.30111126658476
			2.85873112116912	-2.30296999943338
			2.8568723883205	-2.30482873228199
			2.85501365547189	-2.30668746513061
			2.85501365547189	-2.30854619797922
			2.85315492262327	-2.31040493082784
			2.85129618977466	-2.31226366367645
			2.84943745692604	-2.31412239652507
			2.84757872407743	-2.31412239652507
			2.84571999122882	-2.31598112937368
			2.8438612583802	-2.31783986222229
			2.84200252553159	-2.31969859507091
			2.84014379268297	-2.32155732791952
			2.83828505983436	-2.32341606076814
			2.83642632698574	-2.32341606076814
			2.83456759413713	-2.32527479361675
			2.83270886128851	-2.32713352646537
			2.8308501284399	-2.32899225931398
			2.82899139559128	-2.3308509921626
			2.82713266274267	-2.3308509921626
			2.82527392989406	-2.33270972501121
			2.82341519704544	-2.33456845785983
			2.82155646419683	-2.33456845785983
			2.81969773134821	-2.33642719070844
			2.8178389984996	-2.33642719070844
			2.81598026565098	-2.33828592355705
			2.81412153280237	-2.34014465640567
			2.81226279995375	-2.34200338925428
			2.81040406710514	-2.34200338925428
			2.80854533425653	-2.3438621221029
			2.80668660140791	-2.3438621221029
			2.8048278685593	-2.34572085495151
			2.80296913571068	-2.34572085495151
			2.80111040286207	-2.34757958780013
			2.80111040286207	-2.34943832064874
			2.79925167001345	-2.35129705349736
			2.79925167001345	-2.35315578634597
			2.79925167001345	-2.35501451919458
			2.79739293716484	-2.3568732520432
			2.79739293716484	-2.35873198489181
			2.79739293716484	-2.36059071774043
			2.79553420431622	-2.36244945058904
			2.79553420431622	-2.36430818343766
			2.79553420431622	-2.36616691628627
			2.79553420431622	-2.36802564913489
			2.79367547146761	-2.3698843819835
			2.79367547146761	-2.37174311483212
			2.79367547146761	-2.37360184768073
			2.79367547146761	-2.37546058052934
			2.79181673861899	-2.37731931337796
			2.79181673861899	-2.37917804622657
			2.79181673861899	-2.38103677907519
			2.79181673861899	-2.3828955119238
			2.79181673861899	-2.38475424477242
			2.78995800577038	-2.38661297762103
			2.78995800577038	-2.38847171046965
			2.78995800577038	-2.39033044331826
			2.78995800577038	-2.39218917616687
			2.78995800577038	-2.39404790901549
			2.78995800577038	-2.3959066418641
			2.78995800577038	-2.39776537471272
			2.78995800577038	-2.39962410756133
			2.78995800577038	-2.40148284040995
			2.78809927292177	-2.40334157325856
			2.78809927292177	-2.40520030610718
			2.78809927292177	-2.40705903895579
			2.78809927292177	-2.40891777180441
			2.78809927292177	-2.41077650465302
			2.78809927292177	-2.41263523750163
			2.78809927292177	-2.41449397035025
			2.78809927292177	-2.41635270319886
			2.78809927292177	-2.41821143604748
			2.78809927292177	-2.42007016889609
			2.78809927292177	-2.42192890174471
			2.78809927292177	-2.42378763459332
			2.78809927292177	-2.42564636744194
			2.78809927292177	-2.42750510029055
			2.78995800577038	-2.42936383313917
			2.78995800577038	-2.43122256598778
			2.78995800577038	-2.43308129883639
			2.78995800577038	-2.43494003168501
			2.78995800577038	-2.43679876453362
			2.78995800577038	-2.43865749738224
		</curvaI_espina_dorsal>
	</curves.scaled>
	<ruler.points type=matrix rownames=TRUE colnames=FALSE nrow=2 ncol=2 as.numeric=TRUE >
		Ruler point 1	1607	568
		Ruler point 2	2145	567
	</ruler.points>
</shapes>

