<shapes type=list>
	<ruler.pixel type=vector names=FALSE length=1 as.numeric=TRUE >536.008395456638</ruler.pixel>
	<ruler.interval type=vector names=FALSE length=1 as.numeric=TRUE >1</ruler.interval>
	<scaling.units type=vector names=FALSE length=1 as.numeric=FALSE >mm</scaling.units>
	<scaling type=vector names=FALSE length=1 as.numeric=TRUE >0.00186219416408742</scaling>
	<landmarks.pixel type=matrix rownames=TRUE colnames=FALSE nrow=7 ncol=2 as.numeric=TRUE >
		punta_espina_dorsal	1387	1057
		esq_izq_caparaza	1464	1285
		superior_ojo	1747	1250
		inferior_ojo	1897	1296
		derecha_ojo	1851	1232
		izquierda_ojo	1815	1331
		organo_dorsal	1729	1101
	</landmarks.pixel>
	<landmarks.scaled type=matrix rownames=TRUE colnames=FALSE nrow=7 ncol=2 as.numeric=TRUE >
		punta_espina_dorsal	2.58286330558925	-1.9683392314404
		esq_izq_caparaza	2.72625225622398	-2.39291950085233
		superior_ojo	3.25325320466072	-2.32774270510927
		inferior_ojo	3.53258232927383	-2.4134036366573
		derecha_ojo	3.44692139772581	-2.2942232101557
		izquierda_ojo	3.37988240781867	-2.47858043240036
		organo_dorsal	3.21973370970715	-2.05027577466025
	</landmarks.scaled>
	<curves.control type=list>
		<curvaD_espina_dorsal type=matrix rownames=FALSE colnames=FALSE nrow=7 ncol=2 as.numeric=TRUE >
			1387	1057
			1405	1053
			1480	1065
			1559	1078
			1585	1089
			1624	1129
			1729	1101
		</curvaD_espina_dorsal>
		<curvaI_espina_dorsal type=matrix rownames=FALSE colnames=FALSE nrow=9 ncol=2 as.numeric=TRUE >
			1387	1057
			1430	1066
			1486	1083
			1541	1101
			1559	1115
			1556	1169
			1489	1207
			1471	1228
			1464	1285
		</curvaI_espina_dorsal>
	</curves.control>
	<curves.pixel type=list>
		<curvaD_espina_dorsal type=matrix rownames=FALSE colnames=FALSE nrow=349 ncol=2 as.numeric=TRUE >
			1387	1057
			1388	1057
			1389	1057
			1390	1056
			1391	1056
			1392	1056
			1393	1056
			1394	1056
			1395	1056
			1396	1056
			1397	1056
			1398	1056
			1399	1056
			1400	1056
			1401	1056
			1402	1056
			1403	1056
			1404	1056
			1405	1056
			1406	1056
			1407	1056
			1408	1056
			1409	1056
			1410	1056
			1411	1056
			1412	1056
			1413	1057
			1414	1057
			1415	1057
			1416	1057
			1417	1057
			1418	1057
			1419	1057
			1420	1057
			1421	1057
			1422	1057
			1423	1057
			1424	1057
			1425	1058
			1426	1058
			1427	1058
			1428	1058
			1429	1058
			1430	1058
			1431	1058
			1432	1058
			1433	1058
			1434	1059
			1435	1059
			1436	1059
			1437	1059
			1438	1059
			1439	1059
			1440	1059
			1441	1059
			1442	1059
			1443	1060
			1444	1060
			1445	1060
			1446	1060
			1447	1060
			1448	1060
			1449	1060
			1450	1061
			1451	1061
			1452	1061
			1453	1061
			1454	1061
			1455	1061
			1456	1061
			1457	1061
			1457	1062
			1458	1062
			1459	1062
			1460	1062
			1461	1062
			1462	1062
			1463	1062
			1464	1062
			1465	1063
			1466	1063
			1467	1063
			1468	1063
			1469	1063
			1470	1063
			1471	1064
			1472	1064
			1473	1064
			1474	1064
			1475	1064
			1476	1064
			1477	1065
			1478	1065
			1479	1065
			1480	1065
			1481	1065
			1482	1065
			1483	1066
			1484	1066
			1485	1066
			1486	1066
			1487	1066
			1488	1066
			1489	1067
			1490	1067
			1491	1067
			1492	1067
			1493	1067
			1494	1067
			1495	1067
			1496	1068
			1497	1068
			1498	1068
			1499	1068
			1500	1068
			1501	1069
			1502	1069
			1503	1069
			1504	1069
			1505	1069
			1506	1070
			1507	1070
			1508	1070
			1509	1070
			1510	1070
			1511	1070
			1512	1071
			1513	1071
			1514	1071
			1515	1071
			1516	1071
			1517	1072
			1518	1072
			1519	1072
			1520	1072
			1521	1072
			1522	1073
			1523	1073
			1524	1073
			1525	1073
			1526	1073
			1527	1073
			1528	1074
			1529	1074
			1530	1074
			1531	1074
			1532	1074
			1532	1075
			1533	1075
			1534	1075
			1535	1075
			1536	1075
			1537	1076
			1538	1076
			1539	1076
			1540	1076
			1541	1076
			1542	1077
			1543	1077
			1544	1077
			1545	1077
			1546	1078
			1547	1078
			1548	1078
			1549	1078
			1550	1078
			1551	1079
			1552	1079
			1553	1079
			1554	1080
			1555	1080
			1556	1080
			1557	1080
			1558	1081
			1559	1081
			1560	1081
			1561	1081
			1562	1082
			1563	1082
			1564	1082
			1565	1082
			1566	1083
			1567	1083
			1568	1083
			1569	1083
			1570	1084
			1571	1084
			1572	1084
			1573	1085
			1574	1085
			1575	1085
			1576	1086
			1577	1086
			1578	1086
			1579	1087
			1580	1087
			1581	1087
			1582	1088
			1583	1088
			1584	1089
			1585	1089
			1586	1090
			1587	1091
			1588	1092
			1589	1093
			1590	1094
			1591	1094
			1592	1095
			1592	1096
			1593	1096
			1594	1097
			1595	1097
			1596	1098
			1597	1099
			1598	1099
			1599	1100
			1600	1100
			1601	1101
			1602	1102
			1603	1102
			1604	1103
			1605	1103
			1606	1104
			1607	1104
			1608	1104
			1609	1105
			1610	1105
			1611	1106
			1612	1106
			1613	1107
			1614	1107
			1615	1107
			1616	1107
			1617	1108
			1618	1108
			1619	1108
			1620	1108
			1620	1109
			1621	1109
			1622	1109
			1623	1109
			1624	1110
			1625	1110
			1626	1110
			1627	1110
			1628	1110
			1629	1110
			1630	1111
			1631	1111
			1632	1111
			1633	1111
			1634	1111
			1635	1111
			1636	1111
			1636	1112
			1637	1112
			1638	1112
			1639	1112
			1640	1112
			1641	1112
			1642	1112
			1643	1112
			1644	1112
			1645	1112
			1646	1112
			1647	1112
			1648	1112
			1649	1112
			1650	1112
			1651	1113
			1652	1113
			1653	1113
			1654	1113
			1655	1113
			1656	1113
			1657	1112
			1658	1112
			1659	1112
			1660	1112
			1661	1112
			1662	1112
			1663	1112
			1664	1112
			1665	1112
			1666	1112
			1667	1112
			1668	1112
			1669	1112
			1670	1112
			1671	1112
			1672	1112
			1673	1112
			1674	1112
			1674	1111
			1675	1111
			1676	1111
			1677	1111
			1678	1111
			1679	1111
			1680	1111
			1681	1111
			1682	1111
			1683	1110
			1684	1110
			1685	1110
			1686	1110
			1687	1110
			1688	1110
			1689	1110
			1690	1109
			1691	1109
			1692	1109
			1693	1109
			1694	1109
			1695	1109
			1696	1108
			1697	1108
			1698	1108
			1699	1108
			1700	1108
			1701	1107
			1702	1107
			1703	1107
			1704	1107
			1705	1107
			1706	1106
			1707	1106
			1708	1106
			1709	1106
			1710	1106
			1711	1105
			1712	1105
			1713	1105
			1714	1105
			1715	1105
			1716	1104
			1717	1104
			1718	1104
			1719	1104
			1720	1103
			1721	1103
			1722	1103
			1723	1103
			1724	1102
			1725	1102
			1726	1102
			1727	1102
			1728	1101
			1729	1101
		</curvaD_espina_dorsal>
		<curvaI_espina_dorsal type=matrix rownames=FALSE colnames=FALSE nrow=368 ncol=2 as.numeric=TRUE >
			1387	1057
			1388	1057
			1389	1057
			1390	1058
			1391	1058
			1392	1058
			1393	1058
			1394	1059
			1395	1059
			1396	1059
			1397	1059
			1398	1059
			1399	1060
			1400	1060
			1401	1060
			1402	1060
			1403	1061
			1404	1061
			1405	1061
			1406	1061
			1407	1061
			1408	1062
			1409	1062
			1410	1062
			1411	1062
			1412	1063
			1413	1063
			1414	1063
			1415	1063
			1416	1064
			1417	1064
			1418	1064
			1419	1064
			1420	1065
			1421	1065
			1422	1065
			1423	1065
			1424	1066
			1425	1066
			1426	1066
			1427	1066
			1428	1067
			1429	1067
			1430	1067
			1431	1067
			1432	1068
			1433	1068
			1434	1068
			1435	1068
			1436	1069
			1437	1069
			1438	1069
			1439	1069
			1440	1070
			1441	1070
			1442	1070
			1443	1071
			1444	1071
			1445	1071
			1446	1071
			1447	1072
			1448	1072
			1449	1072
			1450	1073
			1451	1073
			1452	1073
			1453	1073
			1454	1074
			1455	1074
			1456	1074
			1457	1075
			1458	1075
			1459	1075
			1460	1075
			1461	1076
			1462	1076
			1463	1076
			1464	1077
			1465	1077
			1466	1077
			1467	1077
			1468	1078
			1469	1078
			1470	1078
			1471	1079
			1472	1079
			1473	1079
			1474	1079
			1474	1080
			1475	1080
			1476	1080
			1477	1080
			1478	1080
			1478	1081
			1479	1081
			1480	1081
			1481	1081
			1481	1082
			1482	1082
			1483	1082
			1484	1082
			1484	1083
			1485	1083
			1486	1083
			1487	1083
			1488	1083
			1488	1084
			1489	1084
			1490	1084
			1491	1085
			1492	1085
			1493	1085
			1494	1086
			1495	1086
			1496	1086
			1497	1087
			1498	1087
			1499	1087
			1500	1088
			1501	1088
			1502	1089
			1503	1089
			1504	1089
			1505	1090
			1506	1090
			1507	1090
			1508	1091
			1509	1091
			1510	1091
			1511	1092
			1512	1092
			1513	1092
			1514	1093
			1515	1093
			1516	1094
			1517	1094
			1518	1095
			1519	1095
			1520	1095
			1521	1096
			1522	1096
			1523	1096
			1524	1097
			1525	1097
			1526	1098
			1527	1098
			1528	1098
			1529	1099
			1530	1099
			1531	1100
			1532	1100
			1533	1100
			1533	1101
			1534	1101
			1535	1102
			1536	1102
			1537	1102
			1538	1103
			1539	1103
			1540	1104
			1541	1104
			1542	1105
			1543	1105
			1544	1106
			1545	1106
			1546	1107
			1547	1108
			1548	1108
			1549	1109
			1550	1109
			1551	1110
			1552	1110
			1553	1111
			1554	1112
			1555	1112
			1556	1113
			1557	1113
			1558	1114
			1558	1115
			1559	1115
			1559	1116
			1559	1117
			1559	1118
			1559	1119
			1559	1120
			1558	1121
			1558	1122
			1558	1123
			1558	1124
			1558	1125
			1558	1126
			1558	1127
			1557	1128
			1557	1129
			1557	1130
			1557	1131
			1556	1131
			1556	1132
			1556	1133
			1556	1134
			1555	1135
			1555	1136
			1555	1137
			1555	1138
			1554	1139
			1554	1140
			1554	1141
			1553	1141
			1553	1142
			1553	1143
			1552	1144
			1552	1145
			1551	1146
			1551	1147
			1551	1148
			1550	1149
			1549	1150
			1549	1151
			1548	1152
			1548	1153
			1547	1154
			1546	1155
			1546	1156
			1545	1157
			1545	1158
			1544	1159
			1543	1160
			1543	1161
			1542	1162
			1541	1163
			1540	1164
			1540	1165
			1539	1166
			1538	1167
			1537	1168
			1537	1169
			1536	1170
			1535	1171
			1534	1172
			1533	1173
			1532	1174
			1531	1175
			1530	1176
			1530	1177
			1529	1178
			1528	1179
			1527	1180
			1526	1181
			1525	1182
			1524	1183
			1523	1183
			1522	1184
			1521	1185
			1520	1186
			1519	1186
			1519	1187
			1518	1187
			1517	1188
			1517	1189
			1516	1189
			1515	1190
			1514	1191
			1513	1191
			1512	1192
			1511	1193
			1510	1193
			1510	1194
			1509	1194
			1508	1195
			1507	1196
			1506	1196
			1505	1197
			1504	1198
			1503	1198
			1502	1199
			1501	1199
			1501	1200
			1500	1201
			1499	1201
			1498	1202
			1497	1202
			1496	1203
			1495	1204
			1494	1204
			1493	1205
			1492	1205
			1491	1206
			1490	1207
			1489	1207
			1488	1208
			1487	1209
			1487	1210
			1486	1211
			1485	1212
			1485	1213
			1484	1214
			1484	1215
			1483	1216
			1482	1217
			1482	1218
			1481	1219
			1481	1220
			1480	1221
			1479	1222
			1479	1223
			1479	1224
			1478	1225
			1478	1226
			1477	1227
			1477	1228
			1477	1229
			1476	1230
			1476	1231
			1476	1232
			1475	1233
			1475	1234
			1474	1235
			1474	1236
			1474	1237
			1473	1238
			1473	1239
			1473	1240
			1473	1241
			1472	1242
			1472	1243
			1472	1244
			1471	1245
			1471	1246
			1471	1247
			1471	1248
			1470	1249
			1470	1250
			1470	1251
			1470	1252
			1469	1253
			1469	1254
			1469	1255
			1469	1256
			1469	1257
			1468	1257
			1468	1258
			1468	1259
			1468	1260
			1468	1261
			1468	1262
			1467	1263
			1467	1264
			1467	1265
			1467	1266
			1467	1267
			1466	1268
			1466	1269
			1466	1270
			1466	1271
			1466	1272
			1466	1273
			1465	1274
			1465	1275
			1465	1276
			1465	1277
			1465	1278
			1465	1279
			1465	1280
			1464	1281
			1464	1282
			1464	1283
			1464	1284
			1464	1285
		</curvaI_espina_dorsal>
	</curves.pixel>
	<curves.scaled type=list>
		<curvaD_espina_dorsal type=matrix rownames=FALSE colnames=FALSE nrow=349 ncol=2 as.numeric=TRUE >
			2.58286330558925	-1.9683392314404
			2.58472549975334	-1.9683392314404
			2.58658769391743	-1.9683392314404
			2.58844988808151	-1.96647703727632
			2.5903120822456	-1.96647703727632
			2.59217427640969	-1.96647703727632
			2.59403647057378	-1.96647703727632
			2.59589866473786	-1.96647703727632
			2.59776085890195	-1.96647703727632
			2.59962305306604	-1.96647703727632
			2.60148524723013	-1.96647703727632
			2.60334744139421	-1.96647703727632
			2.6052096355583	-1.96647703727632
			2.60707182972239	-1.96647703727632
			2.60893402388647	-1.96647703727632
			2.61079621805056	-1.96647703727632
			2.61265841221465	-1.96647703727632
			2.61452060637874	-1.96647703727632
			2.61638280054282	-1.96647703727632
			2.61824499470691	-1.96647703727632
			2.620107188871	-1.96647703727632
			2.62196938303509	-1.96647703727632
			2.62383157719917	-1.96647703727632
			2.62569377136326	-1.96647703727632
			2.62755596552735	-1.96647703727632
			2.62941815969144	-1.96647703727632
			2.63128035385552	-1.9683392314404
			2.63314254801961	-1.9683392314404
			2.6350047421837	-1.9683392314404
			2.63686693634779	-1.9683392314404
			2.63872913051187	-1.9683392314404
			2.64059132467596	-1.9683392314404
			2.64245351884005	-1.9683392314404
			2.64431571300414	-1.9683392314404
			2.64617790716822	-1.9683392314404
			2.64804010133231	-1.9683392314404
			2.6499022954964	-1.9683392314404
			2.65176448966049	-1.9683392314404
			2.65362668382457	-1.97020142560449
			2.65548887798866	-1.97020142560449
			2.65735107215275	-1.97020142560449
			2.65921326631684	-1.97020142560449
			2.66107546048092	-1.97020142560449
			2.66293765464501	-1.97020142560449
			2.6647998488091	-1.97020142560449
			2.66666204297319	-1.97020142560449
			2.66852423713727	-1.97020142560449
			2.67038643130136	-1.97206361976858
			2.67224862546545	-1.97206361976858
			2.67411081962953	-1.97206361976858
			2.67597301379362	-1.97206361976858
			2.67783520795771	-1.97206361976858
			2.6796974021218	-1.97206361976858
			2.68155959628588	-1.97206361976858
			2.68342179044997	-1.97206361976858
			2.68528398461406	-1.97206361976858
			2.68714617877815	-1.97392581393266
			2.68900837294223	-1.97392581393266
			2.69087056710632	-1.97392581393266
			2.69273276127041	-1.97392581393266
			2.6945949554345	-1.97392581393266
			2.69645714959858	-1.97392581393266
			2.69831934376267	-1.97392581393266
			2.70018153792676	-1.97578800809675
			2.70204373209085	-1.97578800809675
			2.70390592625493	-1.97578800809675
			2.70576812041902	-1.97578800809675
			2.70763031458311	-1.97578800809675
			2.7094925087472	-1.97578800809675
			2.71135470291128	-1.97578800809675
			2.71321689707537	-1.97578800809675
			2.71321689707537	-1.97765020226084
			2.71507909123946	-1.97765020226084
			2.71694128540355	-1.97765020226084
			2.71880347956763	-1.97765020226084
			2.72066567373172	-1.97765020226084
			2.72252786789581	-1.97765020226084
			2.7243900620599	-1.97765020226084
			2.72625225622398	-1.97765020226084
			2.72811445038807	-1.97951239642493
			2.72997664455216	-1.97951239642493
			2.73183883871624	-1.97951239642493
			2.73370103288033	-1.97951239642493
			2.73556322704442	-1.97951239642493
			2.73742542120851	-1.97951239642493
			2.73928761537259	-1.98137459058901
			2.74114980953668	-1.98137459058901
			2.74301200370077	-1.98137459058901
			2.74487419786486	-1.98137459058901
			2.74673639202894	-1.98137459058901
			2.74859858619303	-1.98137459058901
			2.75046078035712	-1.9832367847531
			2.75232297452121	-1.9832367847531
			2.75418516868529	-1.9832367847531
			2.75604736284938	-1.9832367847531
			2.75790955701347	-1.9832367847531
			2.75977175117756	-1.9832367847531
			2.76163394534164	-1.98509897891719
			2.76349613950573	-1.98509897891719
			2.76535833366982	-1.98509897891719
			2.76722052783391	-1.98509897891719
			2.76908272199799	-1.98509897891719
			2.77094491616208	-1.98509897891719
			2.77280711032617	-1.98696117308128
			2.77466930449026	-1.98696117308128
			2.77653149865434	-1.98696117308128
			2.77839369281843	-1.98696117308128
			2.78025588698252	-1.98696117308128
			2.78211808114661	-1.98696117308128
			2.78398027531069	-1.98696117308128
			2.78584246947478	-1.98882336724536
			2.78770466363887	-1.98882336724536
			2.78956685780295	-1.98882336724536
			2.79142905196704	-1.98882336724536
			2.79329124613113	-1.98882336724536
			2.79515344029522	-1.99068556140945
			2.7970156344593	-1.99068556140945
			2.79887782862339	-1.99068556140945
			2.80074002278748	-1.99068556140945
			2.80260221695157	-1.99068556140945
			2.80446441111565	-1.99254775557354
			2.80632660527974	-1.99254775557354
			2.80818879944383	-1.99254775557354
			2.81005099360792	-1.99254775557354
			2.811913187772	-1.99254775557354
			2.81377538193609	-1.99254775557354
			2.81563757610018	-1.99440994973763
			2.81749977026427	-1.99440994973763
			2.81936196442835	-1.99440994973763
			2.82122415859244	-1.99440994973763
			2.82308635275653	-1.99440994973763
			2.82494854692062	-1.99627214390171
			2.8268107410847	-1.99627214390171
			2.82867293524879	-1.99627214390171
			2.83053512941288	-1.99627214390171
			2.83239732357697	-1.99627214390171
			2.83425951774105	-1.9981343380658
			2.83612171190514	-1.9981343380658
			2.83798390606923	-1.9981343380658
			2.83984610023332	-1.9981343380658
			2.8417082943974	-1.9981343380658
			2.84357048856149	-1.9981343380658
			2.84543268272558	-1.99999653222989
			2.84729487688966	-1.99999653222989
			2.84915707105375	-1.99999653222989
			2.85101926521784	-1.99999653222989
			2.85288145938193	-1.99999653222989
			2.85288145938193	-2.00185872639398
			2.85474365354601	-2.00185872639398
			2.8566058477101	-2.00185872639398
			2.85846804187419	-2.00185872639398
			2.86033023603828	-2.00185872639398
			2.86219243020236	-2.00372092055806
			2.86405462436645	-2.00372092055806
			2.86591681853054	-2.00372092055806
			2.86777901269463	-2.00372092055806
			2.86964120685871	-2.00372092055806
			2.8715034010228	-2.00558311472215
			2.87336559518689	-2.00558311472215
			2.87522778935098	-2.00558311472215
			2.87708998351506	-2.00558311472215
			2.87895217767915	-2.00744530888624
			2.88081437184324	-2.00744530888624
			2.88267656600733	-2.00744530888624
			2.88453876017141	-2.00744530888624
			2.8864009543355	-2.00744530888624
			2.88826314849959	-2.00930750305033
			2.89012534266368	-2.00930750305033
			2.89198753682776	-2.00930750305033
			2.89384973099185	-2.01116969721441
			2.89571192515594	-2.01116969721441
			2.89757411932003	-2.01116969721441
			2.89943631348411	-2.01116969721441
			2.9012985076482	-2.0130318913785
			2.90316070181229	-2.0130318913785
			2.90502289597637	-2.0130318913785
			2.90688509014046	-2.0130318913785
			2.90874728430455	-2.01489408554259
			2.91060947846864	-2.01489408554259
			2.91247167263272	-2.01489408554259
			2.91433386679681	-2.01489408554259
			2.9161960609609	-2.01675627970668
			2.91805825512499	-2.01675627970668
			2.91992044928907	-2.01675627970668
			2.92178264345316	-2.01675627970668
			2.92364483761725	-2.01861847387076
			2.92550703178134	-2.01861847387076
			2.92736922594542	-2.01861847387076
			2.92923142010951	-2.02048066803485
			2.9310936142736	-2.02048066803485
			2.93295580843769	-2.02048066803485
			2.93481800260177	-2.02234286219894
			2.93668019676586	-2.02234286219894
			2.93854239092995	-2.02234286219894
			2.94040458509404	-2.02420505636303
			2.94226677925812	-2.02420505636303
			2.94412897342221	-2.02420505636303
			2.9459911675863	-2.02606725052711
			2.94785336175039	-2.02606725052711
			2.94971555591447	-2.0279294446912
			2.95157775007856	-2.0279294446912
			2.95343994424265	-2.02979163885529
			2.95530213840674	-2.03165383301937
			2.95716433257082	-2.03351602718346
			2.95902652673491	-2.03537822134755
			2.960888720899	-2.03724041551164
			2.96275091506308	-2.03724041551164
			2.96461310922717	-2.03910260967572
			2.96461310922717	-2.04096480383981
			2.96647530339126	-2.04096480383981
			2.96833749755535	-2.0428269980039
			2.97019969171943	-2.0428269980039
			2.97206188588352	-2.04468919216799
			2.97392408004761	-2.04655138633207
			2.9757862742117	-2.04655138633207
			2.97764846837578	-2.04841358049616
			2.97951066253987	-2.04841358049616
			2.98137285670396	-2.05027577466025
			2.98323505086805	-2.05213796882434
			2.98509724503213	-2.05213796882434
			2.98695943919622	-2.05400016298842
			2.98882163336031	-2.05400016298842
			2.9906838275244	-2.05586235715251
			2.99254602168848	-2.05586235715251
			2.99440821585257	-2.05586235715251
			2.99627041001666	-2.0577245513166
			2.99813260418075	-2.0577245513166
			2.99999479834483	-2.05958674548069
			3.00185699250892	-2.05958674548069
			3.00371918667301	-2.06144893964477
			3.0055813808371	-2.06144893964477
			3.00744357500118	-2.06144893964477
			3.00930576916527	-2.06144893964477
			3.01116796332936	-2.06331113380886
			3.01303015749345	-2.06331113380886
			3.01489235165753	-2.06331113380886
			3.01675454582162	-2.06331113380886
			3.01675454582162	-2.06517332797295
			3.01861673998571	-2.06517332797295
			3.02047893414979	-2.06517332797295
			3.02234112831388	-2.06517332797295
			3.02420332247797	-2.06703552213704
			3.02606551664206	-2.06703552213704
			3.02792771080614	-2.06703552213704
			3.02978990497023	-2.06703552213704
			3.03165209913432	-2.06703552213704
			3.03351429329841	-2.06703552213704
			3.03537648746249	-2.06889771630112
			3.03723868162658	-2.06889771630112
			3.03910087579067	-2.06889771630112
			3.04096306995476	-2.06889771630112
			3.04282526411884	-2.06889771630112
			3.04468745828293	-2.06889771630112
			3.04654965244702	-2.06889771630112
			3.04654965244702	-2.07075991046521
			3.04841184661111	-2.07075991046521
			3.05027404077519	-2.07075991046521
			3.05213623493928	-2.07075991046521
			3.05399842910337	-2.07075991046521
			3.05586062326746	-2.07075991046521
			3.05772281743154	-2.07075991046521
			3.05958501159563	-2.07075991046521
			3.06144720575972	-2.07075991046521
			3.06330939992381	-2.07075991046521
			3.06517159408789	-2.07075991046521
			3.06703378825198	-2.07075991046521
			3.06889598241607	-2.07075991046521
			3.07075817658016	-2.07075991046521
			3.07262037074424	-2.07075991046521
			3.07448256490833	-2.0726221046293
			3.07634475907242	-2.0726221046293
			3.0782069532365	-2.0726221046293
			3.08006914740059	-2.0726221046293
			3.08193134156468	-2.0726221046293
			3.08379353572877	-2.0726221046293
			3.08565572989285	-2.07075991046521
			3.08751792405694	-2.07075991046521
			3.08938011822103	-2.07075991046521
			3.09124231238512	-2.07075991046521
			3.0931045065492	-2.07075991046521
			3.09496670071329	-2.07075991046521
			3.09682889487738	-2.07075991046521
			3.09869108904147	-2.07075991046521
			3.10055328320555	-2.07075991046521
			3.10241547736964	-2.07075991046521
			3.10427767153373	-2.07075991046521
			3.10613986569782	-2.07075991046521
			3.1080020598619	-2.07075991046521
			3.10986425402599	-2.07075991046521
			3.11172644819008	-2.07075991046521
			3.11358864235417	-2.07075991046521
			3.11545083651825	-2.07075991046521
			3.11731303068234	-2.07075991046521
			3.11731303068234	-2.06889771630112
			3.11917522484643	-2.06889771630112
			3.12103741901052	-2.06889771630112
			3.1228996131746	-2.06889771630112
			3.12476180733869	-2.06889771630112
			3.12662400150278	-2.06889771630112
			3.12848619566687	-2.06889771630112
			3.13034838983095	-2.06889771630112
			3.13221058399504	-2.06889771630112
			3.13407277815913	-2.06703552213704
			3.13593497232321	-2.06703552213704
			3.1377971664873	-2.06703552213704
			3.13965936065139	-2.06703552213704
			3.14152155481548	-2.06703552213704
			3.14338374897956	-2.06703552213704
			3.14524594314365	-2.06703552213704
			3.14710813730774	-2.06517332797295
			3.14897033147183	-2.06517332797295
			3.15083252563591	-2.06517332797295
			3.1526947198	-2.06517332797295
			3.15455691396409	-2.06517332797295
			3.15641910812818	-2.06517332797295
			3.15828130229226	-2.06331113380886
			3.16014349645635	-2.06331113380886
			3.16200569062044	-2.06331113380886
			3.16386788478453	-2.06331113380886
			3.16573007894861	-2.06331113380886
			3.1675922731127	-2.06144893964477
			3.16945446727679	-2.06144893964477
			3.17131666144088	-2.06144893964477
			3.17317885560496	-2.06144893964477
			3.17504104976905	-2.06144893964477
			3.17690324393314	-2.05958674548069
			3.17876543809723	-2.05958674548069
			3.18062763226131	-2.05958674548069
			3.1824898264254	-2.05958674548069
			3.18435202058949	-2.05958674548069
			3.18621421475358	-2.0577245513166
			3.18807640891766	-2.0577245513166
			3.18993860308175	-2.0577245513166
			3.19180079724584	-2.0577245513166
			3.19366299140992	-2.0577245513166
			3.19552518557401	-2.05586235715251
			3.1973873797381	-2.05586235715251
			3.19924957390219	-2.05586235715251
			3.20111176806627	-2.05586235715251
			3.20297396223036	-2.05400016298842
			3.20483615639445	-2.05400016298842
			3.20669835055854	-2.05400016298842
			3.20856054472262	-2.05400016298842
			3.21042273888671	-2.05213796882434
			3.2122849330508	-2.05213796882434
			3.21414712721489	-2.05213796882434
			3.21600932137897	-2.05213796882434
			3.21787151554306	-2.05027577466025
			3.21973370970715	-2.05027577466025
		</curvaD_espina_dorsal>
		<curvaI_espina_dorsal type=matrix rownames=FALSE colnames=FALSE nrow=368 ncol=2 as.numeric=TRUE >
			2.58286330558925	-1.9683392314404
			2.58472549975334	-1.9683392314404
			2.58658769391743	-1.9683392314404
			2.58844988808151	-1.97020142560449
			2.5903120822456	-1.97020142560449
			2.59217427640969	-1.97020142560449
			2.59403647057378	-1.97020142560449
			2.59589866473786	-1.97206361976858
			2.59776085890195	-1.97206361976858
			2.59962305306604	-1.97206361976858
			2.60148524723013	-1.97206361976858
			2.60334744139421	-1.97206361976858
			2.6052096355583	-1.97392581393266
			2.60707182972239	-1.97392581393266
			2.60893402388647	-1.97392581393266
			2.61079621805056	-1.97392581393266
			2.61265841221465	-1.97578800809675
			2.61452060637874	-1.97578800809675
			2.61638280054282	-1.97578800809675
			2.61824499470691	-1.97578800809675
			2.620107188871	-1.97578800809675
			2.62196938303509	-1.97765020226084
			2.62383157719917	-1.97765020226084
			2.62569377136326	-1.97765020226084
			2.62755596552735	-1.97765020226084
			2.62941815969144	-1.97951239642493
			2.63128035385552	-1.97951239642493
			2.63314254801961	-1.97951239642493
			2.6350047421837	-1.97951239642493
			2.63686693634779	-1.98137459058901
			2.63872913051187	-1.98137459058901
			2.64059132467596	-1.98137459058901
			2.64245351884005	-1.98137459058901
			2.64431571300414	-1.9832367847531
			2.64617790716822	-1.9832367847531
			2.64804010133231	-1.9832367847531
			2.6499022954964	-1.9832367847531
			2.65176448966049	-1.98509897891719
			2.65362668382457	-1.98509897891719
			2.65548887798866	-1.98509897891719
			2.65735107215275	-1.98509897891719
			2.65921326631684	-1.98696117308128
			2.66107546048092	-1.98696117308128
			2.66293765464501	-1.98696117308128
			2.6647998488091	-1.98696117308128
			2.66666204297319	-1.98882336724536
			2.66852423713727	-1.98882336724536
			2.67038643130136	-1.98882336724536
			2.67224862546545	-1.98882336724536
			2.67411081962953	-1.99068556140945
			2.67597301379362	-1.99068556140945
			2.67783520795771	-1.99068556140945
			2.6796974021218	-1.99068556140945
			2.68155959628588	-1.99254775557354
			2.68342179044997	-1.99254775557354
			2.68528398461406	-1.99254775557354
			2.68714617877815	-1.99440994973763
			2.68900837294223	-1.99440994973763
			2.69087056710632	-1.99440994973763
			2.69273276127041	-1.99440994973763
			2.6945949554345	-1.99627214390171
			2.69645714959858	-1.99627214390171
			2.69831934376267	-1.99627214390171
			2.70018153792676	-1.9981343380658
			2.70204373209085	-1.9981343380658
			2.70390592625493	-1.9981343380658
			2.70576812041902	-1.9981343380658
			2.70763031458311	-1.99999653222989
			2.7094925087472	-1.99999653222989
			2.71135470291128	-1.99999653222989
			2.71321689707537	-2.00185872639398
			2.71507909123946	-2.00185872639398
			2.71694128540355	-2.00185872639398
			2.71880347956763	-2.00185872639398
			2.72066567373172	-2.00372092055806
			2.72252786789581	-2.00372092055806
			2.7243900620599	-2.00372092055806
			2.72625225622398	-2.00558311472215
			2.72811445038807	-2.00558311472215
			2.72997664455216	-2.00558311472215
			2.73183883871624	-2.00558311472215
			2.73370103288033	-2.00744530888624
			2.73556322704442	-2.00744530888624
			2.73742542120851	-2.00744530888624
			2.73928761537259	-2.00930750305033
			2.74114980953668	-2.00930750305033
			2.74301200370077	-2.00930750305033
			2.74487419786486	-2.00930750305033
			2.74487419786486	-2.01116969721441
			2.74673639202894	-2.01116969721441
			2.74859858619303	-2.01116969721441
			2.75046078035712	-2.01116969721441
			2.75232297452121	-2.01116969721441
			2.75232297452121	-2.0130318913785
			2.75418516868529	-2.0130318913785
			2.75604736284938	-2.0130318913785
			2.75790955701347	-2.0130318913785
			2.75790955701347	-2.01489408554259
			2.75977175117756	-2.01489408554259
			2.76163394534164	-2.01489408554259
			2.76349613950573	-2.01489408554259
			2.76349613950573	-2.01675627970668
			2.76535833366982	-2.01675627970668
			2.76722052783391	-2.01675627970668
			2.76908272199799	-2.01675627970668
			2.77094491616208	-2.01675627970668
			2.77094491616208	-2.01861847387076
			2.77280711032617	-2.01861847387076
			2.77466930449026	-2.01861847387076
			2.77653149865434	-2.02048066803485
			2.77839369281843	-2.02048066803485
			2.78025588698252	-2.02048066803485
			2.78211808114661	-2.02234286219894
			2.78398027531069	-2.02234286219894
			2.78584246947478	-2.02234286219894
			2.78770466363887	-2.02420505636303
			2.78956685780295	-2.02420505636303
			2.79142905196704	-2.02420505636303
			2.79329124613113	-2.02606725052711
			2.79515344029522	-2.02606725052711
			2.7970156344593	-2.0279294446912
			2.79887782862339	-2.0279294446912
			2.80074002278748	-2.0279294446912
			2.80260221695157	-2.02979163885529
			2.80446441111565	-2.02979163885529
			2.80632660527974	-2.02979163885529
			2.80818879944383	-2.03165383301937
			2.81005099360792	-2.03165383301937
			2.811913187772	-2.03165383301937
			2.81377538193609	-2.03351602718346
			2.81563757610018	-2.03351602718346
			2.81749977026427	-2.03351602718346
			2.81936196442835	-2.03537822134755
			2.82122415859244	-2.03537822134755
			2.82308635275653	-2.03724041551164
			2.82494854692062	-2.03724041551164
			2.8268107410847	-2.03910260967572
			2.82867293524879	-2.03910260967572
			2.83053512941288	-2.03910260967572
			2.83239732357697	-2.04096480383981
			2.83425951774105	-2.04096480383981
			2.83612171190514	-2.04096480383981
			2.83798390606923	-2.0428269980039
			2.83984610023332	-2.0428269980039
			2.8417082943974	-2.04468919216799
			2.84357048856149	-2.04468919216799
			2.84543268272558	-2.04468919216799
			2.84729487688966	-2.04655138633207
			2.84915707105375	-2.04655138633207
			2.85101926521784	-2.04841358049616
			2.85288145938193	-2.04841358049616
			2.85474365354601	-2.04841358049616
			2.85474365354601	-2.05027577466025
			2.8566058477101	-2.05027577466025
			2.85846804187419	-2.05213796882434
			2.86033023603828	-2.05213796882434
			2.86219243020236	-2.05213796882434
			2.86405462436645	-2.05400016298842
			2.86591681853054	-2.05400016298842
			2.86777901269463	-2.05586235715251
			2.86964120685871	-2.05586235715251
			2.8715034010228	-2.0577245513166
			2.87336559518689	-2.0577245513166
			2.87522778935098	-2.05958674548069
			2.87708998351506	-2.05958674548069
			2.87895217767915	-2.06144893964477
			2.88081437184324	-2.06331113380886
			2.88267656600733	-2.06331113380886
			2.88453876017141	-2.06517332797295
			2.8864009543355	-2.06517332797295
			2.88826314849959	-2.06703552213704
			2.89012534266368	-2.06703552213704
			2.89198753682776	-2.06889771630112
			2.89384973099185	-2.07075991046521
			2.89571192515594	-2.07075991046521
			2.89757411932003	-2.0726221046293
			2.89943631348411	-2.0726221046293
			2.9012985076482	-2.07448429879339
			2.9012985076482	-2.07634649295747
			2.90316070181229	-2.07634649295747
			2.90316070181229	-2.07820868712156
			2.90316070181229	-2.08007088128565
			2.90316070181229	-2.08193307544974
			2.90316070181229	-2.08379526961382
			2.90316070181229	-2.08565746377791
			2.9012985076482	-2.087519657942
			2.9012985076482	-2.08938185210608
			2.9012985076482	-2.09124404627017
			2.9012985076482	-2.09310624043426
			2.9012985076482	-2.09496843459835
			2.9012985076482	-2.09683062876243
			2.9012985076482	-2.09869282292652
			2.89943631348411	-2.10055501709061
			2.89943631348411	-2.1024172112547
			2.89943631348411	-2.10427940541878
			2.89943631348411	-2.10614159958287
			2.89757411932003	-2.10614159958287
			2.89757411932003	-2.10800379374696
			2.89757411932003	-2.10986598791105
			2.89757411932003	-2.11172818207513
			2.89571192515594	-2.11359037623922
			2.89571192515594	-2.11545257040331
			2.89571192515594	-2.1173147645674
			2.89571192515594	-2.11917695873148
			2.89384973099185	-2.12103915289557
			2.89384973099185	-2.12290134705966
			2.89384973099185	-2.12476354122375
			2.89198753682776	-2.12476354122375
			2.89198753682776	-2.12662573538783
			2.89198753682776	-2.12848792955192
			2.89012534266368	-2.13035012371601
			2.89012534266368	-2.1322123178801
			2.88826314849959	-2.13407451204418
			2.88826314849959	-2.13593670620827
			2.88826314849959	-2.13779890037236
			2.8864009543355	-2.13966109453645
			2.88453876017141	-2.14152328870053
			2.88453876017141	-2.14338548286462
			2.88267656600733	-2.14524767702871
			2.88267656600733	-2.14710987119279
			2.88081437184324	-2.14897206535688
			2.87895217767915	-2.15083425952097
			2.87895217767915	-2.15269645368506
			2.87708998351506	-2.15455864784914
			2.87708998351506	-2.15642084201323
			2.87522778935098	-2.15828303617732
			2.87336559518689	-2.16014523034141
			2.87336559518689	-2.16200742450549
			2.8715034010228	-2.16386961866958
			2.86964120685871	-2.16573181283367
			2.86777901269463	-2.16759400699776
			2.86777901269463	-2.16945620116184
			2.86591681853054	-2.17131839532593
			2.86405462436645	-2.17318058949002
			2.86219243020236	-2.17504278365411
			2.86219243020236	-2.17690497781819
			2.86033023603828	-2.17876717198228
			2.85846804187419	-2.18062936614637
			2.8566058477101	-2.18249156031046
			2.85474365354601	-2.18435375447454
			2.85288145938193	-2.18621594863863
			2.85101926521784	-2.18807814280272
			2.84915707105375	-2.18994033696681
			2.84915707105375	-2.19180253113089
			2.84729487688966	-2.19366472529498
			2.84543268272558	-2.19552691945907
			2.84357048856149	-2.19738911362316
			2.8417082943974	-2.19925130778724
			2.83984610023332	-2.20111350195133
			2.83798390606923	-2.20297569611542
			2.83612171190514	-2.20297569611542
			2.83425951774105	-2.2048378902795
			2.83239732357697	-2.20670008444359
			2.83053512941288	-2.20856227860768
			2.82867293524879	-2.20856227860768
			2.82867293524879	-2.21042447277177
			2.8268107410847	-2.21042447277177
			2.82494854692062	-2.21228666693585
			2.82494854692062	-2.21414886109994
			2.82308635275653	-2.21414886109994
			2.82122415859244	-2.21601105526403
			2.81936196442835	-2.21787324942812
			2.81749977026427	-2.21787324942812
			2.81563757610018	-2.2197354435922
			2.81377538193609	-2.22159763775629
			2.811913187772	-2.22159763775629
			2.811913187772	-2.22345983192038
			2.81005099360792	-2.22345983192038
			2.80818879944383	-2.22532202608447
			2.80632660527974	-2.22718422024855
			2.80446441111565	-2.22718422024855
			2.80260221695157	-2.22904641441264
			2.80074002278748	-2.23090860857673
			2.79887782862339	-2.23090860857673
			2.7970156344593	-2.23277080274082
			2.79515344029522	-2.23277080274082
			2.79515344029522	-2.2346329969049
			2.79329124613113	-2.23649519106899
			2.79142905196704	-2.23649519106899
			2.78956685780295	-2.23835738523308
			2.78770466363887	-2.23835738523308
			2.78584246947478	-2.24021957939717
			2.78398027531069	-2.24208177356125
			2.78211808114661	-2.24208177356125
			2.78025588698252	-2.24394396772534
			2.77839369281843	-2.24394396772534
			2.77653149865434	-2.24580616188943
			2.77466930449026	-2.24766835605352
			2.77280711032617	-2.24766835605352
			2.77094491616208	-2.2495305502176
			2.76908272199799	-2.25139274438169
			2.76908272199799	-2.25325493854578
			2.76722052783391	-2.25511713270987
			2.76535833366982	-2.25697932687395
			2.76535833366982	-2.25884152103804
			2.76349613950573	-2.26070371520213
			2.76349613950573	-2.26256590936621
			2.76163394534164	-2.2644281035303
			2.75977175117756	-2.26629029769439
			2.75977175117756	-2.26815249185848
			2.75790955701347	-2.27001468602256
			2.75790955701347	-2.27187688018665
			2.75604736284938	-2.27373907435074
			2.75418516868529	-2.27560126851483
			2.75418516868529	-2.27746346267891
			2.75418516868529	-2.279325656843
			2.75232297452121	-2.28118785100709
			2.75232297452121	-2.28305004517118
			2.75046078035712	-2.28491223933526
			2.75046078035712	-2.28677443349935
			2.75046078035712	-2.28863662766344
			2.74859858619303	-2.29049882182753
			2.74859858619303	-2.29236101599161
			2.74859858619303	-2.2942232101557
			2.74673639202894	-2.29608540431979
			2.74673639202894	-2.29794759848388
			2.74487419786486	-2.29980979264796
			2.74487419786486	-2.30167198681205
			2.74487419786486	-2.30353418097614
			2.74301200370077	-2.30539637514023
			2.74301200370077	-2.30725856930431
			2.74301200370077	-2.3091207634684
			2.74301200370077	-2.31098295763249
			2.74114980953668	-2.31284515179658
			2.74114980953668	-2.31470734596066
			2.74114980953668	-2.31656954012475
			2.73928761537259	-2.31843173428884
			2.73928761537259	-2.32029392845292
			2.73928761537259	-2.32215612261701
			2.73928761537259	-2.3240183167811
			2.73742542120851	-2.32588051094519
			2.73742542120851	-2.32774270510927
			2.73742542120851	-2.32960489927336
			2.73742542120851	-2.33146709343745
			2.73556322704442	-2.33332928760154
			2.73556322704442	-2.33519148176562
			2.73556322704442	-2.33705367592971
			2.73556322704442	-2.3389158700938
			2.73556322704442	-2.34077806425789
			2.73370103288033	-2.34077806425789
			2.73370103288033	-2.34264025842197
			2.73370103288033	-2.34450245258606
			2.73370103288033	-2.34636464675015
			2.73370103288033	-2.34822684091424
			2.73370103288033	-2.35008903507832
			2.73183883871624	-2.35195122924241
			2.73183883871624	-2.3538134234065
			2.73183883871624	-2.35567561757059
			2.73183883871624	-2.35753781173467
			2.73183883871624	-2.35940000589876
			2.72997664455216	-2.36126220006285
			2.72997664455216	-2.36312439422694
			2.72997664455216	-2.36498658839102
			2.72997664455216	-2.36684878255511
			2.72997664455216	-2.3687109767192
			2.72997664455216	-2.37057317088329
			2.72811445038807	-2.37243536504737
			2.72811445038807	-2.37429755921146
			2.72811445038807	-2.37615975337555
			2.72811445038807	-2.37802194753963
			2.72811445038807	-2.37988414170372
			2.72811445038807	-2.38174633586781
			2.72811445038807	-2.3836085300319
			2.72625225622398	-2.38547072419598
			2.72625225622398	-2.38733291836007
			2.72625225622398	-2.38919511252416
			2.72625225622398	-2.39105730668825
			2.72625225622398	-2.39291950085233
		</curvaI_espina_dorsal>
	</curves.scaled>
	<ruler.points type=matrix rownames=TRUE colnames=FALSE nrow=2 ncol=2 as.numeric=TRUE >
		Ruler point 1	1569	576
		Ruler point 2	2106	575
	</ruler.points>
</shapes>

