<shapes type=list>
	<ruler.pixel type=vector names=FALSE length=1 as.numeric=TRUE >536.008395456638</ruler.pixel>
	<ruler.interval type=vector names=FALSE length=1 as.numeric=TRUE >1</ruler.interval>
	<scaling.units type=vector names=FALSE length=1 as.numeric=FALSE >mm</scaling.units>
	<scaling type=vector names=FALSE length=1 as.numeric=TRUE >0.00186219416408742</scaling>
	<landmarks.pixel type=matrix rownames=TRUE colnames=FALSE nrow=7 ncol=2 as.numeric=TRUE >
		punta_espina_dorsal	1441	961
		esq_izq_caparaza	1385	1179
		superior_ojo	1616	1336
		inferior_ojo	1710	1461
		derecha_ojo	1713	1371
		izquierda_ojo	1621	1423
		organo_dorsal	1709	1208
	</landmarks.pixel>
	<landmarks.scaled type=matrix rownames=TRUE colnames=FALSE nrow=7 ncol=2 as.numeric=TRUE >
		punta_espina_dorsal	2.68342179044997	-1.78956859168801
		esq_izq_caparaza	2.57913891726108	-2.19552691945907
		superior_ojo	3.00930576916527	-2.48789140322079
		inferior_ojo	3.18435202058949	-2.72066567373172
		derecha_ojo	3.18993860308175	-2.55306819896385
		izquierda_ojo	3.01861673998571	-2.6499022954964
		organo_dorsal	3.1824898264254	-2.2495305502176
	</landmarks.scaled>
	<curves.control type=list>
		<curvaD_espina_dorsal type=matrix rownames=FALSE colnames=FALSE nrow=7 ncol=2 as.numeric=TRUE >
			1441	961
			1457	962
			1489	994
			1559	1061
			1584	1100
			1598	1156
			1709	1208
		</curvaD_espina_dorsal>
		<curvaI_espina_dorsal type=matrix rownames=FALSE colnames=FALSE nrow=9 ncol=2 as.numeric=TRUE >
			1441	961
			1466	984
			1477	1002
			1533	1062
			1553	1108
			1530	1151
			1446	1144
			1407	1159
			1385	1179
		</curvaI_espina_dorsal>
	</curves.control>
	<curves.pixel type=list>
		<curvaD_espina_dorsal type=matrix rownames=FALSE colnames=FALSE nrow=318 ncol=2 as.numeric=TRUE >
			1441	961
			1442	961
			1443	961
			1444	961
			1445	962
			1446	962
			1447	962
			1448	963
			1449	963
			1450	963
			1451	964
			1452	964
			1452	965
			1453	965
			1454	965
			1455	966
			1456	966
			1457	967
			1458	968
			1459	969
			1460	969
			1461	970
			1462	970
			1462	971
			1463	971
			1464	972
			1465	972
			1465	973
			1466	973
			1467	974
			1468	975
			1469	976
			1470	976
			1471	977
			1472	978
			1473	979
			1474	980
			1475	980
			1475	981
			1476	982
			1477	983
			1478	984
			1479	985
			1480	986
			1481	987
			1482	988
			1483	988
			1484	989
			1485	990
			1486	991
			1487	992
			1488	993
			1489	994
			1490	995
			1491	996
			1492	997
			1493	998
			1494	999
			1495	1000
			1496	1001
			1497	1002
			1498	1003
			1499	1004
			1500	1005
			1501	1005
			1502	1006
			1503	1007
			1504	1008
			1505	1009
			1506	1010
			1506	1011
			1507	1012
			1508	1013
			1509	1014
			1510	1015
			1511	1016
			1512	1016
			1513	1017
			1514	1018
			1515	1019
			1516	1020
			1516	1021
			1517	1022
			1518	1023
			1519	1024
			1520	1024
			1521	1025
			1522	1026
			1522	1027
			1523	1028
			1524	1029
			1525	1030
			1526	1030
			1527	1031
			1527	1032
			1528	1033
			1529	1034
			1530	1035
			1531	1035
			1531	1036
			1532	1037
			1533	1038
			1534	1039
			1535	1040
			1536	1041
			1537	1042
			1538	1043
			1539	1044
			1540	1045
			1541	1046
			1541	1047
			1542	1048
			1543	1049
			1544	1050
			1545	1051
			1546	1052
			1547	1053
			1547	1054
			1548	1055
			1549	1055
			1550	1056
			1551	1057
			1551	1058
			1552	1059
			1553	1060
			1554	1061
			1555	1062
			1555	1063
			1556	1063
			1557	1064
			1558	1065
			1558	1066
			1559	1067
			1560	1068
			1560	1069
			1561	1069
			1562	1070
			1563	1071
			1563	1072
			1564	1073
			1565	1074
			1566	1075
			1567	1076
			1568	1077
			1568	1078
			1569	1079
			1570	1080
			1571	1081
			1571	1082
			1572	1083
			1573	1084
			1573	1085
			1574	1086
			1575	1087
			1575	1088
			1576	1088
			1577	1089
			1577	1090
			1578	1091
			1579	1092
			1579	1093
			1580	1094
			1580	1095
			1581	1095
			1582	1096
			1582	1097
			1583	1098
			1583	1099
			1584	1100
			1584	1101
			1585	1102
			1585	1103
			1585	1104
			1585	1105
			1586	1105
			1586	1106
			1586	1107
			1586	1108
			1587	1109
			1587	1110
			1588	1111
			1588	1112
			1589	1113
			1589	1114
			1590	1115
			1590	1116
			1591	1117
			1591	1118
			1592	1119
			1592	1120
			1593	1121
			1594	1122
			1594	1123
			1595	1124
			1595	1125
			1596	1126
			1597	1127
			1597	1128
			1598	1129
			1599	1130
			1600	1131
			1600	1132
			1601	1133
			1602	1134
			1603	1135
			1603	1136
			1604	1137
			1605	1138
			1606	1139
			1607	1140
			1608	1141
			1609	1142
			1610	1143
			1611	1144
			1611	1145
			1612	1146
			1613	1147
			1614	1148
			1615	1149
			1616	1149
			1617	1150
			1617	1151
			1618	1151
			1619	1152
			1620	1153
			1621	1154
			1622	1155
			1623	1156
			1624	1156
			1624	1157
			1625	1158
			1626	1158
			1627	1159
			1628	1160
			1629	1160
			1630	1161
			1631	1162
			1632	1163
			1633	1164
			1634	1165
			1635	1165
			1635	1166
			1636	1166
			1637	1167
			1638	1168
			1639	1169
			1640	1169
			1641	1170
			1642	1170
			1643	1171
			1644	1172
			1645	1172
			1645	1173
			1646	1173
			1647	1174
			1648	1174
			1649	1175
			1650	1176
			1651	1176
			1652	1177
			1653	1177
			1654	1178
			1655	1179
			1656	1179
			1656	1180
			1657	1180
			1658	1181
			1659	1182
			1660	1182
			1661	1183
			1662	1183
			1663	1184
			1664	1185
			1665	1185
			1666	1186
			1667	1186
			1668	1187
			1669	1188
			1670	1188
			1671	1189
			1672	1189
			1673	1190
			1674	1190
			1675	1191
			1676	1191
			1677	1192
			1678	1192
			1679	1193
			1680	1194
			1681	1194
			1682	1195
			1683	1195
			1684	1196
			1685	1196
			1686	1197
			1687	1197
			1688	1198
			1689	1198
			1690	1199
			1691	1199
			1692	1200
			1693	1200
			1694	1201
			1695	1201
			1696	1202
			1697	1202
			1698	1203
			1699	1203
			1700	1204
			1701	1204
			1702	1205
			1703	1205
			1704	1206
			1705	1206
			1706	1207
			1707	1207
			1708	1208
			1709	1208
		</curvaD_espina_dorsal>
		<curvaI_espina_dorsal type=matrix rownames=FALSE colnames=FALSE nrow=351 ncol=2 as.numeric=TRUE >
			1441	961
			1442	961
			1442	962
			1443	962
			1443	963
			1444	963
			1444	964
			1445	964
			1445	965
			1446	965
			1446	966
			1447	966
			1447	967
			1448	967
			1448	968
			1449	968
			1449	969
			1450	969
			1450	970
			1451	970
			1451	971
			1452	971
			1453	972
			1454	973
			1455	974
			1456	975
			1456	976
			1457	977
			1458	978
			1459	979
			1460	980
			1461	981
			1462	982
			1463	983
			1464	984
			1465	985
			1466	986
			1467	987
			1467	988
			1468	989
			1469	990
			1470	991
			1470	992
			1471	993
			1472	994
			1473	995
			1473	996
			1474	997
			1475	998
			1475	999
			1476	1000
			1476	1001
			1477	1002
			1478	1003
			1479	1004
			1480	1005
			1481	1006
			1482	1007
			1483	1008
			1483	1009
			1484	1009
			1484	1010
			1485	1011
			1486	1011
			1486	1012
			1487	1013
			1488	1014
			1489	1015
			1490	1016
			1490	1017
			1491	1018
			1492	1018
			1492	1019
			1493	1020
			1494	1021
			1495	1021
			1495	1022
			1496	1023
			1496	1024
			1497	1024
			1498	1025
			1498	1026
			1499	1027
			1500	1027
			1500	1028
			1501	1029
			1502	1030
			1503	1031
			1504	1032
			1504	1033
			1505	1034
			1506	1035
			1507	1036
			1507	1037
			1508	1037
			1509	1038
			1509	1039
			1510	1040
			1511	1041
			1511	1042
			1512	1043
			1513	1044
			1514	1045
			1515	1046
			1516	1047
			1516	1048
			1517	1049
			1518	1050
			1519	1051
			1520	1052
			1520	1053
			1521	1054
			1522	1055
			1522	1056
			1523	1057
			1524	1058
			1525	1059
			1525	1060
			1526	1061
			1526	1062
			1527	1062
			1527	1063
			1528	1064
			1529	1065
			1529	1066
			1530	1067
			1530	1068
			1531	1069
			1532	1069
			1532	1070
			1533	1071
			1533	1072
			1534	1073
			1534	1074
			1535	1074
			1535	1075
			1536	1076
			1536	1077
			1537	1078
			1537	1079
			1538	1079
			1538	1080
			1539	1081
			1539	1082
			1540	1083
			1540	1084
			1541	1084
			1541	1085
			1542	1086
			1542	1087
			1543	1088
			1544	1089
			1544	1090
			1545	1091
			1545	1092
			1546	1093
			1546	1094
			1547	1095
			1547	1096
			1548	1097
			1548	1098
			1549	1099
			1549	1100
			1550	1101
			1550	1102
			1551	1103
			1551	1104
			1552	1105
			1552	1106
			1553	1107
			1553	1108
			1552	1109
			1552	1110
			1552	1111
			1551	1111
			1551	1112
			1550	1113
			1549	1114
			1548	1115
			1548	1116
			1547	1117
			1547	1118
			1546	1118
			1545	1119
			1545	1120
			1544	1121
			1543	1121
			1543	1122
			1542	1123
			1541	1123
			1540	1124
			1540	1125
			1539	1125
			1538	1126
			1537	1127
			1536	1128
			1535	1129
			1534	1129
			1533	1130
			1532	1131
			1531	1131
			1530	1132
			1529	1132
			1528	1133
			1527	1133
			1526	1134
			1525	1134
			1524	1135
			1523	1135
			1522	1136
			1521	1136
			1520	1136
			1519	1137
			1518	1137
			1518	1138
			1517	1138
			1516	1138
			1515	1139
			1514	1139
			1513	1139
			1512	1139
			1511	1140
			1510	1140
			1509	1140
			1508	1141
			1507	1141
			1506	1141
			1505	1141
			1504	1142
			1503	1142
			1502	1142
			1501	1142
			1500	1142
			1499	1142
			1499	1143
			1498	1143
			1497	1143
			1496	1143
			1495	1143
			1494	1143
			1493	1143
			1492	1144
			1491	1144
			1490	1144
			1489	1144
			1488	1144
			1487	1144
			1486	1144
			1485	1144
			1484	1144
			1483	1144
			1482	1145
			1481	1145
			1480	1145
			1479	1145
			1478	1145
			1477	1145
			1476	1145
			1475	1145
			1474	1145
			1473	1145
			1472	1145
			1471	1145
			1470	1145
			1469	1145
			1468	1145
			1467	1145
			1466	1145
			1465	1145
			1464	1145
			1463	1145
			1462	1145
			1461	1145
			1460	1145
			1459	1145
			1458	1145
			1457	1145
			1456	1145
			1455	1145
			1454	1145
			1453	1145
			1452	1144
			1451	1144
			1450	1144
			1449	1144
			1448	1144
			1447	1144
			1446	1144
			1445	1144
			1445	1145
			1444	1145
			1443	1145
			1442	1146
			1441	1146
			1440	1146
			1439	1147
			1438	1147
			1437	1148
			1436	1148
			1435	1149
			1434	1149
			1433	1149
			1432	1150
			1431	1150
			1430	1151
			1429	1151
			1428	1152
			1427	1152
			1426	1153
			1425	1153
			1424	1153
			1423	1154
			1422	1154
			1421	1155
			1420	1155
			1419	1156
			1418	1157
			1417	1157
			1416	1158
			1415	1158
			1414	1159
			1413	1160
			1412	1160
			1411	1161
			1410	1161
			1409	1162
			1408	1162
			1407	1163
			1406	1164
			1405	1164
			1404	1165
			1403	1165
			1402	1166
			1401	1167
			1400	1167
			1399	1168
			1398	1168
			1397	1169
			1397	1170
			1396	1170
			1395	1171
			1394	1172
			1393	1172
			1392	1173
			1391	1174
			1390	1175
			1389	1176
			1388	1176
			1387	1177
			1386	1178
			1385	1179
		</curvaI_espina_dorsal>
	</curves.pixel>
	<curves.scaled type=list>
		<curvaD_espina_dorsal type=matrix rownames=FALSE colnames=FALSE nrow=318 ncol=2 as.numeric=TRUE >
			2.68342179044997	-1.78956859168801
			2.68528398461406	-1.78956859168801
			2.68714617877815	-1.78956859168801
			2.68900837294223	-1.78956859168801
			2.69087056710632	-1.7914307858521
			2.69273276127041	-1.7914307858521
			2.6945949554345	-1.7914307858521
			2.69645714959858	-1.79329298001618
			2.69831934376267	-1.79329298001618
			2.70018153792676	-1.79329298001618
			2.70204373209085	-1.79515517418027
			2.70390592625493	-1.79515517418027
			2.70390592625493	-1.79701736834436
			2.70576812041902	-1.79701736834436
			2.70763031458311	-1.79701736834436
			2.7094925087472	-1.79887956250845
			2.71135470291128	-1.79887956250845
			2.71321689707537	-1.80074175667253
			2.71507909123946	-1.80260395083662
			2.71694128540355	-1.80446614500071
			2.71880347956763	-1.80446614500071
			2.72066567373172	-1.8063283391648
			2.72252786789581	-1.8063283391648
			2.72252786789581	-1.80819053332888
			2.7243900620599	-1.80819053332888
			2.72625225622398	-1.81005272749297
			2.72811445038807	-1.81005272749297
			2.72811445038807	-1.81191492165706
			2.72997664455216	-1.81191492165706
			2.73183883871624	-1.81377711582115
			2.73370103288033	-1.81563930998523
			2.73556322704442	-1.81750150414932
			2.73742542120851	-1.81750150414932
			2.73928761537259	-1.81936369831341
			2.74114980953668	-1.8212258924775
			2.74301200370077	-1.82308808664158
			2.74487419786486	-1.82495028080567
			2.74673639202894	-1.82495028080567
			2.74673639202894	-1.82681247496976
			2.74859858619303	-1.82867466913385
			2.75046078035712	-1.83053686329793
			2.75232297452121	-1.83239905746202
			2.75418516868529	-1.83426125162611
			2.75604736284938	-1.8361234457902
			2.75790955701347	-1.83798563995428
			2.75977175117756	-1.83984783411837
			2.76163394534164	-1.83984783411837
			2.76349613950573	-1.84171002828246
			2.76535833366982	-1.84357222244655
			2.76722052783391	-1.84543441661063
			2.76908272199799	-1.84729661077472
			2.77094491616208	-1.84915880493881
			2.77280711032617	-1.8510209991029
			2.77466930449026	-1.85288319326698
			2.77653149865434	-1.85474538743107
			2.77839369281843	-1.85660758159516
			2.78025588698252	-1.85846977575924
			2.78211808114661	-1.86033196992333
			2.78398027531069	-1.86219416408742
			2.78584246947478	-1.86405635825151
			2.78770466363887	-1.86591855241559
			2.78956685780295	-1.86778074657968
			2.79142905196704	-1.86964294074377
			2.79329124613113	-1.87150513490786
			2.79515344029522	-1.87150513490786
			2.7970156344593	-1.87336732907194
			2.79887782862339	-1.87522952323603
			2.80074002278748	-1.87709171740012
			2.80260221695157	-1.87895391156421
			2.80446441111565	-1.88081610572829
			2.80446441111565	-1.88267829989238
			2.80632660527974	-1.88454049405647
			2.80818879944383	-1.88640268822056
			2.81005099360792	-1.88826488238464
			2.811913187772	-1.89012707654873
			2.81377538193609	-1.89198927071282
			2.81563757610018	-1.89198927071282
			2.81749977026427	-1.89385146487691
			2.81936196442835	-1.89571365904099
			2.82122415859244	-1.89757585320508
			2.82308635275653	-1.89943804736917
			2.82308635275653	-1.90130024153326
			2.82494854692062	-1.90316243569734
			2.8268107410847	-1.90502462986143
			2.82867293524879	-1.90688682402552
			2.83053512941288	-1.90688682402552
			2.83239732357697	-1.90874901818961
			2.83425951774105	-1.91061121235369
			2.83425951774105	-1.91247340651778
			2.83612171190514	-1.91433560068187
			2.83798390606923	-1.91619779484595
			2.83984610023332	-1.91805998901004
			2.8417082943974	-1.91805998901004
			2.84357048856149	-1.91992218317413
			2.84357048856149	-1.92178437733822
			2.84543268272558	-1.9236465715023
			2.84729487688966	-1.92550876566639
			2.84915707105375	-1.92737095983048
			2.85101926521784	-1.92737095983048
			2.85101926521784	-1.92923315399457
			2.85288145938193	-1.93109534815865
			2.85474365354601	-1.93295754232274
			2.8566058477101	-1.93481973648683
			2.85846804187419	-1.93668193065092
			2.86033023603828	-1.938544124815
			2.86219243020236	-1.94040631897909
			2.86405462436645	-1.94226851314318
			2.86591681853054	-1.94413070730727
			2.86777901269463	-1.94599290147135
			2.86964120685871	-1.94785509563544
			2.86964120685871	-1.94971728979953
			2.8715034010228	-1.95157948396362
			2.87336559518689	-1.9534416781277
			2.87522778935098	-1.95530387229179
			2.87708998351506	-1.95716606645588
			2.87895217767915	-1.95902826061997
			2.88081437184324	-1.96089045478405
			2.88081437184324	-1.96275264894814
			2.88267656600733	-1.96461484311223
			2.88453876017141	-1.96461484311223
			2.8864009543355	-1.96647703727632
			2.88826314849959	-1.9683392314404
			2.88826314849959	-1.97020142560449
			2.89012534266368	-1.97206361976858
			2.89198753682776	-1.97392581393266
			2.89384973099185	-1.97578800809675
			2.89571192515594	-1.97765020226084
			2.89571192515594	-1.97951239642493
			2.89757411932003	-1.97951239642493
			2.89943631348411	-1.98137459058901
			2.9012985076482	-1.9832367847531
			2.9012985076482	-1.98509897891719
			2.90316070181229	-1.98696117308128
			2.90502289597637	-1.98882336724536
			2.90502289597637	-1.99068556140945
			2.90688509014046	-1.99068556140945
			2.90874728430455	-1.99254775557354
			2.91060947846864	-1.99440994973763
			2.91060947846864	-1.99627214390171
			2.91247167263272	-1.9981343380658
			2.91433386679681	-1.99999653222989
			2.9161960609609	-2.00185872639398
			2.91805825512499	-2.00372092055806
			2.91992044928907	-2.00558311472215
			2.91992044928907	-2.00744530888624
			2.92178264345316	-2.00930750305033
			2.92364483761725	-2.01116969721441
			2.92550703178134	-2.0130318913785
			2.92550703178134	-2.01489408554259
			2.92736922594542	-2.01675627970668
			2.92923142010951	-2.01861847387076
			2.92923142010951	-2.02048066803485
			2.9310936142736	-2.02234286219894
			2.93295580843769	-2.02420505636303
			2.93295580843769	-2.02606725052711
			2.93481800260177	-2.02606725052711
			2.93668019676586	-2.0279294446912
			2.93668019676586	-2.02979163885529
			2.93854239092995	-2.03165383301937
			2.94040458509404	-2.03351602718346
			2.94040458509404	-2.03537822134755
			2.94226677925812	-2.03724041551164
			2.94226677925812	-2.03910260967572
			2.94412897342221	-2.03910260967572
			2.9459911675863	-2.04096480383981
			2.9459911675863	-2.0428269980039
			2.94785336175039	-2.04468919216799
			2.94785336175039	-2.04655138633207
			2.94971555591447	-2.04841358049616
			2.94971555591447	-2.05027577466025
			2.95157775007856	-2.05213796882434
			2.95157775007856	-2.05400016298842
			2.95157775007856	-2.05586235715251
			2.95157775007856	-2.0577245513166
			2.95343994424265	-2.0577245513166
			2.95343994424265	-2.05958674548069
			2.95343994424265	-2.06144893964477
			2.95343994424265	-2.06331113380886
			2.95530213840674	-2.06517332797295
			2.95530213840674	-2.06703552213704
			2.95716433257082	-2.06889771630112
			2.95716433257082	-2.07075991046521
			2.95902652673491	-2.0726221046293
			2.95902652673491	-2.07448429879339
			2.960888720899	-2.07634649295747
			2.960888720899	-2.07820868712156
			2.96275091506308	-2.08007088128565
			2.96275091506308	-2.08193307544974
			2.96461310922717	-2.08379526961382
			2.96461310922717	-2.08565746377791
			2.96647530339126	-2.087519657942
			2.96833749755535	-2.08938185210608
			2.96833749755535	-2.09124404627017
			2.97019969171943	-2.09310624043426
			2.97019969171943	-2.09496843459835
			2.97206188588352	-2.09683062876243
			2.97392408004761	-2.09869282292652
			2.97392408004761	-2.10055501709061
			2.9757862742117	-2.1024172112547
			2.97764846837578	-2.10427940541878
			2.97951066253987	-2.10614159958287
			2.97951066253987	-2.10800379374696
			2.98137285670396	-2.10986598791105
			2.98323505086805	-2.11172818207513
			2.98509724503213	-2.11359037623922
			2.98509724503213	-2.11545257040331
			2.98695943919622	-2.1173147645674
			2.98882163336031	-2.11917695873148
			2.9906838275244	-2.12103915289557
			2.99254602168848	-2.12290134705966
			2.99440821585257	-2.12476354122375
			2.99627041001666	-2.12662573538783
			2.99813260418075	-2.12848792955192
			2.99999479834483	-2.13035012371601
			2.99999479834483	-2.1322123178801
			3.00185699250892	-2.13407451204418
			3.00371918667301	-2.13593670620827
			3.0055813808371	-2.13779890037236
			3.00744357500118	-2.13966109453645
			3.00930576916527	-2.13966109453645
			3.01116796332936	-2.14152328870053
			3.01116796332936	-2.14338548286462
			3.01303015749345	-2.14338548286462
			3.01489235165753	-2.14524767702871
			3.01675454582162	-2.14710987119279
			3.01861673998571	-2.14897206535688
			3.02047893414979	-2.15083425952097
			3.02234112831388	-2.15269645368506
			3.02420332247797	-2.15269645368506
			3.02420332247797	-2.15455864784914
			3.02606551664206	-2.15642084201323
			3.02792771080614	-2.15642084201323
			3.02978990497023	-2.15828303617732
			3.03165209913432	-2.16014523034141
			3.03351429329841	-2.16014523034141
			3.03537648746249	-2.16200742450549
			3.03723868162658	-2.16386961866958
			3.03910087579067	-2.16573181283367
			3.04096306995476	-2.16759400699776
			3.04282526411884	-2.16945620116184
			3.04468745828293	-2.16945620116184
			3.04468745828293	-2.17131839532593
			3.04654965244702	-2.17131839532593
			3.04841184661111	-2.17318058949002
			3.05027404077519	-2.17504278365411
			3.05213623493928	-2.17690497781819
			3.05399842910337	-2.17690497781819
			3.05586062326746	-2.17876717198228
			3.05772281743154	-2.17876717198228
			3.05958501159563	-2.18062936614637
			3.06144720575972	-2.18249156031046
			3.06330939992381	-2.18249156031046
			3.06330939992381	-2.18435375447454
			3.06517159408789	-2.18435375447454
			3.06703378825198	-2.18621594863863
			3.06889598241607	-2.18621594863863
			3.07075817658016	-2.18807814280272
			3.07262037074424	-2.18994033696681
			3.07448256490833	-2.18994033696681
			3.07634475907242	-2.19180253113089
			3.0782069532365	-2.19180253113089
			3.08006914740059	-2.19366472529498
			3.08193134156468	-2.19552691945907
			3.08379353572877	-2.19552691945907
			3.08379353572877	-2.19738911362316
			3.08565572989285	-2.19738911362316
			3.08751792405694	-2.19925130778724
			3.08938011822103	-2.20111350195133
			3.09124231238512	-2.20111350195133
			3.0931045065492	-2.20297569611542
			3.09496670071329	-2.20297569611542
			3.09682889487738	-2.2048378902795
			3.09869108904147	-2.20670008444359
			3.10055328320555	-2.20670008444359
			3.10241547736964	-2.20856227860768
			3.10427767153373	-2.20856227860768
			3.10613986569782	-2.21042447277177
			3.1080020598619	-2.21228666693585
			3.10986425402599	-2.21228666693585
			3.11172644819008	-2.21414886109994
			3.11358864235417	-2.21414886109994
			3.11545083651825	-2.21601105526403
			3.11731303068234	-2.21601105526403
			3.11917522484643	-2.21787324942812
			3.12103741901052	-2.21787324942812
			3.1228996131746	-2.2197354435922
			3.12476180733869	-2.2197354435922
			3.12662400150278	-2.22159763775629
			3.12848619566687	-2.22345983192038
			3.13034838983095	-2.22345983192038
			3.13221058399504	-2.22532202608447
			3.13407277815913	-2.22532202608447
			3.13593497232321	-2.22718422024855
			3.1377971664873	-2.22718422024855
			3.13965936065139	-2.22904641441264
			3.14152155481548	-2.22904641441264
			3.14338374897956	-2.23090860857673
			3.14524594314365	-2.23090860857673
			3.14710813730774	-2.23277080274082
			3.14897033147183	-2.23277080274082
			3.15083252563591	-2.2346329969049
			3.1526947198	-2.2346329969049
			3.15455691396409	-2.23649519106899
			3.15641910812818	-2.23649519106899
			3.15828130229226	-2.23835738523308
			3.16014349645635	-2.23835738523308
			3.16200569062044	-2.24021957939717
			3.16386788478453	-2.24021957939717
			3.16573007894861	-2.24208177356125
			3.1675922731127	-2.24208177356125
			3.16945446727679	-2.24394396772534
			3.17131666144088	-2.24394396772534
			3.17317885560496	-2.24580616188943
			3.17504104976905	-2.24580616188943
			3.17690324393314	-2.24766835605352
			3.17876543809723	-2.24766835605352
			3.18062763226131	-2.2495305502176
			3.1824898264254	-2.2495305502176
		</curvaD_espina_dorsal>
		<curvaI_espina_dorsal type=matrix rownames=FALSE colnames=FALSE nrow=351 ncol=2 as.numeric=TRUE >
			2.68342179044997	-1.78956859168801
			2.68528398461406	-1.78956859168801
			2.68528398461406	-1.7914307858521
			2.68714617877815	-1.7914307858521
			2.68714617877815	-1.79329298001618
			2.68900837294223	-1.79329298001618
			2.68900837294223	-1.79515517418027
			2.69087056710632	-1.79515517418027
			2.69087056710632	-1.79701736834436
			2.69273276127041	-1.79701736834436
			2.69273276127041	-1.79887956250845
			2.6945949554345	-1.79887956250845
			2.6945949554345	-1.80074175667253
			2.69645714959858	-1.80074175667253
			2.69645714959858	-1.80260395083662
			2.69831934376267	-1.80260395083662
			2.69831934376267	-1.80446614500071
			2.70018153792676	-1.80446614500071
			2.70018153792676	-1.8063283391648
			2.70204373209085	-1.8063283391648
			2.70204373209085	-1.80819053332888
			2.70390592625493	-1.80819053332888
			2.70576812041902	-1.81005272749297
			2.70763031458311	-1.81191492165706
			2.7094925087472	-1.81377711582115
			2.71135470291128	-1.81563930998523
			2.71135470291128	-1.81750150414932
			2.71321689707537	-1.81936369831341
			2.71507909123946	-1.8212258924775
			2.71694128540355	-1.82308808664158
			2.71880347956763	-1.82495028080567
			2.72066567373172	-1.82681247496976
			2.72252786789581	-1.82867466913385
			2.7243900620599	-1.83053686329793
			2.72625225622398	-1.83239905746202
			2.72811445038807	-1.83426125162611
			2.72997664455216	-1.8361234457902
			2.73183883871624	-1.83798563995428
			2.73183883871624	-1.83984783411837
			2.73370103288033	-1.84171002828246
			2.73556322704442	-1.84357222244655
			2.73742542120851	-1.84543441661063
			2.73742542120851	-1.84729661077472
			2.73928761537259	-1.84915880493881
			2.74114980953668	-1.8510209991029
			2.74301200370077	-1.85288319326698
			2.74301200370077	-1.85474538743107
			2.74487419786486	-1.85660758159516
			2.74673639202894	-1.85846977575924
			2.74673639202894	-1.86033196992333
			2.74859858619303	-1.86219416408742
			2.74859858619303	-1.86405635825151
			2.75046078035712	-1.86591855241559
			2.75232297452121	-1.86778074657968
			2.75418516868529	-1.86964294074377
			2.75604736284938	-1.87150513490786
			2.75790955701347	-1.87336732907194
			2.75977175117756	-1.87522952323603
			2.76163394534164	-1.87709171740012
			2.76163394534164	-1.87895391156421
			2.76349613950573	-1.87895391156421
			2.76349613950573	-1.88081610572829
			2.76535833366982	-1.88267829989238
			2.76722052783391	-1.88267829989238
			2.76722052783391	-1.88454049405647
			2.76908272199799	-1.88640268822056
			2.77094491616208	-1.88826488238464
			2.77280711032617	-1.89012707654873
			2.77466930449026	-1.89198927071282
			2.77466930449026	-1.89385146487691
			2.77653149865434	-1.89571365904099
			2.77839369281843	-1.89571365904099
			2.77839369281843	-1.89757585320508
			2.78025588698252	-1.89943804736917
			2.78211808114661	-1.90130024153326
			2.78398027531069	-1.90130024153326
			2.78398027531069	-1.90316243569734
			2.78584246947478	-1.90502462986143
			2.78584246947478	-1.90688682402552
			2.78770466363887	-1.90688682402552
			2.78956685780295	-1.90874901818961
			2.78956685780295	-1.91061121235369
			2.79142905196704	-1.91247340651778
			2.79329124613113	-1.91247340651778
			2.79329124613113	-1.91433560068187
			2.79515344029522	-1.91619779484595
			2.7970156344593	-1.91805998901004
			2.79887782862339	-1.91992218317413
			2.80074002278748	-1.92178437733822
			2.80074002278748	-1.9236465715023
			2.80260221695157	-1.92550876566639
			2.80446441111565	-1.92737095983048
			2.80632660527974	-1.92923315399457
			2.80632660527974	-1.93109534815865
			2.80818879944383	-1.93109534815865
			2.81005099360792	-1.93295754232274
			2.81005099360792	-1.93481973648683
			2.811913187772	-1.93668193065092
			2.81377538193609	-1.938544124815
			2.81377538193609	-1.94040631897909
			2.81563757610018	-1.94226851314318
			2.81749977026427	-1.94413070730727
			2.81936196442835	-1.94599290147135
			2.82122415859244	-1.94785509563544
			2.82308635275653	-1.94971728979953
			2.82308635275653	-1.95157948396362
			2.82494854692062	-1.9534416781277
			2.8268107410847	-1.95530387229179
			2.82867293524879	-1.95716606645588
			2.83053512941288	-1.95902826061997
			2.83053512941288	-1.96089045478405
			2.83239732357697	-1.96275264894814
			2.83425951774105	-1.96461484311223
			2.83425951774105	-1.96647703727632
			2.83612171190514	-1.9683392314404
			2.83798390606923	-1.97020142560449
			2.83984610023332	-1.97206361976858
			2.83984610023332	-1.97392581393266
			2.8417082943974	-1.97578800809675
			2.8417082943974	-1.97765020226084
			2.84357048856149	-1.97765020226084
			2.84357048856149	-1.97951239642493
			2.84543268272558	-1.98137459058901
			2.84729487688966	-1.9832367847531
			2.84729487688966	-1.98509897891719
			2.84915707105375	-1.98696117308128
			2.84915707105375	-1.98882336724536
			2.85101926521784	-1.99068556140945
			2.85288145938193	-1.99068556140945
			2.85288145938193	-1.99254775557354
			2.85474365354601	-1.99440994973763
			2.85474365354601	-1.99627214390171
			2.8566058477101	-1.9981343380658
			2.8566058477101	-1.99999653222989
			2.85846804187419	-1.99999653222989
			2.85846804187419	-2.00185872639398
			2.86033023603828	-2.00372092055806
			2.86033023603828	-2.00558311472215
			2.86219243020236	-2.00744530888624
			2.86219243020236	-2.00930750305033
			2.86405462436645	-2.00930750305033
			2.86405462436645	-2.01116969721441
			2.86591681853054	-2.0130318913785
			2.86591681853054	-2.01489408554259
			2.86777901269463	-2.01675627970668
			2.86777901269463	-2.01861847387076
			2.86964120685871	-2.01861847387076
			2.86964120685871	-2.02048066803485
			2.8715034010228	-2.02234286219894
			2.8715034010228	-2.02420505636303
			2.87336559518689	-2.02606725052711
			2.87522778935098	-2.0279294446912
			2.87522778935098	-2.02979163885529
			2.87708998351506	-2.03165383301937
			2.87708998351506	-2.03351602718346
			2.87895217767915	-2.03537822134755
			2.87895217767915	-2.03724041551164
			2.88081437184324	-2.03910260967572
			2.88081437184324	-2.04096480383981
			2.88267656600733	-2.0428269980039
			2.88267656600733	-2.04468919216799
			2.88453876017141	-2.04655138633207
			2.88453876017141	-2.04841358049616
			2.8864009543355	-2.05027577466025
			2.8864009543355	-2.05213796882434
			2.88826314849959	-2.05400016298842
			2.88826314849959	-2.05586235715251
			2.89012534266368	-2.0577245513166
			2.89012534266368	-2.05958674548069
			2.89198753682776	-2.06144893964477
			2.89198753682776	-2.06331113380886
			2.89012534266368	-2.06517332797295
			2.89012534266368	-2.06703552213704
			2.89012534266368	-2.06889771630112
			2.88826314849959	-2.06889771630112
			2.88826314849959	-2.07075991046521
			2.8864009543355	-2.0726221046293
			2.88453876017141	-2.07448429879339
			2.88267656600733	-2.07634649295747
			2.88267656600733	-2.07820868712156
			2.88081437184324	-2.08007088128565
			2.88081437184324	-2.08193307544974
			2.87895217767915	-2.08193307544974
			2.87708998351506	-2.08379526961382
			2.87708998351506	-2.08565746377791
			2.87522778935098	-2.087519657942
			2.87336559518689	-2.087519657942
			2.87336559518689	-2.08938185210608
			2.8715034010228	-2.09124404627017
			2.86964120685871	-2.09124404627017
			2.86777901269463	-2.09310624043426
			2.86777901269463	-2.09496843459835
			2.86591681853054	-2.09496843459835
			2.86405462436645	-2.09683062876243
			2.86219243020236	-2.09869282292652
			2.86033023603828	-2.10055501709061
			2.85846804187419	-2.1024172112547
			2.8566058477101	-2.1024172112547
			2.85474365354601	-2.10427940541878
			2.85288145938193	-2.10614159958287
			2.85101926521784	-2.10614159958287
			2.84915707105375	-2.10800379374696
			2.84729487688966	-2.10800379374696
			2.84543268272558	-2.10986598791105
			2.84357048856149	-2.10986598791105
			2.8417082943974	-2.11172818207513
			2.83984610023332	-2.11172818207513
			2.83798390606923	-2.11359037623922
			2.83612171190514	-2.11359037623922
			2.83425951774105	-2.11545257040331
			2.83239732357697	-2.11545257040331
			2.83053512941288	-2.11545257040331
			2.82867293524879	-2.1173147645674
			2.8268107410847	-2.1173147645674
			2.8268107410847	-2.11917695873148
			2.82494854692062	-2.11917695873148
			2.82308635275653	-2.11917695873148
			2.82122415859244	-2.12103915289557
			2.81936196442835	-2.12103915289557
			2.81749977026427	-2.12103915289557
			2.81563757610018	-2.12103915289557
			2.81377538193609	-2.12290134705966
			2.811913187772	-2.12290134705966
			2.81005099360792	-2.12290134705966
			2.80818879944383	-2.12476354122375
			2.80632660527974	-2.12476354122375
			2.80446441111565	-2.12476354122375
			2.80260221695157	-2.12476354122375
			2.80074002278748	-2.12662573538783
			2.79887782862339	-2.12662573538783
			2.7970156344593	-2.12662573538783
			2.79515344029522	-2.12662573538783
			2.79329124613113	-2.12662573538783
			2.79142905196704	-2.12662573538783
			2.79142905196704	-2.12848792955192
			2.78956685780295	-2.12848792955192
			2.78770466363887	-2.12848792955192
			2.78584246947478	-2.12848792955192
			2.78398027531069	-2.12848792955192
			2.78211808114661	-2.12848792955192
			2.78025588698252	-2.12848792955192
			2.77839369281843	-2.13035012371601
			2.77653149865434	-2.13035012371601
			2.77466930449026	-2.13035012371601
			2.77280711032617	-2.13035012371601
			2.77094491616208	-2.13035012371601
			2.76908272199799	-2.13035012371601
			2.76722052783391	-2.13035012371601
			2.76535833366982	-2.13035012371601
			2.76349613950573	-2.13035012371601
			2.76163394534164	-2.13035012371601
			2.75977175117756	-2.1322123178801
			2.75790955701347	-2.1322123178801
			2.75604736284938	-2.1322123178801
			2.75418516868529	-2.1322123178801
			2.75232297452121	-2.1322123178801
			2.75046078035712	-2.1322123178801
			2.74859858619303	-2.1322123178801
			2.74673639202894	-2.1322123178801
			2.74487419786486	-2.1322123178801
			2.74301200370077	-2.1322123178801
			2.74114980953668	-2.1322123178801
			2.73928761537259	-2.1322123178801
			2.73742542120851	-2.1322123178801
			2.73556322704442	-2.1322123178801
			2.73370103288033	-2.1322123178801
			2.73183883871624	-2.1322123178801
			2.72997664455216	-2.1322123178801
			2.72811445038807	-2.1322123178801
			2.72625225622398	-2.1322123178801
			2.7243900620599	-2.1322123178801
			2.72252786789581	-2.1322123178801
			2.72066567373172	-2.1322123178801
			2.71880347956763	-2.1322123178801
			2.71694128540355	-2.1322123178801
			2.71507909123946	-2.1322123178801
			2.71321689707537	-2.1322123178801
			2.71135470291128	-2.1322123178801
			2.7094925087472	-2.1322123178801
			2.70763031458311	-2.1322123178801
			2.70576812041902	-2.1322123178801
			2.70390592625493	-2.13035012371601
			2.70204373209085	-2.13035012371601
			2.70018153792676	-2.13035012371601
			2.69831934376267	-2.13035012371601
			2.69645714959858	-2.13035012371601
			2.6945949554345	-2.13035012371601
			2.69273276127041	-2.13035012371601
			2.69087056710632	-2.13035012371601
			2.69087056710632	-2.1322123178801
			2.68900837294223	-2.1322123178801
			2.68714617877815	-2.1322123178801
			2.68528398461406	-2.13407451204418
			2.68342179044997	-2.13407451204418
			2.68155959628588	-2.13407451204418
			2.6796974021218	-2.13593670620827
			2.67783520795771	-2.13593670620827
			2.67597301379362	-2.13779890037236
			2.67411081962953	-2.13779890037236
			2.67224862546545	-2.13966109453645
			2.67038643130136	-2.13966109453645
			2.66852423713727	-2.13966109453645
			2.66666204297319	-2.14152328870053
			2.6647998488091	-2.14152328870053
			2.66293765464501	-2.14338548286462
			2.66107546048092	-2.14338548286462
			2.65921326631684	-2.14524767702871
			2.65735107215275	-2.14524767702871
			2.65548887798866	-2.14710987119279
			2.65362668382457	-2.14710987119279
			2.65176448966049	-2.14710987119279
			2.6499022954964	-2.14897206535688
			2.64804010133231	-2.14897206535688
			2.64617790716822	-2.15083425952097
			2.64431571300414	-2.15083425952097
			2.64245351884005	-2.15269645368506
			2.64059132467596	-2.15455864784914
			2.63872913051187	-2.15455864784914
			2.63686693634779	-2.15642084201323
			2.6350047421837	-2.15642084201323
			2.63314254801961	-2.15828303617732
			2.63128035385552	-2.16014523034141
			2.62941815969144	-2.16014523034141
			2.62755596552735	-2.16200742450549
			2.62569377136326	-2.16200742450549
			2.62383157719917	-2.16386961866958
			2.62196938303509	-2.16386961866958
			2.620107188871	-2.16573181283367
			2.61824499470691	-2.16759400699776
			2.61638280054282	-2.16759400699776
			2.61452060637874	-2.16945620116184
			2.61265841221465	-2.16945620116184
			2.61079621805056	-2.17131839532593
			2.60893402388647	-2.17318058949002
			2.60707182972239	-2.17318058949002
			2.6052096355583	-2.17504278365411
			2.60334744139421	-2.17504278365411
			2.60148524723013	-2.17690497781819
			2.60148524723013	-2.17876717198228
			2.59962305306604	-2.17876717198228
			2.59776085890195	-2.18062936614637
			2.59589866473786	-2.18249156031046
			2.59403647057378	-2.18249156031046
			2.59217427640969	-2.18435375447454
			2.5903120822456	-2.18621594863863
			2.58844988808151	-2.18807814280272
			2.58658769391743	-2.18994033696681
			2.58472549975334	-2.18994033696681
			2.58286330558925	-2.19180253113089
			2.58100111142516	-2.19366472529498
			2.57913891726108	-2.19552691945907
		</curvaI_espina_dorsal>
	</curves.scaled>
	<ruler.points type=matrix rownames=TRUE colnames=FALSE nrow=2 ncol=2 as.numeric=TRUE >
		Ruler point 1	1569	576
		Ruler point 2	2106	575
	</ruler.points>
</shapes>

