<shapes type=list>
	<ruler.pixel type=vector names=FALSE length=1 as.numeric=TRUE >539.003710562367</ruler.pixel>
	<ruler.interval type=vector names=FALSE length=1 as.numeric=TRUE >1</ruler.interval>
	<scaling.units type=vector names=FALSE length=1 as.numeric=FALSE >mm</scaling.units>
	<scaling type=vector names=FALSE length=1 as.numeric=TRUE >0.00186561969275678</scaling>
	<landmarks.pixel type=matrix rownames=TRUE colnames=FALSE nrow=7 ncol=2 as.numeric=TRUE >
		punta_espina_dorsal	1803	773
		esq_izq_caparaza	1628	953
		superior_ojo	1811	1183
		inferior_ojo	1843	1319
		derecha_ojo	1877	1241
		izquierda_ojo	1776	1255
		organo_dorsal	1935	1113
	</landmarks.pixel>
	<landmarks.scaled type=matrix rownames=TRUE colnames=FALSE nrow=7 ncol=2 as.numeric=TRUE >
		punta_espina_dorsal	3.36371230604047	-1.44212402250099
		esq_izq_caparaza	3.03722885980803	-1.77793556719721
		superior_ojo	3.37863726358252	-2.20702809653127
		inferior_ojo	3.43833709375074	-2.46075237474619
		derecha_ojo	3.50176816330447	-2.31523403871116
		izquierda_ojo	3.31334057433604	-2.34135271440976
		organo_dorsal	3.60997410548437	-2.07643471803829
	</landmarks.scaled>
	<curves.control type=list>
		<curvaD_espina_dorsal type=matrix rownames=FALSE colnames=FALSE nrow=7 ncol=2 as.numeric=TRUE >
			1803	773
			1823	779
			1850	895
			1867	942
			1862	997
			1886	1062
			1935	1113
		</curvaD_espina_dorsal>
		<curvaI_espina_dorsal type=matrix rownames=FALSE colnames=FALSE nrow=9 ncol=2 as.numeric=TRUE >
			1803	773
			1813	796
			1829	875
			1838	942
			1824	962
			1788	993
			1718	945
			1666	938
			1628	953
		</curvaI_espina_dorsal>
	</curves.control>
	<curves.pixel type=list>
		<curvaD_espina_dorsal type=matrix rownames=FALSE colnames=FALSE nrow=352 ncol=2 as.numeric=TRUE >
			1803	773
			1804	773
			1805	774
			1806	775
			1807	775
			1808	776
			1809	777
			1809	778
			1810	779
			1811	780
			1812	781
			1813	782
			1814	783
			1814	784
			1815	785
			1815	786
			1816	787
			1816	788
			1817	789
			1817	790
			1818	791
			1819	792
			1819	793
			1820	794
			1820	795
			1821	796
			1821	797
			1821	798
			1822	799
			1822	800
			1823	801
			1823	802
			1823	803
			1824	804
			1824	805
			1825	806
			1825	807
			1825	808
			1826	809
			1826	810
			1826	811
			1827	812
			1827	813
			1828	814
			1828	815
			1828	816
			1829	817
			1829	818
			1829	819
			1829	820
			1830	821
			1830	822
			1831	823
			1831	824
			1831	825
			1831	826
			1832	826
			1832	827
			1832	828
			1833	829
			1833	830
			1833	831
			1833	832
			1834	832
			1834	833
			1834	834
			1834	835
			1835	836
			1835	837
			1835	838
			1836	839
			1836	840
			1836	841
			1836	842
			1837	843
			1837	844
			1837	845
			1838	846
			1838	847
			1838	848
			1838	849
			1839	849
			1839	850
			1839	851
			1839	852
			1839	853
			1840	854
			1840	855
			1840	856
			1841	857
			1841	858
			1841	859
			1841	860
			1842	861
			1842	862
			1842	863
			1842	864
			1843	865
			1843	866
			1843	867
			1843	868
			1844	869
			1844	870
			1844	871
			1844	872
			1845	873
			1845	874
			1845	875
			1845	876
			1846	877
			1846	878
			1846	879
			1846	880
			1847	881
			1847	882
			1847	883
			1847	884
			1848	885
			1848	886
			1848	887
			1848	888
			1849	889
			1849	890
			1849	891
			1849	892
			1850	893
			1850	894
			1850	895
			1850	896
			1851	897
			1851	898
			1851	899
			1852	900
			1852	901
			1852	902
			1853	903
			1853	904
			1853	905
			1854	906
			1854	907
			1854	908
			1855	909
			1855	910
			1855	911
			1855	912
			1856	913
			1856	914
			1856	915
			1856	916
			1857	917
			1857	918
			1857	919
			1857	920
			1858	921
			1858	922
			1858	923
			1858	924
			1858	925
			1859	926
			1859	927
			1859	928
			1859	929
			1859	930
			1860	931
			1860	932
			1860	933
			1860	934
			1860	935
			1860	936
			1861	937
			1861	938
			1861	939
			1861	940
			1861	941
			1861	942
			1861	943
			1862	944
			1862	945
			1862	946
			1862	947
			1862	948
			1862	949
			1862	950
			1862	951
			1862	952
			1862	953
			1862	954
			1863	955
			1863	956
			1863	957
			1863	958
			1863	959
			1863	960
			1863	961
			1863	962
			1863	963
			1863	964
			1863	965
			1863	966
			1863	967
			1863	968
			1863	969
			1863	970
			1863	971
			1863	972
			1863	973
			1863	974
			1863	975
			1863	976
			1863	977
			1863	978
			1863	979
			1863	980
			1863	981
			1863	982
			1863	983
			1863	984
			1863	985
			1863	986
			1863	987
			1863	988
			1863	989
			1863	990
			1862	991
			1862	992
			1862	993
			1862	994
			1862	995
			1862	996
			1862	997
			1862	998
			1863	999
			1863	1000
			1864	1001
			1864	1002
			1864	1003
			1865	1004
			1865	1005
			1866	1006
			1866	1007
			1866	1008
			1867	1009
			1867	1010
			1868	1011
			1868	1012
			1868	1013
			1869	1014
			1869	1015
			1870	1016
			1870	1017
			1871	1018
			1871	1019
			1871	1020
			1872	1021
			1872	1022
			1873	1023
			1873	1024
			1874	1025
			1874	1026
			1875	1027
			1875	1028
			1876	1029
			1876	1030
			1877	1031
			1877	1032
			1878	1033
			1878	1034
			1879	1035
			1879	1036
			1880	1037
			1880	1038
			1881	1038
			1881	1039
			1881	1040
			1882	1041
			1882	1042
			1883	1042
			1883	1043
			1884	1044
			1884	1045
			1885	1046
			1885	1047
			1886	1048
			1887	1049
			1887	1050
			1888	1051
			1888	1052
			1889	1053
			1889	1054
			1890	1055
			1891	1056
			1891	1057
			1892	1058
			1893	1059
			1893	1060
			1894	1061
			1895	1062
			1895	1063
			1896	1064
			1896	1065
			1897	1066
			1897	1067
			1898	1067
			1899	1068
			1899	1069
			1900	1070
			1901	1071
			1901	1072
			1902	1073
			1903	1074
			1903	1075
			1904	1076
			1905	1077
			1905	1078
			1906	1079
			1907	1080
			1908	1081
			1909	1082
			1909	1083
			1910	1084
			1911	1085
			1912	1086
			1913	1087
			1913	1088
			1914	1089
			1914	1090
			1915	1090
			1916	1091
			1916	1092
			1917	1093
			1918	1094
			1919	1095
			1920	1096
			1920	1097
			1921	1098
			1922	1099
			1923	1100
			1924	1101
			1925	1102
			1926	1103
			1927	1104
			1928	1105
			1928	1106
			1929	1106
			1929	1107
			1930	1108
			1931	1108
			1931	1109
			1932	1110
			1933	1111
			1934	1112
			1935	1113
		</curvaD_espina_dorsal>
		<curvaI_espina_dorsal type=matrix rownames=FALSE colnames=FALSE nrow=395 ncol=2 as.numeric=TRUE >
			1803	773
			1803	774
			1804	775
			1804	776
			1805	777
			1805	778
			1805	779
			1806	780
			1806	781
			1806	782
			1807	782
			1807	783
			1807	784
			1807	785
			1808	786
			1808	787
			1808	788
			1809	789
			1809	790
			1809	791
			1810	792
			1810	793
			1810	794
			1811	795
			1811	796
			1811	797
			1811	798
			1812	799
			1812	800
			1812	801
			1812	802
			1813	803
			1813	804
			1813	805
			1813	806
			1814	807
			1814	808
			1814	809
			1814	810
			1815	811
			1815	812
			1815	813
			1816	814
			1816	815
			1816	816
			1816	817
			1817	818
			1817	819
			1817	820
			1817	821
			1818	822
			1818	823
			1818	824
			1818	825
			1818	826
			1819	827
			1819	828
			1819	829
			1819	830
			1820	831
			1820	832
			1820	833
			1820	834
			1821	835
			1821	836
			1821	837
			1821	838
			1821	839
			1822	840
			1822	841
			1822	842
			1822	843
			1823	844
			1823	845
			1823	846
			1823	847
			1823	848
			1824	849
			1824	850
			1824	851
			1824	852
			1824	853
			1825	854
			1825	855
			1825	856
			1825	857
			1826	858
			1826	859
			1826	860
			1826	861
			1826	862
			1827	863
			1827	864
			1827	865
			1827	866
			1827	867
			1828	868
			1828	869
			1828	870
			1828	871
			1828	872
			1829	873
			1829	874
			1829	875
			1829	876
			1829	877
			1829	878
			1830	879
			1830	880
			1830	881
			1830	882
			1830	883
			1830	884
			1830	885
			1830	886
			1831	887
			1831	888
			1831	889
			1831	890
			1831	891
			1831	892
			1831	893
			1831	894
			1831	895
			1831	896
			1831	897
			1832	898
			1832	899
			1832	900
			1832	901
			1832	902
			1832	903
			1832	904
			1832	905
			1832	906
			1832	907
			1832	908
			1832	909
			1832	910
			1832	911
			1832	912
			1832	913
			1832	914
			1832	915
			1832	916
			1832	917
			1833	918
			1833	919
			1833	920
			1833	921
			1833	922
			1833	923
			1832	924
			1832	925
			1832	926
			1832	927
			1832	928
			1832	929
			1832	930
			1832	931
			1832	932
			1832	933
			1832	934
			1832	935
			1832	936
			1832	937
			1832	938
			1831	939
			1831	940
			1831	941
			1831	942
			1831	943
			1831	944
			1830	945
			1830	946
			1830	947
			1830	948
			1830	949
			1829	950
			1829	951
			1829	952
			1829	953
			1828	953
			1828	954
			1828	955
			1827	956
			1827	957
			1826	958
			1826	959
			1825	960
			1825	961
			1824	962
			1823	963
			1822	964
			1821	965
			1820	965
			1819	966
			1818	967
			1817	967
			1816	968
			1815	968
			1814	969
			1813	969
			1812	970
			1811	970
			1810	971
			1809	971
			1808	971
			1807	972
			1806	972
			1805	972
			1804	972
			1804	973
			1803	973
			1802	973
			1801	973
			1800	973
			1799	974
			1798	974
			1797	974
			1796	974
			1795	974
			1794	974
			1793	974
			1792	974
			1791	974
			1790	974
			1789	974
			1788	974
			1787	974
			1786	974
			1785	974
			1784	974
			1783	974
			1782	974
			1781	973
			1780	973
			1779	973
			1778	973
			1777	973
			1776	973
			1775	972
			1774	972
			1773	972
			1772	972
			1771	971
			1770	971
			1769	971
			1768	970
			1767	970
			1766	970
			1765	970
			1764	969
			1763	969
			1762	969
			1761	968
			1760	968
			1759	968
			1759	967
			1758	967
			1757	967
			1756	966
			1755	966
			1754	965
			1753	965
			1752	964
			1751	964
			1750	964
			1749	963
			1748	963
			1747	962
			1746	962
			1745	961
			1744	961
			1743	960
			1742	960
			1741	959
			1740	958
			1739	958
			1738	957
			1737	957
			1736	956
			1735	956
			1734	955
			1733	955
			1733	954
			1732	954
			1731	954
			1731	953
			1730	953
			1729	952
			1728	952
			1727	951
			1726	950
			1725	949
			1724	949
			1723	948
			1722	948
			1722	947
			1721	947
			1720	946
			1719	946
			1718	945
			1717	945
			1716	945
			1715	945
			1714	944
			1713	944
			1712	944
			1711	944
			1710	944
			1709	944
			1708	944
			1707	944
			1706	944
			1705	944
			1704	944
			1704	943
			1703	943
			1702	943
			1701	943
			1700	943
			1699	943
			1698	943
			1697	943
			1696	943
			1695	943
			1694	943
			1693	943
			1692	943
			1691	943
			1690	943
			1689	943
			1688	943
			1687	943
			1686	943
			1685	943
			1684	943
			1683	943
			1682	943
			1681	943
			1680	943
			1679	943
			1678	943
			1677	943
			1676	943
			1675	943
			1674	943
			1673	943
			1672	943
			1671	943
			1670	943
			1669	944
			1668	944
			1667	944
			1666	944
			1665	944
			1664	944
			1663	944
			1662	944
			1661	944
			1661	945
			1660	945
			1659	945
			1658	945
			1657	945
			1656	945
			1655	945
			1654	946
			1653	946
			1652	946
			1651	946
			1650	946
			1649	947
			1648	947
			1647	947
			1646	947
			1645	948
			1644	948
			1643	948
			1642	948
			1641	949
			1640	949
			1639	949
			1638	950
			1637	950
			1636	950
			1635	950
			1634	951
			1633	951
			1632	951
			1631	952
			1630	952
			1629	953
			1628	953
		</curvaI_espina_dorsal>
	</curves.pixel>
	<curves.scaled type=list>
		<curvaD_espina_dorsal type=matrix rownames=FALSE colnames=FALSE nrow=352 ncol=2 as.numeric=TRUE >
			3.36371230604047	-1.44212402250099
			3.36557792573323	-1.44212402250099
			3.36744354542598	-1.44398964219375
			3.36930916511874	-1.4458552618865
			3.3711747848115	-1.4458552618865
			3.37304040450425	-1.44772088157926
			3.37490602419701	-1.44958650127202
			3.37490602419701	-1.45145212096477
			3.37677164388977	-1.45331774065753
			3.37863726358252	-1.45518336035029
			3.38050288327528	-1.45704898004304
			3.38236850296804	-1.4589145997358
			3.38423412266079	-1.46078021942856
			3.38423412266079	-1.46264583912131
			3.38609974235355	-1.46451145881407
			3.38609974235355	-1.46637707850683
			3.38796536204631	-1.46824269819958
			3.38796536204631	-1.47010831789234
			3.38983098173907	-1.4719739375851
			3.38983098173907	-1.47383955727785
			3.39169660143182	-1.47570517697061
			3.39356222112458	-1.47757079666337
			3.39356222112458	-1.47943641635612
			3.39542784081734	-1.48130203604888
			3.39542784081734	-1.48316765574164
			3.39729346051009	-1.4850332754344
			3.39729346051009	-1.48689889512715
			3.39729346051009	-1.48876451481991
			3.39915908020285	-1.49063013451267
			3.39915908020285	-1.49249575420542
			3.40102469989561	-1.49436137389818
			3.40102469989561	-1.49622699359094
			3.40102469989561	-1.49809261328369
			3.40289031958836	-1.49995823297645
			3.40289031958836	-1.50182385266921
			3.40475593928112	-1.50368947236196
			3.40475593928112	-1.50555509205472
			3.40475593928112	-1.50742071174748
			3.40662155897388	-1.50928633144023
			3.40662155897388	-1.51115195113299
			3.40662155897388	-1.51301757082575
			3.40848717866663	-1.5148831905185
			3.40848717866663	-1.51674881021126
			3.41035279835939	-1.51861442990402
			3.41035279835939	-1.52048004959677
			3.41035279835939	-1.52234566928953
			3.41221841805215	-1.52421128898229
			3.41221841805215	-1.52607690867504
			3.41221841805215	-1.5279425283678
			3.41221841805215	-1.52980814806056
			3.4140840377449	-1.53167376775331
			3.4140840377449	-1.53353938744607
			3.41594965743766	-1.53540500713883
			3.41594965743766	-1.53727062683158
			3.41594965743766	-1.53913624652434
			3.41594965743766	-1.5410018662171
			3.41781527713042	-1.5410018662171
			3.41781527713042	-1.54286748590986
			3.41781527713042	-1.54473310560261
			3.41968089682317	-1.54659872529537
			3.41968089682317	-1.54846434498813
			3.41968089682317	-1.55032996468088
			3.41968089682317	-1.55219558437364
			3.42154651651593	-1.55219558437364
			3.42154651651593	-1.5540612040664
			3.42154651651593	-1.55592682375915
			3.42154651651593	-1.55779244345191
			3.42341213620869	-1.55965806314467
			3.42341213620869	-1.56152368283742
			3.42341213620869	-1.56338930253018
			3.42527775590144	-1.56525492222294
			3.42527775590144	-1.56712054191569
			3.42527775590144	-1.56898616160845
			3.42527775590144	-1.57085178130121
			3.4271433755942	-1.57271740099396
			3.4271433755942	-1.57458302068672
			3.4271433755942	-1.57644864037948
			3.42900899528696	-1.57831426007223
			3.42900899528696	-1.58017987976499
			3.42900899528696	-1.58204549945775
			3.42900899528696	-1.5839111191505
			3.43087461497971	-1.5839111191505
			3.43087461497971	-1.58577673884326
			3.43087461497971	-1.58764235853602
			3.43087461497971	-1.58950797822877
			3.43087461497971	-1.59137359792153
			3.43274023467247	-1.59323921761429
			3.43274023467247	-1.59510483730704
			3.43274023467247	-1.5969704569998
			3.43460585436523	-1.59883607669256
			3.43460585436523	-1.60070169638532
			3.43460585436523	-1.60256731607807
			3.43460585436523	-1.60443293577083
			3.43647147405798	-1.60629855546359
			3.43647147405798	-1.60816417515634
			3.43647147405798	-1.6100297948491
			3.43647147405798	-1.61189541454186
			3.43833709375074	-1.61376103423461
			3.43833709375074	-1.61562665392737
			3.43833709375074	-1.61749227362013
			3.43833709375074	-1.61935789331288
			3.4402027134435	-1.62122351300564
			3.4402027134435	-1.6230891326984
			3.4402027134435	-1.62495475239115
			3.4402027134435	-1.62682037208391
			3.44206833313625	-1.62868599177667
			3.44206833313625	-1.63055161146942
			3.44206833313625	-1.63241723116218
			3.44206833313625	-1.63428285085494
			3.44393395282901	-1.63614847054769
			3.44393395282901	-1.63801409024045
			3.44393395282901	-1.63987970993321
			3.44393395282901	-1.64174532962596
			3.44579957252177	-1.64361094931872
			3.44579957252177	-1.64547656901148
			3.44579957252177	-1.64734218870423
			3.44579957252177	-1.64920780839699
			3.44766519221453	-1.65107342808975
			3.44766519221453	-1.6529390477825
			3.44766519221453	-1.65480466747526
			3.44766519221453	-1.65667028716802
			3.44953081190728	-1.65853590686078
			3.44953081190728	-1.66040152655353
			3.44953081190728	-1.66226714624629
			3.44953081190728	-1.66413276593905
			3.45139643160004	-1.6659983856318
			3.45139643160004	-1.66786400532456
			3.45139643160004	-1.66972962501732
			3.45139643160004	-1.67159524471007
			3.4532620512928	-1.67346086440283
			3.4532620512928	-1.67532648409559
			3.4532620512928	-1.67719210378834
			3.45512767098555	-1.6790577234811
			3.45512767098555	-1.68092334317386
			3.45512767098555	-1.68278896286661
			3.45699329067831	-1.68465458255937
			3.45699329067831	-1.68652020225213
			3.45699329067831	-1.68838582194488
			3.45885891037107	-1.69025144163764
			3.45885891037107	-1.6921170613304
			3.45885891037107	-1.69398268102315
			3.46072453006382	-1.69584830071591
			3.46072453006382	-1.69771392040867
			3.46072453006382	-1.69957954010142
			3.46072453006382	-1.70144515979418
			3.46259014975658	-1.70331077948694
			3.46259014975658	-1.70517639917969
			3.46259014975658	-1.70704201887245
			3.46259014975658	-1.70890763856521
			3.46445576944934	-1.71077325825797
			3.46445576944934	-1.71263887795072
			3.46445576944934	-1.71450449764348
			3.46445576944934	-1.71637011733624
			3.46632138914209	-1.71823573702899
			3.46632138914209	-1.72010135672175
			3.46632138914209	-1.72196697641451
			3.46632138914209	-1.72383259610726
			3.46632138914209	-1.72569821580002
			3.46818700883485	-1.72756383549278
			3.46818700883485	-1.72942945518553
			3.46818700883485	-1.73129507487829
			3.46818700883485	-1.73316069457105
			3.46818700883485	-1.7350263142638
			3.47005262852761	-1.73689193395656
			3.47005262852761	-1.73875755364932
			3.47005262852761	-1.74062317334207
			3.47005262852761	-1.74248879303483
			3.47005262852761	-1.74435441272759
			3.47005262852761	-1.74622003242034
			3.47191824822036	-1.7480856521131
			3.47191824822036	-1.74995127180586
			3.47191824822036	-1.75181689149861
			3.47191824822036	-1.75368251119137
			3.47191824822036	-1.75554813088413
			3.47191824822036	-1.75741375057688
			3.47191824822036	-1.75927937026964
			3.47378386791312	-1.7611449899624
			3.47378386791312	-1.76301060965515
			3.47378386791312	-1.76487622934791
			3.47378386791312	-1.76674184904067
			3.47378386791312	-1.76860746873343
			3.47378386791312	-1.77047308842618
			3.47378386791312	-1.77233870811894
			3.47378386791312	-1.7742043278117
			3.47378386791312	-1.77606994750445
			3.47378386791312	-1.77793556719721
			3.47378386791312	-1.77980118688997
			3.47564948760588	-1.78166680658272
			3.47564948760588	-1.78353242627548
			3.47564948760588	-1.78539804596824
			3.47564948760588	-1.78726366566099
			3.47564948760588	-1.78912928535375
			3.47564948760588	-1.79099490504651
			3.47564948760588	-1.79286052473926
			3.47564948760588	-1.79472614443202
			3.47564948760588	-1.79659176412478
			3.47564948760588	-1.79845738381753
			3.47564948760588	-1.80032300351029
			3.47564948760588	-1.80218862320305
			3.47564948760588	-1.8040542428958
			3.47564948760588	-1.80591986258856
			3.47564948760588	-1.80778548228132
			3.47564948760588	-1.80965110197407
			3.47564948760588	-1.81151672166683
			3.47564948760588	-1.81338234135959
			3.47564948760588	-1.81524796105234
			3.47564948760588	-1.8171135807451
			3.47564948760588	-1.81897920043786
			3.47564948760588	-1.82084482013062
			3.47564948760588	-1.82271043982337
			3.47564948760588	-1.82457605951613
			3.47564948760588	-1.82644167920889
			3.47564948760588	-1.82830729890164
			3.47564948760588	-1.8301729185944
			3.47564948760588	-1.83203853828716
			3.47564948760588	-1.83390415797991
			3.47564948760588	-1.83576977767267
			3.47564948760588	-1.83763539736543
			3.47564948760588	-1.83950101705818
			3.47564948760588	-1.84136663675094
			3.47564948760588	-1.8432322564437
			3.47564948760588	-1.84509787613645
			3.47564948760588	-1.84696349582921
			3.47378386791312	-1.84882911552197
			3.47378386791312	-1.85069473521472
			3.47378386791312	-1.85256035490748
			3.47378386791312	-1.85442597460024
			3.47378386791312	-1.85629159429299
			3.47378386791312	-1.85815721398575
			3.47378386791312	-1.86002283367851
			3.47378386791312	-1.86188845337126
			3.47564948760588	-1.86375407306402
			3.47564948760588	-1.86561969275678
			3.47751510729863	-1.86748531244953
			3.47751510729863	-1.86935093214229
			3.47751510729863	-1.87121655183505
			3.47938072699139	-1.8730821715278
			3.47938072699139	-1.87494779122056
			3.48124634668415	-1.87681341091332
			3.48124634668415	-1.87867903060608
			3.48124634668415	-1.88054465029883
			3.4831119663769	-1.88241026999159
			3.4831119663769	-1.88427588968435
			3.48497758606966	-1.8861415093771
			3.48497758606966	-1.88800712906986
			3.48497758606966	-1.88987274876262
			3.48684320576242	-1.89173836845537
			3.48684320576242	-1.89360398814813
			3.48870882545517	-1.89546960784089
			3.48870882545517	-1.89733522753364
			3.49057444514793	-1.8992008472264
			3.49057444514793	-1.90106646691916
			3.49057444514793	-1.90293208661191
			3.49244006484069	-1.90479770630467
			3.49244006484069	-1.90666332599743
			3.49430568453344	-1.90852894569018
			3.49430568453344	-1.91039456538294
			3.4961713042262	-1.9122601850757
			3.4961713042262	-1.91412580476845
			3.49803692391896	-1.91599142446121
			3.49803692391896	-1.91785704415397
			3.49990254361171	-1.91972266384672
			3.49990254361171	-1.92158828353948
			3.50176816330447	-1.92345390323224
			3.50176816330447	-1.92531952292499
			3.50363378299723	-1.92718514261775
			3.50363378299723	-1.92905076231051
			3.50549940268999	-1.93091638200326
			3.50549940268999	-1.93278200169602
			3.50736502238274	-1.93464762138878
			3.50736502238274	-1.93651324108154
			3.5092306420755	-1.93651324108154
			3.5092306420755	-1.93837886077429
			3.5092306420755	-1.94024448046705
			3.51109626176826	-1.94211010015981
			3.51109626176826	-1.94397571985256
			3.51296188146101	-1.94397571985256
			3.51296188146101	-1.94584133954532
			3.51482750115377	-1.94770695923808
			3.51482750115377	-1.94957257893083
			3.51669312084653	-1.95143819862359
			3.51669312084653	-1.95330381831635
			3.51855874053928	-1.9551694380091
			3.52042436023204	-1.95703505770186
			3.52042436023204	-1.95890067739462
			3.5222899799248	-1.96076629708737
			3.5222899799248	-1.96263191678013
			3.52415559961755	-1.96449753647289
			3.52415559961755	-1.96636315616564
			3.52602121931031	-1.9682287758584
			3.52788683900307	-1.97009439555116
			3.52788683900307	-1.97196001524391
			3.52975245869582	-1.97382563493667
			3.53161807838858	-1.97569125462943
			3.53161807838858	-1.97755687432218
			3.53348369808134	-1.97942249401494
			3.53534931777409	-1.9812881137077
			3.53534931777409	-1.98315373340045
			3.53721493746685	-1.98501935309321
			3.53721493746685	-1.98688497278597
			3.53908055715961	-1.98875059247872
			3.53908055715961	-1.99061621217148
			3.54094617685236	-1.99061621217148
			3.54281179654512	-1.99248183186424
			3.54281179654512	-1.994347451557
			3.54467741623788	-1.99621307124975
			3.54654303593063	-1.99807869094251
			3.54654303593063	-1.99994431063527
			3.54840865562339	-2.00180993032802
			3.55027427531615	-2.00367555002078
			3.55027427531615	-2.00554116971354
			3.5521398950089	-2.00740678940629
			3.55400551470166	-2.00927240909905
			3.55400551470166	-2.01113802879181
			3.55587113439442	-2.01300364848456
			3.55773675408718	-2.01486926817732
			3.55960237377993	-2.01673488787008
			3.56146799347269	-2.01860050756283
			3.56146799347269	-2.02046612725559
			3.56333361316545	-2.02233174694835
			3.5651992328582	-2.0241973666411
			3.56706485255096	-2.02606298633386
			3.56893047224372	-2.02792860602662
			3.56893047224372	-2.02979422571937
			3.57079609193647	-2.03165984541213
			3.57079609193647	-2.03352546510489
			3.57266171162923	-2.03352546510489
			3.57452733132199	-2.03539108479764
			3.57452733132199	-2.0372567044904
			3.57639295101474	-2.03912232418316
			3.5782585707075	-2.04098794387591
			3.58012419040026	-2.04285356356867
			3.58198981009301	-2.04471918326143
			3.58198981009301	-2.04658480295419
			3.58385542978577	-2.04845042264694
			3.58572104947853	-2.0503160423397
			3.58758666917128	-2.05218166203246
			3.58945228886404	-2.05404728172521
			3.5913179085568	-2.05591290141797
			3.59318352824955	-2.05777852111073
			3.59504914794231	-2.05964414080348
			3.59691476763507	-2.06150976049624
			3.59691476763507	-2.063375380189
			3.59878038732782	-2.063375380189
			3.59878038732782	-2.06524099988175
			3.60064600702058	-2.06710661957451
			3.60251162671334	-2.06710661957451
			3.60251162671334	-2.06897223926727
			3.60437724640609	-2.07083785896002
			3.60624286609885	-2.07270347865278
			3.60810848579161	-2.07456909834554
			3.60997410548437	-2.07643471803829
		</curvaD_espina_dorsal>
		<curvaI_espina_dorsal type=matrix rownames=FALSE colnames=FALSE nrow=395 ncol=2 as.numeric=TRUE >
			3.36371230604047	-1.44212402250099
			3.36371230604047	-1.44398964219375
			3.36557792573323	-1.4458552618865
			3.36557792573323	-1.44772088157926
			3.36744354542598	-1.44958650127202
			3.36744354542598	-1.45145212096477
			3.36744354542598	-1.45331774065753
			3.36930916511874	-1.45518336035029
			3.36930916511874	-1.45704898004304
			3.36930916511874	-1.4589145997358
			3.3711747848115	-1.4589145997358
			3.3711747848115	-1.46078021942856
			3.3711747848115	-1.46264583912131
			3.3711747848115	-1.46451145881407
			3.37304040450425	-1.46637707850683
			3.37304040450425	-1.46824269819958
			3.37304040450425	-1.47010831789234
			3.37490602419701	-1.4719739375851
			3.37490602419701	-1.47383955727785
			3.37490602419701	-1.47570517697061
			3.37677164388977	-1.47757079666337
			3.37677164388977	-1.47943641635612
			3.37677164388977	-1.48130203604888
			3.37863726358252	-1.48316765574164
			3.37863726358252	-1.4850332754344
			3.37863726358252	-1.48689889512715
			3.37863726358252	-1.48876451481991
			3.38050288327528	-1.49063013451267
			3.38050288327528	-1.49249575420542
			3.38050288327528	-1.49436137389818
			3.38050288327528	-1.49622699359094
			3.38236850296804	-1.49809261328369
			3.38236850296804	-1.49995823297645
			3.38236850296804	-1.50182385266921
			3.38236850296804	-1.50368947236196
			3.38423412266079	-1.50555509205472
			3.38423412266079	-1.50742071174748
			3.38423412266079	-1.50928633144023
			3.38423412266079	-1.51115195113299
			3.38609974235355	-1.51301757082575
			3.38609974235355	-1.5148831905185
			3.38609974235355	-1.51674881021126
			3.38796536204631	-1.51861442990402
			3.38796536204631	-1.52048004959677
			3.38796536204631	-1.52234566928953
			3.38796536204631	-1.52421128898229
			3.38983098173907	-1.52607690867504
			3.38983098173907	-1.5279425283678
			3.38983098173907	-1.52980814806056
			3.38983098173907	-1.53167376775331
			3.39169660143182	-1.53353938744607
			3.39169660143182	-1.53540500713883
			3.39169660143182	-1.53727062683158
			3.39169660143182	-1.53913624652434
			3.39169660143182	-1.5410018662171
			3.39356222112458	-1.54286748590986
			3.39356222112458	-1.54473310560261
			3.39356222112458	-1.54659872529537
			3.39356222112458	-1.54846434498813
			3.39542784081734	-1.55032996468088
			3.39542784081734	-1.55219558437364
			3.39542784081734	-1.5540612040664
			3.39542784081734	-1.55592682375915
			3.39729346051009	-1.55779244345191
			3.39729346051009	-1.55965806314467
			3.39729346051009	-1.56152368283742
			3.39729346051009	-1.56338930253018
			3.39729346051009	-1.56525492222294
			3.39915908020285	-1.56712054191569
			3.39915908020285	-1.56898616160845
			3.39915908020285	-1.57085178130121
			3.39915908020285	-1.57271740099396
			3.40102469989561	-1.57458302068672
			3.40102469989561	-1.57644864037948
			3.40102469989561	-1.57831426007223
			3.40102469989561	-1.58017987976499
			3.40102469989561	-1.58204549945775
			3.40289031958836	-1.5839111191505
			3.40289031958836	-1.58577673884326
			3.40289031958836	-1.58764235853602
			3.40289031958836	-1.58950797822877
			3.40289031958836	-1.59137359792153
			3.40475593928112	-1.59323921761429
			3.40475593928112	-1.59510483730704
			3.40475593928112	-1.5969704569998
			3.40475593928112	-1.59883607669256
			3.40662155897388	-1.60070169638532
			3.40662155897388	-1.60256731607807
			3.40662155897388	-1.60443293577083
			3.40662155897388	-1.60629855546359
			3.40662155897388	-1.60816417515634
			3.40848717866663	-1.6100297948491
			3.40848717866663	-1.61189541454186
			3.40848717866663	-1.61376103423461
			3.40848717866663	-1.61562665392737
			3.40848717866663	-1.61749227362013
			3.41035279835939	-1.61935789331288
			3.41035279835939	-1.62122351300564
			3.41035279835939	-1.6230891326984
			3.41035279835939	-1.62495475239115
			3.41035279835939	-1.62682037208391
			3.41221841805215	-1.62868599177667
			3.41221841805215	-1.63055161146942
			3.41221841805215	-1.63241723116218
			3.41221841805215	-1.63428285085494
			3.41221841805215	-1.63614847054769
			3.41221841805215	-1.63801409024045
			3.4140840377449	-1.63987970993321
			3.4140840377449	-1.64174532962596
			3.4140840377449	-1.64361094931872
			3.4140840377449	-1.64547656901148
			3.4140840377449	-1.64734218870423
			3.4140840377449	-1.64920780839699
			3.4140840377449	-1.65107342808975
			3.4140840377449	-1.6529390477825
			3.41594965743766	-1.65480466747526
			3.41594965743766	-1.65667028716802
			3.41594965743766	-1.65853590686078
			3.41594965743766	-1.66040152655353
			3.41594965743766	-1.66226714624629
			3.41594965743766	-1.66413276593905
			3.41594965743766	-1.6659983856318
			3.41594965743766	-1.66786400532456
			3.41594965743766	-1.66972962501732
			3.41594965743766	-1.67159524471007
			3.41594965743766	-1.67346086440283
			3.41781527713042	-1.67532648409559
			3.41781527713042	-1.67719210378834
			3.41781527713042	-1.6790577234811
			3.41781527713042	-1.68092334317386
			3.41781527713042	-1.68278896286661
			3.41781527713042	-1.68465458255937
			3.41781527713042	-1.68652020225213
			3.41781527713042	-1.68838582194488
			3.41781527713042	-1.69025144163764
			3.41781527713042	-1.6921170613304
			3.41781527713042	-1.69398268102315
			3.41781527713042	-1.69584830071591
			3.41781527713042	-1.69771392040867
			3.41781527713042	-1.69957954010142
			3.41781527713042	-1.70144515979418
			3.41781527713042	-1.70331077948694
			3.41781527713042	-1.70517639917969
			3.41781527713042	-1.70704201887245
			3.41781527713042	-1.70890763856521
			3.41781527713042	-1.71077325825797
			3.41968089682317	-1.71263887795072
			3.41968089682317	-1.71450449764348
			3.41968089682317	-1.71637011733624
			3.41968089682317	-1.71823573702899
			3.41968089682317	-1.72010135672175
			3.41968089682317	-1.72196697641451
			3.41781527713042	-1.72383259610726
			3.41781527713042	-1.72569821580002
			3.41781527713042	-1.72756383549278
			3.41781527713042	-1.72942945518553
			3.41781527713042	-1.73129507487829
			3.41781527713042	-1.73316069457105
			3.41781527713042	-1.7350263142638
			3.41781527713042	-1.73689193395656
			3.41781527713042	-1.73875755364932
			3.41781527713042	-1.74062317334207
			3.41781527713042	-1.74248879303483
			3.41781527713042	-1.74435441272759
			3.41781527713042	-1.74622003242034
			3.41781527713042	-1.7480856521131
			3.41781527713042	-1.74995127180586
			3.41594965743766	-1.75181689149861
			3.41594965743766	-1.75368251119137
			3.41594965743766	-1.75554813088413
			3.41594965743766	-1.75741375057688
			3.41594965743766	-1.75927937026964
			3.41594965743766	-1.7611449899624
			3.4140840377449	-1.76301060965515
			3.4140840377449	-1.76487622934791
			3.4140840377449	-1.76674184904067
			3.4140840377449	-1.76860746873343
			3.4140840377449	-1.77047308842618
			3.41221841805215	-1.77233870811894
			3.41221841805215	-1.7742043278117
			3.41221841805215	-1.77606994750445
			3.41221841805215	-1.77793556719721
			3.41035279835939	-1.77793556719721
			3.41035279835939	-1.77980118688997
			3.41035279835939	-1.78166680658272
			3.40848717866663	-1.78353242627548
			3.40848717866663	-1.78539804596824
			3.40662155897388	-1.78726366566099
			3.40662155897388	-1.78912928535375
			3.40475593928112	-1.79099490504651
			3.40475593928112	-1.79286052473926
			3.40289031958836	-1.79472614443202
			3.40102469989561	-1.79659176412478
			3.39915908020285	-1.79845738381753
			3.39729346051009	-1.80032300351029
			3.39542784081734	-1.80032300351029
			3.39356222112458	-1.80218862320305
			3.39169660143182	-1.8040542428958
			3.38983098173907	-1.8040542428958
			3.38796536204631	-1.80591986258856
			3.38609974235355	-1.80591986258856
			3.38423412266079	-1.80778548228132
			3.38236850296804	-1.80778548228132
			3.38050288327528	-1.80965110197407
			3.37863726358252	-1.80965110197407
			3.37677164388977	-1.81151672166683
			3.37490602419701	-1.81151672166683
			3.37304040450425	-1.81151672166683
			3.3711747848115	-1.81338234135959
			3.36930916511874	-1.81338234135959
			3.36744354542598	-1.81338234135959
			3.36557792573323	-1.81338234135959
			3.36557792573323	-1.81524796105234
			3.36371230604047	-1.81524796105234
			3.36184668634771	-1.81524796105234
			3.35998106665496	-1.81524796105234
			3.3581154469622	-1.81524796105234
			3.35624982726944	-1.8171135807451
			3.35438420757669	-1.8171135807451
			3.35251858788393	-1.8171135807451
			3.35065296819117	-1.8171135807451
			3.34878734849842	-1.8171135807451
			3.34692172880566	-1.8171135807451
			3.3450561091129	-1.8171135807451
			3.34319048942015	-1.8171135807451
			3.34132486972739	-1.8171135807451
			3.33945925003463	-1.8171135807451
			3.33759363034188	-1.8171135807451
			3.33572801064912	-1.8171135807451
			3.33386239095636	-1.8171135807451
			3.33199677126361	-1.8171135807451
			3.33013115157085	-1.8171135807451
			3.32826553187809	-1.8171135807451
			3.32639991218533	-1.8171135807451
			3.32453429249258	-1.8171135807451
			3.32266867279982	-1.81524796105234
			3.32080305310706	-1.81524796105234
			3.31893743341431	-1.81524796105234
			3.31707181372155	-1.81524796105234
			3.31520619402879	-1.81524796105234
			3.31334057433604	-1.81524796105234
			3.31147495464328	-1.81338234135959
			3.30960933495052	-1.81338234135959
			3.30774371525777	-1.81338234135959
			3.30587809556501	-1.81338234135959
			3.30401247587225	-1.81151672166683
			3.3021468561795	-1.81151672166683
			3.30028123648674	-1.81151672166683
			3.29841561679398	-1.80965110197407
			3.29654999710123	-1.80965110197407
			3.29468437740847	-1.80965110197407
			3.29281875771571	-1.80965110197407
			3.29095313802296	-1.80778548228132
			3.2890875183302	-1.80778548228132
			3.28722189863744	-1.80778548228132
			3.28535627894469	-1.80591986258856
			3.28349065925193	-1.80591986258856
			3.28162503955917	-1.80591986258856
			3.28162503955917	-1.8040542428958
			3.27975941986642	-1.8040542428958
			3.27789380017366	-1.8040542428958
			3.2760281804809	-1.80218862320305
			3.27416256078814	-1.80218862320305
			3.27229694109539	-1.80032300351029
			3.27043132140263	-1.80032300351029
			3.26856570170987	-1.79845738381753
			3.26670008201712	-1.79845738381753
			3.26483446232436	-1.79845738381753
			3.2629688426316	-1.79659176412478
			3.26110322293885	-1.79659176412478
			3.25923760324609	-1.79472614443202
			3.25737198355333	-1.79472614443202
			3.25550636386058	-1.79286052473926
			3.25364074416782	-1.79286052473926
			3.25177512447506	-1.79099490504651
			3.24990950478231	-1.79099490504651
			3.24804388508955	-1.78912928535375
			3.24617826539679	-1.78726366566099
			3.24431264570404	-1.78726366566099
			3.24244702601128	-1.78539804596824
			3.24058140631852	-1.78539804596824
			3.23871578662577	-1.78353242627548
			3.23685016693301	-1.78353242627548
			3.23498454724025	-1.78166680658272
			3.2331189275475	-1.78166680658272
			3.2331189275475	-1.77980118688997
			3.23125330785474	-1.77980118688997
			3.22938768816198	-1.77980118688997
			3.22938768816198	-1.77793556719721
			3.22752206846923	-1.77793556719721
			3.22565644877647	-1.77606994750445
			3.22379082908371	-1.77606994750445
			3.22192520939095	-1.7742043278117
			3.2200595896982	-1.77233870811894
			3.21819397000544	-1.77047308842618
			3.21632835031268	-1.77047308842618
			3.21446273061993	-1.76860746873343
			3.21259711092717	-1.76860746873343
			3.21259711092717	-1.76674184904067
			3.21073149123441	-1.76674184904067
			3.20886587154166	-1.76487622934791
			3.2070002518489	-1.76487622934791
			3.20513463215614	-1.76301060965515
			3.20326901246339	-1.76301060965515
			3.20140339277063	-1.76301060965515
			3.19953777307787	-1.76301060965515
			3.19767215338512	-1.7611449899624
			3.19580653369236	-1.7611449899624
			3.1939409139996	-1.7611449899624
			3.19207529430685	-1.7611449899624
			3.19020967461409	-1.7611449899624
			3.18834405492133	-1.7611449899624
			3.18647843522858	-1.7611449899624
			3.18461281553582	-1.7611449899624
			3.18274719584306	-1.7611449899624
			3.18088157615031	-1.7611449899624
			3.17901595645755	-1.7611449899624
			3.17901595645755	-1.75927937026964
			3.17715033676479	-1.75927937026964
			3.17528471707204	-1.75927937026964
			3.17341909737928	-1.75927937026964
			3.17155347768652	-1.75927937026964
			3.16968785799377	-1.75927937026964
			3.16782223830101	-1.75927937026964
			3.16595661860825	-1.75927937026964
			3.1640909989155	-1.75927937026964
			3.16222537922274	-1.75927937026964
			3.16035975952998	-1.75927937026964
			3.15849413983722	-1.75927937026964
			3.15662852014447	-1.75927937026964
			3.15476290045171	-1.75927937026964
			3.15289728075895	-1.75927937026964
			3.1510316610662	-1.75927937026964
			3.14916604137344	-1.75927937026964
			3.14730042168068	-1.75927937026964
			3.14543480198793	-1.75927937026964
			3.14356918229517	-1.75927937026964
			3.14170356260241	-1.75927937026964
			3.13983794290966	-1.75927937026964
			3.1379723232169	-1.75927937026964
			3.13610670352414	-1.75927937026964
			3.13424108383139	-1.75927937026964
			3.13237546413863	-1.75927937026964
			3.13050984444587	-1.75927937026964
			3.12864422475312	-1.75927937026964
			3.12677860506036	-1.75927937026964
			3.1249129853676	-1.75927937026964
			3.12304736567485	-1.75927937026964
			3.12118174598209	-1.75927937026964
			3.11931612628933	-1.75927937026964
			3.11745050659658	-1.75927937026964
			3.11558488690382	-1.75927937026964
			3.11371926721106	-1.7611449899624
			3.11185364751831	-1.7611449899624
			3.10998802782555	-1.7611449899624
			3.10812240813279	-1.7611449899624
			3.10625678844003	-1.7611449899624
			3.10439116874728	-1.7611449899624
			3.10252554905452	-1.7611449899624
			3.10065992936176	-1.7611449899624
			3.09879430966901	-1.7611449899624
			3.09879430966901	-1.76301060965515
			3.09692868997625	-1.76301060965515
			3.09506307028349	-1.76301060965515
			3.09319745059074	-1.76301060965515
			3.09133183089798	-1.76301060965515
			3.08946621120522	-1.76301060965515
			3.08760059151247	-1.76301060965515
			3.08573497181971	-1.76487622934791
			3.08386935212695	-1.76487622934791
			3.0820037324342	-1.76487622934791
			3.08013811274144	-1.76487622934791
			3.07827249304868	-1.76487622934791
			3.07640687335593	-1.76674184904067
			3.07454125366317	-1.76674184904067
			3.07267563397041	-1.76674184904067
			3.07081001427766	-1.76674184904067
			3.0689443945849	-1.76860746873343
			3.06707877489214	-1.76860746873343
			3.06521315519939	-1.76860746873343
			3.06334753550663	-1.76860746873343
			3.06148191581387	-1.77047308842618
			3.05961629612112	-1.77047308842618
			3.05775067642836	-1.77047308842618
			3.0558850567356	-1.77233870811894
			3.05401943704285	-1.77233870811894
			3.05215381735009	-1.77233870811894
			3.05028819765733	-1.77233870811894
			3.04842257796457	-1.7742043278117
			3.04655695827182	-1.7742043278117
			3.04469133857906	-1.7742043278117
			3.0428257188863	-1.77606994750445
			3.04096009919355	-1.77606994750445
			3.03909447950079	-1.77793556719721
			3.03722885980803	-1.77793556719721
		</curvaI_espina_dorsal>
	</curves.scaled>
	<ruler.points type=matrix rownames=TRUE colnames=FALSE nrow=2 ncol=2 as.numeric=TRUE >
		Ruler point 1	1519	537
		Ruler point 2	2055	533
	</ruler.points>
</shapes>

