<shapes type=list>
	<ruler.pixel type=vector names=FALSE length=1 as.numeric=TRUE >539.003710562367</ruler.pixel>
	<ruler.interval type=vector names=FALSE length=1 as.numeric=TRUE >1</ruler.interval>
	<scaling.units type=vector names=FALSE length=1 as.numeric=FALSE >mm</scaling.units>
	<scaling type=vector names=FALSE length=1 as.numeric=TRUE >0.00186561969275678</scaling>
	<landmarks.pixel type=matrix rownames=TRUE colnames=FALSE nrow=7 ncol=2 as.numeric=TRUE >
		punta_espina_dorsal	1470	761
		esq_izq_caparaza	1446	1053
		superior_ojo	1727	1106
		inferior_ojo	1820	1217
		derecha_ojo	1819	1128
		izquierda_ojo	1730	1200
		organo_dorsal	1771	980
	</landmarks.pixel>
	<landmarks.scaled type=matrix rownames=TRUE colnames=FALSE nrow=7 ncol=2 as.numeric=TRUE >
		punta_espina_dorsal	2.74246094835246	-1.41973658618791
		esq_izq_caparaza	2.6976860757263	-1.96449753647289
		superior_ojo	3.22192520939095	-2.063375380189
		inferior_ojo	3.39542784081734	-2.270459166085
		derecha_ojo	3.39356222112458	-2.10441901342965
		izquierda_ojo	3.22752206846923	-2.23874363130813
		organo_dorsal	3.30401247587225	-1.82830729890164
	</landmarks.scaled>
	<curves.control type=list>
		<curvaD_espina_dorsal type=matrix rownames=FALSE colnames=FALSE nrow=7 ncol=2 as.numeric=TRUE >
			1470	761
			1484	765
			1517	789
			1569	820
			1638	895
			1649	949
			1771	980
		</curvaD_espina_dorsal>
		<curvaI_espina_dorsal type=matrix rownames=FALSE colnames=FALSE nrow=9 ncol=2 as.numeric=TRUE >
			1470	761
			1513	796
			1536	821
			1589	870
			1601	909
			1568	959
			1499	962
			1449	1005
			1446	1053
		</curvaI_espina_dorsal>
	</curves.control>
	<curves.pixel type=list>
		<curvaD_espina_dorsal type=matrix rownames=FALSE colnames=FALSE nrow=331 ncol=2 as.numeric=TRUE >
			1470	761
			1471	761
			1472	762
			1473	762
			1474	762
			1475	763
			1476	763
			1477	764
			1478	764
			1479	765
			1480	765
			1481	766
			1482	766
			1483	767
			1484	767
			1485	768
			1486	769
			1487	769
			1488	770
			1489	770
			1490	771
			1491	771
			1492	772
			1493	773
			1494	773
			1495	774
			1496	774
			1497	775
			1498	776
			1499	777
			1500	777
			1501	778
			1502	778
			1502	779
			1503	779
			1504	780
			1505	781
			1506	781
			1507	782
			1508	782
			1509	783
			1509	784
			1510	784
			1511	785
			1512	785
			1513	786
			1514	787
			1515	787
			1516	788
			1517	789
			1518	789
			1519	790
			1520	791
			1521	791
			1522	792
			1523	793
			1524	793
			1525	794
			1526	795
			1527	796
			1528	796
			1529	796
			1529	797
			1530	797
			1531	798
			1532	799
			1533	800
			1534	800
			1535	801
			1536	801
			1537	802
			1538	803
			1539	804
			1540	804
			1541	805
			1542	806
			1543	807
			1544	807
			1545	808
			1546	809
			1547	809
			1548	810
			1549	811
			1550	812
			1551	813
			1552	813
			1553	814
			1554	815
			1555	816
			1556	817
			1557	817
			1558	818
			1559	819
			1560	820
			1561	821
			1562	822
			1563	822
			1564	823
			1565	824
			1566	825
			1567	826
			1568	827
			1569	827
			1570	828
			1570	829
			1571	829
			1572	830
			1573	831
			1574	832
			1575	833
			1576	834
			1577	834
			1578	835
			1579	836
			1580	837
			1581	838
			1582	839
			1583	840
			1584	841
			1585	841
			1586	842
			1587	843
			1588	844
			1589	845
			1590	846
			1590	847
			1591	848
			1592	848
			1593	849
			1594	850
			1595	851
			1596	852
			1597	853
			1598	854
			1599	855
			1600	856
			1601	857
			1602	858
			1603	859
			1604	860
			1605	861
			1606	862
			1607	863
			1608	864
			1609	865
			1610	866
			1611	867
			1612	868
			1613	869
			1614	870
			1615	871
			1616	872
			1617	873
			1618	874
			1619	875
			1620	876
			1621	877
			1622	878
			1623	879
			1624	880
			1625	881
			1626	882
			1627	883
			1628	884
			1629	885
			1630	886
			1630	887
			1631	887
			1632	888
			1632	889
			1633	889
			1633	890
			1634	891
			1635	891
			1635	892
			1636	893
			1637	893
			1637	894
			1638	895
			1638	896
			1638	897
			1639	898
			1639	899
			1639	900
			1639	901
			1640	902
			1640	903
			1640	904
			1641	904
			1641	905
			1642	906
			1642	907
			1643	908
			1643	909
			1643	910
			1644	911
			1644	912
			1645	913
			1646	914
			1646	915
			1647	916
			1648	917
			1649	918
			1650	919
			1650	920
			1651	921
			1652	922
			1653	923
			1654	924
			1654	925
			1655	926
			1656	927
			1657	927
			1657	928
			1658	929
			1659	930
			1660	930
			1660	931
			1661	932
			1662	932
			1663	933
			1664	934
			1665	935
			1666	935
			1666	936
			1667	937
			1668	937
			1669	938
			1670	939
			1671	939
			1672	940
			1673	941
			1674	941
			1675	942
			1676	943
			1677	943
			1678	944
			1679	945
			1680	945
			1681	946
			1682	947
			1683	947
			1684	948
			1685	948
			1686	949
			1687	949
			1687	950
			1688	950
			1689	950
			1690	951
			1691	951
			1692	952
			1693	952
			1694	953
			1695	954
			1696	954
			1697	955
			1698	955
			1699	955
			1700	956
			1701	956
			1702	957
			1703	957
			1704	958
			1705	958
			1706	959
			1707	959
			1708	960
			1709	960
			1710	960
			1711	961
			1712	961
			1713	962
			1714	962
			1715	962
			1716	963
			1717	963
			1718	964
			1719	964
			1720	964
			1721	965
			1722	965
			1723	965
			1724	966
			1725	966
			1726	966
			1727	967
			1728	967
			1729	968
			1730	968
			1731	968
			1732	969
			1733	969
			1734	969
			1735	970
			1736	970
			1737	970
			1738	971
			1739	971
			1740	971
			1741	972
			1742	972
			1743	972
			1744	972
			1745	973
			1746	973
			1747	973
			1748	974
			1749	974
			1750	974
			1751	975
			1752	975
			1753	975
			1754	975
			1755	976
			1756	976
			1757	976
			1758	977
			1759	977
			1760	977
			1761	977
			1762	978
			1763	978
			1764	978
			1765	979
			1766	979
			1767	979
			1768	979
			1769	980
			1770	980
			1771	980
		</curvaD_espina_dorsal>
		<curvaI_espina_dorsal type=matrix rownames=FALSE colnames=FALSE nrow=376 ncol=2 as.numeric=TRUE >
			1470	761
			1471	762
			1472	762
			1472	763
			1473	764
			1474	764
			1475	765
			1476	766
			1477	767
			1478	768
			1479	768
			1480	769
			1481	770
			1482	771
			1483	771
			1483	772
			1484	773
			1485	774
			1486	774
			1487	775
			1488	776
			1489	777
			1490	777
			1490	778
			1491	779
			1492	779
			1493	780
			1494	781
			1495	782
			1496	783
			1497	784
			1498	785
			1499	786
			1500	786
			1501	787
			1502	788
			1503	789
			1504	790
			1505	791
			1506	791
			1507	792
			1508	793
			1508	794
			1509	795
			1510	795
			1511	796
			1512	797
			1513	798
			1514	799
			1515	800
			1516	801
			1517	802
			1518	803
			1519	804
			1520	805
			1521	806
			1522	807
			1523	807
			1524	808
			1525	809
			1526	810
			1526	811
			1527	812
			1528	813
			1529	814
			1530	814
			1531	815
			1531	816
			1532	817
			1533	818
			1534	819
			1535	819
			1535	820
			1536	821
			1537	822
			1538	823
			1539	824
			1540	825
			1541	826
			1542	827
			1543	828
			1544	829
			1545	830
			1546	831
			1547	831
			1548	832
			1549	833
			1550	834
			1551	835
			1552	836
			1553	837
			1553	838
			1554	839
			1555	840
			1556	841
			1557	842
			1558	843
			1559	843
			1559	844
			1560	845
			1561	846
			1562	847
			1563	848
			1563	849
			1564	850
			1565	851
			1566	851
			1567	852
			1567	853
			1568	854
			1569	855
			1570	856
			1570	857
			1571	858
			1572	859
			1573	860
			1574	861
			1575	862
			1576	863
			1576	864
			1577	865
			1578	866
			1579	867
			1579	868
			1580	869
			1581	870
			1581	871
			1582	872
			1583	873
			1583	874
			1584	875
			1585	876
			1586	877
			1586	878
			1587	879
			1587	880
			1588	881
			1588	882
			1589	883
			1590	884
			1590	885
			1591	886
			1592	887
			1592	888
			1593	889
			1593	890
			1594	891
			1594	892
			1595	893
			1595	894
			1596	895
			1596	896
			1597	897
			1597	898
			1597	899
			1598	900
			1598	901
			1599	902
			1599	903
			1599	904
			1600	905
			1600	906
			1600	907
			1601	908
			1601	909
			1600	910
			1600	911
			1599	912
			1598	913
			1597	914
			1597	915
			1596	915
			1596	916
			1595	917
			1594	918
			1593	919
			1593	920
			1592	921
			1591	922
			1590	923
			1589	924
			1588	925
			1588	926
			1587	927
			1586	928
			1585	928
			1584	929
			1583	930
			1582	931
			1582	932
			1581	932
			1580	933
			1579	934
			1578	935
			1577	935
			1576	936
			1575	937
			1574	938
			1573	938
			1572	939
			1571	940
			1570	940
			1570	941
			1569	942
			1568	942
			1567	943
			1566	944
			1565	944
			1564	944
			1564	945
			1563	945
			1562	945
			1562	946
			1561	946
			1560	947
			1559	947
			1558	948
			1557	948
			1556	949
			1555	949
			1554	950
			1553	950
			1552	951
			1551	951
			1550	951
			1549	952
			1548	952
			1547	953
			1546	953
			1545	953
			1544	954
			1543	954
			1542	954
			1541	955
			1540	955
			1539	955
			1538	956
			1537	956
			1536	956
			1535	957
			1534	957
			1533	957
			1532	957
			1531	958
			1530	958
			1529	958
			1528	958
			1527	959
			1526	959
			1525	959
			1524	959
			1523	959
			1522	960
			1521	960
			1520	960
			1519	960
			1518	960
			1517	960
			1516	960
			1515	961
			1514	961
			1513	961
			1512	961
			1511	961
			1510	961
			1509	961
			1508	961
			1507	962
			1506	962
			1505	962
			1504	962
			1503	962
			1502	962
			1501	962
			1500	962
			1499	962
			1498	963
			1497	964
			1496	964
			1495	965
			1494	966
			1494	967
			1493	968
			1492	968
			1491	969
			1490	970
			1489	971
			1488	972
			1488	973
			1487	973
			1486	974
			1485	975
			1484	976
			1484	977
			1483	977
			1482	978
			1481	979
			1480	980
			1480	981
			1479	982
			1478	982
			1477	983
			1477	984
			1476	985
			1475	986
			1475	987
			1474	987
			1473	988
			1473	989
			1472	990
			1471	991
			1470	992
			1469	993
			1469	994
			1468	995
			1467	996
			1466	997
			1466	998
			1465	999
			1464	1000
			1464	1001
			1463	1002
			1462	1003
			1462	1004
			1461	1005
			1461	1006
			1460	1007
			1460	1008
			1459	1009
			1459	1010
			1458	1011
			1458	1012
			1457	1013
			1457	1014
			1456	1014
			1456	1015
			1456	1016
			1455	1017
			1455	1018
			1454	1019
			1454	1020
			1454	1021
			1453	1022
			1453	1023
			1452	1023
			1452	1024
			1452	1025
			1451	1026
			1451	1027
			1451	1028
			1451	1029
			1450	1030
			1450	1031
			1450	1032
			1449	1032
			1449	1033
			1449	1034
			1449	1035
			1449	1036
			1448	1037
			1448	1038
			1448	1039
			1448	1040
			1448	1041
			1447	1042
			1447	1043
			1447	1044
			1447	1045
			1447	1046
			1447	1047
			1446	1048
			1446	1049
			1446	1050
			1446	1051
			1446	1052
			1446	1053
		</curvaI_espina_dorsal>
	</curves.pixel>
	<curves.scaled type=list>
		<curvaD_espina_dorsal type=matrix rownames=FALSE colnames=FALSE nrow=331 ncol=2 as.numeric=TRUE >
			2.74246094835246	-1.41973658618791
			2.74432656804522	-1.41973658618791
			2.74619218773798	-1.42160220588066
			2.74805780743073	-1.42160220588066
			2.74992342712349	-1.42160220588066
			2.75178904681625	-1.42346782557342
			2.753654666509	-1.42346782557342
			2.75552028620176	-1.42533344526618
			2.75738590589452	-1.42533344526618
			2.75925152558727	-1.42719906495894
			2.76111714528003	-1.42719906495894
			2.76298276497279	-1.42906468465169
			2.76484838466554	-1.42906468465169
			2.7667140043583	-1.43093030434445
			2.76857962405106	-1.43093030434445
			2.77044524374381	-1.43279592403721
			2.77231086343657	-1.43466154372996
			2.77417648312933	-1.43466154372996
			2.77604210282209	-1.43652716342272
			2.77790772251484	-1.43652716342272
			2.7797733422076	-1.43839278311548
			2.78163896190036	-1.43839278311548
			2.78350458159311	-1.44025840280823
			2.78537020128587	-1.44212402250099
			2.78723582097863	-1.44212402250099
			2.78910144067138	-1.44398964219375
			2.79096706036414	-1.44398964219375
			2.7928326800569	-1.4458552618865
			2.79469829974965	-1.44772088157926
			2.79656391944241	-1.44958650127202
			2.79842953913517	-1.44958650127202
			2.80029515882792	-1.45145212096477
			2.80216077852068	-1.45145212096477
			2.80216077852068	-1.45331774065753
			2.80402639821344	-1.45331774065753
			2.80589201790619	-1.45518336035029
			2.80775763759895	-1.45704898004304
			2.80962325729171	-1.45704898004304
			2.81148887698446	-1.4589145997358
			2.81335449667722	-1.4589145997358
			2.81522011636998	-1.46078021942856
			2.81522011636998	-1.46264583912131
			2.81708573606273	-1.46264583912131
			2.81895135575549	-1.46451145881407
			2.82081697544825	-1.46451145881407
			2.822682595141	-1.46637707850683
			2.82454821483376	-1.46824269819958
			2.82641383452652	-1.46824269819958
			2.82827945421927	-1.47010831789234
			2.83014507391203	-1.4719739375851
			2.83201069360479	-1.4719739375851
			2.83387631329755	-1.47383955727785
			2.8357419329903	-1.47570517697061
			2.83760755268306	-1.47570517697061
			2.83947317237582	-1.47757079666337
			2.84133879206857	-1.47943641635612
			2.84320441176133	-1.47943641635612
			2.84507003145409	-1.48130203604888
			2.84693565114684	-1.48316765574164
			2.8488012708396	-1.4850332754344
			2.85066689053236	-1.4850332754344
			2.85253251022511	-1.4850332754344
			2.85253251022511	-1.48689889512715
			2.85439812991787	-1.48689889512715
			2.85626374961063	-1.48876451481991
			2.85812936930338	-1.49063013451267
			2.85999498899614	-1.49249575420542
			2.8618606086889	-1.49249575420542
			2.86372622838165	-1.49436137389818
			2.86559184807441	-1.49436137389818
			2.86745746776717	-1.49622699359094
			2.86932308745992	-1.49809261328369
			2.87118870715268	-1.49995823297645
			2.87305432684544	-1.49995823297645
			2.87491994653819	-1.50182385266921
			2.87678556623095	-1.50368947236196
			2.87865118592371	-1.50555509205472
			2.88051680561646	-1.50555509205472
			2.88238242530922	-1.50742071174748
			2.88424804500198	-1.50928633144023
			2.88611366469474	-1.50928633144023
			2.88797928438749	-1.51115195113299
			2.88984490408025	-1.51301757082575
			2.89171052377301	-1.5148831905185
			2.89357614346576	-1.51674881021126
			2.89544176315852	-1.51674881021126
			2.89730738285128	-1.51861442990402
			2.89917300254403	-1.52048004959677
			2.90103862223679	-1.52234566928953
			2.90290424192955	-1.52421128898229
			2.9047698616223	-1.52421128898229
			2.90663548131506	-1.52607690867504
			2.90850110100782	-1.5279425283678
			2.91036672070057	-1.52980814806056
			2.91223234039333	-1.53167376775331
			2.91409796008609	-1.53353938744607
			2.91596357977884	-1.53353938744607
			2.9178291994716	-1.53540500713883
			2.91969481916436	-1.53727062683158
			2.92156043885711	-1.53913624652434
			2.92342605854987	-1.5410018662171
			2.92529167824263	-1.54286748590986
			2.92715729793538	-1.54286748590986
			2.92902291762814	-1.54473310560261
			2.92902291762814	-1.54659872529537
			2.9308885373209	-1.54659872529537
			2.93275415701365	-1.54846434498813
			2.93461977670641	-1.55032996468088
			2.93648539639917	-1.55219558437364
			2.93835101609193	-1.5540612040664
			2.94021663578468	-1.55592682375915
			2.94208225547744	-1.55592682375915
			2.9439478751702	-1.55779244345191
			2.94581349486295	-1.55965806314467
			2.94767911455571	-1.56152368283742
			2.94954473424847	-1.56338930253018
			2.95141035394122	-1.56525492222294
			2.95327597363398	-1.56712054191569
			2.95514159332674	-1.56898616160845
			2.95700721301949	-1.56898616160845
			2.95887283271225	-1.57085178130121
			2.96073845240501	-1.57271740099396
			2.96260407209776	-1.57458302068672
			2.96446969179052	-1.57644864037948
			2.96633531148328	-1.57831426007223
			2.96633531148328	-1.58017987976499
			2.96820093117603	-1.58204549945775
			2.97006655086879	-1.58204549945775
			2.97193217056155	-1.5839111191505
			2.9737977902543	-1.58577673884326
			2.97566340994706	-1.58764235853602
			2.97752902963982	-1.58950797822877
			2.97939464933257	-1.59137359792153
			2.98126026902533	-1.59323921761429
			2.98312588871809	-1.59510483730704
			2.98499150841084	-1.5969704569998
			2.9868571281036	-1.59883607669256
			2.98872274779636	-1.60070169638532
			2.99058836748911	-1.60256731607807
			2.99245398718187	-1.60443293577083
			2.99431960687463	-1.60629855546359
			2.99618522656738	-1.60816417515634
			2.99805084626014	-1.6100297948491
			2.9999164659529	-1.61189541454186
			3.00178208564566	-1.61376103423461
			3.00364770533841	-1.61562665392737
			3.00551332503117	-1.61749227362013
			3.00737894472393	-1.61935789331288
			3.00924456441668	-1.62122351300564
			3.01111018410944	-1.6230891326984
			3.0129758038022	-1.62495475239115
			3.01484142349495	-1.62682037208391
			3.01670704318771	-1.62868599177667
			3.01857266288047	-1.63055161146942
			3.02043828257322	-1.63241723116218
			3.02230390226598	-1.63428285085494
			3.02416952195874	-1.63614847054769
			3.02603514165149	-1.63801409024045
			3.02790076134425	-1.63987970993321
			3.02976638103701	-1.64174532962596
			3.03163200072976	-1.64361094931872
			3.03349762042252	-1.64547656901148
			3.03536324011528	-1.64734218870423
			3.03722885980803	-1.64920780839699
			3.03909447950079	-1.65107342808975
			3.04096009919355	-1.6529390477825
			3.04096009919355	-1.65480466747526
			3.0428257188863	-1.65480466747526
			3.04469133857906	-1.65667028716802
			3.04469133857906	-1.65853590686078
			3.04655695827182	-1.65853590686078
			3.04655695827182	-1.66040152655353
			3.04842257796457	-1.66226714624629
			3.05028819765733	-1.66226714624629
			3.05028819765733	-1.66413276593905
			3.05215381735009	-1.6659983856318
			3.05401943704285	-1.6659983856318
			3.05401943704285	-1.66786400532456
			3.0558850567356	-1.66972962501732
			3.0558850567356	-1.67159524471007
			3.0558850567356	-1.67346086440283
			3.05775067642836	-1.67532648409559
			3.05775067642836	-1.67719210378834
			3.05775067642836	-1.6790577234811
			3.05775067642836	-1.68092334317386
			3.05961629612112	-1.68278896286661
			3.05961629612112	-1.68465458255937
			3.05961629612112	-1.68652020225213
			3.06148191581387	-1.68652020225213
			3.06148191581387	-1.68838582194488
			3.06334753550663	-1.69025144163764
			3.06334753550663	-1.6921170613304
			3.06521315519939	-1.69398268102315
			3.06521315519939	-1.69584830071591
			3.06521315519939	-1.69771392040867
			3.06707877489214	-1.69957954010142
			3.06707877489214	-1.70144515979418
			3.0689443945849	-1.70331077948694
			3.07081001427766	-1.70517639917969
			3.07081001427766	-1.70704201887245
			3.07267563397041	-1.70890763856521
			3.07454125366317	-1.71077325825797
			3.07640687335593	-1.71263887795072
			3.07827249304868	-1.71450449764348
			3.07827249304868	-1.71637011733624
			3.08013811274144	-1.71823573702899
			3.0820037324342	-1.72010135672175
			3.08386935212695	-1.72196697641451
			3.08573497181971	-1.72383259610726
			3.08573497181971	-1.72569821580002
			3.08760059151247	-1.72756383549278
			3.08946621120522	-1.72942945518553
			3.09133183089798	-1.72942945518553
			3.09133183089798	-1.73129507487829
			3.09319745059074	-1.73316069457105
			3.09506307028349	-1.7350263142638
			3.09692868997625	-1.7350263142638
			3.09692868997625	-1.73689193395656
			3.09879430966901	-1.73875755364932
			3.10065992936176	-1.73875755364932
			3.10252554905452	-1.74062317334207
			3.10439116874728	-1.74248879303483
			3.10625678844003	-1.74435441272759
			3.10812240813279	-1.74435441272759
			3.10812240813279	-1.74622003242034
			3.10998802782555	-1.7480856521131
			3.11185364751831	-1.7480856521131
			3.11371926721106	-1.74995127180586
			3.11558488690382	-1.75181689149861
			3.11745050659658	-1.75181689149861
			3.11931612628933	-1.75368251119137
			3.12118174598209	-1.75554813088413
			3.12304736567485	-1.75554813088413
			3.1249129853676	-1.75741375057688
			3.12677860506036	-1.75927937026964
			3.12864422475312	-1.75927937026964
			3.13050984444587	-1.7611449899624
			3.13237546413863	-1.76301060965515
			3.13424108383139	-1.76301060965515
			3.13610670352414	-1.76487622934791
			3.1379723232169	-1.76674184904067
			3.13983794290966	-1.76674184904067
			3.14170356260241	-1.76860746873343
			3.14356918229517	-1.76860746873343
			3.14543480198793	-1.77047308842618
			3.14730042168068	-1.77047308842618
			3.14730042168068	-1.77233870811894
			3.14916604137344	-1.77233870811894
			3.1510316610662	-1.77233870811894
			3.15289728075895	-1.7742043278117
			3.15476290045171	-1.7742043278117
			3.15662852014447	-1.77606994750445
			3.15849413983722	-1.77606994750445
			3.16035975952998	-1.77793556719721
			3.16222537922274	-1.77980118688997
			3.1640909989155	-1.77980118688997
			3.16595661860825	-1.78166680658272
			3.16782223830101	-1.78166680658272
			3.16968785799377	-1.78166680658272
			3.17155347768652	-1.78353242627548
			3.17341909737928	-1.78353242627548
			3.17528471707204	-1.78539804596824
			3.17715033676479	-1.78539804596824
			3.17901595645755	-1.78726366566099
			3.18088157615031	-1.78726366566099
			3.18274719584306	-1.78912928535375
			3.18461281553582	-1.78912928535375
			3.18647843522858	-1.79099490504651
			3.18834405492133	-1.79099490504651
			3.19020967461409	-1.79099490504651
			3.19207529430685	-1.79286052473926
			3.1939409139996	-1.79286052473926
			3.19580653369236	-1.79472614443202
			3.19767215338512	-1.79472614443202
			3.19953777307787	-1.79472614443202
			3.20140339277063	-1.79659176412478
			3.20326901246339	-1.79659176412478
			3.20513463215614	-1.79845738381753
			3.2070002518489	-1.79845738381753
			3.20886587154166	-1.79845738381753
			3.21073149123441	-1.80032300351029
			3.21259711092717	-1.80032300351029
			3.21446273061993	-1.80032300351029
			3.21632835031268	-1.80218862320305
			3.21819397000544	-1.80218862320305
			3.2200595896982	-1.80218862320305
			3.22192520939095	-1.8040542428958
			3.22379082908371	-1.8040542428958
			3.22565644877647	-1.80591986258856
			3.22752206846923	-1.80591986258856
			3.22938768816198	-1.80591986258856
			3.23125330785474	-1.80778548228132
			3.2331189275475	-1.80778548228132
			3.23498454724025	-1.80778548228132
			3.23685016693301	-1.80965110197407
			3.23871578662577	-1.80965110197407
			3.24058140631852	-1.80965110197407
			3.24244702601128	-1.81151672166683
			3.24431264570404	-1.81151672166683
			3.24617826539679	-1.81151672166683
			3.24804388508955	-1.81338234135959
			3.24990950478231	-1.81338234135959
			3.25177512447506	-1.81338234135959
			3.25364074416782	-1.81338234135959
			3.25550636386058	-1.81524796105234
			3.25737198355333	-1.81524796105234
			3.25923760324609	-1.81524796105234
			3.26110322293885	-1.8171135807451
			3.2629688426316	-1.8171135807451
			3.26483446232436	-1.8171135807451
			3.26670008201712	-1.81897920043786
			3.26856570170987	-1.81897920043786
			3.27043132140263	-1.81897920043786
			3.27229694109539	-1.81897920043786
			3.27416256078814	-1.82084482013062
			3.2760281804809	-1.82084482013062
			3.27789380017366	-1.82084482013062
			3.27975941986642	-1.82271043982337
			3.28162503955917	-1.82271043982337
			3.28349065925193	-1.82271043982337
			3.28535627894469	-1.82271043982337
			3.28722189863744	-1.82457605951613
			3.2890875183302	-1.82457605951613
			3.29095313802296	-1.82457605951613
			3.29281875771571	-1.82644167920889
			3.29468437740847	-1.82644167920889
			3.29654999710123	-1.82644167920889
			3.29841561679398	-1.82644167920889
			3.30028123648674	-1.82830729890164
			3.3021468561795	-1.82830729890164
			3.30401247587225	-1.82830729890164
		</curvaD_espina_dorsal>
		<curvaI_espina_dorsal type=matrix rownames=FALSE colnames=FALSE nrow=376 ncol=2 as.numeric=TRUE >
			2.74246094835246	-1.41973658618791
			2.74432656804522	-1.42160220588066
			2.74619218773798	-1.42160220588066
			2.74619218773798	-1.42346782557342
			2.74805780743073	-1.42533344526618
			2.74992342712349	-1.42533344526618
			2.75178904681625	-1.42719906495894
			2.753654666509	-1.42906468465169
			2.75552028620176	-1.43093030434445
			2.75738590589452	-1.43279592403721
			2.75925152558727	-1.43279592403721
			2.76111714528003	-1.43466154372996
			2.76298276497279	-1.43652716342272
			2.76484838466554	-1.43839278311548
			2.7667140043583	-1.43839278311548
			2.7667140043583	-1.44025840280823
			2.76857962405106	-1.44212402250099
			2.77044524374381	-1.44398964219375
			2.77231086343657	-1.44398964219375
			2.77417648312933	-1.4458552618865
			2.77604210282209	-1.44772088157926
			2.77790772251484	-1.44958650127202
			2.7797733422076	-1.44958650127202
			2.7797733422076	-1.45145212096477
			2.78163896190036	-1.45331774065753
			2.78350458159311	-1.45331774065753
			2.78537020128587	-1.45518336035029
			2.78723582097863	-1.45704898004304
			2.78910144067138	-1.4589145997358
			2.79096706036414	-1.46078021942856
			2.7928326800569	-1.46264583912131
			2.79469829974965	-1.46451145881407
			2.79656391944241	-1.46637707850683
			2.79842953913517	-1.46637707850683
			2.80029515882792	-1.46824269819958
			2.80216077852068	-1.47010831789234
			2.80402639821344	-1.4719739375851
			2.80589201790619	-1.47383955727785
			2.80775763759895	-1.47570517697061
			2.80962325729171	-1.47570517697061
			2.81148887698446	-1.47757079666337
			2.81335449667722	-1.47943641635612
			2.81335449667722	-1.48130203604888
			2.81522011636998	-1.48316765574164
			2.81708573606273	-1.48316765574164
			2.81895135575549	-1.4850332754344
			2.82081697544825	-1.48689889512715
			2.822682595141	-1.48876451481991
			2.82454821483376	-1.49063013451267
			2.82641383452652	-1.49249575420542
			2.82827945421927	-1.49436137389818
			2.83014507391203	-1.49622699359094
			2.83201069360479	-1.49809261328369
			2.83387631329755	-1.49995823297645
			2.8357419329903	-1.50182385266921
			2.83760755268306	-1.50368947236196
			2.83947317237582	-1.50555509205472
			2.84133879206857	-1.50555509205472
			2.84320441176133	-1.50742071174748
			2.84507003145409	-1.50928633144023
			2.84693565114684	-1.51115195113299
			2.84693565114684	-1.51301757082575
			2.8488012708396	-1.5148831905185
			2.85066689053236	-1.51674881021126
			2.85253251022511	-1.51861442990402
			2.85439812991787	-1.51861442990402
			2.85626374961063	-1.52048004959677
			2.85626374961063	-1.52234566928953
			2.85812936930338	-1.52421128898229
			2.85999498899614	-1.52607690867504
			2.8618606086889	-1.5279425283678
			2.86372622838165	-1.5279425283678
			2.86372622838165	-1.52980814806056
			2.86559184807441	-1.53167376775331
			2.86745746776717	-1.53353938744607
			2.86932308745992	-1.53540500713883
			2.87118870715268	-1.53727062683158
			2.87305432684544	-1.53913624652434
			2.87491994653819	-1.5410018662171
			2.87678556623095	-1.54286748590986
			2.87865118592371	-1.54473310560261
			2.88051680561646	-1.54659872529537
			2.88238242530922	-1.54846434498813
			2.88424804500198	-1.55032996468088
			2.88611366469474	-1.55032996468088
			2.88797928438749	-1.55219558437364
			2.88984490408025	-1.5540612040664
			2.89171052377301	-1.55592682375915
			2.89357614346576	-1.55779244345191
			2.89544176315852	-1.55965806314467
			2.89730738285128	-1.56152368283742
			2.89730738285128	-1.56338930253018
			2.89917300254403	-1.56525492222294
			2.90103862223679	-1.56712054191569
			2.90290424192955	-1.56898616160845
			2.9047698616223	-1.57085178130121
			2.90663548131506	-1.57271740099396
			2.90850110100782	-1.57271740099396
			2.90850110100782	-1.57458302068672
			2.91036672070057	-1.57644864037948
			2.91223234039333	-1.57831426007223
			2.91409796008609	-1.58017987976499
			2.91596357977884	-1.58204549945775
			2.91596357977884	-1.5839111191505
			2.9178291994716	-1.58577673884326
			2.91969481916436	-1.58764235853602
			2.92156043885711	-1.58764235853602
			2.92342605854987	-1.58950797822877
			2.92342605854987	-1.59137359792153
			2.92529167824263	-1.59323921761429
			2.92715729793538	-1.59510483730704
			2.92902291762814	-1.5969704569998
			2.92902291762814	-1.59883607669256
			2.9308885373209	-1.60070169638532
			2.93275415701365	-1.60256731607807
			2.93461977670641	-1.60443293577083
			2.93648539639917	-1.60629855546359
			2.93835101609193	-1.60816417515634
			2.94021663578468	-1.6100297948491
			2.94021663578468	-1.61189541454186
			2.94208225547744	-1.61376103423461
			2.9439478751702	-1.61562665392737
			2.94581349486295	-1.61749227362013
			2.94581349486295	-1.61935789331288
			2.94767911455571	-1.62122351300564
			2.94954473424847	-1.6230891326984
			2.94954473424847	-1.62495475239115
			2.95141035394122	-1.62682037208391
			2.95327597363398	-1.62868599177667
			2.95327597363398	-1.63055161146942
			2.95514159332674	-1.63241723116218
			2.95700721301949	-1.63428285085494
			2.95887283271225	-1.63614847054769
			2.95887283271225	-1.63801409024045
			2.96073845240501	-1.63987970993321
			2.96073845240501	-1.64174532962596
			2.96260407209776	-1.64361094931872
			2.96260407209776	-1.64547656901148
			2.96446969179052	-1.64734218870423
			2.96633531148328	-1.64920780839699
			2.96633531148328	-1.65107342808975
			2.96820093117603	-1.6529390477825
			2.97006655086879	-1.65480466747526
			2.97006655086879	-1.65667028716802
			2.97193217056155	-1.65853590686078
			2.97193217056155	-1.66040152655353
			2.9737977902543	-1.66226714624629
			2.9737977902543	-1.66413276593905
			2.97566340994706	-1.6659983856318
			2.97566340994706	-1.66786400532456
			2.97752902963982	-1.66972962501732
			2.97752902963982	-1.67159524471007
			2.97939464933257	-1.67346086440283
			2.97939464933257	-1.67532648409559
			2.97939464933257	-1.67719210378834
			2.98126026902533	-1.6790577234811
			2.98126026902533	-1.68092334317386
			2.98312588871809	-1.68278896286661
			2.98312588871809	-1.68465458255937
			2.98312588871809	-1.68652020225213
			2.98499150841084	-1.68838582194488
			2.98499150841084	-1.69025144163764
			2.98499150841084	-1.6921170613304
			2.9868571281036	-1.69398268102315
			2.9868571281036	-1.69584830071591
			2.98499150841084	-1.69771392040867
			2.98499150841084	-1.69957954010142
			2.98312588871809	-1.70144515979418
			2.98126026902533	-1.70331077948694
			2.97939464933257	-1.70517639917969
			2.97939464933257	-1.70704201887245
			2.97752902963982	-1.70704201887245
			2.97752902963982	-1.70890763856521
			2.97566340994706	-1.71077325825797
			2.9737977902543	-1.71263887795072
			2.97193217056155	-1.71450449764348
			2.97193217056155	-1.71637011733624
			2.97006655086879	-1.71823573702899
			2.96820093117603	-1.72010135672175
			2.96633531148328	-1.72196697641451
			2.96446969179052	-1.72383259610726
			2.96260407209776	-1.72569821580002
			2.96260407209776	-1.72756383549278
			2.96073845240501	-1.72942945518553
			2.95887283271225	-1.73129507487829
			2.95700721301949	-1.73129507487829
			2.95514159332674	-1.73316069457105
			2.95327597363398	-1.7350263142638
			2.95141035394122	-1.73689193395656
			2.95141035394122	-1.73875755364932
			2.94954473424847	-1.73875755364932
			2.94767911455571	-1.74062317334207
			2.94581349486295	-1.74248879303483
			2.9439478751702	-1.74435441272759
			2.94208225547744	-1.74435441272759
			2.94021663578468	-1.74622003242034
			2.93835101609193	-1.7480856521131
			2.93648539639917	-1.74995127180586
			2.93461977670641	-1.74995127180586
			2.93275415701365	-1.75181689149861
			2.9308885373209	-1.75368251119137
			2.92902291762814	-1.75368251119137
			2.92902291762814	-1.75554813088413
			2.92715729793538	-1.75741375057688
			2.92529167824263	-1.75741375057688
			2.92342605854987	-1.75927937026964
			2.92156043885711	-1.7611449899624
			2.91969481916436	-1.7611449899624
			2.9178291994716	-1.7611449899624
			2.9178291994716	-1.76301060965515
			2.91596357977884	-1.76301060965515
			2.91409796008609	-1.76301060965515
			2.91409796008609	-1.76487622934791
			2.91223234039333	-1.76487622934791
			2.91036672070057	-1.76674184904067
			2.90850110100782	-1.76674184904067
			2.90663548131506	-1.76860746873343
			2.9047698616223	-1.76860746873343
			2.90290424192955	-1.77047308842618
			2.90103862223679	-1.77047308842618
			2.89917300254403	-1.77233870811894
			2.89730738285128	-1.77233870811894
			2.89544176315852	-1.7742043278117
			2.89357614346576	-1.7742043278117
			2.89171052377301	-1.7742043278117
			2.88984490408025	-1.77606994750445
			2.88797928438749	-1.77606994750445
			2.88611366469474	-1.77793556719721
			2.88424804500198	-1.77793556719721
			2.88238242530922	-1.77793556719721
			2.88051680561646	-1.77980118688997
			2.87865118592371	-1.77980118688997
			2.87678556623095	-1.77980118688997
			2.87491994653819	-1.78166680658272
			2.87305432684544	-1.78166680658272
			2.87118870715268	-1.78166680658272
			2.86932308745992	-1.78353242627548
			2.86745746776717	-1.78353242627548
			2.86559184807441	-1.78353242627548
			2.86372622838165	-1.78539804596824
			2.8618606086889	-1.78539804596824
			2.85999498899614	-1.78539804596824
			2.85812936930338	-1.78539804596824
			2.85626374961063	-1.78726366566099
			2.85439812991787	-1.78726366566099
			2.85253251022511	-1.78726366566099
			2.85066689053236	-1.78726366566099
			2.8488012708396	-1.78912928535375
			2.84693565114684	-1.78912928535375
			2.84507003145409	-1.78912928535375
			2.84320441176133	-1.78912928535375
			2.84133879206857	-1.78912928535375
			2.83947317237582	-1.79099490504651
			2.83760755268306	-1.79099490504651
			2.8357419329903	-1.79099490504651
			2.83387631329755	-1.79099490504651
			2.83201069360479	-1.79099490504651
			2.83014507391203	-1.79099490504651
			2.82827945421927	-1.79099490504651
			2.82641383452652	-1.79286052473926
			2.82454821483376	-1.79286052473926
			2.822682595141	-1.79286052473926
			2.82081697544825	-1.79286052473926
			2.81895135575549	-1.79286052473926
			2.81708573606273	-1.79286052473926
			2.81522011636998	-1.79286052473926
			2.81335449667722	-1.79286052473926
			2.81148887698446	-1.79472614443202
			2.80962325729171	-1.79472614443202
			2.80775763759895	-1.79472614443202
			2.80589201790619	-1.79472614443202
			2.80402639821344	-1.79472614443202
			2.80216077852068	-1.79472614443202
			2.80029515882792	-1.79472614443202
			2.79842953913517	-1.79472614443202
			2.79656391944241	-1.79472614443202
			2.79469829974965	-1.79659176412478
			2.7928326800569	-1.79845738381753
			2.79096706036414	-1.79845738381753
			2.78910144067138	-1.80032300351029
			2.78723582097863	-1.80218862320305
			2.78723582097863	-1.8040542428958
			2.78537020128587	-1.80591986258856
			2.78350458159311	-1.80591986258856
			2.78163896190036	-1.80778548228132
			2.7797733422076	-1.80965110197407
			2.77790772251484	-1.81151672166683
			2.77604210282209	-1.81338234135959
			2.77604210282209	-1.81524796105234
			2.77417648312933	-1.81524796105234
			2.77231086343657	-1.8171135807451
			2.77044524374381	-1.81897920043786
			2.76857962405106	-1.82084482013062
			2.76857962405106	-1.82271043982337
			2.7667140043583	-1.82271043982337
			2.76484838466554	-1.82457605951613
			2.76298276497279	-1.82644167920889
			2.76111714528003	-1.82830729890164
			2.76111714528003	-1.8301729185944
			2.75925152558727	-1.83203853828716
			2.75738590589452	-1.83203853828716
			2.75552028620176	-1.83390415797991
			2.75552028620176	-1.83576977767267
			2.753654666509	-1.83763539736543
			2.75178904681625	-1.83950101705818
			2.75178904681625	-1.84136663675094
			2.74992342712349	-1.84136663675094
			2.74805780743073	-1.8432322564437
			2.74805780743073	-1.84509787613645
			2.74619218773798	-1.84696349582921
			2.74432656804522	-1.84882911552197
			2.74246094835246	-1.85069473521472
			2.74059532865971	-1.85256035490748
			2.74059532865971	-1.85442597460024
			2.73872970896695	-1.85629159429299
			2.73686408927419	-1.85815721398575
			2.73499846958144	-1.86002283367851
			2.73499846958144	-1.86188845337126
			2.73313284988868	-1.86375407306402
			2.73126723019592	-1.86561969275678
			2.73126723019592	-1.86748531244953
			2.72940161050317	-1.86935093214229
			2.72753599081041	-1.87121655183505
			2.72753599081041	-1.8730821715278
			2.72567037111765	-1.87494779122056
			2.72567037111765	-1.87681341091332
			2.7238047514249	-1.87867903060608
			2.7238047514249	-1.88054465029883
			2.72193913173214	-1.88241026999159
			2.72193913173214	-1.88427588968435
			2.72007351203938	-1.8861415093771
			2.72007351203938	-1.88800712906986
			2.71820789234663	-1.88987274876262
			2.71820789234663	-1.89173836845537
			2.71634227265387	-1.89173836845537
			2.71634227265387	-1.89360398814813
			2.71634227265387	-1.89546960784089
			2.71447665296111	-1.89733522753364
			2.71447665296111	-1.8992008472264
			2.71261103326835	-1.90106646691916
			2.71261103326835	-1.90293208661191
			2.71261103326835	-1.90479770630467
			2.7107454135756	-1.90666332599743
			2.7107454135756	-1.90852894569018
			2.70887979388284	-1.90852894569018
			2.70887979388284	-1.91039456538294
			2.70887979388284	-1.9122601850757
			2.70701417419008	-1.91412580476845
			2.70701417419008	-1.91599142446121
			2.70701417419008	-1.91785704415397
			2.70701417419008	-1.91972266384672
			2.70514855449733	-1.92158828353948
			2.70514855449733	-1.92345390323224
			2.70514855449733	-1.92531952292499
			2.70328293480457	-1.92531952292499
			2.70328293480457	-1.92718514261775
			2.70328293480457	-1.92905076231051
			2.70328293480457	-1.93091638200326
			2.70328293480457	-1.93278200169602
			2.70141731511181	-1.93464762138878
			2.70141731511181	-1.93651324108154
			2.70141731511181	-1.93837886077429
			2.70141731511181	-1.94024448046705
			2.70141731511181	-1.94211010015981
			2.69955169541906	-1.94397571985256
			2.69955169541906	-1.94584133954532
			2.69955169541906	-1.94770695923808
			2.69955169541906	-1.94957257893083
			2.69955169541906	-1.95143819862359
			2.69955169541906	-1.95330381831635
			2.6976860757263	-1.9551694380091
			2.6976860757263	-1.95703505770186
			2.6976860757263	-1.95890067739462
			2.6976860757263	-1.96076629708737
			2.6976860757263	-1.96263191678013
			2.6976860757263	-1.96449753647289
		</curvaI_espina_dorsal>
	</curves.scaled>
	<ruler.points type=matrix rownames=TRUE colnames=FALSE nrow=2 ncol=2 as.numeric=TRUE >
		Ruler point 1	1519	537
		Ruler point 2	2055	533
	</ruler.points>
</shapes>

