<shapes type=list>
	<ruler.pixel type=vector names=FALSE length=1 as.numeric=TRUE >539.000927642987</ruler.pixel>
	<ruler.interval type=vector names=FALSE length=1 as.numeric=TRUE >1</ruler.interval>
	<scaling.units type=vector names=FALSE length=1 as.numeric=FALSE >mm</scaling.units>
	<scaling type=vector names=FALSE length=1 as.numeric=TRUE >0.00185873284861451</scaling>
	<landmarks.pixel type=matrix rownames=TRUE colnames=FALSE nrow=7 ncol=2 as.numeric=TRUE >
		punta_espina_dorsal	1548	872
		esq_izq_caparaza	1392	1058
		superior_ojo	1571	1280
		inferior_ojo	1556	1422
		derecha_ojo	1622	1366
		izquierda_ojo	1501	1347
		organo_dorsal	1665	1203
	</landmarks.pixel>
	<landmarks.scaled type=matrix rownames=TRUE colnames=FALSE nrow=7 ncol=2 as.numeric=TRUE >
		punta_espina_dorsal	2.87731844965526	-1.62081504399185
		esq_izq_caparaza	2.5873561252714	-1.96653935383415
		superior_ojo	2.9200693051734	-2.37917804622657
		inferior_ojo	2.89218831244418	-2.64311811072983
		derecha_ojo	3.01486468045274	-2.53902907120742
		izquierda_ojo	2.78995800577038	-2.50371314708375
		organo_dorsal	3.09479019294316	-2.23605561688326
	</landmarks.scaled>
	<curves.control type=list>
		<curvaD_espina_dorsal type=matrix rownames=FALSE colnames=FALSE nrow=7 ncol=2 as.numeric=TRUE >
			1548	872
			1579	928
			1590	964
			1602	1018
			1611	1059
			1595	1125
			1665	1203
		</curvaD_espina_dorsal>
		<curvaI_espina_dorsal type=matrix rownames=FALSE colnames=FALSE nrow=9 ncol=2 as.numeric=TRUE >
			1548	872
			1566	930
			1574	978
			1586	1029
			1579	1061
			1523	1095
			1465	1045
			1422	1042
			1392	1058
		</curvaI_espina_dorsal>
	</curves.control>
	<curves.pixel type=list>
		<curvaD_espina_dorsal type=matrix rownames=FALSE colnames=FALSE nrow=349 ncol=2 as.numeric=TRUE >
			1548	872
			1549	873
			1549	874
			1550	875
			1550	876
			1551	877
			1551	878
			1552	878
			1552	879
			1553	880
			1553	881
			1554	882
			1554	883
			1555	884
			1555	885
			1555	886
			1556	887
			1556	888
			1557	888
			1557	889
			1558	890
			1558	891
			1559	892
			1559	893
			1560	894
			1560	895
			1561	895
			1561	896
			1561	897
			1562	898
			1562	899
			1563	900
			1563	901
			1564	901
			1564	902
			1564	903
			1565	904
			1565	905
			1566	906
			1567	907
			1567	908
			1567	909
			1568	910
			1568	911
			1569	912
			1569	913
			1570	914
			1570	915
			1571	916
			1571	917
			1572	918
			1572	919
			1573	920
			1573	921
			1573	922
			1574	923
			1575	924
			1575	925
			1575	926
			1576	927
			1576	928
			1577	929
			1577	930
			1578	931
			1578	932
			1579	933
			1579	934
			1579	935
			1580	936
			1580	937
			1580	938
			1581	939
			1582	940
			1582	941
			1582	942
			1583	943
			1583	944
			1583	945
			1584	946
			1584	947
			1585	948
			1585	949
			1585	950
			1585	951
			1586	951
			1586	952
			1586	953
			1587	954
			1587	955
			1587	956
			1588	957
			1588	958
			1588	959
			1589	959
			1589	960
			1589	961
			1589	962
			1590	963
			1590	964
			1590	965
			1590	966
			1591	967
			1591	968
			1591	969
			1591	970
			1592	971
			1592	972
			1592	973
			1592	974
			1592	975
			1593	976
			1593	977
			1593	978
			1593	979
			1594	980
			1594	981
			1594	982
			1594	983
			1594	984
			1595	985
			1595	986
			1595	987
			1595	988
			1595	989
			1596	990
			1596	991
			1596	992
			1596	993
			1597	994
			1597	995
			1597	996
			1597	997
			1598	998
			1598	999
			1598	1000
			1598	1001
			1598	1002
			1599	1003
			1599	1004
			1599	1005
			1599	1006
			1600	1007
			1600	1008
			1600	1009
			1600	1010
			1600	1011
			1601	1012
			1601	1013
			1601	1014
			1601	1015
			1602	1016
			1602	1017
			1602	1018
			1602	1019
			1602	1020
			1603	1021
			1603	1022
			1603	1023
			1603	1024
			1604	1025
			1604	1026
			1604	1027
			1604	1028
			1604	1029
			1605	1030
			1605	1031
			1605	1032
			1605	1033
			1605	1034
			1606	1034
			1606	1035
			1606	1036
			1606	1037
			1606	1038
			1607	1039
			1607	1040
			1607	1041
			1607	1042
			1607	1043
			1608	1044
			1608	1045
			1608	1046
			1608	1047
			1609	1048
			1609	1049
			1609	1050
			1609	1051
			1609	1052
			1610	1052
			1610	1053
			1610	1054
			1610	1055
			1610	1056
			1611	1057
			1611	1058
			1611	1059
			1611	1060
			1611	1061
			1610	1062
			1610	1063
			1610	1064
			1610	1065
			1610	1066
			1609	1066
			1609	1067
			1609	1068
			1609	1069
			1609	1070
			1609	1071
			1609	1072
			1609	1073
			1609	1074
			1608	1074
			1608	1075
			1608	1076
			1608	1077
			1608	1078
			1608	1079
			1608	1080
			1608	1081
			1608	1082
			1608	1083
			1608	1084
			1608	1085
			1608	1086
			1608	1087
			1608	1088
			1608	1089
			1608	1090
			1608	1091
			1608	1092
			1608	1093
			1608	1094
			1609	1095
			1609	1096
			1609	1097
			1609	1098
			1609	1099
			1609	1100
			1609	1101
			1610	1102
			1610	1103
			1610	1104
			1610	1105
			1610	1106
			1610	1107
			1611	1108
			1611	1109
			1611	1110
			1611	1111
			1612	1112
			1612	1113
			1612	1114
			1612	1115
			1613	1116
			1613	1117
			1613	1118
			1613	1119
			1614	1120
			1614	1121
			1614	1122
			1615	1123
			1615	1124
			1615	1125
			1616	1126
			1616	1127
			1617	1128
			1617	1129
			1617	1130
			1618	1131
			1618	1132
			1619	1133
			1619	1134
			1619	1135
			1620	1136
			1620	1137
			1621	1138
			1621	1139
			1622	1140
			1622	1141
			1623	1142
			1623	1143
			1624	1144
			1624	1145
			1625	1146
			1625	1147
			1626	1148
			1626	1149
			1627	1150
			1627	1151
			1628	1152
			1629	1153
			1629	1154
			1630	1155
			1630	1156
			1630	1157
			1631	1157
			1631	1158
			1632	1159
			1632	1160
			1633	1161
			1634	1162
			1634	1163
			1635	1164
			1635	1165
			1636	1165
			1636	1166
			1637	1167
			1637	1168
			1638	1168
			1638	1169
			1639	1170
			1639	1171
			1640	1171
			1640	1172
			1641	1173
			1641	1174
			1642	1174
			1642	1175
			1643	1176
			1644	1177
			1645	1178
			1645	1179
			1646	1180
			1647	1181
			1647	1182
			1648	1183
			1649	1184
			1650	1185
			1650	1186
			1651	1186
			1652	1187
			1652	1188
			1653	1189
			1654	1190
			1655	1191
			1655	1192
			1656	1193
			1657	1194
			1658	1195
			1659	1196
			1659	1197
			1660	1198
			1661	1198
			1662	1199
			1663	1200
			1663	1201
			1664	1202
			1665	1203
		</curvaD_espina_dorsal>
		<curvaI_espina_dorsal type=matrix rownames=FALSE colnames=FALSE nrow=383 ncol=2 as.numeric=TRUE >
			1548	872
			1548	873
			1549	874
			1549	875
			1549	876
			1550	877
			1550	878
			1550	879
			1550	880
			1551	881
			1551	882
			1551	883
			1552	884
			1552	885
			1552	886
			1553	887
			1553	888
			1553	889
			1553	890
			1554	891
			1554	892
			1554	893
			1555	894
			1555	895
			1555	896
			1555	897
			1556	898
			1556	899
			1556	900
			1557	901
			1557	902
			1557	903
			1557	904
			1558	905
			1558	906
			1558	907
			1558	908
			1559	909
			1559	910
			1559	911
			1559	912
			1560	913
			1560	914
			1560	915
			1560	916
			1561	916
			1561	917
			1561	918
			1561	919
			1562	920
			1562	921
			1562	922
			1562	923
			1563	924
			1563	925
			1563	926
			1563	927
			1564	928
			1564	929
			1564	930
			1564	931
			1565	932
			1565	933
			1565	934
			1565	935
			1566	936
			1566	937
			1566	938
			1566	939
			1566	940
			1567	940
			1567	941
			1567	942
			1567	943
			1567	944
			1568	945
			1568	946
			1568	947
			1568	948
			1568	949
			1569	950
			1569	951
			1569	952
			1569	953
			1569	954
			1570	954
			1570	955
			1570	956
			1570	957
			1570	958
			1571	959
			1571	960
			1571	961
			1571	962
			1571	963
			1571	964
			1572	965
			1572	966
			1572	967
			1572	968
			1572	969
			1573	970
			1573	971
			1573	972
			1573	973
			1573	974
			1573	975
			1574	975
			1574	976
			1574	977
			1574	978
			1574	979
			1575	980
			1575	981
			1575	982
			1575	983
			1575	984
			1576	985
			1576	986
			1576	987
			1576	988
			1576	989
			1577	990
			1577	991
			1577	992
			1577	993
			1577	994
			1578	995
			1578	996
			1578	997
			1578	998
			1578	999
			1578	1000
			1579	1000
			1579	1001
			1579	1002
			1579	1003
			1579	1004
			1579	1005
			1579	1006
			1579	1007
			1580	1008
			1580	1009
			1580	1010
			1580	1011
			1580	1012
			1580	1013
			1580	1014
			1581	1015
			1581	1016
			1581	1017
			1581	1018
			1581	1019
			1581	1020
			1581	1021
			1581	1022
			1581	1023
			1581	1024
			1581	1025
			1581	1026
			1581	1027
			1581	1028
			1581	1029
			1582	1030
			1582	1031
			1582	1032
			1582	1033
			1582	1034
			1582	1035
			1582	1036
			1582	1037
			1582	1038
			1582	1039
			1581	1040
			1581	1041
			1581	1042
			1581	1043
			1581	1044
			1581	1045
			1581	1046
			1581	1047
			1581	1048
			1581	1049
			1581	1050
			1581	1051
			1581	1052
			1580	1053
			1580	1054
			1580	1055
			1580	1056
			1580	1057
			1580	1058
			1579	1059
			1579	1060
			1579	1061
			1578	1062
			1577	1062
			1576	1063
			1575	1063
			1574	1064
			1573	1064
			1572	1065
			1571	1065
			1570	1066
			1569	1066
			1568	1067
			1567	1067
			1566	1068
			1565	1068
			1564	1069
			1563	1069
			1562	1069
			1561	1070
			1560	1070
			1559	1070
			1558	1071
			1557	1071
			1556	1071
			1555	1072
			1554	1072
			1553	1072
			1552	1072
			1551	1073
			1550	1073
			1549	1073
			1548	1073
			1547	1073
			1546	1074
			1545	1074
			1544	1074
			1543	1074
			1542	1074
			1541	1074
			1540	1074
			1539	1075
			1538	1075
			1537	1075
			1536	1075
			1535	1075
			1534	1075
			1533	1075
			1532	1075
			1531	1075
			1530	1075
			1529	1075
			1528	1075
			1527	1075
			1526	1074
			1525	1074
			1524	1074
			1523	1074
			1522	1074
			1521	1074
			1520	1074
			1519	1073
			1518	1073
			1517	1073
			1516	1073
			1515	1073
			1514	1072
			1513	1072
			1512	1072
			1511	1072
			1510	1071
			1509	1071
			1508	1071
			1507	1070
			1506	1070
			1505	1070
			1504	1069
			1503	1069
			1502	1069
			1501	1068
			1500	1068
			1499	1067
			1498	1067
			1497	1066
			1496	1066
			1495	1065
			1494	1065
			1493	1064
			1492	1064
			1491	1063
			1490	1063
			1489	1062
			1488	1062
			1487	1061
			1486	1060
			1485	1060
			1484	1059
			1483	1059
			1482	1058
			1481	1057
			1480	1057
			1479	1056
			1478	1055
			1477	1054
			1476	1054
			1475	1053
			1474	1052
			1473	1051
			1472	1051
			1471	1050
			1470	1049
			1469	1048
			1468	1047
			1467	1046
			1466	1046
			1465	1045
			1464	1045
			1463	1045
			1462	1045
			1461	1045
			1460	1045
			1459	1045
			1458	1045
			1457	1045
			1456	1045
			1455	1045
			1454	1045
			1453	1045
			1452	1045
			1451	1045
			1450	1045
			1449	1045
			1448	1045
			1447	1045
			1446	1045
			1445	1045
			1444	1045
			1443	1045
			1442	1045
			1441	1045
			1440	1045
			1439	1045
			1438	1045
			1437	1045
			1436	1045
			1435	1045
			1434	1046
			1433	1046
			1432	1046
			1431	1046
			1430	1046
			1429	1046
			1428	1046
			1427	1046
			1426	1047
			1425	1047
			1424	1047
			1423	1047
			1422	1047
			1421	1048
			1420	1048
			1419	1048
			1418	1048
			1417	1049
			1416	1049
			1415	1049
			1414	1049
			1413	1050
			1412	1050
			1411	1050
			1410	1050
			1409	1051
			1408	1051
			1407	1052
			1406	1052
			1405	1052
			1404	1052
			1403	1053
			1402	1053
			1402	1054
			1401	1054
			1400	1054
			1399	1055
			1398	1055
			1397	1055
			1396	1056
			1395	1057
			1394	1057
			1393	1058
			1392	1058
		</curvaI_espina_dorsal>
	</curves.pixel>
	<curves.scaled type=list>
		<curvaD_espina_dorsal type=matrix rownames=FALSE colnames=FALSE nrow=349 ncol=2 as.numeric=TRUE >
			2.87731844965526	-1.62081504399185
			2.87917718250388	-1.62267377684047
			2.87917718250388	-1.62453250968908
			2.88103591535249	-1.6263912425377
			2.88103591535249	-1.62824997538631
			2.88289464820111	-1.63010870823493
			2.88289464820111	-1.63196744108354
			2.88475338104972	-1.63196744108354
			2.88475338104972	-1.63382617393215
			2.88661211389833	-1.63568490678077
			2.88661211389833	-1.63754363962938
			2.88847084674695	-1.639402372478
			2.88847084674695	-1.64126110532661
			2.89032957959556	-1.64311983817523
			2.89032957959556	-1.64497857102384
			2.89032957959556	-1.64683730387246
			2.89218831244418	-1.64869603672107
			2.89218831244418	-1.65055476956969
			2.89404704529279	-1.65055476956969
			2.89404704529279	-1.6524135024183
			2.89590577814141	-1.65427223526691
			2.89590577814141	-1.65613096811553
			2.89776451099002	-1.65798970096414
			2.89776451099002	-1.65984843381276
			2.89962324383864	-1.66170716666137
			2.89962324383864	-1.66356589950999
			2.90148197668725	-1.66356589950999
			2.90148197668725	-1.6654246323586
			2.90148197668725	-1.66728336520722
			2.90334070953587	-1.66914209805583
			2.90334070953587	-1.67100083090445
			2.90519944238448	-1.67285956375306
			2.90519944238448	-1.67471829660167
			2.90705817523309	-1.67471829660167
			2.90705817523309	-1.67657702945029
			2.90705817523309	-1.6784357622989
			2.90891690808171	-1.68029449514752
			2.90891690808171	-1.68215322799613
			2.91077564093032	-1.68401196084475
			2.91263437377894	-1.68587069369336
			2.91263437377894	-1.68772942654198
			2.91263437377894	-1.68958815939059
			2.91449310662755	-1.6914468922392
			2.91449310662755	-1.69330562508782
			2.91635183947617	-1.69516435793643
			2.91635183947617	-1.69702309078505
			2.91821057232478	-1.69888182363366
			2.91821057232478	-1.70074055648228
			2.9200693051734	-1.70259928933089
			2.9200693051734	-1.70445802217951
			2.92192803802201	-1.70631675502812
			2.92192803802201	-1.70817548787674
			2.92378677087063	-1.71003422072535
			2.92378677087063	-1.71189295357396
			2.92378677087063	-1.71375168642258
			2.92564550371924	-1.71561041927119
			2.92750423656785	-1.71746915211981
			2.92750423656785	-1.71932788496842
			2.92750423656785	-1.72118661781704
			2.92936296941647	-1.72304535066565
			2.92936296941647	-1.72490408351427
			2.93122170226508	-1.72676281636288
			2.93122170226508	-1.72862154921149
			2.9330804351137	-1.73048028206011
			2.9330804351137	-1.73233901490872
			2.93493916796231	-1.73419774775734
			2.93493916796231	-1.73605648060595
			2.93493916796231	-1.73791521345457
			2.93679790081093	-1.73977394630318
			2.93679790081093	-1.7416326791518
			2.93679790081093	-1.74349141200041
			2.93865663365954	-1.74535014484903
			2.94051536650816	-1.74720887769764
			2.94051536650816	-1.74906761054625
			2.94051536650816	-1.75092634339487
			2.94237409935677	-1.75278507624348
			2.94237409935677	-1.7546438090921
			2.94237409935677	-1.75650254194071
			2.94423283220538	-1.75836127478933
			2.94423283220538	-1.76022000763794
			2.946091565054	-1.76207874048656
			2.946091565054	-1.76393747333517
			2.946091565054	-1.76579620618379
			2.946091565054	-1.7676549390324
			2.94795029790261	-1.7676549390324
			2.94795029790261	-1.76951367188101
			2.94795029790261	-1.77137240472963
			2.94980903075123	-1.77323113757824
			2.94980903075123	-1.77508987042686
			2.94980903075123	-1.77694860327547
			2.95166776359984	-1.77880733612409
			2.95166776359984	-1.7806660689727
			2.95166776359984	-1.78252480182132
			2.95352649644846	-1.78252480182132
			2.95352649644846	-1.78438353466993
			2.95352649644846	-1.78624226751854
			2.95352649644846	-1.78810100036716
			2.95538522929707	-1.78995973321577
			2.95538522929707	-1.79181846606439
			2.95538522929707	-1.793677198913
			2.95538522929707	-1.79553593176162
			2.95724396214569	-1.79739466461023
			2.95724396214569	-1.79925339745885
			2.95724396214569	-1.80111213030746
			2.95724396214569	-1.80297086315608
			2.9591026949943	-1.80482959600469
			2.9591026949943	-1.8066883288533
			2.9591026949943	-1.80854706170192
			2.9591026949943	-1.81040579455053
			2.9591026949943	-1.81226452739915
			2.96096142784292	-1.81412326024776
			2.96096142784292	-1.81598199309638
			2.96096142784292	-1.81784072594499
			2.96096142784292	-1.81969945879361
			2.96282016069153	-1.82155819164222
			2.96282016069153	-1.82341692449083
			2.96282016069153	-1.82527565733945
			2.96282016069153	-1.82713439018806
			2.96282016069153	-1.82899312303668
			2.96467889354014	-1.83085185588529
			2.96467889354014	-1.83271058873391
			2.96467889354014	-1.83456932158252
			2.96467889354014	-1.83642805443114
			2.96467889354014	-1.83828678727975
			2.96653762638876	-1.84014552012837
			2.96653762638876	-1.84200425297698
			2.96653762638876	-1.84386298582559
			2.96653762638876	-1.84572171867421
			2.96839635923737	-1.84758045152282
			2.96839635923737	-1.84943918437144
			2.96839635923737	-1.85129791722005
			2.96839635923737	-1.85315665006867
			2.97025509208599	-1.85501538291728
			2.97025509208599	-1.8568741157659
			2.97025509208599	-1.85873284861451
			2.97025509208599	-1.86059158146313
			2.97025509208599	-1.86245031431174
			2.9721138249346	-1.86430904716035
			2.9721138249346	-1.86616778000897
			2.9721138249346	-1.86802651285758
			2.9721138249346	-1.8698852457062
			2.97397255778322	-1.87174397855481
			2.97397255778322	-1.87360271140343
			2.97397255778322	-1.87546144425204
			2.97397255778322	-1.87732017710066
			2.97397255778322	-1.87917890994927
			2.97583129063183	-1.88103764279788
			2.97583129063183	-1.8828963756465
			2.97583129063183	-1.88475510849511
			2.97583129063183	-1.88661384134373
			2.97769002348045	-1.88847257419234
			2.97769002348045	-1.89033130704096
			2.97769002348045	-1.89219003988957
			2.97769002348045	-1.89404877273819
			2.97769002348045	-1.8959075055868
			2.97954875632906	-1.89776623843542
			2.97954875632906	-1.89962497128403
			2.97954875632906	-1.90148370413264
			2.97954875632906	-1.90334243698126
			2.98140748917768	-1.90520116982987
			2.98140748917768	-1.90705990267849
			2.98140748917768	-1.9089186355271
			2.98140748917768	-1.91077736837572
			2.98140748917768	-1.91263610122433
			2.98326622202629	-1.91449483407295
			2.98326622202629	-1.91635356692156
			2.98326622202629	-1.91821229977017
			2.98326622202629	-1.92007103261879
			2.98326622202629	-1.9219297654674
			2.9851249548749	-1.9219297654674
			2.9851249548749	-1.92378849831602
			2.9851249548749	-1.92564723116463
			2.9851249548749	-1.92750596401325
			2.9851249548749	-1.92936469686186
			2.98698368772352	-1.93122342971048
			2.98698368772352	-1.93308216255909
			2.98698368772352	-1.93494089540771
			2.98698368772352	-1.93679962825632
			2.98698368772352	-1.93865836110493
			2.98884242057213	-1.94051709395355
			2.98884242057213	-1.94237582680216
			2.98884242057213	-1.94423455965078
			2.98884242057213	-1.94609329249939
			2.99070115342075	-1.94795202534801
			2.99070115342075	-1.94981075819662
			2.99070115342075	-1.95166949104524
			2.99070115342075	-1.95352822389385
			2.99070115342075	-1.95538695674247
			2.99255988626936	-1.95538695674247
			2.99255988626936	-1.95724568959108
			2.99255988626936	-1.95910442243969
			2.99255988626936	-1.96096315528831
			2.99255988626936	-1.96282188813692
			2.99441861911798	-1.96468062098554
			2.99441861911798	-1.96653935383415
			2.99441861911798	-1.96839808668277
			2.99441861911798	-1.97025681953138
			2.99441861911798	-1.97211555238
			2.99255988626936	-1.97397428522861
			2.99255988626936	-1.97583301807722
			2.99255988626936	-1.97769175092584
			2.99255988626936	-1.97955048377445
			2.99255988626936	-1.98140921662307
			2.99070115342075	-1.98140921662307
			2.99070115342075	-1.98326794947168
			2.99070115342075	-1.9851266823203
			2.99070115342075	-1.98698541516891
			2.99070115342075	-1.98884414801753
			2.99070115342075	-1.99070288086614
			2.99070115342075	-1.99256161371476
			2.99070115342075	-1.99442034656337
			2.99070115342075	-1.99627907941198
			2.98884242057213	-1.99627907941198
			2.98884242057213	-1.9981378122606
			2.98884242057213	-1.99999654510921
			2.98884242057213	-2.00185527795783
			2.98884242057213	-2.00371401080644
			2.98884242057213	-2.00557274365506
			2.98884242057213	-2.00743147650367
			2.98884242057213	-2.00929020935229
			2.98884242057213	-2.0111489422009
			2.98884242057213	-2.01300767504951
			2.98884242057213	-2.01486640789813
			2.98884242057213	-2.01672514074674
			2.98884242057213	-2.01858387359536
			2.98884242057213	-2.02044260644397
			2.98884242057213	-2.02230133929259
			2.98884242057213	-2.0241600721412
			2.98884242057213	-2.02601880498982
			2.98884242057213	-2.02787753783843
			2.98884242057213	-2.02973627068705
			2.98884242057213	-2.03159500353566
			2.98884242057213	-2.03345373638427
			2.99070115342075	-2.03531246923289
			2.99070115342075	-2.0371712020815
			2.99070115342075	-2.03902993493012
			2.99070115342075	-2.04088866777873
			2.99070115342075	-2.04274740062735
			2.99070115342075	-2.04460613347596
			2.99070115342075	-2.04646486632458
			2.99255988626936	-2.04832359917319
			2.99255988626936	-2.05018233202181
			2.99255988626936	-2.05204106487042
			2.99255988626936	-2.05389979771903
			2.99255988626936	-2.05575853056765
			2.99255988626936	-2.05761726341626
			2.99441861911798	-2.05947599626488
			2.99441861911798	-2.06133472911349
			2.99441861911798	-2.06319346196211
			2.99441861911798	-2.06505219481072
			2.99627735196659	-2.06691092765934
			2.99627735196659	-2.06876966050795
			2.99627735196659	-2.07062839335656
			2.99627735196659	-2.07248712620518
			2.99813608481521	-2.07434585905379
			2.99813608481521	-2.07620459190241
			2.99813608481521	-2.07806332475102
			2.99813608481521	-2.07992205759964
			2.99999481766382	-2.08178079044825
			2.99999481766382	-2.08363952329687
			2.99999481766382	-2.08549825614548
			3.00185355051243	-2.0873569889941
			3.00185355051243	-2.08921572184271
			3.00185355051243	-2.09107445469132
			3.00371228336105	-2.09293318753994
			3.00371228336105	-2.09479192038855
			3.00557101620966	-2.09665065323717
			3.00557101620966	-2.09850938608578
			3.00557101620966	-2.1003681189344
			3.00742974905828	-2.10222685178301
			3.00742974905828	-2.10408558463163
			3.00928848190689	-2.10594431748024
			3.00928848190689	-2.10780305032885
			3.00928848190689	-2.10966178317747
			3.01114721475551	-2.11152051602608
			3.01114721475551	-2.1133792488747
			3.01300594760412	-2.11523798172331
			3.01300594760412	-2.11709671457193
			3.01486468045274	-2.11895544742054
			3.01486468045274	-2.12081418026916
			3.01672341330135	-2.12267291311777
			3.01672341330135	-2.12453164596639
			3.01858214614997	-2.126390378815
			3.01858214614997	-2.12824911166361
			3.02044087899858	-2.13010784451223
			3.02044087899858	-2.13196657736084
			3.02229961184719	-2.13382531020946
			3.02229961184719	-2.13568404305807
			3.02415834469581	-2.13754277590669
			3.02415834469581	-2.1394015087553
			3.02601707754442	-2.14126024160392
			3.02787581039304	-2.14311897445253
			3.02787581039304	-2.14497770730115
			3.02973454324165	-2.14683644014976
			3.02973454324165	-2.14869517299837
			3.02973454324165	-2.15055390584699
			3.03159327609027	-2.15055390584699
			3.03159327609027	-2.1524126386956
			3.03345200893888	-2.15427137154422
			3.03345200893888	-2.15613010439283
			3.0353107417875	-2.15798883724145
			3.03716947463611	-2.15984757009006
			3.03716947463611	-2.16170630293868
			3.03902820748472	-2.16356503578729
			3.03902820748472	-2.1654237686359
			3.04088694033334	-2.1654237686359
			3.04088694033334	-2.16728250148452
			3.04274567318195	-2.16914123433313
			3.04274567318195	-2.17099996718175
			3.04460440603057	-2.17099996718175
			3.04460440603057	-2.17285870003036
			3.04646313887918	-2.17471743287898
			3.04646313887918	-2.17657616572759
			3.0483218717278	-2.17657616572759
			3.0483218717278	-2.17843489857621
			3.05018060457641	-2.18029363142482
			3.05018060457641	-2.18215236427344
			3.05203933742503	-2.18215236427344
			3.05203933742503	-2.18401109712205
			3.05389807027364	-2.18586982997066
			3.05575680312226	-2.18772856281928
			3.05761553597087	-2.18958729566789
			3.05761553597087	-2.19144602851651
			3.05947426881948	-2.19330476136512
			3.0613330016681	-2.19516349421374
			3.0613330016681	-2.19702222706235
			3.06319173451671	-2.19888095991097
			3.06505046736533	-2.20073969275958
			3.06690920021394	-2.20259842560819
			3.06690920021394	-2.20445715845681
			3.06876793306256	-2.20445715845681
			3.07062666591117	-2.20631589130542
			3.07062666591117	-2.20817462415404
			3.07248539875979	-2.21003335700265
			3.0743441316084	-2.21189208985127
			3.07620286445702	-2.21375082269988
			3.07620286445702	-2.2156095555485
			3.07806159730563	-2.21746828839711
			3.07992033015424	-2.21932702124573
			3.08177906300286	-2.22118575409434
			3.08363779585147	-2.22304448694295
			3.08363779585147	-2.22490321979157
			3.08549652870009	-2.22676195264018
			3.0873552615487	-2.22676195264018
			3.08921399439732	-2.2286206854888
			3.09107272724593	-2.23047941833741
			3.09107272724593	-2.23233815118603
			3.09293146009455	-2.23419688403464
			3.09479019294316	-2.23605561688326
		</curvaD_espina_dorsal>
		<curvaI_espina_dorsal type=matrix rownames=FALSE colnames=FALSE nrow=383 ncol=2 as.numeric=TRUE >
			2.87731844965526	-1.62081504399185
			2.87731844965526	-1.62267377684047
			2.87917718250388	-1.62453250968908
			2.87917718250388	-1.6263912425377
			2.87917718250388	-1.62824997538631
			2.88103591535249	-1.63010870823493
			2.88103591535249	-1.63196744108354
			2.88103591535249	-1.63382617393215
			2.88103591535249	-1.63568490678077
			2.88289464820111	-1.63754363962938
			2.88289464820111	-1.639402372478
			2.88289464820111	-1.64126110532661
			2.88475338104972	-1.64311983817523
			2.88475338104972	-1.64497857102384
			2.88475338104972	-1.64683730387246
			2.88661211389833	-1.64869603672107
			2.88661211389833	-1.65055476956969
			2.88661211389833	-1.6524135024183
			2.88661211389833	-1.65427223526691
			2.88847084674695	-1.65613096811553
			2.88847084674695	-1.65798970096414
			2.88847084674695	-1.65984843381276
			2.89032957959556	-1.66170716666137
			2.89032957959556	-1.66356589950999
			2.89032957959556	-1.6654246323586
			2.89032957959556	-1.66728336520722
			2.89218831244418	-1.66914209805583
			2.89218831244418	-1.67100083090445
			2.89218831244418	-1.67285956375306
			2.89404704529279	-1.67471829660167
			2.89404704529279	-1.67657702945029
			2.89404704529279	-1.6784357622989
			2.89404704529279	-1.68029449514752
			2.89590577814141	-1.68215322799613
			2.89590577814141	-1.68401196084475
			2.89590577814141	-1.68587069369336
			2.89590577814141	-1.68772942654198
			2.89776451099002	-1.68958815939059
			2.89776451099002	-1.6914468922392
			2.89776451099002	-1.69330562508782
			2.89776451099002	-1.69516435793643
			2.89962324383864	-1.69702309078505
			2.89962324383864	-1.69888182363366
			2.89962324383864	-1.70074055648228
			2.89962324383864	-1.70259928933089
			2.90148197668725	-1.70259928933089
			2.90148197668725	-1.70445802217951
			2.90148197668725	-1.70631675502812
			2.90148197668725	-1.70817548787674
			2.90334070953587	-1.71003422072535
			2.90334070953587	-1.71189295357396
			2.90334070953587	-1.71375168642258
			2.90334070953587	-1.71561041927119
			2.90519944238448	-1.71746915211981
			2.90519944238448	-1.71932788496842
			2.90519944238448	-1.72118661781704
			2.90519944238448	-1.72304535066565
			2.90705817523309	-1.72490408351427
			2.90705817523309	-1.72676281636288
			2.90705817523309	-1.72862154921149
			2.90705817523309	-1.73048028206011
			2.90891690808171	-1.73233901490872
			2.90891690808171	-1.73419774775734
			2.90891690808171	-1.73605648060595
			2.90891690808171	-1.73791521345457
			2.91077564093032	-1.73977394630318
			2.91077564093032	-1.7416326791518
			2.91077564093032	-1.74349141200041
			2.91077564093032	-1.74535014484903
			2.91077564093032	-1.74720887769764
			2.91263437377894	-1.74720887769764
			2.91263437377894	-1.74906761054625
			2.91263437377894	-1.75092634339487
			2.91263437377894	-1.75278507624348
			2.91263437377894	-1.7546438090921
			2.91449310662755	-1.75650254194071
			2.91449310662755	-1.75836127478933
			2.91449310662755	-1.76022000763794
			2.91449310662755	-1.76207874048656
			2.91449310662755	-1.76393747333517
			2.91635183947617	-1.76579620618379
			2.91635183947617	-1.7676549390324
			2.91635183947617	-1.76951367188101
			2.91635183947617	-1.77137240472963
			2.91635183947617	-1.77323113757824
			2.91821057232478	-1.77323113757824
			2.91821057232478	-1.77508987042686
			2.91821057232478	-1.77694860327547
			2.91821057232478	-1.77880733612409
			2.91821057232478	-1.7806660689727
			2.9200693051734	-1.78252480182132
			2.9200693051734	-1.78438353466993
			2.9200693051734	-1.78624226751854
			2.9200693051734	-1.78810100036716
			2.9200693051734	-1.78995973321577
			2.9200693051734	-1.79181846606439
			2.92192803802201	-1.793677198913
			2.92192803802201	-1.79553593176162
			2.92192803802201	-1.79739466461023
			2.92192803802201	-1.79925339745885
			2.92192803802201	-1.80111213030746
			2.92378677087063	-1.80297086315608
			2.92378677087063	-1.80482959600469
			2.92378677087063	-1.8066883288533
			2.92378677087063	-1.80854706170192
			2.92378677087063	-1.81040579455053
			2.92378677087063	-1.81226452739915
			2.92564550371924	-1.81226452739915
			2.92564550371924	-1.81412326024776
			2.92564550371924	-1.81598199309638
			2.92564550371924	-1.81784072594499
			2.92564550371924	-1.81969945879361
			2.92750423656785	-1.82155819164222
			2.92750423656785	-1.82341692449083
			2.92750423656785	-1.82527565733945
			2.92750423656785	-1.82713439018806
			2.92750423656785	-1.82899312303668
			2.92936296941647	-1.83085185588529
			2.92936296941647	-1.83271058873391
			2.92936296941647	-1.83456932158252
			2.92936296941647	-1.83642805443114
			2.92936296941647	-1.83828678727975
			2.93122170226508	-1.84014552012837
			2.93122170226508	-1.84200425297698
			2.93122170226508	-1.84386298582559
			2.93122170226508	-1.84572171867421
			2.93122170226508	-1.84758045152282
			2.9330804351137	-1.84943918437144
			2.9330804351137	-1.85129791722005
			2.9330804351137	-1.85315665006867
			2.9330804351137	-1.85501538291728
			2.9330804351137	-1.8568741157659
			2.9330804351137	-1.85873284861451
			2.93493916796231	-1.85873284861451
			2.93493916796231	-1.86059158146313
			2.93493916796231	-1.86245031431174
			2.93493916796231	-1.86430904716035
			2.93493916796231	-1.86616778000897
			2.93493916796231	-1.86802651285758
			2.93493916796231	-1.8698852457062
			2.93493916796231	-1.87174397855481
			2.93679790081093	-1.87360271140343
			2.93679790081093	-1.87546144425204
			2.93679790081093	-1.87732017710066
			2.93679790081093	-1.87917890994927
			2.93679790081093	-1.88103764279788
			2.93679790081093	-1.8828963756465
			2.93679790081093	-1.88475510849511
			2.93865663365954	-1.88661384134373
			2.93865663365954	-1.88847257419234
			2.93865663365954	-1.89033130704096
			2.93865663365954	-1.89219003988957
			2.93865663365954	-1.89404877273819
			2.93865663365954	-1.8959075055868
			2.93865663365954	-1.89776623843542
			2.93865663365954	-1.89962497128403
			2.93865663365954	-1.90148370413264
			2.93865663365954	-1.90334243698126
			2.93865663365954	-1.90520116982987
			2.93865663365954	-1.90705990267849
			2.93865663365954	-1.9089186355271
			2.93865663365954	-1.91077736837572
			2.93865663365954	-1.91263610122433
			2.94051536650816	-1.91449483407295
			2.94051536650816	-1.91635356692156
			2.94051536650816	-1.91821229977017
			2.94051536650816	-1.92007103261879
			2.94051536650816	-1.9219297654674
			2.94051536650816	-1.92378849831602
			2.94051536650816	-1.92564723116463
			2.94051536650816	-1.92750596401325
			2.94051536650816	-1.92936469686186
			2.94051536650816	-1.93122342971048
			2.93865663365954	-1.93308216255909
			2.93865663365954	-1.93494089540771
			2.93865663365954	-1.93679962825632
			2.93865663365954	-1.93865836110493
			2.93865663365954	-1.94051709395355
			2.93865663365954	-1.94237582680216
			2.93865663365954	-1.94423455965078
			2.93865663365954	-1.94609329249939
			2.93865663365954	-1.94795202534801
			2.93865663365954	-1.94981075819662
			2.93865663365954	-1.95166949104524
			2.93865663365954	-1.95352822389385
			2.93865663365954	-1.95538695674247
			2.93679790081093	-1.95724568959108
			2.93679790081093	-1.95910442243969
			2.93679790081093	-1.96096315528831
			2.93679790081093	-1.96282188813692
			2.93679790081093	-1.96468062098554
			2.93679790081093	-1.96653935383415
			2.93493916796231	-1.96839808668277
			2.93493916796231	-1.97025681953138
			2.93493916796231	-1.97211555238
			2.9330804351137	-1.97397428522861
			2.93122170226508	-1.97397428522861
			2.92936296941647	-1.97583301807722
			2.92750423656785	-1.97583301807722
			2.92564550371924	-1.97769175092584
			2.92378677087063	-1.97769175092584
			2.92192803802201	-1.97955048377445
			2.9200693051734	-1.97955048377445
			2.91821057232478	-1.98140921662307
			2.91635183947617	-1.98140921662307
			2.91449310662755	-1.98326794947168
			2.91263437377894	-1.98326794947168
			2.91077564093032	-1.9851266823203
			2.90891690808171	-1.9851266823203
			2.90705817523309	-1.98698541516891
			2.90519944238448	-1.98698541516891
			2.90334070953587	-1.98698541516891
			2.90148197668725	-1.98884414801753
			2.89962324383864	-1.98884414801753
			2.89776451099002	-1.98884414801753
			2.89590577814141	-1.99070288086614
			2.89404704529279	-1.99070288086614
			2.89218831244418	-1.99070288086614
			2.89032957959556	-1.99256161371476
			2.88847084674695	-1.99256161371476
			2.88661211389833	-1.99256161371476
			2.88475338104972	-1.99256161371476
			2.88289464820111	-1.99442034656337
			2.88103591535249	-1.99442034656337
			2.87917718250388	-1.99442034656337
			2.87731844965526	-1.99442034656337
			2.87545971680665	-1.99442034656337
			2.87360098395803	-1.99627907941198
			2.87174225110942	-1.99627907941198
			2.8698835182608	-1.99627907941198
			2.86802478541219	-1.99627907941198
			2.86616605256358	-1.99627907941198
			2.86430731971496	-1.99627907941198
			2.86244858686635	-1.99627907941198
			2.86058985401773	-1.9981378122606
			2.85873112116912	-1.9981378122606
			2.8568723883205	-1.9981378122606
			2.85501365547189	-1.9981378122606
			2.85315492262327	-1.9981378122606
			2.85129618977466	-1.9981378122606
			2.84943745692604	-1.9981378122606
			2.84757872407743	-1.9981378122606
			2.84571999122882	-1.9981378122606
			2.8438612583802	-1.9981378122606
			2.84200252553159	-1.9981378122606
			2.84014379268297	-1.9981378122606
			2.83828505983436	-1.9981378122606
			2.83642632698574	-1.99627907941198
			2.83456759413713	-1.99627907941198
			2.83270886128851	-1.99627907941198
			2.8308501284399	-1.99627907941198
			2.82899139559128	-1.99627907941198
			2.82713266274267	-1.99627907941198
			2.82527392989406	-1.99627907941198
			2.82341519704544	-1.99442034656337
			2.82155646419683	-1.99442034656337
			2.81969773134821	-1.99442034656337
			2.8178389984996	-1.99442034656337
			2.81598026565098	-1.99442034656337
			2.81412153280237	-1.99256161371476
			2.81226279995375	-1.99256161371476
			2.81040406710514	-1.99256161371476
			2.80854533425653	-1.99256161371476
			2.80668660140791	-1.99070288086614
			2.8048278685593	-1.99070288086614
			2.80296913571068	-1.99070288086614
			2.80111040286207	-1.98884414801753
			2.79925167001345	-1.98884414801753
			2.79739293716484	-1.98884414801753
			2.79553420431622	-1.98698541516891
			2.79367547146761	-1.98698541516891
			2.79181673861899	-1.98698541516891
			2.78995800577038	-1.9851266823203
			2.78809927292177	-1.9851266823203
			2.78624054007315	-1.98326794947168
			2.78438180722454	-1.98326794947168
			2.78252307437592	-1.98140921662307
			2.78066434152731	-1.98140921662307
			2.77880560867869	-1.97955048377445
			2.77694687583008	-1.97955048377445
			2.77508814298146	-1.97769175092584
			2.77322941013285	-1.97769175092584
			2.77137067728424	-1.97583301807722
			2.76951194443562	-1.97583301807722
			2.76765321158701	-1.97397428522861
			2.76579447873839	-1.97397428522861
			2.76393574588978	-1.97211555238
			2.76207701304116	-1.97025681953138
			2.76021828019255	-1.97025681953138
			2.75835954734393	-1.96839808668277
			2.75650081449532	-1.96839808668277
			2.7546420816467	-1.96653935383415
			2.75278334879809	-1.96468062098554
			2.75092461594948	-1.96468062098554
			2.74906588310086	-1.96282188813692
			2.74720715025225	-1.96096315528831
			2.74534841740363	-1.95910442243969
			2.74348968455502	-1.95910442243969
			2.7416309517064	-1.95724568959108
			2.73977221885779	-1.95538695674247
			2.73791348600917	-1.95352822389385
			2.73605475316056	-1.95352822389385
			2.73419602031194	-1.95166949104524
			2.73233728746333	-1.94981075819662
			2.73047855461472	-1.94795202534801
			2.7286198217661	-1.94609329249939
			2.72676108891749	-1.94423455965078
			2.72490235606887	-1.94423455965078
			2.72304362322026	-1.94237582680216
			2.72118489037164	-1.94237582680216
			2.71932615752303	-1.94237582680216
			2.71746742467441	-1.94237582680216
			2.7156086918258	-1.94237582680216
			2.71374995897719	-1.94237582680216
			2.71189122612857	-1.94237582680216
			2.71003249327996	-1.94237582680216
			2.70817376043134	-1.94237582680216
			2.70631502758273	-1.94237582680216
			2.70445629473411	-1.94237582680216
			2.7025975618855	-1.94237582680216
			2.70073882903688	-1.94237582680216
			2.69888009618827	-1.94237582680216
			2.69702136333965	-1.94237582680216
			2.69516263049104	-1.94237582680216
			2.69330389764243	-1.94237582680216
			2.69144516479381	-1.94237582680216
			2.6895864319452	-1.94237582680216
			2.68772769909658	-1.94237582680216
			2.68586896624797	-1.94237582680216
			2.68401023339935	-1.94237582680216
			2.68215150055074	-1.94237582680216
			2.68029276770212	-1.94237582680216
			2.67843403485351	-1.94237582680216
			2.6765753020049	-1.94237582680216
			2.67471656915628	-1.94237582680216
			2.67285783630767	-1.94237582680216
			2.67099910345905	-1.94237582680216
			2.66914037061044	-1.94237582680216
			2.66728163776182	-1.94237582680216
			2.66542290491321	-1.94423455965078
			2.66356417206459	-1.94423455965078
			2.66170543921598	-1.94423455965078
			2.65984670636736	-1.94423455965078
			2.65798797351875	-1.94423455965078
			2.65612924067014	-1.94423455965078
			2.65427050782152	-1.94423455965078
			2.65241177497291	-1.94423455965078
			2.65055304212429	-1.94609329249939
			2.64869430927568	-1.94609329249939
			2.64683557642706	-1.94609329249939
			2.64497684357845	-1.94609329249939
			2.64311811072983	-1.94609329249939
			2.64125937788122	-1.94795202534801
			2.6394006450326	-1.94795202534801
			2.63754191218399	-1.94795202534801
			2.63568317933538	-1.94795202534801
			2.63382444648676	-1.94981075819662
			2.63196571363815	-1.94981075819662
			2.63010698078953	-1.94981075819662
			2.62824824794092	-1.94981075819662
			2.6263895150923	-1.95166949104524
			2.62453078224369	-1.95166949104524
			2.62267204939507	-1.95166949104524
			2.62081331654646	-1.95166949104524
			2.61895458369785	-1.95352822389385
			2.61709585084923	-1.95352822389385
			2.61523711800062	-1.95538695674247
			2.613378385152	-1.95538695674247
			2.61151965230339	-1.95538695674247
			2.60966091945477	-1.95538695674247
			2.60780218660616	-1.95724568959108
			2.60594345375754	-1.95724568959108
			2.60594345375754	-1.95910442243969
			2.60408472090893	-1.95910442243969
			2.60222598806031	-1.95910442243969
			2.6003672552117	-1.96096315528831
			2.59850852236309	-1.96096315528831
			2.59664978951447	-1.96096315528831
			2.59479105666586	-1.96282188813692
			2.59293232381724	-1.96468062098554
			2.59107359096863	-1.96468062098554
			2.58921485812001	-1.96653935383415
			2.5873561252714	-1.96653935383415
		</curvaI_espina_dorsal>
	</curves.scaled>
	<ruler.points type=matrix rownames=TRUE colnames=FALSE nrow=2 ncol=2 as.numeric=TRUE >
		Ruler point 1	1607	568
		Ruler point 2	2145	567
	</ruler.points>
</shapes>

