<shapes type=list>
	<ruler.pixel type=vector names=FALSE length=1 as.numeric=TRUE >539.000927642987</ruler.pixel>
	<ruler.interval type=vector names=FALSE length=1 as.numeric=TRUE >1</ruler.interval>
	<scaling.units type=vector names=FALSE length=1 as.numeric=FALSE >mm</scaling.units>
	<scaling type=vector names=FALSE length=1 as.numeric=TRUE >0.00185873284861451</scaling>
	<landmarks.pixel type=matrix rownames=TRUE colnames=FALSE nrow=7 ncol=2 as.numeric=TRUE >
		punta_espina_dorsal	1356	1055
		esq_izq_caparaza	1467	1293
		superior_ojo	1754	1175
		inferior_ojo	1887	1268
		derecha_ojo	1846	1179
		izquierda_ojo	1772	1267
		organo_dorsal	1740	1066
	</landmarks.pixel>
	<landmarks.scaled type=matrix rownames=TRUE colnames=FALSE nrow=7 ncol=2 as.numeric=TRUE >
		punta_espina_dorsal	2.52044174272128	-1.96096315528831
		esq_izq_caparaza	2.72676108891749	-2.40334157325856
		superior_ojo	3.26021741646985	-2.18401109712205
		inferior_ojo	3.50742888533558	-2.3568732520432
		derecha_ojo	3.43122083854239	-2.19144602851651
		izquierda_ojo	3.29367460774491	-2.35501451919458
		organo_dorsal	3.23419515658925	-1.98140921662307
	</landmarks.scaled>
	<curves.control type=list>
		<curvaD_espina_dorsal type=matrix rownames=FALSE colnames=FALSE nrow=7 ncol=2 as.numeric=TRUE >
			1356	1055
			1438	1047
			1495	1058
			1533	1064
			1568	1076
			1617	1120
			1740	1066
		</curvaD_espina_dorsal>
		<curvaI_espina_dorsal type=matrix rownames=FALSE colnames=FALSE nrow=9 ncol=2 as.numeric=TRUE >
			1356	1055
			1442	1061
			1497	1082
			1531	1095
			1551	1111
			1553	1170
			1493	1206
			1476	1234
			1467	1293
		</curvaI_espina_dorsal>
	</curves.control>
	<curves.pixel type=list>
		<curvaD_espina_dorsal type=matrix rownames=FALSE colnames=FALSE nrow=388 ncol=2 as.numeric=TRUE >
			1356	1055
			1357	1055
			1358	1055
			1359	1055
			1360	1055
			1361	1055
			1361	1054
			1362	1054
			1363	1054
			1364	1054
			1365	1054
			1366	1054
			1367	1054
			1368	1054
			1369	1054
			1370	1054
			1371	1054
			1372	1054
			1373	1053
			1374	1053
			1375	1053
			1376	1053
			1377	1053
			1378	1053
			1379	1053
			1380	1053
			1381	1053
			1382	1053
			1383	1053
			1384	1053
			1385	1053
			1386	1053
			1387	1053
			1388	1053
			1389	1052
			1390	1052
			1391	1052
			1392	1052
			1393	1052
			1394	1052
			1395	1052
			1396	1052
			1397	1052
			1398	1052
			1399	1052
			1400	1052
			1401	1052
			1402	1052
			1403	1052
			1404	1052
			1405	1052
			1406	1052
			1407	1052
			1408	1052
			1409	1052
			1410	1052
			1411	1052
			1412	1052
			1413	1052
			1414	1052
			1415	1052
			1416	1052
			1417	1052
			1418	1052
			1419	1052
			1420	1052
			1421	1052
			1422	1052
			1423	1052
			1424	1052
			1425	1052
			1426	1052
			1427	1052
			1428	1052
			1429	1052
			1430	1052
			1431	1052
			1432	1052
			1433	1052
			1434	1052
			1435	1052
			1436	1052
			1437	1052
			1438	1052
			1439	1052
			1440	1052
			1441	1052
			1442	1052
			1443	1052
			1444	1052
			1445	1052
			1446	1052
			1447	1052
			1448	1052
			1449	1052
			1450	1053
			1451	1053
			1452	1053
			1453	1053
			1454	1053
			1455	1053
			1456	1053
			1457	1053
			1458	1053
			1459	1053
			1460	1053
			1461	1053
			1462	1053
			1463	1054
			1464	1054
			1465	1054
			1466	1054
			1467	1054
			1468	1054
			1469	1054
			1470	1054
			1471	1054
			1472	1054
			1473	1055
			1474	1055
			1475	1055
			1476	1055
			1477	1055
			1478	1055
			1479	1055
			1480	1056
			1481	1056
			1482	1056
			1483	1056
			1484	1056
			1485	1056
			1486	1056
			1487	1057
			1488	1057
			1489	1057
			1490	1057
			1491	1057
			1492	1057
			1493	1058
			1494	1058
			1495	1058
			1496	1058
			1497	1058
			1498	1059
			1499	1059
			1500	1059
			1501	1059
			1502	1059
			1503	1059
			1504	1060
			1505	1060
			1506	1060
			1507	1060
			1508	1060
			1509	1060
			1510	1061
			1511	1061
			1512	1061
			1513	1061
			1514	1061
			1515	1062
			1516	1062
			1517	1062
			1518	1062
			1519	1063
			1520	1063
			1521	1063
			1522	1063
			1523	1063
			1524	1064
			1525	1064
			1526	1064
			1527	1064
			1528	1065
			1529	1065
			1530	1065
			1531	1065
			1532	1066
			1533	1066
			1534	1066
			1535	1066
			1536	1066
			1537	1067
			1538	1067
			1539	1067
			1540	1068
			1541	1068
			1542	1068
			1543	1068
			1544	1069
			1545	1069
			1546	1069
			1547	1069
			1548	1070
			1549	1070
			1550	1070
			1551	1071
			1552	1071
			1553	1071
			1554	1071
			1555	1072
			1556	1072
			1557	1072
			1558	1073
			1559	1073
			1560	1073
			1561	1074
			1562	1074
			1563	1074
			1564	1075
			1565	1075
			1566	1075
			1567	1076
			1568	1076
			1569	1077
			1570	1078
			1571	1078
			1572	1079
			1573	1080
			1574	1081
			1575	1082
			1576	1083
			1577	1083
			1578	1083
			1579	1084
			1580	1085
			1581	1085
			1582	1086
			1583	1086
			1584	1087
			1585	1087
			1586	1088
			1587	1088
			1588	1089
			1589	1089
			1590	1089
			1591	1090
			1592	1090
			1593	1091
			1594	1091
			1595	1091
			1596	1092
			1597	1092
			1598	1092
			1599	1092
			1600	1093
			1601	1093
			1602	1093
			1603	1093
			1604	1094
			1605	1094
			1606	1094
			1607	1094
			1608	1094
			1609	1094
			1610	1095
			1611	1095
			1612	1095
			1613	1095
			1614	1095
			1615	1095
			1616	1095
			1617	1095
			1618	1095
			1619	1096
			1620	1096
			1621	1096
			1622	1096
			1623	1096
			1624	1096
			1625	1096
			1626	1096
			1627	1096
			1628	1096
			1629	1096
			1630	1096
			1631	1096
			1632	1096
			1633	1096
			1634	1096
			1635	1096
			1636	1095
			1637	1095
			1638	1095
			1639	1095
			1640	1095
			1641	1095
			1642	1095
			1643	1095
			1644	1095
			1645	1095
			1646	1095
			1647	1094
			1648	1094
			1649	1094
			1650	1094
			1651	1094
			1652	1094
			1653	1094
			1654	1093
			1655	1093
			1656	1093
			1657	1093
			1658	1093
			1659	1092
			1660	1092
			1661	1092
			1662	1092
			1663	1092
			1664	1092
			1665	1091
			1666	1091
			1667	1091
			1668	1091
			1669	1090
			1670	1090
			1671	1090
			1672	1090
			1673	1090
			1674	1089
			1675	1089
			1676	1089
			1677	1089
			1678	1088
			1679	1088
			1680	1088
			1681	1087
			1682	1087
			1683	1087
			1684	1087
			1685	1086
			1686	1086
			1687	1086
			1688	1085
			1689	1085
			1690	1085
			1691	1084
			1692	1084
			1693	1084
			1694	1083
			1695	1083
			1696	1083
			1697	1083
			1698	1082
			1699	1082
			1700	1082
			1701	1081
			1702	1081
			1703	1081
			1704	1080
			1705	1080
			1706	1080
			1707	1079
			1708	1079
			1709	1079
			1710	1078
			1711	1078
			1712	1078
			1713	1077
			1714	1077
			1715	1076
			1716	1076
			1717	1075
			1718	1075
			1719	1075
			1720	1074
			1721	1074
			1722	1073
			1723	1073
			1724	1073
			1725	1072
			1726	1072
			1727	1072
			1727	1071
			1728	1071
			1729	1071
			1730	1070
			1731	1070
			1732	1070
			1733	1069
			1734	1069
			1734	1068
			1735	1068
			1736	1068
			1737	1067
			1738	1067
			1739	1067
			1740	1066
		</curvaD_espina_dorsal>
		<curvaI_espina_dorsal type=matrix rownames=FALSE colnames=FALSE nrow=399 ncol=2 as.numeric=TRUE >
			1356	1055
			1357	1055
			1358	1055
			1359	1055
			1360	1055
			1361	1055
			1362	1055
			1363	1056
			1364	1056
			1365	1056
			1366	1056
			1367	1056
			1368	1056
			1369	1056
			1370	1056
			1371	1056
			1372	1056
			1373	1056
			1374	1056
			1375	1057
			1376	1057
			1377	1057
			1378	1057
			1379	1057
			1380	1057
			1381	1057
			1382	1057
			1383	1057
			1384	1057
			1385	1058
			1386	1058
			1387	1058
			1388	1058
			1389	1058
			1390	1058
			1391	1058
			1392	1058
			1393	1058
			1394	1059
			1395	1059
			1396	1059
			1397	1059
			1398	1059
			1399	1059
			1400	1059
			1401	1060
			1402	1060
			1403	1060
			1404	1060
			1405	1060
			1406	1060
			1407	1060
			1408	1060
			1409	1060
			1409	1061
			1410	1061
			1411	1061
			1412	1061
			1413	1061
			1414	1061
			1415	1061
			1416	1062
			1417	1062
			1418	1062
			1419	1062
			1420	1062
			1421	1062
			1422	1062
			1422	1063
			1423	1063
			1424	1063
			1425	1063
			1426	1063
			1427	1063
			1428	1064
			1429	1064
			1430	1064
			1431	1064
			1432	1064
			1433	1065
			1434	1065
			1435	1065
			1436	1065
			1437	1065
			1438	1065
			1438	1066
			1439	1066
			1440	1066
			1441	1066
			1442	1066
			1443	1067
			1444	1067
			1445	1067
			1446	1067
			1447	1067
			1448	1068
			1449	1068
			1450	1068
			1451	1068
			1452	1068
			1453	1069
			1454	1069
			1455	1069
			1456	1070
			1457	1070
			1458	1070
			1459	1070
			1460	1071
			1461	1071
			1462	1071
			1463	1071
			1464	1072
			1465	1072
			1466	1072
			1467	1072
			1468	1073
			1469	1073
			1470	1073
			1471	1073
			1472	1074
			1473	1074
			1474	1074
			1475	1075
			1476	1075
			1477	1075
			1478	1075
			1479	1076
			1480	1076
			1481	1076
			1481	1077
			1482	1077
			1483	1077
			1484	1077
			1485	1078
			1486	1078
			1487	1078
			1488	1079
			1489	1079
			1490	1079
			1490	1080
			1491	1080
			1492	1080
			1493	1081
			1494	1081
			1495	1081
			1496	1081
			1497	1082
			1498	1082
			1499	1083
			1500	1083
			1501	1084
			1502	1084
			1503	1084
			1504	1085
			1505	1085
			1506	1086
			1507	1086
			1508	1086
			1509	1087
			1510	1087
			1511	1088
			1512	1088
			1513	1089
			1514	1089
			1515	1089
			1516	1090
			1517	1091
			1518	1091
			1519	1091
			1520	1092
			1521	1092
			1522	1093
			1523	1093
			1524	1094
			1525	1094
			1525	1095
			1526	1095
			1527	1095
			1528	1096
			1529	1097
			1530	1097
			1531	1098
			1532	1098
			1533	1099
			1534	1099
			1534	1100
			1535	1100
			1536	1101
			1537	1101
			1538	1102
			1539	1103
			1540	1103
			1541	1104
			1542	1104
			1543	1105
			1544	1106
			1545	1106
			1545	1107
			1546	1107
			1547	1108
			1548	1109
			1549	1109
			1549	1110
			1550	1110
			1551	1111
			1551	1112
			1551	1113
			1551	1114
			1551	1115
			1551	1116
			1551	1117
			1551	1118
			1551	1119
			1551	1120
			1551	1121
			1551	1122
			1551	1123
			1551	1124
			1551	1125
			1550	1126
			1550	1127
			1550	1128
			1550	1129
			1550	1130
			1550	1131
			1550	1132
			1549	1133
			1549	1134
			1549	1135
			1549	1136
			1549	1137
			1548	1138
			1548	1139
			1548	1140
			1548	1141
			1547	1142
			1547	1143
			1547	1144
			1546	1145
			1546	1146
			1546	1147
			1545	1148
			1545	1149
			1544	1150
			1544	1151
			1544	1152
			1543	1153
			1543	1154
			1542	1155
			1542	1156
			1541	1157
			1541	1158
			1541	1159
			1540	1160
			1539	1161
			1539	1162
			1538	1163
			1538	1164
			1537	1165
			1536	1166
			1536	1167
			1535	1168
			1534	1169
			1534	1170
			1533	1171
			1532	1172
			1531	1173
			1531	1174
			1530	1175
			1529	1176
			1528	1177
			1527	1178
			1527	1179
			1526	1180
			1525	1181
			1524	1182
			1523	1183
			1522	1184
			1521	1184
			1520	1185
			1519	1186
			1519	1187
			1518	1188
			1517	1189
			1516	1190
			1515	1191
			1514	1191
			1513	1192
			1512	1193
			1511	1194
			1510	1194
			1509	1195
			1508	1196
			1507	1197
			1506	1198
			1505	1198
			1504	1199
			1503	1200
			1502	1200
			1501	1201
			1500	1202
			1499	1202
			1498	1203
			1497	1204
			1496	1204
			1495	1205
			1494	1205
			1493	1206
			1493	1207
			1492	1207
			1492	1208
			1491	1209
			1491	1210
			1490	1211
			1489	1212
			1489	1213
			1489	1214
			1488	1215
			1488	1216
			1487	1217
			1487	1218
			1486	1219
			1486	1220
			1485	1221
			1485	1222
			1485	1223
			1484	1223
			1484	1224
			1484	1225
			1483	1226
			1483	1227
			1482	1228
			1482	1229
			1482	1230
			1481	1231
			1481	1232
			1481	1233
			1481	1234
			1480	1235
			1480	1236
			1480	1237
			1479	1238
			1479	1239
			1479	1240
			1478	1241
			1478	1242
			1478	1243
			1477	1244
			1477	1245
			1477	1246
			1477	1247
			1476	1248
			1476	1249
			1476	1250
			1475	1251
			1475	1252
			1475	1253
			1475	1254
			1474	1255
			1474	1256
			1474	1257
			1474	1258
			1474	1259
			1473	1259
			1473	1260
			1473	1261
			1473	1262
			1472	1263
			1472	1264
			1472	1265
			1472	1266
			1472	1267
			1472	1268
			1471	1268
			1471	1269
			1471	1270
			1471	1271
			1471	1272
			1470	1273
			1470	1274
			1470	1275
			1470	1276
			1470	1277
			1469	1278
			1469	1279
			1469	1280
			1469	1281
			1469	1282
			1469	1283
			1468	1284
			1468	1285
			1468	1286
			1468	1287
			1468	1288
			1468	1289
			1467	1290
			1467	1291
			1467	1292
			1467	1293
		</curvaI_espina_dorsal>
	</curves.pixel>
	<curves.scaled type=list>
		<curvaD_espina_dorsal type=matrix rownames=FALSE colnames=FALSE nrow=388 ncol=2 as.numeric=TRUE >
			2.52044174272128	-1.96096315528831
			2.52230047556989	-1.96096315528831
			2.52415920841851	-1.96096315528831
			2.52601794126712	-1.96096315528831
			2.52787667411573	-1.96096315528831
			2.52973540696435	-1.96096315528831
			2.52973540696435	-1.95910442243969
			2.53159413981296	-1.95910442243969
			2.53345287266158	-1.95910442243969
			2.53531160551019	-1.95910442243969
			2.53717033835881	-1.95910442243969
			2.53902907120742	-1.95910442243969
			2.54088780405604	-1.95910442243969
			2.54274653690465	-1.95910442243969
			2.54460526975326	-1.95910442243969
			2.54646400260188	-1.95910442243969
			2.54832273545049	-1.95910442243969
			2.55018146829911	-1.95910442243969
			2.55204020114772	-1.95724568959108
			2.55389893399634	-1.95724568959108
			2.55575766684495	-1.95724568959108
			2.55761639969357	-1.95724568959108
			2.55947513254218	-1.95724568959108
			2.5613338653908	-1.95724568959108
			2.56319259823941	-1.95724568959108
			2.56505133108802	-1.95724568959108
			2.56691006393664	-1.95724568959108
			2.56876879678525	-1.95724568959108
			2.57062752963387	-1.95724568959108
			2.57248626248248	-1.95724568959108
			2.5743449953311	-1.95724568959108
			2.57620372817971	-1.95724568959108
			2.57806246102833	-1.95724568959108
			2.57992119387694	-1.95724568959108
			2.58177992672556	-1.95538695674247
			2.58363865957417	-1.95538695674247
			2.58549739242278	-1.95538695674247
			2.5873561252714	-1.95538695674247
			2.58921485812001	-1.95538695674247
			2.59107359096863	-1.95538695674247
			2.59293232381724	-1.95538695674247
			2.59479105666586	-1.95538695674247
			2.59664978951447	-1.95538695674247
			2.59850852236309	-1.95538695674247
			2.6003672552117	-1.95538695674247
			2.60222598806031	-1.95538695674247
			2.60408472090893	-1.95538695674247
			2.60594345375754	-1.95538695674247
			2.60780218660616	-1.95538695674247
			2.60966091945477	-1.95538695674247
			2.61151965230339	-1.95538695674247
			2.613378385152	-1.95538695674247
			2.61523711800062	-1.95538695674247
			2.61709585084923	-1.95538695674247
			2.61895458369785	-1.95538695674247
			2.62081331654646	-1.95538695674247
			2.62267204939507	-1.95538695674247
			2.62453078224369	-1.95538695674247
			2.6263895150923	-1.95538695674247
			2.62824824794092	-1.95538695674247
			2.63010698078953	-1.95538695674247
			2.63196571363815	-1.95538695674247
			2.63382444648676	-1.95538695674247
			2.63568317933538	-1.95538695674247
			2.63754191218399	-1.95538695674247
			2.6394006450326	-1.95538695674247
			2.64125937788122	-1.95538695674247
			2.64311811072983	-1.95538695674247
			2.64497684357845	-1.95538695674247
			2.64683557642706	-1.95538695674247
			2.64869430927568	-1.95538695674247
			2.65055304212429	-1.95538695674247
			2.65241177497291	-1.95538695674247
			2.65427050782152	-1.95538695674247
			2.65612924067014	-1.95538695674247
			2.65798797351875	-1.95538695674247
			2.65984670636736	-1.95538695674247
			2.66170543921598	-1.95538695674247
			2.66356417206459	-1.95538695674247
			2.66542290491321	-1.95538695674247
			2.66728163776182	-1.95538695674247
			2.66914037061044	-1.95538695674247
			2.67099910345905	-1.95538695674247
			2.67285783630767	-1.95538695674247
			2.67471656915628	-1.95538695674247
			2.6765753020049	-1.95538695674247
			2.67843403485351	-1.95538695674247
			2.68029276770212	-1.95538695674247
			2.68215150055074	-1.95538695674247
			2.68401023339935	-1.95538695674247
			2.68586896624797	-1.95538695674247
			2.68772769909658	-1.95538695674247
			2.6895864319452	-1.95538695674247
			2.69144516479381	-1.95538695674247
			2.69330389764243	-1.95538695674247
			2.69516263049104	-1.95724568959108
			2.69702136333965	-1.95724568959108
			2.69888009618827	-1.95724568959108
			2.70073882903688	-1.95724568959108
			2.7025975618855	-1.95724568959108
			2.70445629473411	-1.95724568959108
			2.70631502758273	-1.95724568959108
			2.70817376043134	-1.95724568959108
			2.71003249327996	-1.95724568959108
			2.71189122612857	-1.95724568959108
			2.71374995897719	-1.95724568959108
			2.7156086918258	-1.95724568959108
			2.71746742467441	-1.95724568959108
			2.71932615752303	-1.95910442243969
			2.72118489037164	-1.95910442243969
			2.72304362322026	-1.95910442243969
			2.72490235606887	-1.95910442243969
			2.72676108891749	-1.95910442243969
			2.7286198217661	-1.95910442243969
			2.73047855461472	-1.95910442243969
			2.73233728746333	-1.95910442243969
			2.73419602031194	-1.95910442243969
			2.73605475316056	-1.95910442243969
			2.73791348600917	-1.96096315528831
			2.73977221885779	-1.96096315528831
			2.7416309517064	-1.96096315528831
			2.74348968455502	-1.96096315528831
			2.74534841740363	-1.96096315528831
			2.74720715025225	-1.96096315528831
			2.74906588310086	-1.96096315528831
			2.75092461594948	-1.96282188813692
			2.75278334879809	-1.96282188813692
			2.7546420816467	-1.96282188813692
			2.75650081449532	-1.96282188813692
			2.75835954734393	-1.96282188813692
			2.76021828019255	-1.96282188813692
			2.76207701304116	-1.96282188813692
			2.76393574588978	-1.96468062098554
			2.76579447873839	-1.96468062098554
			2.76765321158701	-1.96468062098554
			2.76951194443562	-1.96468062098554
			2.77137067728424	-1.96468062098554
			2.77322941013285	-1.96468062098554
			2.77508814298146	-1.96653935383415
			2.77694687583008	-1.96653935383415
			2.77880560867869	-1.96653935383415
			2.78066434152731	-1.96653935383415
			2.78252307437592	-1.96653935383415
			2.78438180722454	-1.96839808668277
			2.78624054007315	-1.96839808668277
			2.78809927292177	-1.96839808668277
			2.78995800577038	-1.96839808668277
			2.79181673861899	-1.96839808668277
			2.79367547146761	-1.96839808668277
			2.79553420431622	-1.97025681953138
			2.79739293716484	-1.97025681953138
			2.79925167001345	-1.97025681953138
			2.80111040286207	-1.97025681953138
			2.80296913571068	-1.97025681953138
			2.8048278685593	-1.97025681953138
			2.80668660140791	-1.97211555238
			2.80854533425653	-1.97211555238
			2.81040406710514	-1.97211555238
			2.81226279995375	-1.97211555238
			2.81412153280237	-1.97211555238
			2.81598026565098	-1.97397428522861
			2.8178389984996	-1.97397428522861
			2.81969773134821	-1.97397428522861
			2.82155646419683	-1.97397428522861
			2.82341519704544	-1.97583301807722
			2.82527392989406	-1.97583301807722
			2.82713266274267	-1.97583301807722
			2.82899139559128	-1.97583301807722
			2.8308501284399	-1.97583301807722
			2.83270886128851	-1.97769175092584
			2.83456759413713	-1.97769175092584
			2.83642632698574	-1.97769175092584
			2.83828505983436	-1.97769175092584
			2.84014379268297	-1.97955048377445
			2.84200252553159	-1.97955048377445
			2.8438612583802	-1.97955048377445
			2.84571999122882	-1.97955048377445
			2.84757872407743	-1.98140921662307
			2.84943745692604	-1.98140921662307
			2.85129618977466	-1.98140921662307
			2.85315492262327	-1.98140921662307
			2.85501365547189	-1.98140921662307
			2.8568723883205	-1.98326794947168
			2.85873112116912	-1.98326794947168
			2.86058985401773	-1.98326794947168
			2.86244858686635	-1.9851266823203
			2.86430731971496	-1.9851266823203
			2.86616605256358	-1.9851266823203
			2.86802478541219	-1.9851266823203
			2.8698835182608	-1.98698541516891
			2.87174225110942	-1.98698541516891
			2.87360098395803	-1.98698541516891
			2.87545971680665	-1.98698541516891
			2.87731844965526	-1.98884414801753
			2.87917718250388	-1.98884414801753
			2.88103591535249	-1.98884414801753
			2.88289464820111	-1.99070288086614
			2.88475338104972	-1.99070288086614
			2.88661211389833	-1.99070288086614
			2.88847084674695	-1.99070288086614
			2.89032957959556	-1.99256161371476
			2.89218831244418	-1.99256161371476
			2.89404704529279	-1.99256161371476
			2.89590577814141	-1.99442034656337
			2.89776451099002	-1.99442034656337
			2.89962324383864	-1.99442034656337
			2.90148197668725	-1.99627907941198
			2.90334070953587	-1.99627907941198
			2.90519944238448	-1.99627907941198
			2.90705817523309	-1.9981378122606
			2.90891690808171	-1.9981378122606
			2.91077564093032	-1.9981378122606
			2.91263437377894	-1.99999654510921
			2.91449310662755	-1.99999654510921
			2.91635183947617	-2.00185527795783
			2.91821057232478	-2.00371401080644
			2.9200693051734	-2.00371401080644
			2.92192803802201	-2.00557274365506
			2.92378677087063	-2.00743147650367
			2.92564550371924	-2.00929020935229
			2.92750423656785	-2.0111489422009
			2.92936296941647	-2.01300767504951
			2.93122170226508	-2.01300767504951
			2.9330804351137	-2.01300767504951
			2.93493916796231	-2.01486640789813
			2.93679790081093	-2.01672514074674
			2.93865663365954	-2.01672514074674
			2.94051536650816	-2.01858387359536
			2.94237409935677	-2.01858387359536
			2.94423283220538	-2.02044260644397
			2.946091565054	-2.02044260644397
			2.94795029790261	-2.02230133929259
			2.94980903075123	-2.02230133929259
			2.95166776359984	-2.0241600721412
			2.95352649644846	-2.0241600721412
			2.95538522929707	-2.0241600721412
			2.95724396214569	-2.02601880498982
			2.9591026949943	-2.02601880498982
			2.96096142784292	-2.02787753783843
			2.96282016069153	-2.02787753783843
			2.96467889354014	-2.02787753783843
			2.96653762638876	-2.02973627068705
			2.96839635923737	-2.02973627068705
			2.97025509208599	-2.02973627068705
			2.9721138249346	-2.02973627068705
			2.97397255778322	-2.03159500353566
			2.97583129063183	-2.03159500353566
			2.97769002348045	-2.03159500353566
			2.97954875632906	-2.03159500353566
			2.98140748917768	-2.03345373638427
			2.98326622202629	-2.03345373638427
			2.9851249548749	-2.03345373638427
			2.98698368772352	-2.03345373638427
			2.98884242057213	-2.03345373638427
			2.99070115342075	-2.03345373638427
			2.99255988626936	-2.03531246923289
			2.99441861911798	-2.03531246923289
			2.99627735196659	-2.03531246923289
			2.99813608481521	-2.03531246923289
			2.99999481766382	-2.03531246923289
			3.00185355051243	-2.03531246923289
			3.00371228336105	-2.03531246923289
			3.00557101620966	-2.03531246923289
			3.00742974905828	-2.03531246923289
			3.00928848190689	-2.0371712020815
			3.01114721475551	-2.0371712020815
			3.01300594760412	-2.0371712020815
			3.01486468045274	-2.0371712020815
			3.01672341330135	-2.0371712020815
			3.01858214614997	-2.0371712020815
			3.02044087899858	-2.0371712020815
			3.02229961184719	-2.0371712020815
			3.02415834469581	-2.0371712020815
			3.02601707754442	-2.0371712020815
			3.02787581039304	-2.0371712020815
			3.02973454324165	-2.0371712020815
			3.03159327609027	-2.0371712020815
			3.03345200893888	-2.0371712020815
			3.0353107417875	-2.0371712020815
			3.03716947463611	-2.0371712020815
			3.03902820748472	-2.0371712020815
			3.04088694033334	-2.03531246923289
			3.04274567318195	-2.03531246923289
			3.04460440603057	-2.03531246923289
			3.04646313887918	-2.03531246923289
			3.0483218717278	-2.03531246923289
			3.05018060457641	-2.03531246923289
			3.05203933742503	-2.03531246923289
			3.05389807027364	-2.03531246923289
			3.05575680312226	-2.03531246923289
			3.05761553597087	-2.03531246923289
			3.05947426881948	-2.03531246923289
			3.0613330016681	-2.03345373638427
			3.06319173451671	-2.03345373638427
			3.06505046736533	-2.03345373638427
			3.06690920021394	-2.03345373638427
			3.06876793306256	-2.03345373638427
			3.07062666591117	-2.03345373638427
			3.07248539875979	-2.03345373638427
			3.0743441316084	-2.03159500353566
			3.07620286445702	-2.03159500353566
			3.07806159730563	-2.03159500353566
			3.07992033015424	-2.03159500353566
			3.08177906300286	-2.03159500353566
			3.08363779585147	-2.02973627068705
			3.08549652870009	-2.02973627068705
			3.0873552615487	-2.02973627068705
			3.08921399439732	-2.02973627068705
			3.09107272724593	-2.02973627068705
			3.09293146009455	-2.02973627068705
			3.09479019294316	-2.02787753783843
			3.09664892579177	-2.02787753783843
			3.09850765864039	-2.02787753783843
			3.100366391489	-2.02787753783843
			3.10222512433762	-2.02601880498982
			3.10408385718623	-2.02601880498982
			3.10594259003485	-2.02601880498982
			3.10780132288346	-2.02601880498982
			3.10966005573208	-2.02601880498982
			3.11151878858069	-2.0241600721412
			3.11337752142931	-2.0241600721412
			3.11523625427792	-2.0241600721412
			3.11709498712653	-2.0241600721412
			3.11895371997515	-2.02230133929259
			3.12081245282376	-2.02230133929259
			3.12267118567238	-2.02230133929259
			3.12452991852099	-2.02044260644397
			3.12638865136961	-2.02044260644397
			3.12824738421822	-2.02044260644397
			3.13010611706684	-2.02044260644397
			3.13196484991545	-2.01858387359536
			3.13382358276407	-2.01858387359536
			3.13568231561268	-2.01858387359536
			3.13754104846129	-2.01672514074674
			3.13939978130991	-2.01672514074674
			3.14125851415852	-2.01672514074674
			3.14311724700714	-2.01486640789813
			3.14497597985575	-2.01486640789813
			3.14683471270437	-2.01486640789813
			3.14869344555298	-2.01300767504951
			3.1505521784016	-2.01300767504951
			3.15241091125021	-2.01300767504951
			3.15426964409882	-2.01300767504951
			3.15612837694744	-2.0111489422009
			3.15798710979605	-2.0111489422009
			3.15984584264467	-2.0111489422009
			3.16170457549328	-2.00929020935229
			3.1635633083419	-2.00929020935229
			3.16542204119051	-2.00929020935229
			3.16728077403913	-2.00743147650367
			3.16913950688774	-2.00743147650367
			3.17099823973636	-2.00743147650367
			3.17285697258497	-2.00557274365506
			3.17471570543358	-2.00557274365506
			3.1765744382822	-2.00557274365506
			3.17843317113081	-2.00371401080644
			3.18029190397943	-2.00371401080644
			3.18215063682804	-2.00371401080644
			3.18400936967666	-2.00185527795783
			3.18586810252527	-2.00185527795783
			3.18772683537389	-1.99999654510921
			3.1895855682225	-1.99999654510921
			3.19144430107111	-1.9981378122606
			3.19330303391973	-1.9981378122606
			3.19516176676834	-1.9981378122606
			3.19702049961696	-1.99627907941198
			3.19887923246557	-1.99627907941198
			3.20073796531419	-1.99442034656337
			3.2025966981628	-1.99442034656337
			3.20445543101142	-1.99442034656337
			3.20631416386003	-1.99256161371476
			3.20817289670865	-1.99256161371476
			3.21003162955726	-1.99256161371476
			3.21003162955726	-1.99070288086614
			3.21189036240587	-1.99070288086614
			3.21374909525449	-1.99070288086614
			3.2156078281031	-1.98884414801753
			3.21746656095172	-1.98884414801753
			3.21932529380033	-1.98884414801753
			3.22118402664895	-1.98698541516891
			3.22304275949756	-1.98698541516891
			3.22304275949756	-1.9851266823203
			3.22490149234618	-1.9851266823203
			3.22676022519479	-1.9851266823203
			3.22861895804341	-1.98326794947168
			3.23047769089202	-1.98326794947168
			3.23233642374063	-1.98326794947168
			3.23419515658925	-1.98140921662307
		</curvaD_espina_dorsal>
		<curvaI_espina_dorsal type=matrix rownames=FALSE colnames=FALSE nrow=399 ncol=2 as.numeric=TRUE >
			2.52044174272128	-1.96096315528831
			2.52230047556989	-1.96096315528831
			2.52415920841851	-1.96096315528831
			2.52601794126712	-1.96096315528831
			2.52787667411573	-1.96096315528831
			2.52973540696435	-1.96096315528831
			2.53159413981296	-1.96096315528831
			2.53345287266158	-1.96282188813692
			2.53531160551019	-1.96282188813692
			2.53717033835881	-1.96282188813692
			2.53902907120742	-1.96282188813692
			2.54088780405604	-1.96282188813692
			2.54274653690465	-1.96282188813692
			2.54460526975326	-1.96282188813692
			2.54646400260188	-1.96282188813692
			2.54832273545049	-1.96282188813692
			2.55018146829911	-1.96282188813692
			2.55204020114772	-1.96282188813692
			2.55389893399634	-1.96282188813692
			2.55575766684495	-1.96468062098554
			2.55761639969357	-1.96468062098554
			2.55947513254218	-1.96468062098554
			2.5613338653908	-1.96468062098554
			2.56319259823941	-1.96468062098554
			2.56505133108802	-1.96468062098554
			2.56691006393664	-1.96468062098554
			2.56876879678525	-1.96468062098554
			2.57062752963387	-1.96468062098554
			2.57248626248248	-1.96468062098554
			2.5743449953311	-1.96653935383415
			2.57620372817971	-1.96653935383415
			2.57806246102833	-1.96653935383415
			2.57992119387694	-1.96653935383415
			2.58177992672556	-1.96653935383415
			2.58363865957417	-1.96653935383415
			2.58549739242278	-1.96653935383415
			2.5873561252714	-1.96653935383415
			2.58921485812001	-1.96653935383415
			2.59107359096863	-1.96839808668277
			2.59293232381724	-1.96839808668277
			2.59479105666586	-1.96839808668277
			2.59664978951447	-1.96839808668277
			2.59850852236309	-1.96839808668277
			2.6003672552117	-1.96839808668277
			2.60222598806031	-1.96839808668277
			2.60408472090893	-1.97025681953138
			2.60594345375754	-1.97025681953138
			2.60780218660616	-1.97025681953138
			2.60966091945477	-1.97025681953138
			2.61151965230339	-1.97025681953138
			2.613378385152	-1.97025681953138
			2.61523711800062	-1.97025681953138
			2.61709585084923	-1.97025681953138
			2.61895458369785	-1.97025681953138
			2.61895458369785	-1.97211555238
			2.62081331654646	-1.97211555238
			2.62267204939507	-1.97211555238
			2.62453078224369	-1.97211555238
			2.6263895150923	-1.97211555238
			2.62824824794092	-1.97211555238
			2.63010698078953	-1.97211555238
			2.63196571363815	-1.97397428522861
			2.63382444648676	-1.97397428522861
			2.63568317933538	-1.97397428522861
			2.63754191218399	-1.97397428522861
			2.6394006450326	-1.97397428522861
			2.64125937788122	-1.97397428522861
			2.64311811072983	-1.97397428522861
			2.64311811072983	-1.97583301807722
			2.64497684357845	-1.97583301807722
			2.64683557642706	-1.97583301807722
			2.64869430927568	-1.97583301807722
			2.65055304212429	-1.97583301807722
			2.65241177497291	-1.97583301807722
			2.65427050782152	-1.97769175092584
			2.65612924067014	-1.97769175092584
			2.65798797351875	-1.97769175092584
			2.65984670636736	-1.97769175092584
			2.66170543921598	-1.97769175092584
			2.66356417206459	-1.97955048377445
			2.66542290491321	-1.97955048377445
			2.66728163776182	-1.97955048377445
			2.66914037061044	-1.97955048377445
			2.67099910345905	-1.97955048377445
			2.67285783630767	-1.97955048377445
			2.67285783630767	-1.98140921662307
			2.67471656915628	-1.98140921662307
			2.6765753020049	-1.98140921662307
			2.67843403485351	-1.98140921662307
			2.68029276770212	-1.98140921662307
			2.68215150055074	-1.98326794947168
			2.68401023339935	-1.98326794947168
			2.68586896624797	-1.98326794947168
			2.68772769909658	-1.98326794947168
			2.6895864319452	-1.98326794947168
			2.69144516479381	-1.9851266823203
			2.69330389764243	-1.9851266823203
			2.69516263049104	-1.9851266823203
			2.69702136333965	-1.9851266823203
			2.69888009618827	-1.9851266823203
			2.70073882903688	-1.98698541516891
			2.7025975618855	-1.98698541516891
			2.70445629473411	-1.98698541516891
			2.70631502758273	-1.98884414801753
			2.70817376043134	-1.98884414801753
			2.71003249327996	-1.98884414801753
			2.71189122612857	-1.98884414801753
			2.71374995897719	-1.99070288086614
			2.7156086918258	-1.99070288086614
			2.71746742467441	-1.99070288086614
			2.71932615752303	-1.99070288086614
			2.72118489037164	-1.99256161371476
			2.72304362322026	-1.99256161371476
			2.72490235606887	-1.99256161371476
			2.72676108891749	-1.99256161371476
			2.7286198217661	-1.99442034656337
			2.73047855461472	-1.99442034656337
			2.73233728746333	-1.99442034656337
			2.73419602031194	-1.99442034656337
			2.73605475316056	-1.99627907941198
			2.73791348600917	-1.99627907941198
			2.73977221885779	-1.99627907941198
			2.7416309517064	-1.9981378122606
			2.74348968455502	-1.9981378122606
			2.74534841740363	-1.9981378122606
			2.74720715025225	-1.9981378122606
			2.74906588310086	-1.99999654510921
			2.75092461594948	-1.99999654510921
			2.75278334879809	-1.99999654510921
			2.75278334879809	-2.00185527795783
			2.7546420816467	-2.00185527795783
			2.75650081449532	-2.00185527795783
			2.75835954734393	-2.00185527795783
			2.76021828019255	-2.00371401080644
			2.76207701304116	-2.00371401080644
			2.76393574588978	-2.00371401080644
			2.76579447873839	-2.00557274365506
			2.76765321158701	-2.00557274365506
			2.76951194443562	-2.00557274365506
			2.76951194443562	-2.00743147650367
			2.77137067728424	-2.00743147650367
			2.77322941013285	-2.00743147650367
			2.77508814298146	-2.00929020935229
			2.77694687583008	-2.00929020935229
			2.77880560867869	-2.00929020935229
			2.78066434152731	-2.00929020935229
			2.78252307437592	-2.0111489422009
			2.78438180722454	-2.0111489422009
			2.78624054007315	-2.01300767504951
			2.78809927292177	-2.01300767504951
			2.78995800577038	-2.01486640789813
			2.79181673861899	-2.01486640789813
			2.79367547146761	-2.01486640789813
			2.79553420431622	-2.01672514074674
			2.79739293716484	-2.01672514074674
			2.79925167001345	-2.01858387359536
			2.80111040286207	-2.01858387359536
			2.80296913571068	-2.01858387359536
			2.8048278685593	-2.02044260644397
			2.80668660140791	-2.02044260644397
			2.80854533425653	-2.02230133929259
			2.81040406710514	-2.02230133929259
			2.81226279995375	-2.0241600721412
			2.81412153280237	-2.0241600721412
			2.81598026565098	-2.0241600721412
			2.8178389984996	-2.02601880498982
			2.81969773134821	-2.02787753783843
			2.82155646419683	-2.02787753783843
			2.82341519704544	-2.02787753783843
			2.82527392989406	-2.02973627068705
			2.82713266274267	-2.02973627068705
			2.82899139559128	-2.03159500353566
			2.8308501284399	-2.03159500353566
			2.83270886128851	-2.03345373638427
			2.83456759413713	-2.03345373638427
			2.83456759413713	-2.03531246923289
			2.83642632698574	-2.03531246923289
			2.83828505983436	-2.03531246923289
			2.84014379268297	-2.0371712020815
			2.84200252553159	-2.03902993493012
			2.8438612583802	-2.03902993493012
			2.84571999122882	-2.04088866777873
			2.84757872407743	-2.04088866777873
			2.84943745692604	-2.04274740062735
			2.85129618977466	-2.04274740062735
			2.85129618977466	-2.04460613347596
			2.85315492262327	-2.04460613347596
			2.85501365547189	-2.04646486632458
			2.8568723883205	-2.04646486632458
			2.85873112116912	-2.04832359917319
			2.86058985401773	-2.05018233202181
			2.86244858686635	-2.05018233202181
			2.86430731971496	-2.05204106487042
			2.86616605256358	-2.05204106487042
			2.86802478541219	-2.05389979771903
			2.8698835182608	-2.05575853056765
			2.87174225110942	-2.05575853056765
			2.87174225110942	-2.05761726341626
			2.87360098395803	-2.05761726341626
			2.87545971680665	-2.05947599626488
			2.87731844965526	-2.06133472911349
			2.87917718250388	-2.06133472911349
			2.87917718250388	-2.06319346196211
			2.88103591535249	-2.06319346196211
			2.88289464820111	-2.06505219481072
			2.88289464820111	-2.06691092765934
			2.88289464820111	-2.06876966050795
			2.88289464820111	-2.07062839335656
			2.88289464820111	-2.07248712620518
			2.88289464820111	-2.07434585905379
			2.88289464820111	-2.07620459190241
			2.88289464820111	-2.07806332475102
			2.88289464820111	-2.07992205759964
			2.88289464820111	-2.08178079044825
			2.88289464820111	-2.08363952329687
			2.88289464820111	-2.08549825614548
			2.88289464820111	-2.0873569889941
			2.88289464820111	-2.08921572184271
			2.88289464820111	-2.09107445469132
			2.88103591535249	-2.09293318753994
			2.88103591535249	-2.09479192038855
			2.88103591535249	-2.09665065323717
			2.88103591535249	-2.09850938608578
			2.88103591535249	-2.1003681189344
			2.88103591535249	-2.10222685178301
			2.88103591535249	-2.10408558463163
			2.87917718250388	-2.10594431748024
			2.87917718250388	-2.10780305032885
			2.87917718250388	-2.10966178317747
			2.87917718250388	-2.11152051602608
			2.87917718250388	-2.1133792488747
			2.87731844965526	-2.11523798172331
			2.87731844965526	-2.11709671457193
			2.87731844965526	-2.11895544742054
			2.87731844965526	-2.12081418026916
			2.87545971680665	-2.12267291311777
			2.87545971680665	-2.12453164596639
			2.87545971680665	-2.126390378815
			2.87360098395803	-2.12824911166361
			2.87360098395803	-2.13010784451223
			2.87360098395803	-2.13196657736084
			2.87174225110942	-2.13382531020946
			2.87174225110942	-2.13568404305807
			2.8698835182608	-2.13754277590669
			2.8698835182608	-2.1394015087553
			2.8698835182608	-2.14126024160392
			2.86802478541219	-2.14311897445253
			2.86802478541219	-2.14497770730115
			2.86616605256358	-2.14683644014976
			2.86616605256358	-2.14869517299837
			2.86430731971496	-2.15055390584699
			2.86430731971496	-2.1524126386956
			2.86430731971496	-2.15427137154422
			2.86244858686635	-2.15613010439283
			2.86058985401773	-2.15798883724145
			2.86058985401773	-2.15984757009006
			2.85873112116912	-2.16170630293868
			2.85873112116912	-2.16356503578729
			2.8568723883205	-2.1654237686359
			2.85501365547189	-2.16728250148452
			2.85501365547189	-2.16914123433313
			2.85315492262327	-2.17099996718175
			2.85129618977466	-2.17285870003036
			2.85129618977466	-2.17471743287898
			2.84943745692604	-2.17657616572759
			2.84757872407743	-2.17843489857621
			2.84571999122882	-2.18029363142482
			2.84571999122882	-2.18215236427344
			2.8438612583802	-2.18401109712205
			2.84200252553159	-2.18586982997066
			2.84014379268297	-2.18772856281928
			2.83828505983436	-2.18958729566789
			2.83828505983436	-2.19144602851651
			2.83642632698574	-2.19330476136512
			2.83456759413713	-2.19516349421374
			2.83270886128851	-2.19702222706235
			2.8308501284399	-2.19888095991097
			2.82899139559128	-2.20073969275958
			2.82713266274267	-2.20073969275958
			2.82527392989406	-2.20259842560819
			2.82341519704544	-2.20445715845681
			2.82341519704544	-2.20631589130542
			2.82155646419683	-2.20817462415404
			2.81969773134821	-2.21003335700265
			2.8178389984996	-2.21189208985127
			2.81598026565098	-2.21375082269988
			2.81412153280237	-2.21375082269988
			2.81226279995375	-2.2156095555485
			2.81040406710514	-2.21746828839711
			2.80854533425653	-2.21932702124573
			2.80668660140791	-2.21932702124573
			2.8048278685593	-2.22118575409434
			2.80296913571068	-2.22304448694295
			2.80111040286207	-2.22490321979157
			2.79925167001345	-2.22676195264018
			2.79739293716484	-2.22676195264018
			2.79553420431622	-2.2286206854888
			2.79367547146761	-2.23047941833741
			2.79181673861899	-2.23047941833741
			2.78995800577038	-2.23233815118603
			2.78809927292177	-2.23419688403464
			2.78624054007315	-2.23419688403464
			2.78438180722454	-2.23605561688326
			2.78252307437592	-2.23791434973187
			2.78066434152731	-2.23791434973187
			2.77880560867869	-2.23977308258049
			2.77694687583008	-2.23977308258049
			2.77508814298146	-2.2416318154291
			2.77508814298146	-2.24349054827771
			2.77322941013285	-2.24349054827771
			2.77322941013285	-2.24534928112633
			2.77137067728424	-2.24720801397494
			2.77137067728424	-2.24906674682356
			2.76951194443562	-2.25092547967217
			2.76765321158701	-2.25278421252079
			2.76765321158701	-2.2546429453694
			2.76765321158701	-2.25650167821802
			2.76579447873839	-2.25836041106663
			2.76579447873839	-2.26021914391524
			2.76393574588978	-2.26207787676386
			2.76393574588978	-2.26393660961247
			2.76207701304116	-2.26579534246109
			2.76207701304116	-2.2676540753097
			2.76021828019255	-2.26951280815832
			2.76021828019255	-2.27137154100693
			2.76021828019255	-2.27323027385555
			2.75835954734393	-2.27323027385555
			2.75835954734393	-2.27508900670416
			2.75835954734393	-2.27694773955278
			2.75650081449532	-2.27880647240139
			2.75650081449532	-2.28066520525
			2.7546420816467	-2.28252393809862
			2.7546420816467	-2.28438267094723
			2.7546420816467	-2.28624140379585
			2.75278334879809	-2.28810013664446
			2.75278334879809	-2.28995886949308
			2.75278334879809	-2.29181760234169
			2.75278334879809	-2.29367633519031
			2.75092461594948	-2.29553506803892
			2.75092461594948	-2.29739380088753
			2.75092461594948	-2.29925253373615
			2.74906588310086	-2.30111126658476
			2.74906588310086	-2.30296999943338
			2.74906588310086	-2.30482873228199
			2.74720715025225	-2.30668746513061
			2.74720715025225	-2.30854619797922
			2.74720715025225	-2.31040493082784
			2.74534841740363	-2.31226366367645
			2.74534841740363	-2.31412239652507
			2.74534841740363	-2.31598112937368
			2.74534841740363	-2.31783986222229
			2.74348968455502	-2.31969859507091
			2.74348968455502	-2.32155732791952
			2.74348968455502	-2.32341606076814
			2.7416309517064	-2.32527479361675
			2.7416309517064	-2.32713352646537
			2.7416309517064	-2.32899225931398
			2.7416309517064	-2.3308509921626
			2.73977221885779	-2.33270972501121
			2.73977221885779	-2.33456845785983
			2.73977221885779	-2.33642719070844
			2.73977221885779	-2.33828592355705
			2.73977221885779	-2.34014465640567
			2.73791348600917	-2.34014465640567
			2.73791348600917	-2.34200338925428
			2.73791348600917	-2.3438621221029
			2.73791348600917	-2.34572085495151
			2.73605475316056	-2.34757958780013
			2.73605475316056	-2.34943832064874
			2.73605475316056	-2.35129705349736
			2.73605475316056	-2.35315578634597
			2.73605475316056	-2.35501451919458
			2.73605475316056	-2.3568732520432
			2.73419602031194	-2.3568732520432
			2.73419602031194	-2.35873198489181
			2.73419602031194	-2.36059071774043
			2.73419602031194	-2.36244945058904
			2.73419602031194	-2.36430818343766
			2.73233728746333	-2.36616691628627
			2.73233728746333	-2.36802564913489
			2.73233728746333	-2.3698843819835
			2.73233728746333	-2.37174311483212
			2.73233728746333	-2.37360184768073
			2.73047855461472	-2.37546058052934
			2.73047855461472	-2.37731931337796
			2.73047855461472	-2.37917804622657
			2.73047855461472	-2.38103677907519
			2.73047855461472	-2.3828955119238
			2.73047855461472	-2.38475424477242
			2.7286198217661	-2.38661297762103
			2.7286198217661	-2.38847171046965
			2.7286198217661	-2.39033044331826
			2.7286198217661	-2.39218917616687
			2.7286198217661	-2.39404790901549
			2.7286198217661	-2.3959066418641
			2.72676108891749	-2.39776537471272
			2.72676108891749	-2.39962410756133
			2.72676108891749	-2.40148284040995
			2.72676108891749	-2.40334157325856
		</curvaI_espina_dorsal>
	</curves.scaled>
	<ruler.points type=matrix rownames=TRUE colnames=FALSE nrow=2 ncol=2 as.numeric=TRUE >
		Ruler point 1	1607	568
		Ruler point 2	2145	567
	</ruler.points>
</shapes>

