<shapes type=list>
	<ruler.pixel type=vector names=FALSE length=1 as.numeric=TRUE >536.008395456638</ruler.pixel>
	<ruler.interval type=vector names=FALSE length=1 as.numeric=TRUE >1</ruler.interval>
	<scaling.units type=vector names=FALSE length=1 as.numeric=FALSE >mm</scaling.units>
	<scaling type=vector names=FALSE length=1 as.numeric=TRUE >0.00186219416408742</scaling>
	<landmarks.pixel type=matrix rownames=TRUE colnames=FALSE nrow=7 ncol=2 as.numeric=TRUE >
		punta_espina_dorsal	1572	861
		esq_izq_caparaza	1361	1040
		superior_ojo	1508	1255
		inferior_ojo	1502	1416
		derecha_ojo	1558	1341
		izquierda_ojo	1449	1334
		organo_dorsal	1639	1221
	</landmarks.pixel>
	<landmarks.scaled type=matrix rownames=TRUE colnames=FALSE nrow=7 ncol=2 as.numeric=TRUE >
		punta_espina_dorsal	2.92736922594542	-1.60334917527927
		esq_izq_caparaza	2.53444625732298	-1.93668193065092
		superior_ojo	2.80818879944383	-2.33705367592971
		inferior_ojo	2.7970156344593	-2.63686693634779
		derecha_ojo	2.9012985076482	-2.49720237404123
		izquierda_ojo	2.69831934376267	-2.48416701489262
		organo_dorsal	3.05213623493928	-2.27373907435074
	</landmarks.scaled>
	<curves.control type=list>
		<curvaD_espina_dorsal type=matrix rownames=FALSE colnames=FALSE nrow=7 ncol=2 as.numeric=TRUE >
			1572	861
			1581	878
			1589	975
			1592	1013
			1593	1039
			1563	1137
			1639	1221
		</curvaD_espina_dorsal>
		<curvaI_espina_dorsal type=matrix rownames=FALSE colnames=FALSE nrow=9 ncol=2 as.numeric=TRUE >
			1572	861
			1572	918
			1570	976
			1563	1054
			1551	1057
			1500	1077
			1450	1028
			1398	1021
			1361	1040
		</curvaI_espina_dorsal>
	</curves.control>
	<curves.pixel type=list>
		<curvaD_espina_dorsal type=matrix rownames=FALSE colnames=FALSE nrow=373 ncol=2 as.numeric=TRUE >
			1572	861
			1572	862
			1573	862
			1573	863
			1573	864
			1574	865
			1574	866
			1574	867
			1575	868
			1575	869
			1575	870
			1576	871
			1576	872
			1576	873
			1576	874
			1577	875
			1577	876
			1577	877
			1577	878
			1577	879
			1578	880
			1578	881
			1578	882
			1578	883
			1578	884
			1579	885
			1579	886
			1579	887
			1579	888
			1579	889
			1579	890
			1580	891
			1580	892
			1580	893
			1580	894
			1580	895
			1580	896
			1581	897
			1581	898
			1581	899
			1581	900
			1581	901
			1581	902
			1582	903
			1582	904
			1582	905
			1582	906
			1582	907
			1582	908
			1582	909
			1582	910
			1583	911
			1583	912
			1583	913
			1583	914
			1583	915
			1583	916
			1583	917
			1583	918
			1584	919
			1584	920
			1584	921
			1584	922
			1584	923
			1584	924
			1584	925
			1584	926
			1584	927
			1585	928
			1585	929
			1585	930
			1585	931
			1585	932
			1585	933
			1585	934
			1585	935
			1585	936
			1586	937
			1586	938
			1586	939
			1586	940
			1586	941
			1586	942
			1586	943
			1586	944
			1586	945
			1586	946
			1587	947
			1587	948
			1587	949
			1587	950
			1587	951
			1587	952
			1587	953
			1587	954
			1587	955
			1587	956
			1587	957
			1588	958
			1588	959
			1588	960
			1588	961
			1588	962
			1588	963
			1588	964
			1588	965
			1588	966
			1588	967
			1588	968
			1589	969
			1589	970
			1589	971
			1589	972
			1589	973
			1589	974
			1589	975
			1589	976
			1589	977
			1589	978
			1589	979
			1589	980
			1589	981
			1590	982
			1590	983
			1590	984
			1590	985
			1590	986
			1590	987
			1590	988
			1590	989
			1590	990
			1590	991
			1590	992
			1590	993
			1590	994
			1591	995
			1591	996
			1591	997
			1591	998
			1591	999
			1591	1000
			1591	1001
			1591	1002
			1591	1003
			1591	1004
			1591	1005
			1591	1006
			1591	1007
			1591	1008
			1591	1009
			1591	1010
			1592	1010
			1592	1011
			1592	1012
			1592	1013
			1592	1014
			1592	1015
			1592	1016
			1592	1017
			1592	1018
			1592	1019
			1592	1020
			1592	1021
			1592	1022
			1592	1023
			1592	1024
			1592	1025
			1592	1026
			1592	1027
			1593	1028
			1593	1029
			1593	1030
			1593	1031
			1593	1032
			1593	1033
			1593	1034
			1593	1035
			1593	1036
			1593	1037
			1593	1038
			1593	1039
			1593	1040
			1592	1041
			1592	1042
			1592	1043
			1592	1044
			1591	1045
			1591	1046
			1591	1047
			1591	1048
			1590	1048
			1590	1049
			1590	1050
			1590	1051
			1590	1052
			1589	1053
			1589	1054
			1589	1055
			1589	1056
			1588	1057
			1588	1058
			1588	1059
			1588	1060
			1587	1061
			1587	1062
			1587	1063
			1587	1064
			1587	1065
			1587	1066
			1587	1067
			1586	1068
			1586	1069
			1586	1070
			1586	1071
			1586	1072
			1586	1073
			1586	1074
			1585	1075
			1585	1076
			1585	1077
			1585	1078
			1585	1079
			1585	1080
			1585	1081
			1585	1082
			1585	1083
			1585	1084
			1585	1085
			1585	1086
			1585	1087
			1585	1088
			1585	1089
			1585	1090
			1585	1091
			1585	1092
			1585	1093
			1585	1094
			1585	1095
			1585	1096
			1585	1097
			1585	1098
			1585	1099
			1585	1100
			1585	1101
			1585	1102
			1585	1103
			1585	1104
			1585	1105
			1585	1106
			1585	1107
			1585	1108
			1585	1109
			1585	1110
			1585	1111
			1586	1112
			1586	1113
			1586	1114
			1586	1115
			1586	1116
			1586	1117
			1586	1118
			1587	1119
			1587	1120
			1587	1121
			1587	1122
			1587	1123
			1587	1124
			1588	1125
			1588	1126
			1588	1127
			1588	1128
			1588	1129
			1589	1130
			1589	1131
			1589	1132
			1589	1133
			1590	1134
			1590	1135
			1590	1136
			1590	1137
			1591	1138
			1591	1139
			1591	1140
			1592	1141
			1592	1142
			1592	1143
			1593	1144
			1593	1145
			1593	1146
			1593	1147
			1594	1147
			1594	1148
			1594	1149
			1595	1150
			1595	1151
			1595	1152
			1596	1153
			1596	1154
			1596	1155
			1597	1156
			1597	1157
			1598	1158
			1598	1159
			1598	1160
			1599	1161
			1599	1162
			1600	1163
			1601	1164
			1601	1165
			1601	1166
			1602	1166
			1602	1167
			1602	1168
			1603	1168
			1603	1169
			1603	1170
			1604	1171
			1604	1172
			1605	1173
			1605	1174
			1606	1175
			1606	1176
			1607	1176
			1607	1177
			1608	1178
			1608	1179
			1608	1180
			1609	1180
			1609	1181
			1610	1182
			1610	1183
			1611	1184
			1612	1185
			1612	1186
			1613	1187
			1614	1188
			1614	1189
			1615	1190
			1615	1191
			1616	1192
			1617	1193
			1617	1194
			1618	1195
			1619	1196
			1619	1197
			1620	1198
			1621	1199
			1622	1200
			1623	1201
			1623	1202
			1624	1202
			1624	1203
			1625	1204
			1626	1205
			1627	1206
			1627	1207
			1628	1208
			1629	1209
			1629	1210
			1630	1211
			1631	1211
			1631	1212
			1632	1213
			1633	1214
			1633	1215
			1634	1215
			1635	1216
			1635	1217
			1636	1218
			1637	1219
			1638	1219
			1638	1220
			1639	1221
		</curvaD_espina_dorsal>
		<curvaI_espina_dorsal type=matrix rownames=FALSE colnames=FALSE nrow=393 ncol=2 as.numeric=TRUE >
			1572	861
			1572	862
			1572	863
			1572	864
			1572	865
			1572	866
			1572	867
			1572	868
			1572	869
			1572	870
			1572	871
			1572	872
			1572	873
			1572	874
			1572	875
			1572	876
			1572	877
			1572	878
			1572	879
			1572	880
			1572	881
			1572	882
			1572	883
			1572	884
			1572	885
			1572	886
			1572	887
			1572	888
			1572	889
			1572	890
			1572	891
			1572	892
			1572	893
			1572	894
			1572	895
			1572	896
			1572	897
			1572	898
			1572	899
			1572	900
			1572	901
			1572	902
			1572	903
			1572	904
			1572	905
			1572	906
			1572	907
			1572	908
			1572	909
			1572	910
			1572	911
			1572	912
			1572	913
			1572	914
			1572	915
			1572	916
			1572	917
			1572	918
			1571	919
			1571	920
			1571	921
			1571	922
			1571	923
			1571	924
			1571	925
			1571	926
			1571	927
			1571	928
			1571	929
			1571	930
			1571	931
			1571	932
			1571	933
			1571	934
			1571	935
			1571	936
			1571	937
			1571	938
			1571	939
			1571	940
			1571	941
			1571	942
			1571	943
			1571	944
			1571	945
			1571	946
			1571	947
			1571	948
			1571	949
			1571	950
			1571	951
			1571	952
			1571	953
			1571	954
			1571	955
			1571	956
			1571	957
			1571	958
			1571	959
			1571	960
			1570	961
			1570	962
			1570	963
			1570	964
			1570	965
			1570	966
			1570	967
			1570	968
			1570	969
			1570	970
			1570	971
			1570	972
			1570	973
			1570	974
			1570	975
			1570	976
			1570	977
			1570	978
			1570	979
			1570	980
			1570	981
			1569	982
			1569	983
			1569	984
			1569	985
			1569	986
			1569	987
			1569	988
			1569	989
			1569	990
			1568	991
			1568	992
			1568	993
			1568	994
			1568	995
			1568	996
			1568	997
			1568	998
			1568	999
			1568	1000
			1567	1001
			1567	1002
			1567	1003
			1567	1004
			1567	1005
			1567	1006
			1567	1007
			1566	1008
			1566	1009
			1566	1010
			1566	1011
			1566	1012
			1566	1013
			1566	1014
			1565	1015
			1565	1016
			1565	1017
			1565	1018
			1565	1019
			1565	1020
			1565	1021
			1564	1021
			1564	1022
			1564	1023
			1564	1024
			1564	1025
			1564	1026
			1563	1027
			1563	1028
			1563	1029
			1563	1030
			1563	1031
			1563	1032
			1562	1033
			1562	1034
			1562	1035
			1562	1036
			1561	1037
			1561	1038
			1561	1039
			1561	1040
			1560	1041
			1560	1042
			1560	1043
			1559	1044
			1559	1045
			1559	1046
			1558	1047
			1558	1048
			1558	1049
			1557	1050
			1557	1051
			1556	1051
			1556	1052
			1556	1053
			1555	1053
			1555	1054
			1554	1055
			1553	1056
			1552	1057
			1551	1057
			1550	1057
			1549	1058
			1548	1058
			1547	1058
			1546	1059
			1545	1059
			1544	1059
			1543	1060
			1542	1060
			1541	1060
			1540	1061
			1539	1061
			1538	1061
			1537	1061
			1536	1061
			1535	1062
			1534	1062
			1533	1062
			1532	1062
			1531	1062
			1530	1062
			1529	1062
			1528	1063
			1527	1063
			1526	1063
			1525	1063
			1524	1063
			1523	1063
			1522	1063
			1521	1063
			1520	1063
			1519	1063
			1518	1063
			1517	1063
			1516	1063
			1515	1062
			1514	1062
			1513	1062
			1512	1062
			1511	1062
			1510	1062
			1509	1062
			1508	1062
			1507	1061
			1506	1061
			1505	1061
			1504	1061
			1503	1060
			1502	1060
			1501	1060
			1500	1060
			1499	1059
			1498	1059
			1497	1059
			1496	1058
			1495	1058
			1494	1058
			1493	1057
			1492	1057
			1491	1057
			1490	1056
			1489	1055
			1488	1055
			1487	1055
			1486	1054
			1485	1054
			1484	1053
			1483	1053
			1482	1052
			1481	1052
			1480	1051
			1479	1050
			1478	1050
			1477	1049
			1476	1049
			1475	1048
			1474	1047
			1473	1047
			1472	1046
			1471	1045
			1470	1045
			1469	1044
			1468	1043
			1467	1042
			1466	1042
			1465	1041
			1464	1040
			1463	1039
			1462	1039
			1461	1038
			1460	1037
			1459	1036
			1458	1035
			1457	1034
			1456	1034
			1455	1033
			1454	1032
			1453	1031
			1452	1030
			1451	1029
			1450	1028
			1449	1028
			1448	1028
			1447	1028
			1446	1027
			1445	1027
			1444	1027
			1443	1027
			1442	1027
			1441	1027
			1440	1027
			1439	1027
			1438	1027
			1437	1027
			1436	1027
			1435	1026
			1434	1026
			1433	1026
			1432	1026
			1431	1026
			1430	1026
			1429	1026
			1428	1026
			1427	1026
			1426	1026
			1425	1026
			1424	1026
			1423	1026
			1422	1026
			1421	1026
			1420	1026
			1419	1026
			1418	1026
			1417	1026
			1416	1026
			1415	1026
			1414	1026
			1413	1026
			1412	1026
			1411	1027
			1410	1027
			1409	1027
			1408	1027
			1407	1027
			1406	1027
			1405	1027
			1404	1027
			1403	1027
			1402	1027
			1401	1028
			1400	1028
			1399	1028
			1398	1028
			1397	1028
			1396	1028
			1395	1029
			1394	1029
			1393	1029
			1392	1029
			1391	1029
			1390	1030
			1389	1030
			1388	1030
			1387	1030
			1386	1030
			1386	1031
			1385	1031
			1384	1031
			1383	1031
			1382	1032
			1381	1032
			1380	1032
			1379	1032
			1379	1033
			1378	1033
			1377	1033
			1376	1034
			1375	1034
			1374	1034
			1373	1035
			1372	1035
			1371	1036
			1370	1036
			1369	1036
			1368	1037
			1367	1037
			1366	1038
			1365	1038
			1364	1039
			1363	1039
			1362	1039
			1361	1040
		</curvaI_espina_dorsal>
	</curves.pixel>
	<curves.scaled type=list>
		<curvaD_espina_dorsal type=matrix rownames=FALSE colnames=FALSE nrow=373 ncol=2 as.numeric=TRUE >
			2.92736922594542	-1.60334917527927
			2.92736922594542	-1.60521136944336
			2.92923142010951	-1.60521136944336
			2.92923142010951	-1.60707356360744
			2.92923142010951	-1.60893575777153
			2.9310936142736	-1.61079795193562
			2.9310936142736	-1.61266014609971
			2.9310936142736	-1.61452234026379
			2.93295580843769	-1.61638453442788
			2.93295580843769	-1.61824672859197
			2.93295580843769	-1.62010892275606
			2.93481800260177	-1.62197111692014
			2.93481800260177	-1.62383331108423
			2.93481800260177	-1.62569550524832
			2.93481800260177	-1.6275576994124
			2.93668019676586	-1.62941989357649
			2.93668019676586	-1.63128208774058
			2.93668019676586	-1.63314428190467
			2.93668019676586	-1.63500647606875
			2.93668019676586	-1.63686867023284
			2.93854239092995	-1.63873086439693
			2.93854239092995	-1.64059305856102
			2.93854239092995	-1.6424552527251
			2.93854239092995	-1.64431744688919
			2.93854239092995	-1.64617964105328
			2.94040458509404	-1.64804183521737
			2.94040458509404	-1.64990402938145
			2.94040458509404	-1.65176622354554
			2.94040458509404	-1.65362841770963
			2.94040458509404	-1.65549061187372
			2.94040458509404	-1.6573528060378
			2.94226677925812	-1.65921500020189
			2.94226677925812	-1.66107719436598
			2.94226677925812	-1.66293938853007
			2.94226677925812	-1.66480158269415
			2.94226677925812	-1.66666377685824
			2.94226677925812	-1.66852597102233
			2.94412897342221	-1.67038816518642
			2.94412897342221	-1.6722503593505
			2.94412897342221	-1.67411255351459
			2.94412897342221	-1.67597474767868
			2.94412897342221	-1.67783694184276
			2.94412897342221	-1.67969913600685
			2.9459911675863	-1.68156133017094
			2.9459911675863	-1.68342352433503
			2.9459911675863	-1.68528571849911
			2.9459911675863	-1.6871479126632
			2.9459911675863	-1.68901010682729
			2.9459911675863	-1.69087230099138
			2.9459911675863	-1.69273449515546
			2.9459911675863	-1.69459668931955
			2.94785336175039	-1.69645888348364
			2.94785336175039	-1.69832107764773
			2.94785336175039	-1.70018327181181
			2.94785336175039	-1.7020454659759
			2.94785336175039	-1.70390766013999
			2.94785336175039	-1.70576985430408
			2.94785336175039	-1.70763204846816
			2.94785336175039	-1.70949424263225
			2.94971555591447	-1.71135643679634
			2.94971555591447	-1.71321863096043
			2.94971555591447	-1.71508082512451
			2.94971555591447	-1.7169430192886
			2.94971555591447	-1.71880521345269
			2.94971555591447	-1.72066740761678
			2.94971555591447	-1.72252960178086
			2.94971555591447	-1.72439179594495
			2.94971555591447	-1.72625399010904
			2.95157775007856	-1.72811618427313
			2.95157775007856	-1.72997837843721
			2.95157775007856	-1.7318405726013
			2.95157775007856	-1.73370276676539
			2.95157775007856	-1.73556496092947
			2.95157775007856	-1.73742715509356
			2.95157775007856	-1.73928934925765
			2.95157775007856	-1.74115154342174
			2.95157775007856	-1.74301373758582
			2.95343994424265	-1.74487593174991
			2.95343994424265	-1.746738125914
			2.95343994424265	-1.74860032007809
			2.95343994424265	-1.75046251424217
			2.95343994424265	-1.75232470840626
			2.95343994424265	-1.75418690257035
			2.95343994424265	-1.75604909673444
			2.95343994424265	-1.75791129089852
			2.95343994424265	-1.75977348506261
			2.95343994424265	-1.7616356792267
			2.95530213840674	-1.76349787339079
			2.95530213840674	-1.76536006755487
			2.95530213840674	-1.76722226171896
			2.95530213840674	-1.76908445588305
			2.95530213840674	-1.77094665004714
			2.95530213840674	-1.77280884421122
			2.95530213840674	-1.77467103837531
			2.95530213840674	-1.7765332325394
			2.95530213840674	-1.77839542670349
			2.95530213840674	-1.78025762086757
			2.95530213840674	-1.78211981503166
			2.95716433257082	-1.78398200919575
			2.95716433257082	-1.78584420335984
			2.95716433257082	-1.78770639752392
			2.95716433257082	-1.78956859168801
			2.95716433257082	-1.7914307858521
			2.95716433257082	-1.79329298001618
			2.95716433257082	-1.79515517418027
			2.95716433257082	-1.79701736834436
			2.95716433257082	-1.79887956250845
			2.95716433257082	-1.80074175667253
			2.95716433257082	-1.80260395083662
			2.95902652673491	-1.80446614500071
			2.95902652673491	-1.8063283391648
			2.95902652673491	-1.80819053332888
			2.95902652673491	-1.81005272749297
			2.95902652673491	-1.81191492165706
			2.95902652673491	-1.81377711582115
			2.95902652673491	-1.81563930998523
			2.95902652673491	-1.81750150414932
			2.95902652673491	-1.81936369831341
			2.95902652673491	-1.8212258924775
			2.95902652673491	-1.82308808664158
			2.95902652673491	-1.82495028080567
			2.95902652673491	-1.82681247496976
			2.960888720899	-1.82867466913385
			2.960888720899	-1.83053686329793
			2.960888720899	-1.83239905746202
			2.960888720899	-1.83426125162611
			2.960888720899	-1.8361234457902
			2.960888720899	-1.83798563995428
			2.960888720899	-1.83984783411837
			2.960888720899	-1.84171002828246
			2.960888720899	-1.84357222244655
			2.960888720899	-1.84543441661063
			2.960888720899	-1.84729661077472
			2.960888720899	-1.84915880493881
			2.960888720899	-1.8510209991029
			2.96275091506308	-1.85288319326698
			2.96275091506308	-1.85474538743107
			2.96275091506308	-1.85660758159516
			2.96275091506308	-1.85846977575924
			2.96275091506308	-1.86033196992333
			2.96275091506308	-1.86219416408742
			2.96275091506308	-1.86405635825151
			2.96275091506308	-1.86591855241559
			2.96275091506308	-1.86778074657968
			2.96275091506308	-1.86964294074377
			2.96275091506308	-1.87150513490786
			2.96275091506308	-1.87336732907194
			2.96275091506308	-1.87522952323603
			2.96275091506308	-1.87709171740012
			2.96275091506308	-1.87895391156421
			2.96275091506308	-1.88081610572829
			2.96461310922717	-1.88081610572829
			2.96461310922717	-1.88267829989238
			2.96461310922717	-1.88454049405647
			2.96461310922717	-1.88640268822056
			2.96461310922717	-1.88826488238464
			2.96461310922717	-1.89012707654873
			2.96461310922717	-1.89198927071282
			2.96461310922717	-1.89385146487691
			2.96461310922717	-1.89571365904099
			2.96461310922717	-1.89757585320508
			2.96461310922717	-1.89943804736917
			2.96461310922717	-1.90130024153326
			2.96461310922717	-1.90316243569734
			2.96461310922717	-1.90502462986143
			2.96461310922717	-1.90688682402552
			2.96461310922717	-1.90874901818961
			2.96461310922717	-1.91061121235369
			2.96461310922717	-1.91247340651778
			2.96647530339126	-1.91433560068187
			2.96647530339126	-1.91619779484595
			2.96647530339126	-1.91805998901004
			2.96647530339126	-1.91992218317413
			2.96647530339126	-1.92178437733822
			2.96647530339126	-1.9236465715023
			2.96647530339126	-1.92550876566639
			2.96647530339126	-1.92737095983048
			2.96647530339126	-1.92923315399457
			2.96647530339126	-1.93109534815865
			2.96647530339126	-1.93295754232274
			2.96647530339126	-1.93481973648683
			2.96647530339126	-1.93668193065092
			2.96461310922717	-1.938544124815
			2.96461310922717	-1.94040631897909
			2.96461310922717	-1.94226851314318
			2.96461310922717	-1.94413070730727
			2.96275091506308	-1.94599290147135
			2.96275091506308	-1.94785509563544
			2.96275091506308	-1.94971728979953
			2.96275091506308	-1.95157948396362
			2.960888720899	-1.95157948396362
			2.960888720899	-1.9534416781277
			2.960888720899	-1.95530387229179
			2.960888720899	-1.95716606645588
			2.960888720899	-1.95902826061997
			2.95902652673491	-1.96089045478405
			2.95902652673491	-1.96275264894814
			2.95902652673491	-1.96461484311223
			2.95902652673491	-1.96647703727632
			2.95716433257082	-1.9683392314404
			2.95716433257082	-1.97020142560449
			2.95716433257082	-1.97206361976858
			2.95716433257082	-1.97392581393266
			2.95530213840674	-1.97578800809675
			2.95530213840674	-1.97765020226084
			2.95530213840674	-1.97951239642493
			2.95530213840674	-1.98137459058901
			2.95530213840674	-1.9832367847531
			2.95530213840674	-1.98509897891719
			2.95530213840674	-1.98696117308128
			2.95343994424265	-1.98882336724536
			2.95343994424265	-1.99068556140945
			2.95343994424265	-1.99254775557354
			2.95343994424265	-1.99440994973763
			2.95343994424265	-1.99627214390171
			2.95343994424265	-1.9981343380658
			2.95343994424265	-1.99999653222989
			2.95157775007856	-2.00185872639398
			2.95157775007856	-2.00372092055806
			2.95157775007856	-2.00558311472215
			2.95157775007856	-2.00744530888624
			2.95157775007856	-2.00930750305033
			2.95157775007856	-2.01116969721441
			2.95157775007856	-2.0130318913785
			2.95157775007856	-2.01489408554259
			2.95157775007856	-2.01675627970668
			2.95157775007856	-2.01861847387076
			2.95157775007856	-2.02048066803485
			2.95157775007856	-2.02234286219894
			2.95157775007856	-2.02420505636303
			2.95157775007856	-2.02606725052711
			2.95157775007856	-2.0279294446912
			2.95157775007856	-2.02979163885529
			2.95157775007856	-2.03165383301937
			2.95157775007856	-2.03351602718346
			2.95157775007856	-2.03537822134755
			2.95157775007856	-2.03724041551164
			2.95157775007856	-2.03910260967572
			2.95157775007856	-2.04096480383981
			2.95157775007856	-2.0428269980039
			2.95157775007856	-2.04468919216799
			2.95157775007856	-2.04655138633207
			2.95157775007856	-2.04841358049616
			2.95157775007856	-2.05027577466025
			2.95157775007856	-2.05213796882434
			2.95157775007856	-2.05400016298842
			2.95157775007856	-2.05586235715251
			2.95157775007856	-2.0577245513166
			2.95157775007856	-2.05958674548069
			2.95157775007856	-2.06144893964477
			2.95157775007856	-2.06331113380886
			2.95157775007856	-2.06517332797295
			2.95157775007856	-2.06703552213704
			2.95157775007856	-2.06889771630112
			2.95343994424265	-2.07075991046521
			2.95343994424265	-2.0726221046293
			2.95343994424265	-2.07448429879339
			2.95343994424265	-2.07634649295747
			2.95343994424265	-2.07820868712156
			2.95343994424265	-2.08007088128565
			2.95343994424265	-2.08193307544974
			2.95530213840674	-2.08379526961382
			2.95530213840674	-2.08565746377791
			2.95530213840674	-2.087519657942
			2.95530213840674	-2.08938185210608
			2.95530213840674	-2.09124404627017
			2.95530213840674	-2.09310624043426
			2.95716433257082	-2.09496843459835
			2.95716433257082	-2.09683062876243
			2.95716433257082	-2.09869282292652
			2.95716433257082	-2.10055501709061
			2.95716433257082	-2.1024172112547
			2.95902652673491	-2.10427940541878
			2.95902652673491	-2.10614159958287
			2.95902652673491	-2.10800379374696
			2.95902652673491	-2.10986598791105
			2.960888720899	-2.11172818207513
			2.960888720899	-2.11359037623922
			2.960888720899	-2.11545257040331
			2.960888720899	-2.1173147645674
			2.96275091506308	-2.11917695873148
			2.96275091506308	-2.12103915289557
			2.96275091506308	-2.12290134705966
			2.96461310922717	-2.12476354122375
			2.96461310922717	-2.12662573538783
			2.96461310922717	-2.12848792955192
			2.96647530339126	-2.13035012371601
			2.96647530339126	-2.1322123178801
			2.96647530339126	-2.13407451204418
			2.96647530339126	-2.13593670620827
			2.96833749755535	-2.13593670620827
			2.96833749755535	-2.13779890037236
			2.96833749755535	-2.13966109453645
			2.97019969171943	-2.14152328870053
			2.97019969171943	-2.14338548286462
			2.97019969171943	-2.14524767702871
			2.97206188588352	-2.14710987119279
			2.97206188588352	-2.14897206535688
			2.97206188588352	-2.15083425952097
			2.97392408004761	-2.15269645368506
			2.97392408004761	-2.15455864784914
			2.9757862742117	-2.15642084201323
			2.9757862742117	-2.15828303617732
			2.9757862742117	-2.16014523034141
			2.97764846837578	-2.16200742450549
			2.97764846837578	-2.16386961866958
			2.97951066253987	-2.16573181283367
			2.98137285670396	-2.16759400699776
			2.98137285670396	-2.16945620116184
			2.98137285670396	-2.17131839532593
			2.98323505086805	-2.17131839532593
			2.98323505086805	-2.17318058949002
			2.98323505086805	-2.17504278365411
			2.98509724503213	-2.17504278365411
			2.98509724503213	-2.17690497781819
			2.98509724503213	-2.17876717198228
			2.98695943919622	-2.18062936614637
			2.98695943919622	-2.18249156031046
			2.98882163336031	-2.18435375447454
			2.98882163336031	-2.18621594863863
			2.9906838275244	-2.18807814280272
			2.9906838275244	-2.18994033696681
			2.99254602168848	-2.18994033696681
			2.99254602168848	-2.19180253113089
			2.99440821585257	-2.19366472529498
			2.99440821585257	-2.19552691945907
			2.99440821585257	-2.19738911362316
			2.99627041001666	-2.19738911362316
			2.99627041001666	-2.19925130778724
			2.99813260418075	-2.20111350195133
			2.99813260418075	-2.20297569611542
			2.99999479834483	-2.2048378902795
			3.00185699250892	-2.20670008444359
			3.00185699250892	-2.20856227860768
			3.00371918667301	-2.21042447277177
			3.0055813808371	-2.21228666693585
			3.0055813808371	-2.21414886109994
			3.00744357500118	-2.21601105526403
			3.00744357500118	-2.21787324942812
			3.00930576916527	-2.2197354435922
			3.01116796332936	-2.22159763775629
			3.01116796332936	-2.22345983192038
			3.01303015749345	-2.22532202608447
			3.01489235165753	-2.22718422024855
			3.01489235165753	-2.22904641441264
			3.01675454582162	-2.23090860857673
			3.01861673998571	-2.23277080274082
			3.02047893414979	-2.2346329969049
			3.02234112831388	-2.23649519106899
			3.02234112831388	-2.23835738523308
			3.02420332247797	-2.23835738523308
			3.02420332247797	-2.24021957939717
			3.02606551664206	-2.24208177356125
			3.02792771080614	-2.24394396772534
			3.02978990497023	-2.24580616188943
			3.02978990497023	-2.24766835605352
			3.03165209913432	-2.2495305502176
			3.03351429329841	-2.25139274438169
			3.03351429329841	-2.25325493854578
			3.03537648746249	-2.25511713270987
			3.03723868162658	-2.25511713270987
			3.03723868162658	-2.25697932687395
			3.03910087579067	-2.25884152103804
			3.04096306995476	-2.26070371520213
			3.04096306995476	-2.26256590936621
			3.04282526411884	-2.26256590936621
			3.04468745828293	-2.2644281035303
			3.04468745828293	-2.26629029769439
			3.04654965244702	-2.26815249185848
			3.04841184661111	-2.27001468602256
			3.05027404077519	-2.27001468602256
			3.05027404077519	-2.27187688018665
			3.05213623493928	-2.27373907435074
		</curvaD_espina_dorsal>
		<curvaI_espina_dorsal type=matrix rownames=FALSE colnames=FALSE nrow=393 ncol=2 as.numeric=TRUE >
			2.92736922594542	-1.60334917527927
			2.92736922594542	-1.60521136944336
			2.92736922594542	-1.60707356360744
			2.92736922594542	-1.60893575777153
			2.92736922594542	-1.61079795193562
			2.92736922594542	-1.61266014609971
			2.92736922594542	-1.61452234026379
			2.92736922594542	-1.61638453442788
			2.92736922594542	-1.61824672859197
			2.92736922594542	-1.62010892275606
			2.92736922594542	-1.62197111692014
			2.92736922594542	-1.62383331108423
			2.92736922594542	-1.62569550524832
			2.92736922594542	-1.6275576994124
			2.92736922594542	-1.62941989357649
			2.92736922594542	-1.63128208774058
			2.92736922594542	-1.63314428190467
			2.92736922594542	-1.63500647606875
			2.92736922594542	-1.63686867023284
			2.92736922594542	-1.63873086439693
			2.92736922594542	-1.64059305856102
			2.92736922594542	-1.6424552527251
			2.92736922594542	-1.64431744688919
			2.92736922594542	-1.64617964105328
			2.92736922594542	-1.64804183521737
			2.92736922594542	-1.64990402938145
			2.92736922594542	-1.65176622354554
			2.92736922594542	-1.65362841770963
			2.92736922594542	-1.65549061187372
			2.92736922594542	-1.6573528060378
			2.92736922594542	-1.65921500020189
			2.92736922594542	-1.66107719436598
			2.92736922594542	-1.66293938853007
			2.92736922594542	-1.66480158269415
			2.92736922594542	-1.66666377685824
			2.92736922594542	-1.66852597102233
			2.92736922594542	-1.67038816518642
			2.92736922594542	-1.6722503593505
			2.92736922594542	-1.67411255351459
			2.92736922594542	-1.67597474767868
			2.92736922594542	-1.67783694184276
			2.92736922594542	-1.67969913600685
			2.92736922594542	-1.68156133017094
			2.92736922594542	-1.68342352433503
			2.92736922594542	-1.68528571849911
			2.92736922594542	-1.6871479126632
			2.92736922594542	-1.68901010682729
			2.92736922594542	-1.69087230099138
			2.92736922594542	-1.69273449515546
			2.92736922594542	-1.69459668931955
			2.92736922594542	-1.69645888348364
			2.92736922594542	-1.69832107764773
			2.92736922594542	-1.70018327181181
			2.92736922594542	-1.7020454659759
			2.92736922594542	-1.70390766013999
			2.92736922594542	-1.70576985430408
			2.92736922594542	-1.70763204846816
			2.92736922594542	-1.70949424263225
			2.92550703178134	-1.71135643679634
			2.92550703178134	-1.71321863096043
			2.92550703178134	-1.71508082512451
			2.92550703178134	-1.7169430192886
			2.92550703178134	-1.71880521345269
			2.92550703178134	-1.72066740761678
			2.92550703178134	-1.72252960178086
			2.92550703178134	-1.72439179594495
			2.92550703178134	-1.72625399010904
			2.92550703178134	-1.72811618427313
			2.92550703178134	-1.72997837843721
			2.92550703178134	-1.7318405726013
			2.92550703178134	-1.73370276676539
			2.92550703178134	-1.73556496092947
			2.92550703178134	-1.73742715509356
			2.92550703178134	-1.73928934925765
			2.92550703178134	-1.74115154342174
			2.92550703178134	-1.74301373758582
			2.92550703178134	-1.74487593174991
			2.92550703178134	-1.746738125914
			2.92550703178134	-1.74860032007809
			2.92550703178134	-1.75046251424217
			2.92550703178134	-1.75232470840626
			2.92550703178134	-1.75418690257035
			2.92550703178134	-1.75604909673444
			2.92550703178134	-1.75791129089852
			2.92550703178134	-1.75977348506261
			2.92550703178134	-1.7616356792267
			2.92550703178134	-1.76349787339079
			2.92550703178134	-1.76536006755487
			2.92550703178134	-1.76722226171896
			2.92550703178134	-1.76908445588305
			2.92550703178134	-1.77094665004714
			2.92550703178134	-1.77280884421122
			2.92550703178134	-1.77467103837531
			2.92550703178134	-1.7765332325394
			2.92550703178134	-1.77839542670349
			2.92550703178134	-1.78025762086757
			2.92550703178134	-1.78211981503166
			2.92550703178134	-1.78398200919575
			2.92550703178134	-1.78584420335984
			2.92550703178134	-1.78770639752392
			2.92364483761725	-1.78956859168801
			2.92364483761725	-1.7914307858521
			2.92364483761725	-1.79329298001618
			2.92364483761725	-1.79515517418027
			2.92364483761725	-1.79701736834436
			2.92364483761725	-1.79887956250845
			2.92364483761725	-1.80074175667253
			2.92364483761725	-1.80260395083662
			2.92364483761725	-1.80446614500071
			2.92364483761725	-1.8063283391648
			2.92364483761725	-1.80819053332888
			2.92364483761725	-1.81005272749297
			2.92364483761725	-1.81191492165706
			2.92364483761725	-1.81377711582115
			2.92364483761725	-1.81563930998523
			2.92364483761725	-1.81750150414932
			2.92364483761725	-1.81936369831341
			2.92364483761725	-1.8212258924775
			2.92364483761725	-1.82308808664158
			2.92364483761725	-1.82495028080567
			2.92364483761725	-1.82681247496976
			2.92178264345316	-1.82867466913385
			2.92178264345316	-1.83053686329793
			2.92178264345316	-1.83239905746202
			2.92178264345316	-1.83426125162611
			2.92178264345316	-1.8361234457902
			2.92178264345316	-1.83798563995428
			2.92178264345316	-1.83984783411837
			2.92178264345316	-1.84171002828246
			2.92178264345316	-1.84357222244655
			2.91992044928907	-1.84543441661063
			2.91992044928907	-1.84729661077472
			2.91992044928907	-1.84915880493881
			2.91992044928907	-1.8510209991029
			2.91992044928907	-1.85288319326698
			2.91992044928907	-1.85474538743107
			2.91992044928907	-1.85660758159516
			2.91992044928907	-1.85846977575924
			2.91992044928907	-1.86033196992333
			2.91992044928907	-1.86219416408742
			2.91805825512499	-1.86405635825151
			2.91805825512499	-1.86591855241559
			2.91805825512499	-1.86778074657968
			2.91805825512499	-1.86964294074377
			2.91805825512499	-1.87150513490786
			2.91805825512499	-1.87336732907194
			2.91805825512499	-1.87522952323603
			2.9161960609609	-1.87709171740012
			2.9161960609609	-1.87895391156421
			2.9161960609609	-1.88081610572829
			2.9161960609609	-1.88267829989238
			2.9161960609609	-1.88454049405647
			2.9161960609609	-1.88640268822056
			2.9161960609609	-1.88826488238464
			2.91433386679681	-1.89012707654873
			2.91433386679681	-1.89198927071282
			2.91433386679681	-1.89385146487691
			2.91433386679681	-1.89571365904099
			2.91433386679681	-1.89757585320508
			2.91433386679681	-1.89943804736917
			2.91433386679681	-1.90130024153326
			2.91247167263272	-1.90130024153326
			2.91247167263272	-1.90316243569734
			2.91247167263272	-1.90502462986143
			2.91247167263272	-1.90688682402552
			2.91247167263272	-1.90874901818961
			2.91247167263272	-1.91061121235369
			2.91060947846864	-1.91247340651778
			2.91060947846864	-1.91433560068187
			2.91060947846864	-1.91619779484595
			2.91060947846864	-1.91805998901004
			2.91060947846864	-1.91992218317413
			2.91060947846864	-1.92178437733822
			2.90874728430455	-1.9236465715023
			2.90874728430455	-1.92550876566639
			2.90874728430455	-1.92737095983048
			2.90874728430455	-1.92923315399457
			2.90688509014046	-1.93109534815865
			2.90688509014046	-1.93295754232274
			2.90688509014046	-1.93481973648683
			2.90688509014046	-1.93668193065092
			2.90502289597637	-1.938544124815
			2.90502289597637	-1.94040631897909
			2.90502289597637	-1.94226851314318
			2.90316070181229	-1.94413070730727
			2.90316070181229	-1.94599290147135
			2.90316070181229	-1.94785509563544
			2.9012985076482	-1.94971728979953
			2.9012985076482	-1.95157948396362
			2.9012985076482	-1.9534416781277
			2.89943631348411	-1.95530387229179
			2.89943631348411	-1.95716606645588
			2.89757411932003	-1.95716606645588
			2.89757411932003	-1.95902826061997
			2.89757411932003	-1.96089045478405
			2.89571192515594	-1.96089045478405
			2.89571192515594	-1.96275264894814
			2.89384973099185	-1.96461484311223
			2.89198753682776	-1.96647703727632
			2.89012534266368	-1.9683392314404
			2.88826314849959	-1.9683392314404
			2.8864009543355	-1.9683392314404
			2.88453876017141	-1.97020142560449
			2.88267656600733	-1.97020142560449
			2.88081437184324	-1.97020142560449
			2.87895217767915	-1.97206361976858
			2.87708998351506	-1.97206361976858
			2.87522778935098	-1.97206361976858
			2.87336559518689	-1.97392581393266
			2.8715034010228	-1.97392581393266
			2.86964120685871	-1.97392581393266
			2.86777901269463	-1.97578800809675
			2.86591681853054	-1.97578800809675
			2.86405462436645	-1.97578800809675
			2.86219243020236	-1.97578800809675
			2.86033023603828	-1.97578800809675
			2.85846804187419	-1.97765020226084
			2.8566058477101	-1.97765020226084
			2.85474365354601	-1.97765020226084
			2.85288145938193	-1.97765020226084
			2.85101926521784	-1.97765020226084
			2.84915707105375	-1.97765020226084
			2.84729487688966	-1.97765020226084
			2.84543268272558	-1.97951239642493
			2.84357048856149	-1.97951239642493
			2.8417082943974	-1.97951239642493
			2.83984610023332	-1.97951239642493
			2.83798390606923	-1.97951239642493
			2.83612171190514	-1.97951239642493
			2.83425951774105	-1.97951239642493
			2.83239732357697	-1.97951239642493
			2.83053512941288	-1.97951239642493
			2.82867293524879	-1.97951239642493
			2.8268107410847	-1.97951239642493
			2.82494854692062	-1.97951239642493
			2.82308635275653	-1.97951239642493
			2.82122415859244	-1.97765020226084
			2.81936196442835	-1.97765020226084
			2.81749977026427	-1.97765020226084
			2.81563757610018	-1.97765020226084
			2.81377538193609	-1.97765020226084
			2.811913187772	-1.97765020226084
			2.81005099360792	-1.97765020226084
			2.80818879944383	-1.97765020226084
			2.80632660527974	-1.97578800809675
			2.80446441111565	-1.97578800809675
			2.80260221695157	-1.97578800809675
			2.80074002278748	-1.97578800809675
			2.79887782862339	-1.97392581393266
			2.7970156344593	-1.97392581393266
			2.79515344029522	-1.97392581393266
			2.79329124613113	-1.97392581393266
			2.79142905196704	-1.97206361976858
			2.78956685780295	-1.97206361976858
			2.78770466363887	-1.97206361976858
			2.78584246947478	-1.97020142560449
			2.78398027531069	-1.97020142560449
			2.78211808114661	-1.97020142560449
			2.78025588698252	-1.9683392314404
			2.77839369281843	-1.9683392314404
			2.77653149865434	-1.9683392314404
			2.77466930449026	-1.96647703727632
			2.77280711032617	-1.96461484311223
			2.77094491616208	-1.96461484311223
			2.76908272199799	-1.96461484311223
			2.76722052783391	-1.96275264894814
			2.76535833366982	-1.96275264894814
			2.76349613950573	-1.96089045478405
			2.76163394534164	-1.96089045478405
			2.75977175117756	-1.95902826061997
			2.75790955701347	-1.95902826061997
			2.75604736284938	-1.95716606645588
			2.75418516868529	-1.95530387229179
			2.75232297452121	-1.95530387229179
			2.75046078035712	-1.9534416781277
			2.74859858619303	-1.9534416781277
			2.74673639202894	-1.95157948396362
			2.74487419786486	-1.94971728979953
			2.74301200370077	-1.94971728979953
			2.74114980953668	-1.94785509563544
			2.73928761537259	-1.94599290147135
			2.73742542120851	-1.94599290147135
			2.73556322704442	-1.94413070730727
			2.73370103288033	-1.94226851314318
			2.73183883871624	-1.94040631897909
			2.72997664455216	-1.94040631897909
			2.72811445038807	-1.938544124815
			2.72625225622398	-1.93668193065092
			2.7243900620599	-1.93481973648683
			2.72252786789581	-1.93481973648683
			2.72066567373172	-1.93295754232274
			2.71880347956763	-1.93109534815865
			2.71694128540355	-1.92923315399457
			2.71507909123946	-1.92737095983048
			2.71321689707537	-1.92550876566639
			2.71135470291128	-1.92550876566639
			2.7094925087472	-1.9236465715023
			2.70763031458311	-1.92178437733822
			2.70576812041902	-1.91992218317413
			2.70390592625493	-1.91805998901004
			2.70204373209085	-1.91619779484595
			2.70018153792676	-1.91433560068187
			2.69831934376267	-1.91433560068187
			2.69645714959858	-1.91433560068187
			2.6945949554345	-1.91433560068187
			2.69273276127041	-1.91247340651778
			2.69087056710632	-1.91247340651778
			2.68900837294223	-1.91247340651778
			2.68714617877815	-1.91247340651778
			2.68528398461406	-1.91247340651778
			2.68342179044997	-1.91247340651778
			2.68155959628588	-1.91247340651778
			2.6796974021218	-1.91247340651778
			2.67783520795771	-1.91247340651778
			2.67597301379362	-1.91247340651778
			2.67411081962953	-1.91247340651778
			2.67224862546545	-1.91061121235369
			2.67038643130136	-1.91061121235369
			2.66852423713727	-1.91061121235369
			2.66666204297319	-1.91061121235369
			2.6647998488091	-1.91061121235369
			2.66293765464501	-1.91061121235369
			2.66107546048092	-1.91061121235369
			2.65921326631684	-1.91061121235369
			2.65735107215275	-1.91061121235369
			2.65548887798866	-1.91061121235369
			2.65362668382457	-1.91061121235369
			2.65176448966049	-1.91061121235369
			2.6499022954964	-1.91061121235369
			2.64804010133231	-1.91061121235369
			2.64617790716822	-1.91061121235369
			2.64431571300414	-1.91061121235369
			2.64245351884005	-1.91061121235369
			2.64059132467596	-1.91061121235369
			2.63872913051187	-1.91061121235369
			2.63686693634779	-1.91061121235369
			2.6350047421837	-1.91061121235369
			2.63314254801961	-1.91061121235369
			2.63128035385552	-1.91061121235369
			2.62941815969144	-1.91061121235369
			2.62755596552735	-1.91247340651778
			2.62569377136326	-1.91247340651778
			2.62383157719917	-1.91247340651778
			2.62196938303509	-1.91247340651778
			2.620107188871	-1.91247340651778
			2.61824499470691	-1.91247340651778
			2.61638280054282	-1.91247340651778
			2.61452060637874	-1.91247340651778
			2.61265841221465	-1.91247340651778
			2.61079621805056	-1.91247340651778
			2.60893402388647	-1.91433560068187
			2.60707182972239	-1.91433560068187
			2.6052096355583	-1.91433560068187
			2.60334744139421	-1.91433560068187
			2.60148524723013	-1.91433560068187
			2.59962305306604	-1.91433560068187
			2.59776085890195	-1.91619779484595
			2.59589866473786	-1.91619779484595
			2.59403647057378	-1.91619779484595
			2.59217427640969	-1.91619779484595
			2.5903120822456	-1.91619779484595
			2.58844988808151	-1.91805998901004
			2.58658769391743	-1.91805998901004
			2.58472549975334	-1.91805998901004
			2.58286330558925	-1.91805998901004
			2.58100111142516	-1.91805998901004
			2.58100111142516	-1.91992218317413
			2.57913891726108	-1.91992218317413
			2.57727672309699	-1.91992218317413
			2.5754145289329	-1.91992218317413
			2.57355233476881	-1.92178437733822
			2.57169014060473	-1.92178437733822
			2.56982794644064	-1.92178437733822
			2.56796575227655	-1.92178437733822
			2.56796575227655	-1.9236465715023
			2.56610355811246	-1.9236465715023
			2.56424136394838	-1.9236465715023
			2.56237916978429	-1.92550876566639
			2.5605169756202	-1.92550876566639
			2.55865478145611	-1.92550876566639
			2.55679258729203	-1.92737095983048
			2.55493039312794	-1.92737095983048
			2.55306819896385	-1.92923315399457
			2.55120600479976	-1.92923315399457
			2.54934381063568	-1.92923315399457
			2.54748161647159	-1.93109534815865
			2.5456194223075	-1.93109534815865
			2.54375722814342	-1.93295754232274
			2.54189503397933	-1.93295754232274
			2.54003283981524	-1.93481973648683
			2.53817064565115	-1.93481973648683
			2.53630845148707	-1.93481973648683
			2.53444625732298	-1.93668193065092
		</curvaI_espina_dorsal>
	</curves.scaled>
	<ruler.points type=matrix rownames=TRUE colnames=FALSE nrow=2 ncol=2 as.numeric=TRUE >
		Ruler point 1	1569	576
		Ruler point 2	2106	575
	</ruler.points>
</shapes>

