<shapes type=list>
	<ruler.pixel type=vector names=FALSE length=1 as.numeric=TRUE >536.008395456638</ruler.pixel>
	<ruler.interval type=vector names=FALSE length=1 as.numeric=TRUE >1</ruler.interval>
	<scaling.units type=vector names=FALSE length=1 as.numeric=FALSE >mm</scaling.units>
	<scaling type=vector names=FALSE length=1 as.numeric=TRUE >0.00186219416408742</scaling>
	<landmarks.pixel type=matrix rownames=TRUE colnames=FALSE nrow=7 ncol=2 as.numeric=TRUE >
		punta_espina_dorsal	1557	903
		esq_izq_caparaza	1381	1085
		superior_ojo	1526	1330
		inferior_ojo	1509	1445
		derecha_ojo	1564	1393
		izquierda_ojo	1474	1371
		organo_dorsal	1658	1260
	</landmarks.pixel>
	<landmarks.scaled type=matrix rownames=TRUE colnames=FALSE nrow=7 ncol=2 as.numeric=TRUE >
		punta_espina_dorsal	2.89943631348411	-1.68156133017094
		esq_izq_caparaza	2.57169014060473	-2.02048066803485
		superior_ojo	2.8417082943974	-2.47671823823627
		inferior_ojo	2.81005099360792	-2.69087056710632
		derecha_ojo	2.91247167263272	-2.59403647057378
		izquierda_ojo	2.74487419786486	-2.55306819896385
		organo_dorsal	3.08751792405694	-2.34636464675015
	</landmarks.scaled>
	<curves.control type=list>
		<curvaD_espina_dorsal type=matrix rownames=FALSE colnames=FALSE nrow=7 ncol=2 as.numeric=TRUE >
			1557	903
			1573	958
			1581	1019
			1585	1061
			1588	1120
			1579	1182
			1658	1260
		</curvaD_espina_dorsal>
		<curvaI_espina_dorsal type=matrix rownames=FALSE colnames=FALSE nrow=9 ncol=2 as.numeric=TRUE >
			1557	903
			1560	943
			1563	994
			1561	1092
			1550	1110
			1494	1129
			1443	1080
			1414	1078
			1381	1085
		</curvaI_espina_dorsal>
	</curves.control>
	<curves.pixel type=list>
		<curvaD_espina_dorsal type=matrix rownames=FALSE colnames=FALSE nrow=367 ncol=2 as.numeric=TRUE >
			1557	903
			1557	904
			1558	905
			1558	906
			1558	907
			1559	908
			1559	909
			1559	910
			1559	911
			1559	912
			1560	912
			1560	913
			1560	914
			1560	915
			1561	916
			1561	917
			1561	918
			1561	919
			1562	920
			1562	921
			1562	922
			1563	923
			1563	924
			1563	925
			1563	926
			1563	927
			1564	928
			1564	929
			1564	930
			1564	931
			1565	931
			1565	932
			1565	933
			1565	934
			1566	935
			1566	936
			1566	937
			1566	938
			1566	939
			1567	939
			1567	940
			1567	941
			1567	942
			1567	943
			1568	944
			1568	945
			1568	946
			1568	947
			1569	948
			1569	949
			1569	950
			1569	951
			1569	952
			1570	953
			1570	954
			1570	955
			1570	956
			1570	957
			1571	958
			1571	959
			1571	960
			1571	961
			1571	962
			1572	963
			1572	964
			1572	965
			1572	966
			1572	967
			1573	968
			1573	969
			1573	970
			1573	971
			1573	972
			1574	973
			1574	974
			1574	975
			1574	976
			1574	977
			1575	978
			1575	979
			1575	980
			1575	981
			1575	982
			1575	983
			1576	984
			1576	985
			1576	986
			1576	987
			1576	988
			1576	989
			1577	990
			1577	991
			1577	992
			1577	993
			1577	994
			1577	995
			1578	996
			1578	997
			1578	998
			1578	999
			1578	1000
			1578	1001
			1579	1002
			1579	1003
			1579	1004
			1579	1005
			1579	1006
			1579	1007
			1579	1008
			1580	1009
			1580	1010
			1580	1011
			1580	1012
			1580	1013
			1580	1014
			1580	1015
			1581	1016
			1581	1017
			1581	1018
			1581	1019
			1581	1020
			1581	1021
			1581	1022
			1581	1023
			1581	1024
			1582	1025
			1582	1026
			1582	1027
			1582	1028
			1582	1029
			1582	1030
			1582	1031
			1582	1032
			1582	1033
			1582	1034
			1582	1035
			1583	1036
			1583	1037
			1583	1038
			1583	1039
			1583	1040
			1583	1041
			1583	1042
			1583	1043
			1583	1044
			1583	1045
			1583	1046
			1583	1047
			1583	1048
			1584	1049
			1584	1050
			1584	1051
			1584	1052
			1584	1053
			1584	1054
			1584	1055
			1584	1056
			1584	1057
			1584	1058
			1584	1059
			1584	1060
			1584	1061
			1585	1062
			1585	1063
			1585	1064
			1585	1065
			1585	1066
			1585	1067
			1585	1068
			1585	1069
			1585	1070
			1585	1071
			1585	1072
			1585	1073
			1585	1074
			1585	1075
			1585	1076
			1586	1077
			1586	1078
			1586	1079
			1586	1080
			1586	1081
			1586	1082
			1586	1083
			1586	1084
			1586	1085
			1586	1086
			1586	1087
			1586	1088
			1586	1089
			1586	1090
			1586	1091
			1586	1092
			1587	1093
			1587	1094
			1587	1095
			1587	1096
			1587	1097
			1587	1098
			1587	1099
			1587	1100
			1587	1101
			1587	1102
			1587	1103
			1587	1104
			1587	1105
			1587	1106
			1587	1107
			1587	1108
			1587	1109
			1587	1110
			1588	1111
			1588	1112
			1588	1113
			1588	1114
			1588	1115
			1588	1116
			1588	1117
			1588	1118
			1588	1119
			1588	1120
			1588	1121
			1588	1122
			1588	1123
			1588	1124
			1587	1125
			1587	1126
			1587	1127
			1587	1128
			1587	1129
			1587	1130
			1587	1131
			1587	1132
			1587	1133
			1587	1134
			1587	1135
			1587	1136
			1587	1137
			1587	1138
			1587	1139
			1587	1140
			1587	1141
			1588	1142
			1588	1143
			1588	1144
			1588	1145
			1588	1146
			1588	1147
			1588	1148
			1589	1149
			1589	1150
			1589	1151
			1589	1152
			1589	1153
			1589	1154
			1590	1155
			1590	1156
			1590	1157
			1590	1158
			1591	1159
			1591	1160
			1591	1161
			1591	1162
			1592	1163
			1592	1164
			1592	1165
			1593	1166
			1593	1167
			1593	1168
			1594	1169
			1594	1170
			1595	1171
			1595	1172
			1595	1173
			1596	1174
			1596	1175
			1597	1176
			1597	1177
			1597	1178
			1598	1179
			1598	1180
			1599	1181
			1599	1182
			1600	1183
			1600	1184
			1601	1185
			1601	1186
			1602	1187
			1602	1188
			1603	1189
			1603	1190
			1603	1191
			1604	1191
			1604	1192
			1604	1193
			1605	1193
			1605	1194
			1606	1194
			1606	1195
			1606	1196
			1607	1196
			1607	1197
			1607	1198
			1608	1198
			1608	1199
			1609	1200
			1610	1201
			1610	1202
			1611	1203
			1611	1204
			1612	1205
			1613	1206
			1613	1207
			1614	1208
			1614	1209
			1615	1210
			1616	1211
			1617	1212
			1618	1213
			1618	1214
			1619	1215
			1620	1216
			1621	1217
			1621	1218
			1622	1219
			1622	1220
			1623	1221
			1624	1221
			1624	1222
			1625	1223
			1625	1224
			1626	1225
			1627	1226
			1628	1227
			1629	1228
			1630	1229
			1630	1230
			1631	1231
			1632	1232
			1633	1233
			1634	1234
			1635	1235
			1635	1236
			1636	1237
			1637	1238
			1638	1239
			1639	1240
			1640	1241
			1641	1242
			1642	1243
			1642	1244
			1643	1245
			1644	1246
			1645	1247
			1646	1248
			1647	1249
			1648	1250
			1649	1251
			1650	1252
			1651	1253
			1652	1254
			1653	1255
			1654	1256
			1655	1257
			1656	1258
			1657	1259
			1658	1260
		</curvaD_espina_dorsal>
		<curvaI_espina_dorsal type=matrix rownames=FALSE colnames=FALSE nrow=383 ncol=2 as.numeric=TRUE >
			1557	903
			1557	904
			1557	905
			1557	906
			1557	907
			1557	908
			1557	909
			1558	910
			1558	911
			1558	912
			1558	913
			1558	914
			1558	915
			1558	916
			1558	917
			1558	918
			1558	919
			1558	920
			1558	921
			1558	922
			1558	923
			1559	924
			1559	925
			1559	926
			1559	927
			1559	928
			1559	929
			1559	930
			1559	931
			1559	932
			1559	933
			1559	934
			1559	935
			1559	936
			1559	937
			1559	938
			1560	939
			1560	940
			1560	941
			1560	942
			1560	943
			1560	944
			1560	945
			1560	946
			1560	947
			1560	948
			1560	949
			1560	950
			1560	951
			1560	952
			1560	953
			1561	954
			1561	955
			1561	956
			1561	957
			1561	958
			1561	959
			1561	960
			1561	961
			1561	962
			1561	963
			1561	964
			1561	965
			1561	966
			1561	967
			1561	968
			1561	969
			1562	970
			1562	971
			1562	972
			1562	973
			1562	974
			1562	975
			1562	976
			1562	977
			1562	978
			1562	979
			1562	980
			1562	981
			1562	982
			1562	983
			1562	984
			1562	985
			1563	986
			1563	987
			1563	988
			1563	989
			1563	990
			1563	991
			1563	992
			1563	993
			1563	994
			1563	995
			1563	996
			1563	997
			1563	998
			1563	999
			1563	1000
			1563	1001
			1563	1002
			1563	1003
			1563	1004
			1563	1005
			1563	1006
			1563	1007
			1563	1008
			1563	1009
			1563	1010
			1563	1011
			1563	1012
			1563	1013
			1562	1014
			1562	1015
			1562	1016
			1562	1017
			1562	1018
			1562	1019
			1562	1020
			1562	1021
			1562	1022
			1562	1023
			1562	1024
			1562	1025
			1562	1026
			1562	1027
			1562	1028
			1562	1029
			1562	1030
			1562	1031
			1562	1032
			1562	1033
			1562	1034
			1562	1035
			1562	1036
			1561	1037
			1561	1038
			1561	1039
			1561	1040
			1561	1041
			1561	1042
			1561	1043
			1561	1044
			1561	1045
			1561	1046
			1561	1047
			1561	1048
			1561	1049
			1561	1050
			1561	1051
			1561	1052
			1561	1053
			1560	1053
			1560	1054
			1560	1055
			1560	1056
			1560	1057
			1560	1058
			1560	1059
			1560	1060
			1560	1061
			1560	1062
			1560	1063
			1560	1064
			1559	1065
			1559	1066
			1559	1067
			1559	1068
			1559	1069
			1559	1070
			1559	1071
			1559	1072
			1559	1073
			1558	1074
			1558	1075
			1558	1076
			1558	1077
			1558	1078
			1558	1079
			1558	1080
			1558	1081
			1557	1082
			1557	1083
			1557	1084
			1557	1085
			1557	1086
			1557	1087
			1556	1088
			1556	1089
			1556	1090
			1556	1091
			1556	1092
			1556	1093
			1555	1094
			1555	1095
			1555	1096
			1555	1097
			1554	1098
			1554	1099
			1554	1100
			1554	1101
			1553	1102
			1553	1103
			1553	1104
			1552	1105
			1552	1106
			1552	1107
			1551	1107
			1551	1108
			1551	1109
			1550	1109
			1550	1110
			1549	1110
			1548	1111
			1547	1111
			1546	1111
			1545	1112
			1544	1112
			1543	1112
			1542	1112
			1541	1113
			1540	1113
			1539	1113
			1538	1113
			1537	1114
			1536	1114
			1535	1114
			1534	1114
			1533	1114
			1532	1114
			1531	1114
			1530	1115
			1529	1115
			1528	1115
			1527	1115
			1526	1115
			1525	1115
			1524	1115
			1523	1115
			1522	1115
			1521	1115
			1520	1115
			1519	1115
			1518	1115
			1517	1115
			1516	1115
			1515	1115
			1514	1115
			1513	1115
			1512	1115
			1511	1115
			1510	1115
			1509	1115
			1508	1115
			1507	1114
			1506	1114
			1505	1114
			1504	1114
			1503	1114
			1502	1114
			1501	1113
			1500	1113
			1499	1113
			1498	1113
			1497	1112
			1496	1112
			1495	1112
			1494	1112
			1493	1111
			1492	1111
			1491	1111
			1490	1110
			1489	1110
			1488	1110
			1487	1109
			1486	1109
			1485	1108
			1484	1108
			1483	1108
			1483	1107
			1482	1107
			1481	1107
			1480	1106
			1479	1106
			1478	1105
			1477	1105
			1476	1104
			1475	1104
			1474	1104
			1474	1103
			1473	1103
			1472	1102
			1471	1102
			1470	1101
			1469	1100
			1468	1100
			1467	1099
			1466	1098
			1465	1098
			1464	1097
			1463	1097
			1462	1096
			1461	1095
			1460	1095
			1459	1094
			1458	1093
			1457	1092
			1456	1092
			1456	1091
			1455	1090
			1454	1089
			1453	1089
			1452	1088
			1451	1087
			1450	1086
			1449	1085
			1448	1085
			1447	1084
			1446	1083
			1445	1082
			1444	1081
			1443	1080
			1442	1080
			1441	1080
			1440	1080
			1439	1080
			1438	1080
			1437	1080
			1436	1080
			1435	1080
			1434	1080
			1433	1080
			1432	1080
			1431	1080
			1430	1080
			1429	1080
			1428	1080
			1427	1080
			1426	1080
			1425	1080
			1424	1080
			1423	1080
			1422	1080
			1421	1080
			1420	1080
			1419	1080
			1418	1080
			1417	1080
			1416	1080
			1415	1080
			1414	1080
			1413	1080
			1412	1080
			1411	1080
			1410	1080
			1409	1081
			1408	1081
			1407	1081
			1406	1081
			1405	1081
			1404	1081
			1403	1081
			1402	1081
			1401	1082
			1400	1082
			1399	1082
			1398	1082
			1397	1082
			1396	1082
			1395	1082
			1394	1083
			1393	1083
			1392	1083
			1391	1083
			1390	1083
			1389	1083
			1388	1084
			1387	1084
			1386	1084
			1385	1084
			1384	1084
			1383	1085
			1382	1085
			1381	1085
		</curvaI_espina_dorsal>
	</curves.pixel>
	<curves.scaled type=list>
		<curvaD_espina_dorsal type=matrix rownames=FALSE colnames=FALSE nrow=367 ncol=2 as.numeric=TRUE >
			2.89943631348411	-1.68156133017094
			2.89943631348411	-1.68342352433503
			2.9012985076482	-1.68528571849911
			2.9012985076482	-1.6871479126632
			2.9012985076482	-1.68901010682729
			2.90316070181229	-1.69087230099138
			2.90316070181229	-1.69273449515546
			2.90316070181229	-1.69459668931955
			2.90316070181229	-1.69645888348364
			2.90316070181229	-1.69832107764773
			2.90502289597637	-1.69832107764773
			2.90502289597637	-1.70018327181181
			2.90502289597637	-1.7020454659759
			2.90502289597637	-1.70390766013999
			2.90688509014046	-1.70576985430408
			2.90688509014046	-1.70763204846816
			2.90688509014046	-1.70949424263225
			2.90688509014046	-1.71135643679634
			2.90874728430455	-1.71321863096043
			2.90874728430455	-1.71508082512451
			2.90874728430455	-1.7169430192886
			2.91060947846864	-1.71880521345269
			2.91060947846864	-1.72066740761678
			2.91060947846864	-1.72252960178086
			2.91060947846864	-1.72439179594495
			2.91060947846864	-1.72625399010904
			2.91247167263272	-1.72811618427313
			2.91247167263272	-1.72997837843721
			2.91247167263272	-1.7318405726013
			2.91247167263272	-1.73370276676539
			2.91433386679681	-1.73370276676539
			2.91433386679681	-1.73556496092947
			2.91433386679681	-1.73742715509356
			2.91433386679681	-1.73928934925765
			2.9161960609609	-1.74115154342174
			2.9161960609609	-1.74301373758582
			2.9161960609609	-1.74487593174991
			2.9161960609609	-1.746738125914
			2.9161960609609	-1.74860032007809
			2.91805825512499	-1.74860032007809
			2.91805825512499	-1.75046251424217
			2.91805825512499	-1.75232470840626
			2.91805825512499	-1.75418690257035
			2.91805825512499	-1.75604909673444
			2.91992044928907	-1.75791129089852
			2.91992044928907	-1.75977348506261
			2.91992044928907	-1.7616356792267
			2.91992044928907	-1.76349787339079
			2.92178264345316	-1.76536006755487
			2.92178264345316	-1.76722226171896
			2.92178264345316	-1.76908445588305
			2.92178264345316	-1.77094665004714
			2.92178264345316	-1.77280884421122
			2.92364483761725	-1.77467103837531
			2.92364483761725	-1.7765332325394
			2.92364483761725	-1.77839542670349
			2.92364483761725	-1.78025762086757
			2.92364483761725	-1.78211981503166
			2.92550703178134	-1.78398200919575
			2.92550703178134	-1.78584420335984
			2.92550703178134	-1.78770639752392
			2.92550703178134	-1.78956859168801
			2.92550703178134	-1.7914307858521
			2.92736922594542	-1.79329298001618
			2.92736922594542	-1.79515517418027
			2.92736922594542	-1.79701736834436
			2.92736922594542	-1.79887956250845
			2.92736922594542	-1.80074175667253
			2.92923142010951	-1.80260395083662
			2.92923142010951	-1.80446614500071
			2.92923142010951	-1.8063283391648
			2.92923142010951	-1.80819053332888
			2.92923142010951	-1.81005272749297
			2.9310936142736	-1.81191492165706
			2.9310936142736	-1.81377711582115
			2.9310936142736	-1.81563930998523
			2.9310936142736	-1.81750150414932
			2.9310936142736	-1.81936369831341
			2.93295580843769	-1.8212258924775
			2.93295580843769	-1.82308808664158
			2.93295580843769	-1.82495028080567
			2.93295580843769	-1.82681247496976
			2.93295580843769	-1.82867466913385
			2.93295580843769	-1.83053686329793
			2.93481800260177	-1.83239905746202
			2.93481800260177	-1.83426125162611
			2.93481800260177	-1.8361234457902
			2.93481800260177	-1.83798563995428
			2.93481800260177	-1.83984783411837
			2.93481800260177	-1.84171002828246
			2.93668019676586	-1.84357222244655
			2.93668019676586	-1.84543441661063
			2.93668019676586	-1.84729661077472
			2.93668019676586	-1.84915880493881
			2.93668019676586	-1.8510209991029
			2.93668019676586	-1.85288319326698
			2.93854239092995	-1.85474538743107
			2.93854239092995	-1.85660758159516
			2.93854239092995	-1.85846977575924
			2.93854239092995	-1.86033196992333
			2.93854239092995	-1.86219416408742
			2.93854239092995	-1.86405635825151
			2.94040458509404	-1.86591855241559
			2.94040458509404	-1.86778074657968
			2.94040458509404	-1.86964294074377
			2.94040458509404	-1.87150513490786
			2.94040458509404	-1.87336732907194
			2.94040458509404	-1.87522952323603
			2.94040458509404	-1.87709171740012
			2.94226677925812	-1.87895391156421
			2.94226677925812	-1.88081610572829
			2.94226677925812	-1.88267829989238
			2.94226677925812	-1.88454049405647
			2.94226677925812	-1.88640268822056
			2.94226677925812	-1.88826488238464
			2.94226677925812	-1.89012707654873
			2.94412897342221	-1.89198927071282
			2.94412897342221	-1.89385146487691
			2.94412897342221	-1.89571365904099
			2.94412897342221	-1.89757585320508
			2.94412897342221	-1.89943804736917
			2.94412897342221	-1.90130024153326
			2.94412897342221	-1.90316243569734
			2.94412897342221	-1.90502462986143
			2.94412897342221	-1.90688682402552
			2.9459911675863	-1.90874901818961
			2.9459911675863	-1.91061121235369
			2.9459911675863	-1.91247340651778
			2.9459911675863	-1.91433560068187
			2.9459911675863	-1.91619779484595
			2.9459911675863	-1.91805998901004
			2.9459911675863	-1.91992218317413
			2.9459911675863	-1.92178437733822
			2.9459911675863	-1.9236465715023
			2.9459911675863	-1.92550876566639
			2.9459911675863	-1.92737095983048
			2.94785336175039	-1.92923315399457
			2.94785336175039	-1.93109534815865
			2.94785336175039	-1.93295754232274
			2.94785336175039	-1.93481973648683
			2.94785336175039	-1.93668193065092
			2.94785336175039	-1.938544124815
			2.94785336175039	-1.94040631897909
			2.94785336175039	-1.94226851314318
			2.94785336175039	-1.94413070730727
			2.94785336175039	-1.94599290147135
			2.94785336175039	-1.94785509563544
			2.94785336175039	-1.94971728979953
			2.94785336175039	-1.95157948396362
			2.94971555591447	-1.9534416781277
			2.94971555591447	-1.95530387229179
			2.94971555591447	-1.95716606645588
			2.94971555591447	-1.95902826061997
			2.94971555591447	-1.96089045478405
			2.94971555591447	-1.96275264894814
			2.94971555591447	-1.96461484311223
			2.94971555591447	-1.96647703727632
			2.94971555591447	-1.9683392314404
			2.94971555591447	-1.97020142560449
			2.94971555591447	-1.97206361976858
			2.94971555591447	-1.97392581393266
			2.94971555591447	-1.97578800809675
			2.95157775007856	-1.97765020226084
			2.95157775007856	-1.97951239642493
			2.95157775007856	-1.98137459058901
			2.95157775007856	-1.9832367847531
			2.95157775007856	-1.98509897891719
			2.95157775007856	-1.98696117308128
			2.95157775007856	-1.98882336724536
			2.95157775007856	-1.99068556140945
			2.95157775007856	-1.99254775557354
			2.95157775007856	-1.99440994973763
			2.95157775007856	-1.99627214390171
			2.95157775007856	-1.9981343380658
			2.95157775007856	-1.99999653222989
			2.95157775007856	-2.00185872639398
			2.95157775007856	-2.00372092055806
			2.95343994424265	-2.00558311472215
			2.95343994424265	-2.00744530888624
			2.95343994424265	-2.00930750305033
			2.95343994424265	-2.01116969721441
			2.95343994424265	-2.0130318913785
			2.95343994424265	-2.01489408554259
			2.95343994424265	-2.01675627970668
			2.95343994424265	-2.01861847387076
			2.95343994424265	-2.02048066803485
			2.95343994424265	-2.02234286219894
			2.95343994424265	-2.02420505636303
			2.95343994424265	-2.02606725052711
			2.95343994424265	-2.0279294446912
			2.95343994424265	-2.02979163885529
			2.95343994424265	-2.03165383301937
			2.95343994424265	-2.03351602718346
			2.95530213840674	-2.03537822134755
			2.95530213840674	-2.03724041551164
			2.95530213840674	-2.03910260967572
			2.95530213840674	-2.04096480383981
			2.95530213840674	-2.0428269980039
			2.95530213840674	-2.04468919216799
			2.95530213840674	-2.04655138633207
			2.95530213840674	-2.04841358049616
			2.95530213840674	-2.05027577466025
			2.95530213840674	-2.05213796882434
			2.95530213840674	-2.05400016298842
			2.95530213840674	-2.05586235715251
			2.95530213840674	-2.0577245513166
			2.95530213840674	-2.05958674548069
			2.95530213840674	-2.06144893964477
			2.95530213840674	-2.06331113380886
			2.95530213840674	-2.06517332797295
			2.95530213840674	-2.06703552213704
			2.95716433257082	-2.06889771630112
			2.95716433257082	-2.07075991046521
			2.95716433257082	-2.0726221046293
			2.95716433257082	-2.07448429879339
			2.95716433257082	-2.07634649295747
			2.95716433257082	-2.07820868712156
			2.95716433257082	-2.08007088128565
			2.95716433257082	-2.08193307544974
			2.95716433257082	-2.08379526961382
			2.95716433257082	-2.08565746377791
			2.95716433257082	-2.087519657942
			2.95716433257082	-2.08938185210608
			2.95716433257082	-2.09124404627017
			2.95716433257082	-2.09310624043426
			2.95530213840674	-2.09496843459835
			2.95530213840674	-2.09683062876243
			2.95530213840674	-2.09869282292652
			2.95530213840674	-2.10055501709061
			2.95530213840674	-2.1024172112547
			2.95530213840674	-2.10427940541878
			2.95530213840674	-2.10614159958287
			2.95530213840674	-2.10800379374696
			2.95530213840674	-2.10986598791105
			2.95530213840674	-2.11172818207513
			2.95530213840674	-2.11359037623922
			2.95530213840674	-2.11545257040331
			2.95530213840674	-2.1173147645674
			2.95530213840674	-2.11917695873148
			2.95530213840674	-2.12103915289557
			2.95530213840674	-2.12290134705966
			2.95530213840674	-2.12476354122375
			2.95716433257082	-2.12662573538783
			2.95716433257082	-2.12848792955192
			2.95716433257082	-2.13035012371601
			2.95716433257082	-2.1322123178801
			2.95716433257082	-2.13407451204418
			2.95716433257082	-2.13593670620827
			2.95716433257082	-2.13779890037236
			2.95902652673491	-2.13966109453645
			2.95902652673491	-2.14152328870053
			2.95902652673491	-2.14338548286462
			2.95902652673491	-2.14524767702871
			2.95902652673491	-2.14710987119279
			2.95902652673491	-2.14897206535688
			2.960888720899	-2.15083425952097
			2.960888720899	-2.15269645368506
			2.960888720899	-2.15455864784914
			2.960888720899	-2.15642084201323
			2.96275091506308	-2.15828303617732
			2.96275091506308	-2.16014523034141
			2.96275091506308	-2.16200742450549
			2.96275091506308	-2.16386961866958
			2.96461310922717	-2.16573181283367
			2.96461310922717	-2.16759400699776
			2.96461310922717	-2.16945620116184
			2.96647530339126	-2.17131839532593
			2.96647530339126	-2.17318058949002
			2.96647530339126	-2.17504278365411
			2.96833749755535	-2.17690497781819
			2.96833749755535	-2.17876717198228
			2.97019969171943	-2.18062936614637
			2.97019969171943	-2.18249156031046
			2.97019969171943	-2.18435375447454
			2.97206188588352	-2.18621594863863
			2.97206188588352	-2.18807814280272
			2.97392408004761	-2.18994033696681
			2.97392408004761	-2.19180253113089
			2.97392408004761	-2.19366472529498
			2.9757862742117	-2.19552691945907
			2.9757862742117	-2.19738911362316
			2.97764846837578	-2.19925130778724
			2.97764846837578	-2.20111350195133
			2.97951066253987	-2.20297569611542
			2.97951066253987	-2.2048378902795
			2.98137285670396	-2.20670008444359
			2.98137285670396	-2.20856227860768
			2.98323505086805	-2.21042447277177
			2.98323505086805	-2.21228666693585
			2.98509724503213	-2.21414886109994
			2.98509724503213	-2.21601105526403
			2.98509724503213	-2.21787324942812
			2.98695943919622	-2.21787324942812
			2.98695943919622	-2.2197354435922
			2.98695943919622	-2.22159763775629
			2.98882163336031	-2.22159763775629
			2.98882163336031	-2.22345983192038
			2.9906838275244	-2.22345983192038
			2.9906838275244	-2.22532202608447
			2.9906838275244	-2.22718422024855
			2.99254602168848	-2.22718422024855
			2.99254602168848	-2.22904641441264
			2.99254602168848	-2.23090860857673
			2.99440821585257	-2.23090860857673
			2.99440821585257	-2.23277080274082
			2.99627041001666	-2.2346329969049
			2.99813260418075	-2.23649519106899
			2.99813260418075	-2.23835738523308
			2.99999479834483	-2.24021957939717
			2.99999479834483	-2.24208177356125
			3.00185699250892	-2.24394396772534
			3.00371918667301	-2.24580616188943
			3.00371918667301	-2.24766835605352
			3.0055813808371	-2.2495305502176
			3.0055813808371	-2.25139274438169
			3.00744357500118	-2.25325493854578
			3.00930576916527	-2.25511713270987
			3.01116796332936	-2.25697932687395
			3.01303015749345	-2.25884152103804
			3.01303015749345	-2.26070371520213
			3.01489235165753	-2.26256590936621
			3.01675454582162	-2.2644281035303
			3.01861673998571	-2.26629029769439
			3.01861673998571	-2.26815249185848
			3.02047893414979	-2.27001468602256
			3.02047893414979	-2.27187688018665
			3.02234112831388	-2.27373907435074
			3.02420332247797	-2.27373907435074
			3.02420332247797	-2.27560126851483
			3.02606551664206	-2.27746346267891
			3.02606551664206	-2.279325656843
			3.02792771080614	-2.28118785100709
			3.02978990497023	-2.28305004517118
			3.03165209913432	-2.28491223933526
			3.03351429329841	-2.28677443349935
			3.03537648746249	-2.28863662766344
			3.03537648746249	-2.29049882182753
			3.03723868162658	-2.29236101599161
			3.03910087579067	-2.2942232101557
			3.04096306995476	-2.29608540431979
			3.04282526411884	-2.29794759848388
			3.04468745828293	-2.29980979264796
			3.04468745828293	-2.30167198681205
			3.04654965244702	-2.30353418097614
			3.04841184661111	-2.30539637514023
			3.05027404077519	-2.30725856930431
			3.05213623493928	-2.3091207634684
			3.05399842910337	-2.31098295763249
			3.05586062326746	-2.31284515179658
			3.05772281743154	-2.31470734596066
			3.05772281743154	-2.31656954012475
			3.05958501159563	-2.31843173428884
			3.06144720575972	-2.32029392845292
			3.06330939992381	-2.32215612261701
			3.06517159408789	-2.3240183167811
			3.06703378825198	-2.32588051094519
			3.06889598241607	-2.32774270510927
			3.07075817658016	-2.32960489927336
			3.07262037074424	-2.33146709343745
			3.07448256490833	-2.33332928760154
			3.07634475907242	-2.33519148176562
			3.0782069532365	-2.33705367592971
			3.08006914740059	-2.3389158700938
			3.08193134156468	-2.34077806425789
			3.08379353572877	-2.34264025842197
			3.08565572989285	-2.34450245258606
			3.08751792405694	-2.34636464675015
		</curvaD_espina_dorsal>
		<curvaI_espina_dorsal type=matrix rownames=FALSE colnames=FALSE nrow=383 ncol=2 as.numeric=TRUE >
			2.89943631348411	-1.68156133017094
			2.89943631348411	-1.68342352433503
			2.89943631348411	-1.68528571849911
			2.89943631348411	-1.6871479126632
			2.89943631348411	-1.68901010682729
			2.89943631348411	-1.69087230099138
			2.89943631348411	-1.69273449515546
			2.9012985076482	-1.69459668931955
			2.9012985076482	-1.69645888348364
			2.9012985076482	-1.69832107764773
			2.9012985076482	-1.70018327181181
			2.9012985076482	-1.7020454659759
			2.9012985076482	-1.70390766013999
			2.9012985076482	-1.70576985430408
			2.9012985076482	-1.70763204846816
			2.9012985076482	-1.70949424263225
			2.9012985076482	-1.71135643679634
			2.9012985076482	-1.71321863096043
			2.9012985076482	-1.71508082512451
			2.9012985076482	-1.7169430192886
			2.9012985076482	-1.71880521345269
			2.90316070181229	-1.72066740761678
			2.90316070181229	-1.72252960178086
			2.90316070181229	-1.72439179594495
			2.90316070181229	-1.72625399010904
			2.90316070181229	-1.72811618427313
			2.90316070181229	-1.72997837843721
			2.90316070181229	-1.7318405726013
			2.90316070181229	-1.73370276676539
			2.90316070181229	-1.73556496092947
			2.90316070181229	-1.73742715509356
			2.90316070181229	-1.73928934925765
			2.90316070181229	-1.74115154342174
			2.90316070181229	-1.74301373758582
			2.90316070181229	-1.74487593174991
			2.90316070181229	-1.746738125914
			2.90502289597637	-1.74860032007809
			2.90502289597637	-1.75046251424217
			2.90502289597637	-1.75232470840626
			2.90502289597637	-1.75418690257035
			2.90502289597637	-1.75604909673444
			2.90502289597637	-1.75791129089852
			2.90502289597637	-1.75977348506261
			2.90502289597637	-1.7616356792267
			2.90502289597637	-1.76349787339079
			2.90502289597637	-1.76536006755487
			2.90502289597637	-1.76722226171896
			2.90502289597637	-1.76908445588305
			2.90502289597637	-1.77094665004714
			2.90502289597637	-1.77280884421122
			2.90502289597637	-1.77467103837531
			2.90688509014046	-1.7765332325394
			2.90688509014046	-1.77839542670349
			2.90688509014046	-1.78025762086757
			2.90688509014046	-1.78211981503166
			2.90688509014046	-1.78398200919575
			2.90688509014046	-1.78584420335984
			2.90688509014046	-1.78770639752392
			2.90688509014046	-1.78956859168801
			2.90688509014046	-1.7914307858521
			2.90688509014046	-1.79329298001618
			2.90688509014046	-1.79515517418027
			2.90688509014046	-1.79701736834436
			2.90688509014046	-1.79887956250845
			2.90688509014046	-1.80074175667253
			2.90688509014046	-1.80260395083662
			2.90688509014046	-1.80446614500071
			2.90874728430455	-1.8063283391648
			2.90874728430455	-1.80819053332888
			2.90874728430455	-1.81005272749297
			2.90874728430455	-1.81191492165706
			2.90874728430455	-1.81377711582115
			2.90874728430455	-1.81563930998523
			2.90874728430455	-1.81750150414932
			2.90874728430455	-1.81936369831341
			2.90874728430455	-1.8212258924775
			2.90874728430455	-1.82308808664158
			2.90874728430455	-1.82495028080567
			2.90874728430455	-1.82681247496976
			2.90874728430455	-1.82867466913385
			2.90874728430455	-1.83053686329793
			2.90874728430455	-1.83239905746202
			2.90874728430455	-1.83426125162611
			2.91060947846864	-1.8361234457902
			2.91060947846864	-1.83798563995428
			2.91060947846864	-1.83984783411837
			2.91060947846864	-1.84171002828246
			2.91060947846864	-1.84357222244655
			2.91060947846864	-1.84543441661063
			2.91060947846864	-1.84729661077472
			2.91060947846864	-1.84915880493881
			2.91060947846864	-1.8510209991029
			2.91060947846864	-1.85288319326698
			2.91060947846864	-1.85474538743107
			2.91060947846864	-1.85660758159516
			2.91060947846864	-1.85846977575924
			2.91060947846864	-1.86033196992333
			2.91060947846864	-1.86219416408742
			2.91060947846864	-1.86405635825151
			2.91060947846864	-1.86591855241559
			2.91060947846864	-1.86778074657968
			2.91060947846864	-1.86964294074377
			2.91060947846864	-1.87150513490786
			2.91060947846864	-1.87336732907194
			2.91060947846864	-1.87522952323603
			2.91060947846864	-1.87709171740012
			2.91060947846864	-1.87895391156421
			2.91060947846864	-1.88081610572829
			2.91060947846864	-1.88267829989238
			2.91060947846864	-1.88454049405647
			2.91060947846864	-1.88640268822056
			2.90874728430455	-1.88826488238464
			2.90874728430455	-1.89012707654873
			2.90874728430455	-1.89198927071282
			2.90874728430455	-1.89385146487691
			2.90874728430455	-1.89571365904099
			2.90874728430455	-1.89757585320508
			2.90874728430455	-1.89943804736917
			2.90874728430455	-1.90130024153326
			2.90874728430455	-1.90316243569734
			2.90874728430455	-1.90502462986143
			2.90874728430455	-1.90688682402552
			2.90874728430455	-1.90874901818961
			2.90874728430455	-1.91061121235369
			2.90874728430455	-1.91247340651778
			2.90874728430455	-1.91433560068187
			2.90874728430455	-1.91619779484595
			2.90874728430455	-1.91805998901004
			2.90874728430455	-1.91992218317413
			2.90874728430455	-1.92178437733822
			2.90874728430455	-1.9236465715023
			2.90874728430455	-1.92550876566639
			2.90874728430455	-1.92737095983048
			2.90874728430455	-1.92923315399457
			2.90688509014046	-1.93109534815865
			2.90688509014046	-1.93295754232274
			2.90688509014046	-1.93481973648683
			2.90688509014046	-1.93668193065092
			2.90688509014046	-1.938544124815
			2.90688509014046	-1.94040631897909
			2.90688509014046	-1.94226851314318
			2.90688509014046	-1.94413070730727
			2.90688509014046	-1.94599290147135
			2.90688509014046	-1.94785509563544
			2.90688509014046	-1.94971728979953
			2.90688509014046	-1.95157948396362
			2.90688509014046	-1.9534416781277
			2.90688509014046	-1.95530387229179
			2.90688509014046	-1.95716606645588
			2.90688509014046	-1.95902826061997
			2.90688509014046	-1.96089045478405
			2.90502289597637	-1.96089045478405
			2.90502289597637	-1.96275264894814
			2.90502289597637	-1.96461484311223
			2.90502289597637	-1.96647703727632
			2.90502289597637	-1.9683392314404
			2.90502289597637	-1.97020142560449
			2.90502289597637	-1.97206361976858
			2.90502289597637	-1.97392581393266
			2.90502289597637	-1.97578800809675
			2.90502289597637	-1.97765020226084
			2.90502289597637	-1.97951239642493
			2.90502289597637	-1.98137459058901
			2.90316070181229	-1.9832367847531
			2.90316070181229	-1.98509897891719
			2.90316070181229	-1.98696117308128
			2.90316070181229	-1.98882336724536
			2.90316070181229	-1.99068556140945
			2.90316070181229	-1.99254775557354
			2.90316070181229	-1.99440994973763
			2.90316070181229	-1.99627214390171
			2.90316070181229	-1.9981343380658
			2.9012985076482	-1.99999653222989
			2.9012985076482	-2.00185872639398
			2.9012985076482	-2.00372092055806
			2.9012985076482	-2.00558311472215
			2.9012985076482	-2.00744530888624
			2.9012985076482	-2.00930750305033
			2.9012985076482	-2.01116969721441
			2.9012985076482	-2.0130318913785
			2.89943631348411	-2.01489408554259
			2.89943631348411	-2.01675627970668
			2.89943631348411	-2.01861847387076
			2.89943631348411	-2.02048066803485
			2.89943631348411	-2.02234286219894
			2.89943631348411	-2.02420505636303
			2.89757411932003	-2.02606725052711
			2.89757411932003	-2.0279294446912
			2.89757411932003	-2.02979163885529
			2.89757411932003	-2.03165383301937
			2.89757411932003	-2.03351602718346
			2.89757411932003	-2.03537822134755
			2.89571192515594	-2.03724041551164
			2.89571192515594	-2.03910260967572
			2.89571192515594	-2.04096480383981
			2.89571192515594	-2.0428269980039
			2.89384973099185	-2.04468919216799
			2.89384973099185	-2.04655138633207
			2.89384973099185	-2.04841358049616
			2.89384973099185	-2.05027577466025
			2.89198753682776	-2.05213796882434
			2.89198753682776	-2.05400016298842
			2.89198753682776	-2.05586235715251
			2.89012534266368	-2.0577245513166
			2.89012534266368	-2.05958674548069
			2.89012534266368	-2.06144893964477
			2.88826314849959	-2.06144893964477
			2.88826314849959	-2.06331113380886
			2.88826314849959	-2.06517332797295
			2.8864009543355	-2.06517332797295
			2.8864009543355	-2.06703552213704
			2.88453876017141	-2.06703552213704
			2.88267656600733	-2.06889771630112
			2.88081437184324	-2.06889771630112
			2.87895217767915	-2.06889771630112
			2.87708998351506	-2.07075991046521
			2.87522778935098	-2.07075991046521
			2.87336559518689	-2.07075991046521
			2.8715034010228	-2.07075991046521
			2.86964120685871	-2.0726221046293
			2.86777901269463	-2.0726221046293
			2.86591681853054	-2.0726221046293
			2.86405462436645	-2.0726221046293
			2.86219243020236	-2.07448429879339
			2.86033023603828	-2.07448429879339
			2.85846804187419	-2.07448429879339
			2.8566058477101	-2.07448429879339
			2.85474365354601	-2.07448429879339
			2.85288145938193	-2.07448429879339
			2.85101926521784	-2.07448429879339
			2.84915707105375	-2.07634649295747
			2.84729487688966	-2.07634649295747
			2.84543268272558	-2.07634649295747
			2.84357048856149	-2.07634649295747
			2.8417082943974	-2.07634649295747
			2.83984610023332	-2.07634649295747
			2.83798390606923	-2.07634649295747
			2.83612171190514	-2.07634649295747
			2.83425951774105	-2.07634649295747
			2.83239732357697	-2.07634649295747
			2.83053512941288	-2.07634649295747
			2.82867293524879	-2.07634649295747
			2.8268107410847	-2.07634649295747
			2.82494854692062	-2.07634649295747
			2.82308635275653	-2.07634649295747
			2.82122415859244	-2.07634649295747
			2.81936196442835	-2.07634649295747
			2.81749977026427	-2.07634649295747
			2.81563757610018	-2.07634649295747
			2.81377538193609	-2.07634649295747
			2.811913187772	-2.07634649295747
			2.81005099360792	-2.07634649295747
			2.80818879944383	-2.07634649295747
			2.80632660527974	-2.07448429879339
			2.80446441111565	-2.07448429879339
			2.80260221695157	-2.07448429879339
			2.80074002278748	-2.07448429879339
			2.79887782862339	-2.07448429879339
			2.7970156344593	-2.07448429879339
			2.79515344029522	-2.0726221046293
			2.79329124613113	-2.0726221046293
			2.79142905196704	-2.0726221046293
			2.78956685780295	-2.0726221046293
			2.78770466363887	-2.07075991046521
			2.78584246947478	-2.07075991046521
			2.78398027531069	-2.07075991046521
			2.78211808114661	-2.07075991046521
			2.78025588698252	-2.06889771630112
			2.77839369281843	-2.06889771630112
			2.77653149865434	-2.06889771630112
			2.77466930449026	-2.06703552213704
			2.77280711032617	-2.06703552213704
			2.77094491616208	-2.06703552213704
			2.76908272199799	-2.06517332797295
			2.76722052783391	-2.06517332797295
			2.76535833366982	-2.06331113380886
			2.76349613950573	-2.06331113380886
			2.76163394534164	-2.06331113380886
			2.76163394534164	-2.06144893964477
			2.75977175117756	-2.06144893964477
			2.75790955701347	-2.06144893964477
			2.75604736284938	-2.05958674548069
			2.75418516868529	-2.05958674548069
			2.75232297452121	-2.0577245513166
			2.75046078035712	-2.0577245513166
			2.74859858619303	-2.05586235715251
			2.74673639202894	-2.05586235715251
			2.74487419786486	-2.05586235715251
			2.74487419786486	-2.05400016298842
			2.74301200370077	-2.05400016298842
			2.74114980953668	-2.05213796882434
			2.73928761537259	-2.05213796882434
			2.73742542120851	-2.05027577466025
			2.73556322704442	-2.04841358049616
			2.73370103288033	-2.04841358049616
			2.73183883871624	-2.04655138633207
			2.72997664455216	-2.04468919216799
			2.72811445038807	-2.04468919216799
			2.72625225622398	-2.0428269980039
			2.7243900620599	-2.0428269980039
			2.72252786789581	-2.04096480383981
			2.72066567373172	-2.03910260967572
			2.71880347956763	-2.03910260967572
			2.71694128540355	-2.03724041551164
			2.71507909123946	-2.03537822134755
			2.71321689707537	-2.03351602718346
			2.71135470291128	-2.03351602718346
			2.71135470291128	-2.03165383301937
			2.7094925087472	-2.02979163885529
			2.70763031458311	-2.0279294446912
			2.70576812041902	-2.0279294446912
			2.70390592625493	-2.02606725052711
			2.70204373209085	-2.02420505636303
			2.70018153792676	-2.02234286219894
			2.69831934376267	-2.02048066803485
			2.69645714959858	-2.02048066803485
			2.6945949554345	-2.01861847387076
			2.69273276127041	-2.01675627970668
			2.69087056710632	-2.01489408554259
			2.68900837294223	-2.0130318913785
			2.68714617877815	-2.01116969721441
			2.68528398461406	-2.01116969721441
			2.68342179044997	-2.01116969721441
			2.68155959628588	-2.01116969721441
			2.6796974021218	-2.01116969721441
			2.67783520795771	-2.01116969721441
			2.67597301379362	-2.01116969721441
			2.67411081962953	-2.01116969721441
			2.67224862546545	-2.01116969721441
			2.67038643130136	-2.01116969721441
			2.66852423713727	-2.01116969721441
			2.66666204297319	-2.01116969721441
			2.6647998488091	-2.01116969721441
			2.66293765464501	-2.01116969721441
			2.66107546048092	-2.01116969721441
			2.65921326631684	-2.01116969721441
			2.65735107215275	-2.01116969721441
			2.65548887798866	-2.01116969721441
			2.65362668382457	-2.01116969721441
			2.65176448966049	-2.01116969721441
			2.6499022954964	-2.01116969721441
			2.64804010133231	-2.01116969721441
			2.64617790716822	-2.01116969721441
			2.64431571300414	-2.01116969721441
			2.64245351884005	-2.01116969721441
			2.64059132467596	-2.01116969721441
			2.63872913051187	-2.01116969721441
			2.63686693634779	-2.01116969721441
			2.6350047421837	-2.01116969721441
			2.63314254801961	-2.01116969721441
			2.63128035385552	-2.01116969721441
			2.62941815969144	-2.01116969721441
			2.62755596552735	-2.01116969721441
			2.62569377136326	-2.01116969721441
			2.62383157719917	-2.0130318913785
			2.62196938303509	-2.0130318913785
			2.620107188871	-2.0130318913785
			2.61824499470691	-2.0130318913785
			2.61638280054282	-2.0130318913785
			2.61452060637874	-2.0130318913785
			2.61265841221465	-2.0130318913785
			2.61079621805056	-2.0130318913785
			2.60893402388647	-2.01489408554259
			2.60707182972239	-2.01489408554259
			2.6052096355583	-2.01489408554259
			2.60334744139421	-2.01489408554259
			2.60148524723013	-2.01489408554259
			2.59962305306604	-2.01489408554259
			2.59776085890195	-2.01489408554259
			2.59589866473786	-2.01675627970668
			2.59403647057378	-2.01675627970668
			2.59217427640969	-2.01675627970668
			2.5903120822456	-2.01675627970668
			2.58844988808151	-2.01675627970668
			2.58658769391743	-2.01675627970668
			2.58472549975334	-2.01861847387076
			2.58286330558925	-2.01861847387076
			2.58100111142516	-2.01861847387076
			2.57913891726108	-2.01861847387076
			2.57727672309699	-2.01861847387076
			2.5754145289329	-2.02048066803485
			2.57355233476881	-2.02048066803485
			2.57169014060473	-2.02048066803485
		</curvaI_espina_dorsal>
	</curves.scaled>
	<ruler.points type=matrix rownames=TRUE colnames=FALSE nrow=2 ncol=2 as.numeric=TRUE >
		Ruler point 1	1569	576
		Ruler point 2	2106	575
	</ruler.points>
</shapes>

