time	frame	x	y	
2:41.13	-4834	5,01	-2,26	1
2:41.17	-4835	7,4	0,16	1
2:41.30	-4839	9,72	3,87	1
2:41.43	-4843	10,16	4,67	1
2:41.53	-4846	12,05	7,22	1
2:41.57	-4847	12,01	7,18	1
2:41.67	-4850	14,66	9,31	1
2:41.80	-4854	15,63	10,66	1
2:41.93	-4858	15,55	10,58	1
2:42.03	-4861	15,71	10,71	1
2:42.17	-4865	16,11	10,35	1
2:42.30	-4869	15,75	9,79	1
2:42.43	-4873	15,12	10,03	1
2:42.53	-4876	13,58	11,69	1
2:42.67	-4880	10,9	11,79	1
2:42.80	-4884	10,06	10,16	1
2:42.93	-4888	10,82	9,85	1
2:43.03	-4891	10,85	10,05	1
2:43.17	-4895	10,27	11,36	1
2:43.30	-4899	9,57	12,76	1
2:43.43	-4903	9,21	13	1
2:43.57	-4907	9,79	12,91	1
2:43.67	-4910	9,71	12,13	1
2:43.80	-4914	9,63	11,98	1
2:43.93	-4918	8,96	8,44	1
2:44.07	-4922	7,93	8,39	1
2:44.17	-4925	7,05	9,54	1
2:44.30	-4929	6,88	10,18	1
2:44.43	-4933	7,04	10,54	1
2:44.57	-4937	7,16	10,74	1
2:44.67	-4940	7,33	12,11	1
2:44.80	-4944	7,41	12,27	1
2:44.93	-4948	7,49	12,39	1
2:45.07	-4952	7,49	12,35	1
2:45.17	-4955	7,49	12,31	1
2:45.30	-4959	7,69	12,15	1
2:45.43	-4963	7,81	12,35	1
2:45.57	-4967	7,89	12,47	1
2:45.67	-4970	7,73	12,23	1
2:45.80	-4974	7,49	11,83	1
2:45.93	-4978	5,85	10,97	1
2:46.07	-4982	5,72	10,89	1
2:46.17	-4985	6,24	11,45	1
2:46.30	-4989	6,67	11,77	1
2:46.43	-4993	7,47	12,49	1
2:46.57	-4997	8,02	13,33	1
2:46.67	-5000	8,29	13,69	1
2:46.80	-5004	8,88	13,86	1
2:46.93	-5008	8,96	13,98	1
2:47.07	-5012	10,94	12,9	1
2:47.17	-5015	11,61	12,32	1
2:47.30	-5019	12,13	11,53	1
2:47.43	-5023	12,57	10,69	1
2:47.57	-5027	12,73	10,26	1
2:47.67	-5030	12,85	10,02	1
2:47.80	-5034	12,93	10,06	1
2:47.93	-5038	13,09	10,26	1
2:48.07	-5042	14,67	12,38	1
2:48.20	-5046	15,34	13,3	1
2:48.30	-5049	15,74	13,54	1
2:48.43	-5053	15,38	12,98	1
2:48.57	-5057	14,95	12,18	1
2:48.70	-5061	15,23	11,78	1
2:48.80	-5064	15,68	8,44	1
2:48.93	-5068	15,76	7,17	1
2:49.07	-5072	15,18	4,34	1
2:49.20	-5076	14,96	1,14	1
2:49.30	-5079	14,9	-1,72	1
2:49.43	-5083	15,55	-3,71	1
2:49.57	-5087	16,23	-4,42	1
2:49.70	-5091	16,94	-4,38	1
2:49.80	-5094	17,7	-1,47	1
2:49.93	-5098	18,96	0,8	1
2:50.07	-5102	20,15	2,32	1
2:50.20	-5106	20,62	2,8	1
2:50.30	-5109	20,9	3,12	1
2:50.43	-5113	21,02	3,28	1
2:50.57	-5117	21,05	3,48	1
2:50.70	-5121	20,85	3,56	1
2:50.80	-5124	20,78	3,2	1
2:50.93	-5128	21,17	3,32	1
2:51.07	-5132	21,53	3,96	1
2:51.20	-5136	21,48	4,52	1
2:51.30	-5139	20,59	7,71	1
2:51.43	-5143	20,34	9,18	1
2:51.57	-5147	20,41	10,46	1
2:51.70	-5151	20,92	12,37	1
2:51.80	-5154	21,12	12,65	1
2:51.93	-5158	21,31	12,81	1
2:52.07	-5162	21,59	13,05	1
2:52.20	-5166	21,71	13,05	1
2:52.30	-5169	21,83	13,01	1
2:52.43	-5173	21,91	12,93	1
2:52.57	-5177	21,95	12,97	1
2:52.67	-5180	21,91	12,97	1
2:52.70	-5181	22,03	13,29	1
2:52.80	-5184	22,06	13,69	1
4:11.67	-7550	15,19	16,34	2
4:11.70	-7551	15,07	16,22	2
4:11.83	-7555	13,77	13,5	2
4:11.97	-7559	14,02	12,95	2
4:12.20	-7566	14,06	11,56	2
4:12.33	-7570	14,03	10,08	2
4:12.47	-7574	13,89	8,1	2
4:12.53	-7576	13,89	8,09	2
4:12.57	-7577	13,61	7,3	2
4:12.70	-7581	13,54	6,46	2
4:12.83	-7585	14,02	5,95	2
4:12.97	-7589	14,1	6,03	2
4:13.07	-7592	14,38	6,03	2
4:13.20	-7596	15,13	6,35	2
4:13.33	-7600	15,35	8,88	2
4:13.47	-7604	14,58	13,17	2
4:13.57	-7607	15,25	14,25	2
4:13.70	-7611	15,61	14,49	2
4:13.83	-7615	15,73	14,61	2
4:13.97	-7619	15,85	14,81	2
4:14.07	-7622	15,8	14,97	2
4:14.23	-7627	15,8	14,98	2
4:14.33	-7630	15,76	15,02	2
4:14.47	-7634	15,57	14,78	2
4:14.57	-7637	15,06	13,86	2
4:14.70	-7641	15,69	10,54	2
4:14.83	-7645	15,23	8	2
4:15.10	-7653	14,64	7,59	2
4:15.17	-7655	14,63	7,59	2
4:15.20	-7656	13,72	7,51	2
4:15.33	-7660	12,76	7,66	2
4:15.47	-7664	12,57	7,78	2
4:15.60	-7668	12,53	7,78	2
4:15.70	-7671	12,53	7,82	2
4:15.83	-7675	12,45	7,82	2
4:15.97	-7679	11,65	7,7	2
4:16.10	-7683	10,82	7,29	2
4:16.20	-7686	10,38	7,17	2
4:16.33	-7690	10,14	7,13	2
4:16.47	-7694	9,98	7,09	2
4:16.60	-7698	8,91	6,8	2
4:16.70	-7701	7,96	6,56	2
4:16.83	-7705	7	6,36	2
4:16.97	-7709	5,13	6,34	2
4:17.10	-7713	4,74	6,46	2
4:17.20	-7716	4,94	6,3	2
4:17.33	-7720	4,97	6,34	2
4:17.47	-7724	5,01	6,5	2
4:17.60	-7728	5,13	6,78	2
4:17.70	-7731	5,48	8,93	2
4:17.97	-7739	5,52	9,05	2
4:18.10	-7743	5,55	9,05	2
4:18.20	-7746	5,59	9,05	2
4:18.33	-7750	5,63	8,97	2
4:18.47	-7754	5,71	8,93	2
4:18.60	-7758	5,79	8,93	2
4:18.70	-7761	5,87	8,93	2
4:18.83	-7765	5,95	8,89	2
4:18.87	-7766	5,95	8,9	2
4:18.97	-7769	6,11	8,9	2
4:19.10	-7773	7,03	8,66	2
4:19.20	-7776	7,35	8,55	2
4:19.60	-7788	7,35	8,59	2
4:19.73	-7792	7,39	8,59	2
4:19.83	-7795	7,47	8,59	2
4:19.97	-7799	7,51	8,55	2
4:20.10	-7803	7,47	8,63	2
4:20.23	-7807	7,63	8,63	2
4:20.33	-7810	7,78	8,59	2
4:20.47	-7814	7,86	8,59	2
4:20.60	-7818	8,98	7,92	2
4:20.73	-7822	9,38	7,09	2
4:20.83	-7825	8,23	7,48	2
4:20.97	-7829	7,95	7,72	2
4:21.07	-7832	7,95	7,71	2
4:21.10	-7833	7,99	7,75	2
4:21.13	-7834	7,99	7,76	2
4:21.23	-7837	8,03	7,76	2
4:21.33	-7840	7,91	7,87	2
4:21.47	-7844	7,31	8,35	2
4:21.60	-7848	6,06	10,33	2
