time	frame	x	y	
1:01.97	-1859	42,23	8,36	1
1:02.00	-1860	42,03	8,6	1
1:02.13	-1864	41,71	9,08	1
1:02.23	-1867	40,98	9,4	1
1:02.37	-1871	39,65	10,07	1
1:02.50	-1875	39,84	11,07	1
1:02.63	-1879	40,17	10,51	1
1:02.73	-1882	39,53	9,94	1
1:02.87	-1886	37,81	9,73	1
1:03.00	-1890	38,01	9,49	1
1:03.03	-1891	38,01	9,53	1
1:03.13	-1894	34,64	9,5	1
1:03.23	-1897	35,12	9,78	1
1:03.37	-1901	34,93	8,22	1
1:03.50	-1905	33,47	10,05	1
1:03.63	-1909	34,8	9,74	1
1:03.73	-1912	33,27	9,97	1
1:03.87	-1916	34,71	10,46	1
1:04.00	-1920	35,76	9,75	1
1:04.13	-1924	36,14	7,59	1
1:04.23	-1927	35,31	6,45	1
1:04.37	-1931	33,22	6,04	1
1:04.50	-1935	34,03	5,64	1
1:04.63	-1939	34,47	1,8	1
1:04.77	-1943	35,7	-0,76	1
1:04.87	-1946	36,51	-2,28	1
1:05.00	-1950	37,92	-2,79	1
1:05.13	-1954	39,04	-2,5	1
1:05.17	-1955	39	-2,5	1
1:05.27	-1958	40,04	-2,25	1
1:05.37	-1961	41,01	-2,52	1
1:05.50	-1965	41,38	-3,96	1
1:05.57	-1967	41,42	-3,96	1
1:05.63	-1969	41,23	-4,36	1
1:05.67	-1970	41,19	-4,36	1
1:05.77	-1973	40,19	-4,81	1
1:05.87	-1976	38,29	-4,66	1
1:06.00	-1980	38,85	-4,33	1
1:06.13	-1984	38,9	-5,41	1
1:06.27	-1988	38,11	-6,91	1
1:06.37	-1991	37,19	-6,91	1
1:06.50	-1995	37,83	-7,35	1
1:06.63	-1999	37,89	-9,4	1
1:06.77	-2003	38,07	-11,52	1
1:06.87	-2006	38,85	-13,2	1
1:06.90	-2007	38,85	-13,16	1
1:06.93	-2008	38,85	-13,2	1
1:06.97	-2009	38,85	-13,16	1
1:07.00	-2010	39,31	-15,12	1
2:07.87	-3836	14,74	18,79	2
2:07.97	-3839	13,29	18,29	2
2:08.10	-3843	14,16	17,65	2
2:08.23	-3847	13,52	16,02	2
2:08.37	-3851	12,41	14,53	2
2:08.47	-3854	10,52	13,84	2
2:08.60	-3858	10,99	14,56	2
2:08.73	-3862	9,96	12,95	2
2:08.87	-3866	9,8	12,71	2
2:09.00	-3870	10,5	11,35	2
2:09.10	-3873	10,15	10,06	2
2:09.23	-3877	9,18	10,82	2
2:09.37	-3881	10,17	11,39	2
2:09.50	-3885	11,58	11,36	2
2:09.60	-3888	12,59	11,01	2
2:09.73	-3892	13,39	10,77	2
2:09.87	-3896	14,27	10,74	2
2:10.00	-3900	14,95	10,87	2
2:10.10	-3903	15,59	11,12	2
2:10.23	-3907	16,27	11,48	2
2:10.37	-3911	18,31	12,22	2
2:10.50	-3915	19,28	11,67	2
2:10.60	-3918	19,1	10,1	2
2:10.73	-3922	18,09	10,66	2
2:10.87	-3926	17,12	11,25	2
2:11.00	-3930	17,31	12,09	2
2:11.10	-3933	18,36	12,06	2
2:11.13	-3934	18,35	12,06	2
2:11.23	-3937	19,08	11,83	2
2:11.37	-3941	20,01	11,56	2
2:11.50	-3945	21,06	10,84	2
2:11.60	-3948	21,5	10,41	2
2:11.73	-3952	21,51	9,44	2
2:11.87	-3956	20,68	8,11	2
2:12.00	-3960	20,85	6,43	2
2:12.10	-3963	22,06	5,84	2
2:12.23	-3967	22,82	6,53	2
2:12.37	-3971	23,21	7,89	2
2:12.50	-3975	23,84	8,7	2
2:12.60	-3978	25,28	9,48	2
2:12.73	-3982	26,68	10,17	2
2:12.87	-3986	28,36	10,51	2
2:13.00	-3990	29,57	10,52	2
2:13.10	-3993	31,2	11,26	2
2:13.20	-3996	31,2	11,25	2
2:13.23	-3997	32,25	11,14	2
2:13.37	-4001	31,89	11,26	2
2:13.50	-4005	30,64	11,97	2
2:13.60	-4008	30,06	13,17	2
2:13.73	-4012	30,06	14,05	2
2:13.77	-4013	30,02	14,09	2
2:13.80	-4014	30,06	14,05	2
2:13.83	-4015	30,02	14,09	2
2:13.87	-4016	28,64	15,25	2
2:14.00	-4020	29,63	16,46	2
2:14.13	-4024	30,88	15,87	2
2:14.23	-4027	31,41	15,15	2
2:14.37	-4031	31,71	13,55	2
2:14.50	-4035	30,46	13,38	2
2:14.63	-4039	31,55	13,39	2
2:14.73	-4042	31,87	12,83	2
2:14.87	-4046	32,04	11,7	2
2:15.00	-4050	31,05	10,33	2
2:15.13	-4054	28,44	10,43	2
2:15.23	-4057	30,31	11,19	2
2:15.37	-4061	31,68	9,58	2
2:15.50	-4065	29,64	9,36	2
2:15.63	-4069	30,24	9,4	2
2:15.73	-4072	29,44	9,2	2
2:15.87	-4076	29,69	9,84	2
2:16.00	-4080	29,22	9,43	2
2:16.13	-4084	28,48	10,39	2
2:16.20	-4086	28,49	10,39	2
2:16.23	-4087	28,77	9,67	2
2:16.37	-4091	28,58	8,26	2
2:16.50	-4095	28,44	6,54	2
2:16.63	-4099	27,36	5,76	2
2:16.73	-4102	26,75	6,6	2
2:16.87	-4106	27,92	6,17	2
2:17.00	-4110	27,94	4,08	2
2:17.13	-4114	26,42	3,35	2
2:17.23	-4117	26,54	3,91	2
2:17.37	-4121	26,43	2,35	2
2:17.50	-4125	24,94	3,05	2
2:17.63	-4129	24,99	2,09	2
2:17.73	-4132	23,82	2,6	2
2:17.87	-4136	23,42	2,48	2
2:18.00	-4140	24,02	2	2
2:18.13	-4144	23,75	1,56	2
2:18.23	-4147	23,43	1,47	2
2:18.37	-4151	23,38	2,08	2
2:18.50	-4155	24,39	1,48	2
2:18.63	-4159	24,52	1,04	2
2:18.67	-4160	24,51	1,04	2
2:18.77	-4163	25,4	0,73	2
2:18.87	-4166	26,7	-2,11	2
2:19.00	-4170	25,64	-4,36	2
2:19.13	-4174	23,51	-4,34	2
2:19.27	-4178	24,84	-4,89	2
2:19.37	-4181	24,53	-5,81	2
2:19.50	-4185	21,66	-8,33	2
2:19.63	-4189	21,36	-6,82	2
2:19.77	-4193	23,25	-7,25	2
2:19.87	-4196	24,26	-7,84	2
2:20.00	-4200	26,36	-8,5	2
2:20.03	-4201	26,36	-8,46	2
2:20.13	-4204	26,69	-9,74	2
2:20.27	-4208	25,1	-12,53	2
2:20.37	-4211	24,78	-12,13	2
2:20.50	-4215	26,7	-12,08	2
2:20.63	-4219	28,92	-12,82	2
2:20.67	-4220	28,96	-12,82	2
2:20.77	-4223	32,25	-12,71	2
2:20.87	-4226	34,42	-13,88	2
2:21.00	-4230	33,94	-14,25	2
2:21.13	-4234	34,25	-12,92	2
2:21.27	-4238	35,02	-13,31	2
2:21.37	-4241	34,26	-14,12	2
2:21.50	-4245	32,9	-14,21	2
2:21.63	-4249	30,65	-13,75	2
2:21.77	-4253	30,35	-12,59	2
2:21.87	-4256	31,55	-11,86	2
2:22.00	-4260	32,29	-13,34	2
2:22.13	-4264	32,06	-14,54	2
2:22.27	-4268	31,42	-15,39	2
2:22.37	-4271	29,7	-15,73	2
2:22.50	-4275	27,97	-15,33	2
2:22.63	-4279	26,84	-13,85	2
2:22.77	-4283	28	-13,2	2
2:22.83	-4285	27,96	-13,16	2
2:22.87	-4286	30,07	-15,75	2
2:23.00	-4290	29,95	-16,43	2
2:23.13	-4294	28,95	-16,2	2
2:23.27	-4298	25,41	-15,99	2
2:23.37	-4301	23,49	-16,01	2
2:23.50	-4305	23,08	-14,22	2
2:23.63	-4309	24,27	-12,61	2
2:23.77	-4313	24,75	-12,08	2
2:23.90	-4317	24,99	-11,84	2
2:24.00	-4320	25,1	-11,64	2
2:24.13	-4324	25,22	-11,51	2
2:24.27	-4328	25,3	-11,39	2
2:24.40	-4332	25,46	-11,07	2
2:24.50	-4335	25,28	-8,98	2
2:24.63	-4339	24,83	-8,35	2
2:24.77	-4343	24,18	-7,67	2
2:24.90	-4347	24,34	-6,7	2
2:25.00	-4350	24,85	-6,22	2
2:25.13	-4354	26,01	-5,2	2
2:25.27	-4358	28,48	-3,38	2
2:25.40	-4362	29,96	-3,24	2
2:25.50	-4365	31,12	-2,23	2
2:25.63	-4369	31,59	-1,42	2
2:25.77	-4373	31,75	-0,82	2
2:25.90	-4377	31,63	-0,62	2
2:26.00	-4380	31,58	-0,5	2
2:26.13	-4384	31,71	-0,5	2
2:26.23	-4387	31,7	-0,5	2
2:26.27	-4388	32,06	-0,33	2
2:26.40	-4392	32,26	-0,13	2
2:26.50	-4395	32,04	2,64	2
2:26.63	-4399	32,34	4,65	2
2:26.67	-4400	32,34	4,64	2
2:26.77	-4403	32,59	5,35	2
2:26.90	-4407	32,62	5,83	2
2:27.00	-4410	32,15	7,13	2
2:27.13	-4414	31,32	10,35	2
2:27.17	-4415	31,32	10,47	2
2:27.27	-4418	32,28	11,29	2
2:27.40	-4422	33,07	12,22	2
2:27.50	-4425	33,23	12,87	2
2:27.63	-4429	33,22	13,51	2
3:02.70	-5481	8,98	-13,58	3
3:02.83	-5485	9,64	-13,36	3
3:02.93	-5488	9,76	-13,48	3
3:03.03	-5491	9,76	-13,47	3
3:03.07	-5492	10,88	-13,47	3
3:03.20	-5496	10,96	-13,55	3
3:03.33	-5500	11,12	-13,75	3
3:03.47	-5504	11,49	-14,19	3
3:03.50	-5505	11,48	-14,19	3
3:03.57	-5507	11,74	-14,48	3
3:03.70	-5511	11,82	-14,56	3
3:03.83	-5515	11,86	-14,6	3
3:03.90	-5517	11,86	-14,64	3
3:03.97	-5519	12,57	-14,51	3
3:04.07	-5522	13,75	-14,47	3
3:04.20	-5526	14,11	-14,43	3
3:04.33	-5530	14,39	-14,22	3
3:04.47	-5534	14,51	-14,18	3
3:04.57	-5537	14,91	-13,9	3
3:04.70	-5541	14,74	-12,61	3
3:04.83	-5545	14,57	-11,77	3
3:04.97	-5549	14,52	-11,01	3
3:05.00	-5550	14,56	-11,01	3
3:05.07	-5552	14,71	-9,65	3
3:05.20	-5556	13,55	-10,1	3
3:05.33	-5560	12,8	-10,71	3
3:05.47	-5564	12,68	-11,55	3
3:05.57	-5567	13,33	-11,62	3
3:05.60	-5568	13,32	-11,62	3
3:05.70	-5571	13	-11,47	3
3:05.83	-5575	11,39	-11,2	3
3:05.97	-5579	10,31	-10,97	3
3:06.07	-5582	10,01	-10,83	3
3:06.20	-5586	10,01	-10,91	3
3:06.23	-5587	10,02	-10,91	3
3:06.33	-5590	10,14	-10,95	3
3:06.47	-5594	10,5	-10,59	3
3:06.57	-5597	10,73	-10,3	3
3:06.60	-5598	10,74	-10,3	3
3:06.67	-5600	10,74	-10,31	3
3:06.70	-5601	10,93	-10,14	3
3:06.83	-5605	11,09	-10,02	3
3:06.97	-5609	11,37	-9,86	3
3:07.07	-5612	11,97	-9,61	3
3:07.20	-5616	12,49	-9,53	3
3:07.33	-5620	11,7	-8,71	3
3:07.47	-5624	10,49	-7,68	3
3:07.57	-5627	10,25	-7,97	3
3:07.70	-5631	9,89	-8,09	3
3:07.83	-5635	9,7	-8,45	3
3:07.87	-5636	9,69	-8,45	3
3:07.97	-5639	9,46	-9,06	3
3:08.07	-5642	8,86	-9,22	3
3:08.20	-5646	9,06	-8,94	3
3:08.33	-5650	9,46	-8,85	3
3:08.47	-5654	10,26	-8,85	3
3:08.60	-5658	10,99	-9,4	3
3:08.70	-5661	10,58	-9,05	3
3:08.83	-5665	10,98	-8,88	3
3:08.97	-5669	11,71	-9,16	3
3:09.10	-5673	13,04	-9,95	3
3:09.20	-5676	13,76	-10,06	3
3:09.33	-5680	14,85	-10,74	3
3:09.47	-5684	15,54	-11,69	3
3:09.60	-5688	16,15	-12,25	3
3:09.70	-5691	17,04	-13,45	3
3:09.83	-5695	16,8	-12,93	3
3:09.97	-5699	17,6	-12,76	3
3:10.10	-5703	18,45	-13,47	3
3:10.20	-5706	19,18	-14,23	3
3:10.33	-5710	19,63	-15,43	3
3:10.47	-5714	19,27	-15,83	3
3:10.60	-5718	19,23	-15,51	3
3:10.70	-5721	19,51	-15,27	3
3:10.83	-5725	19,87	-14,87	3
3:10.97	-5729	20,38	-14,38	3
3:11.10	-5733	20,74	-14,1	3
3:11.20	-5736	21,02	-13,85	3
3:11.33	-5740	22,3	-12,28	3
3:11.47	-5744	23,29	-10,63	3
3:11.60	-5748	24,04	-10,14	3
3:11.70	-5751	24,73	-10,05	3
3:11.83	-5755	25,41	-9,97	3
3:11.97	-5759	26,29	-9,56	3
3:12.10	-5763	26,85	-9,35	3
3:12.20	-5766	27,17	-9,19	3
3:12.33	-5770	27,52	-8,87	3
3:12.60	-5778	27,92	-8,34	3
3:12.70	-5781	27,59	-7,06	3
3:12.83	-5785	26,02	-6,55	3
3:12.97	-5789	24,85	-6,24	3
3:13.10	-5793	24,93	-5,6	3
3:13.13	-5794	24,93	-5,64	3
3:13.23	-5797	25,33	-5,51	3
3:13.33	-5800	25,69	-5,23	3
3:13.47	-5804	25,84	-4,79	3
3:13.60	-5808	25,32	-4,15	3
3:13.73	-5812	24,67	-4,08	3
3:13.83	-5815	24,39	-4,12	3
3:13.97	-5819	24,07	-4,32	3
3:14.10	-5823	23,32	-5,05	3
3:14.23	-5827	21,43	-4,66	3
3:14.33	-5830	21,03	-4,39	3
