<shapes type=list>
	<ruler.pixel type=vector names=FALSE length=1 as.numeric=TRUE >539.003710562367</ruler.pixel>
	<ruler.interval type=vector names=FALSE length=1 as.numeric=TRUE >1</ruler.interval>
	<scaling.units type=vector names=FALSE length=1 as.numeric=FALSE >mm</scaling.units>
	<scaling type=vector names=FALSE length=1 as.numeric=TRUE >0.00186561969275678</scaling>
	<landmarks.pixel type=matrix rownames=TRUE colnames=FALSE nrow=7 ncol=2 as.numeric=TRUE >
		punta_espina_dorsal	1692	753
		esq_izq_caparaza	1516	989
		superior_ojo	1727	1185
		inferior_ojo	1738	1327
		derecha_ojo	1792	1261
		izquierda_ojo	1671	1259
		organo_dorsal	1825	1095
	</landmarks.pixel>
	<landmarks.scaled type=matrix rownames=TRUE colnames=FALSE nrow=7 ncol=2 as.numeric=TRUE >
		punta_espina_dorsal	3.15662852014447	-1.40481162864585
		esq_izq_caparaza	2.82827945421927	-1.84509787613645
		superior_ojo	3.22192520939095	-2.21075933591678
		inferior_ojo	3.24244702601128	-2.47567733228824
		derecha_ojo	3.34319048942015	-2.3525464325663
		izquierda_ojo	3.11745050659658	-2.34881519318078
		organo_dorsal	3.40475593928112	-2.04285356356867
	</landmarks.scaled>
	<curves.control type=list>
		<curvaD_espina_dorsal type=matrix rownames=FALSE colnames=FALSE nrow=7 ncol=2 as.numeric=TRUE >
			1692	753
			1710	781
			1729	831
			1749	881
			1766	950
			1748	1016
			1825	1095
		</curvaD_espina_dorsal>
		<curvaI_espina_dorsal type=matrix rownames=FALSE colnames=FALSE nrow=9 ncol=2 as.numeric=TRUE >
			1692	753
			1696	775
			1716	839
			1726	893
			1727	947
			1693	978
			1606	941
			1542	957
			1516	989
		</curvaI_espina_dorsal>
	</curves.control>
	<curves.pixel type=list>
		<curvaD_espina_dorsal type=matrix rownames=FALSE colnames=FALSE nrow=350 ncol=2 as.numeric=TRUE >
			1692	753
			1693	754
			1693	755
			1694	756
			1694	757
			1695	758
			1695	759
			1696	760
			1697	761
			1697	762
			1698	763
			1698	764
			1699	765
			1700	766
			1700	767
			1701	768
			1701	769
			1702	770
			1702	771
			1703	772
			1704	773
			1704	774
			1705	775
			1705	776
			1705	777
			1706	778
			1707	779
			1707	780
			1708	781
			1708	782
			1709	783
			1709	784
			1709	785
			1710	786
			1711	787
			1711	788
			1711	789
			1712	790
			1712	791
			1713	792
			1713	793
			1714	794
			1714	795
			1715	796
			1715	797
			1716	798
			1716	799
			1717	800
			1717	801
			1717	802
			1718	803
			1718	804
			1719	805
			1719	806
			1719	807
			1720	808
			1720	809
			1721	810
			1721	811
			1721	812
			1722	813
			1722	814
			1723	815
			1723	816
			1724	817
			1724	818
			1724	819
			1725	820
			1725	821
			1726	822
			1726	823
			1726	824
			1727	825
			1727	826
			1727	827
			1728	828
			1728	829
			1729	830
			1729	831
			1729	832
			1730	833
			1730	834
			1731	835
			1731	836
			1732	837
			1732	838
			1732	839
			1732	840
			1733	840
			1733	841
			1733	842
			1734	843
			1734	844
			1734	845
			1735	846
			1735	847
			1736	848
			1736	849
			1736	850
			1737	851
			1737	852
			1737	853
			1738	854
			1738	855
			1738	856
			1739	857
			1739	858
			1739	859
			1740	860
			1740	861
			1740	862
			1741	863
			1741	864
			1741	865
			1742	866
			1742	867
			1742	868
			1743	869
			1743	870
			1743	871
			1744	872
			1744	873
			1744	874
			1745	875
			1745	876
			1745	877
			1746	878
			1746	879
			1746	880
			1747	881
			1747	882
			1747	883
			1748	884
			1748	885
			1748	886
			1749	887
			1749	888
			1749	889
			1749	890
			1750	890
			1750	891
			1750	892
			1750	893
			1751	894
			1751	895
			1751	896
			1752	897
			1752	898
			1752	899
			1753	900
			1753	901
			1753	902
			1753	903
			1754	904
			1754	905
			1754	906
			1755	907
			1755	908
			1755	909
			1755	910
			1756	911
			1756	912
			1756	913
			1756	914
			1757	915
			1757	916
			1757	917
			1758	918
			1758	919
			1758	920
			1758	921
			1759	922
			1759	923
			1759	924
			1759	925
			1760	926
			1760	927
			1760	928
			1761	929
			1761	930
			1761	931
			1761	932
			1762	933
			1762	934
			1762	935
			1762	936
			1763	937
			1763	938
			1763	939
			1763	940
			1764	941
			1764	942
			1764	943
			1765	944
			1765	945
			1765	946
			1765	947
			1766	948
			1766	949
			1766	950
			1766	951
			1766	952
			1765	952
			1765	953
			1765	954
			1765	955
			1765	956
			1764	957
			1764	958
			1764	959
			1764	960
			1764	961
			1764	962
			1763	963
			1763	964
			1763	965
			1763	966
			1763	967
			1763	968
			1763	969
			1763	970
			1763	971
			1763	972
			1763	973
			1763	974
			1763	975
			1763	976
			1763	977
			1763	978
			1763	979
			1763	980
			1763	981
			1763	982
			1763	983
			1763	984
			1763	985
			1763	986
			1763	987
			1763	988
			1763	989
			1764	990
			1764	991
			1764	992
			1764	993
			1764	994
			1765	995
			1765	996
			1765	997
			1765	998
			1765	999
			1766	1000
			1766	1001
			1766	1002
			1766	1003
			1766	1004
			1767	1004
			1767	1005
			1767	1006
			1767	1007
			1768	1008
			1768	1009
			1768	1010
			1769	1011
			1769	1012
			1769	1013
			1770	1014
			1770	1015
			1771	1016
			1771	1017
			1771	1018
			1772	1019
			1772	1020
			1772	1021
			1773	1022
			1774	1023
			1774	1024
			1774	1025
			1775	1026
			1775	1027
			1776	1028
			1776	1029
			1777	1030
			1777	1031
			1777	1032
			1778	1033
			1778	1034
			1779	1034
			1779	1035
			1780	1036
			1780	1037
			1781	1038
			1781	1039
			1782	1040
			1783	1041
			1783	1042
			1784	1043
			1784	1044
			1785	1045
			1785	1046
			1786	1046
			1786	1047
			1787	1048
			1788	1049
			1788	1050
			1789	1051
			1789	1052
			1790	1053
			1791	1054
			1791	1055
			1792	1056
			1793	1057
			1793	1058
			1794	1059
			1795	1060
			1796	1061
			1797	1062
			1797	1063
			1798	1063
			1798	1064
			1799	1065
			1800	1066
			1800	1067
			1801	1068
			1802	1069
			1803	1070
			1804	1071
			1805	1072
			1805	1073
			1806	1074
			1807	1075
			1808	1076
			1809	1077
			1810	1078
			1810	1079
			1811	1080
			1812	1081
			1813	1082
			1814	1083
			1815	1084
			1816	1085
			1817	1086
			1818	1087
			1818	1088
			1819	1089
			1820	1090
			1821	1091
			1822	1092
			1823	1093
			1824	1094
			1825	1095
		</curvaD_espina_dorsal>
		<curvaI_espina_dorsal type=matrix rownames=FALSE colnames=FALSE nrow=419 ncol=2 as.numeric=TRUE >
			1692	753
			1692	754
			1692	755
			1692	756
			1693	757
			1693	758
			1693	759
			1693	760
			1694	761
			1694	762
			1694	763
			1694	764
			1695	765
			1695	766
			1695	767
			1695	768
			1696	769
			1696	770
			1696	771
			1696	772
			1697	773
			1697	774
			1697	775
			1697	776
			1698	776
			1698	777
			1698	778
			1698	779
			1699	780
			1699	781
			1699	782
			1699	783
			1700	784
			1700	785
			1700	786
			1700	787
			1701	788
			1701	789
			1701	790
			1702	791
			1702	792
			1702	793
			1702	794
			1703	795
			1703	796
			1703	797
			1704	798
			1704	799
			1704	800
			1704	801
			1705	802
			1705	803
			1705	804
			1706	805
			1706	806
			1706	807
			1707	808
			1707	809
			1707	810
			1707	811
			1708	811
			1708	812
			1708	813
			1708	814
			1709	815
			1709	816
			1709	817
			1709	818
			1710	819
			1710	820
			1711	821
			1711	822
			1711	823
			1711	824
			1712	825
			1712	826
			1712	827
			1713	828
			1713	829
			1713	830
			1713	831
			1714	831
			1714	832
			1714	833
			1714	834
			1715	835
			1715	836
			1715	837
			1716	838
			1716	839
			1716	840
			1716	841
			1716	842
			1717	842
			1717	843
			1717	844
			1717	845
			1717	846
			1717	847
			1718	848
			1718	849
			1718	850
			1718	851
			1718	852
			1718	853
			1719	854
			1719	855
			1719	856
			1719	857
			1719	858
			1719	859
			1720	860
			1720	861
			1720	862
			1720	863
			1720	864
			1720	865
			1720	866
			1721	867
			1721	868
			1721	869
			1721	870
			1721	871
			1721	872
			1721	873
			1722	874
			1722	875
			1722	876
			1722	877
			1722	878
			1722	879
			1722	880
			1722	881
			1722	882
			1723	882
			1723	883
			1723	884
			1723	885
			1723	886
			1723	887
			1723	888
			1723	889
			1723	890
			1724	891
			1724	892
			1724	893
			1724	894
			1724	895
			1724	896
			1724	897
			1724	898
			1724	899
			1724	900
			1725	901
			1725	902
			1725	903
			1725	904
			1725	905
			1725	906
			1725	907
			1725	908
			1725	909
			1725	910
			1725	911
			1725	912
			1726	913
			1726	914
			1726	915
			1726	916
			1726	917
			1726	918
			1726	919
			1726	920
			1726	921
			1726	922
			1726	923
			1726	924
			1726	925
			1726	926
			1726	927
			1726	928
			1726	929
			1726	930
			1727	931
			1727	932
			1727	933
			1727	934
			1727	935
			1727	936
			1727	937
			1727	938
			1727	939
			1727	940
			1727	941
			1727	942
			1727	943
			1727	944
			1727	945
			1727	946
			1727	947
			1726	948
			1725	949
			1724	950
			1723	950
			1722	951
			1721	952
			1720	953
			1719	953
			1718	954
			1717	954
			1716	954
			1716	955
			1715	955
			1714	955
			1713	956
			1712	956
			1711	957
			1710	957
			1709	958
			1708	958
			1707	958
			1706	958
			1705	959
			1704	959
			1703	959
			1702	959
			1701	960
			1700	960
			1699	960
			1698	960
			1697	960
			1696	960
			1696	961
			1695	961
			1694	961
			1693	961
			1692	961
			1691	961
			1690	961
			1689	961
			1688	961
			1687	961
			1686	961
			1685	961
			1684	961
			1683	961
			1682	961
			1681	961
			1680	961
			1679	961
			1678	961
			1677	961
			1676	961
			1675	961
			1674	961
			1673	960
			1672	960
			1671	960
			1670	960
			1669	960
			1668	960
			1667	960
			1666	959
			1665	959
			1664	959
			1663	959
			1662	959
			1661	959
			1660	958
			1659	958
			1658	958
			1657	958
			1656	958
			1655	957
			1654	957
			1653	957
			1652	957
			1651	956
			1650	956
			1649	956
			1648	956
			1647	955
			1646	955
			1645	955
			1644	955
			1643	954
			1642	954
			1641	954
			1640	953
			1639	953
			1638	953
			1637	953
			1636	952
			1635	952
			1634	952
			1633	951
			1632	951
			1631	951
			1630	950
			1629	950
			1628	950
			1627	949
			1626	949
			1625	949
			1624	948
			1623	948
			1622	948
			1621	947
			1620	947
			1619	946
			1618	946
			1617	946
			1616	945
			1615	945
			1614	944
			1613	944
			1612	943
			1611	943
			1610	943
			1609	942
			1608	942
			1607	941
			1606	941
			1605	941
			1604	942
			1603	942
			1602	942
			1601	942
			1600	943
			1599	943
			1598	943
			1597	943
			1596	944
			1595	944
			1594	944
			1593	945
			1592	945
			1591	945
			1590	945
			1589	946
			1588	946
			1587	946
			1586	947
			1585	947
			1584	947
			1583	948
			1582	948
			1581	948
			1580	949
			1579	949
			1578	949
			1578	950
			1577	950
			1576	950
			1575	951
			1574	951
			1573	951
			1572	951
			1572	952
			1571	952
			1570	952
			1569	953
			1568	953
			1567	954
			1566	954
			1565	955
			1564	955
			1563	955
			1562	956
			1561	956
			1560	957
			1559	957
			1558	958
			1557	958
			1556	959
			1555	959
			1554	960
			1553	960
			1552	961
			1551	961
			1550	962
			1549	962
			1548	963
			1547	964
			1546	964
			1545	965
			1544	965
			1543	966
			1542	967
			1541	967
			1540	968
			1539	968
			1539	969
			1538	969
			1537	970
			1536	970
			1536	971
			1535	971
			1534	972
			1533	973
			1532	973
			1531	974
			1530	975
			1529	976
			1528	977
			1527	978
			1526	979
			1525	979
			1524	980
			1523	981
			1523	982
			1522	983
			1521	983
			1520	984
			1519	985
			1519	986
			1518	987
			1517	988
			1516	989
		</curvaI_espina_dorsal>
	</curves.pixel>
	<curves.scaled type=list>
		<curvaD_espina_dorsal type=matrix rownames=FALSE colnames=FALSE nrow=350 ncol=2 as.numeric=TRUE >
			3.15662852014447	-1.40481162864585
			3.15849413983722	-1.40667724833861
			3.15849413983722	-1.40854286803137
			3.16035975952998	-1.41040848772412
			3.16035975952998	-1.41227410741688
			3.16222537922274	-1.41413972710964
			3.16222537922274	-1.41600534680239
			3.1640909989155	-1.41787096649515
			3.16595661860825	-1.41973658618791
			3.16595661860825	-1.42160220588066
			3.16782223830101	-1.42346782557342
			3.16782223830101	-1.42533344526618
			3.16968785799377	-1.42719906495894
			3.17155347768652	-1.42906468465169
			3.17155347768652	-1.43093030434445
			3.17341909737928	-1.43279592403721
			3.17341909737928	-1.43466154372996
			3.17528471707204	-1.43652716342272
			3.17528471707204	-1.43839278311548
			3.17715033676479	-1.44025840280823
			3.17901595645755	-1.44212402250099
			3.17901595645755	-1.44398964219375
			3.18088157615031	-1.4458552618865
			3.18088157615031	-1.44772088157926
			3.18088157615031	-1.44958650127202
			3.18274719584306	-1.45145212096477
			3.18461281553582	-1.45331774065753
			3.18461281553582	-1.45518336035029
			3.18647843522858	-1.45704898004304
			3.18647843522858	-1.4589145997358
			3.18834405492133	-1.46078021942856
			3.18834405492133	-1.46264583912131
			3.18834405492133	-1.46451145881407
			3.19020967461409	-1.46637707850683
			3.19207529430685	-1.46824269819958
			3.19207529430685	-1.47010831789234
			3.19207529430685	-1.4719739375851
			3.1939409139996	-1.47383955727785
			3.1939409139996	-1.47570517697061
			3.19580653369236	-1.47757079666337
			3.19580653369236	-1.47943641635612
			3.19767215338512	-1.48130203604888
			3.19767215338512	-1.48316765574164
			3.19953777307787	-1.4850332754344
			3.19953777307787	-1.48689889512715
			3.20140339277063	-1.48876451481991
			3.20140339277063	-1.49063013451267
			3.20326901246339	-1.49249575420542
			3.20326901246339	-1.49436137389818
			3.20326901246339	-1.49622699359094
			3.20513463215614	-1.49809261328369
			3.20513463215614	-1.49995823297645
			3.2070002518489	-1.50182385266921
			3.2070002518489	-1.50368947236196
			3.2070002518489	-1.50555509205472
			3.20886587154166	-1.50742071174748
			3.20886587154166	-1.50928633144023
			3.21073149123441	-1.51115195113299
			3.21073149123441	-1.51301757082575
			3.21073149123441	-1.5148831905185
			3.21259711092717	-1.51674881021126
			3.21259711092717	-1.51861442990402
			3.21446273061993	-1.52048004959677
			3.21446273061993	-1.52234566928953
			3.21632835031268	-1.52421128898229
			3.21632835031268	-1.52607690867504
			3.21632835031268	-1.5279425283678
			3.21819397000544	-1.52980814806056
			3.21819397000544	-1.53167376775331
			3.2200595896982	-1.53353938744607
			3.2200595896982	-1.53540500713883
			3.2200595896982	-1.53727062683158
			3.22192520939095	-1.53913624652434
			3.22192520939095	-1.5410018662171
			3.22192520939095	-1.54286748590986
			3.22379082908371	-1.54473310560261
			3.22379082908371	-1.54659872529537
			3.22565644877647	-1.54846434498813
			3.22565644877647	-1.55032996468088
			3.22565644877647	-1.55219558437364
			3.22752206846923	-1.5540612040664
			3.22752206846923	-1.55592682375915
			3.22938768816198	-1.55779244345191
			3.22938768816198	-1.55965806314467
			3.23125330785474	-1.56152368283742
			3.23125330785474	-1.56338930253018
			3.23125330785474	-1.56525492222294
			3.23125330785474	-1.56712054191569
			3.2331189275475	-1.56712054191569
			3.2331189275475	-1.56898616160845
			3.2331189275475	-1.57085178130121
			3.23498454724025	-1.57271740099396
			3.23498454724025	-1.57458302068672
			3.23498454724025	-1.57644864037948
			3.23685016693301	-1.57831426007223
			3.23685016693301	-1.58017987976499
			3.23871578662577	-1.58204549945775
			3.23871578662577	-1.5839111191505
			3.23871578662577	-1.58577673884326
			3.24058140631852	-1.58764235853602
			3.24058140631852	-1.58950797822877
			3.24058140631852	-1.59137359792153
			3.24244702601128	-1.59323921761429
			3.24244702601128	-1.59510483730704
			3.24244702601128	-1.5969704569998
			3.24431264570404	-1.59883607669256
			3.24431264570404	-1.60070169638532
			3.24431264570404	-1.60256731607807
			3.24617826539679	-1.60443293577083
			3.24617826539679	-1.60629855546359
			3.24617826539679	-1.60816417515634
			3.24804388508955	-1.6100297948491
			3.24804388508955	-1.61189541454186
			3.24804388508955	-1.61376103423461
			3.24990950478231	-1.61562665392737
			3.24990950478231	-1.61749227362013
			3.24990950478231	-1.61935789331288
			3.25177512447506	-1.62122351300564
			3.25177512447506	-1.6230891326984
			3.25177512447506	-1.62495475239115
			3.25364074416782	-1.62682037208391
			3.25364074416782	-1.62868599177667
			3.25364074416782	-1.63055161146942
			3.25550636386058	-1.63241723116218
			3.25550636386058	-1.63428285085494
			3.25550636386058	-1.63614847054769
			3.25737198355333	-1.63801409024045
			3.25737198355333	-1.63987970993321
			3.25737198355333	-1.64174532962596
			3.25923760324609	-1.64361094931872
			3.25923760324609	-1.64547656901148
			3.25923760324609	-1.64734218870423
			3.26110322293885	-1.64920780839699
			3.26110322293885	-1.65107342808975
			3.26110322293885	-1.6529390477825
			3.2629688426316	-1.65480466747526
			3.2629688426316	-1.65667028716802
			3.2629688426316	-1.65853590686078
			3.2629688426316	-1.66040152655353
			3.26483446232436	-1.66040152655353
			3.26483446232436	-1.66226714624629
			3.26483446232436	-1.66413276593905
			3.26483446232436	-1.6659983856318
			3.26670008201712	-1.66786400532456
			3.26670008201712	-1.66972962501732
			3.26670008201712	-1.67159524471007
			3.26856570170987	-1.67346086440283
			3.26856570170987	-1.67532648409559
			3.26856570170987	-1.67719210378834
			3.27043132140263	-1.6790577234811
			3.27043132140263	-1.68092334317386
			3.27043132140263	-1.68278896286661
			3.27043132140263	-1.68465458255937
			3.27229694109539	-1.68652020225213
			3.27229694109539	-1.68838582194488
			3.27229694109539	-1.69025144163764
			3.27416256078814	-1.6921170613304
			3.27416256078814	-1.69398268102315
			3.27416256078814	-1.69584830071591
			3.27416256078814	-1.69771392040867
			3.2760281804809	-1.69957954010142
			3.2760281804809	-1.70144515979418
			3.2760281804809	-1.70331077948694
			3.2760281804809	-1.70517639917969
			3.27789380017366	-1.70704201887245
			3.27789380017366	-1.70890763856521
			3.27789380017366	-1.71077325825797
			3.27975941986642	-1.71263887795072
			3.27975941986642	-1.71450449764348
			3.27975941986642	-1.71637011733624
			3.27975941986642	-1.71823573702899
			3.28162503955917	-1.72010135672175
			3.28162503955917	-1.72196697641451
			3.28162503955917	-1.72383259610726
			3.28162503955917	-1.72569821580002
			3.28349065925193	-1.72756383549278
			3.28349065925193	-1.72942945518553
			3.28349065925193	-1.73129507487829
			3.28535627894469	-1.73316069457105
			3.28535627894469	-1.7350263142638
			3.28535627894469	-1.73689193395656
			3.28535627894469	-1.73875755364932
			3.28722189863744	-1.74062317334207
			3.28722189863744	-1.74248879303483
			3.28722189863744	-1.74435441272759
			3.28722189863744	-1.74622003242034
			3.2890875183302	-1.7480856521131
			3.2890875183302	-1.74995127180586
			3.2890875183302	-1.75181689149861
			3.2890875183302	-1.75368251119137
			3.29095313802296	-1.75554813088413
			3.29095313802296	-1.75741375057688
			3.29095313802296	-1.75927937026964
			3.29281875771571	-1.7611449899624
			3.29281875771571	-1.76301060965515
			3.29281875771571	-1.76487622934791
			3.29281875771571	-1.76674184904067
			3.29468437740847	-1.76860746873343
			3.29468437740847	-1.77047308842618
			3.29468437740847	-1.77233870811894
			3.29468437740847	-1.7742043278117
			3.29468437740847	-1.77606994750445
			3.29281875771571	-1.77606994750445
			3.29281875771571	-1.77793556719721
			3.29281875771571	-1.77980118688997
			3.29281875771571	-1.78166680658272
			3.29281875771571	-1.78353242627548
			3.29095313802296	-1.78539804596824
			3.29095313802296	-1.78726366566099
			3.29095313802296	-1.78912928535375
			3.29095313802296	-1.79099490504651
			3.29095313802296	-1.79286052473926
			3.29095313802296	-1.79472614443202
			3.2890875183302	-1.79659176412478
			3.2890875183302	-1.79845738381753
			3.2890875183302	-1.80032300351029
			3.2890875183302	-1.80218862320305
			3.2890875183302	-1.8040542428958
			3.2890875183302	-1.80591986258856
			3.2890875183302	-1.80778548228132
			3.2890875183302	-1.80965110197407
			3.2890875183302	-1.81151672166683
			3.2890875183302	-1.81338234135959
			3.2890875183302	-1.81524796105234
			3.2890875183302	-1.8171135807451
			3.2890875183302	-1.81897920043786
			3.2890875183302	-1.82084482013062
			3.2890875183302	-1.82271043982337
			3.2890875183302	-1.82457605951613
			3.2890875183302	-1.82644167920889
			3.2890875183302	-1.82830729890164
			3.2890875183302	-1.8301729185944
			3.2890875183302	-1.83203853828716
			3.2890875183302	-1.83390415797991
			3.2890875183302	-1.83576977767267
			3.2890875183302	-1.83763539736543
			3.2890875183302	-1.83950101705818
			3.2890875183302	-1.84136663675094
			3.2890875183302	-1.8432322564437
			3.2890875183302	-1.84509787613645
			3.29095313802296	-1.84696349582921
			3.29095313802296	-1.84882911552197
			3.29095313802296	-1.85069473521472
			3.29095313802296	-1.85256035490748
			3.29095313802296	-1.85442597460024
			3.29281875771571	-1.85629159429299
			3.29281875771571	-1.85815721398575
			3.29281875771571	-1.86002283367851
			3.29281875771571	-1.86188845337126
			3.29281875771571	-1.86375407306402
			3.29468437740847	-1.86561969275678
			3.29468437740847	-1.86748531244953
			3.29468437740847	-1.86935093214229
			3.29468437740847	-1.87121655183505
			3.29468437740847	-1.8730821715278
			3.29654999710123	-1.8730821715278
			3.29654999710123	-1.87494779122056
			3.29654999710123	-1.87681341091332
			3.29654999710123	-1.87867903060608
			3.29841561679398	-1.88054465029883
			3.29841561679398	-1.88241026999159
			3.29841561679398	-1.88427588968435
			3.30028123648674	-1.8861415093771
			3.30028123648674	-1.88800712906986
			3.30028123648674	-1.88987274876262
			3.3021468561795	-1.89173836845537
			3.3021468561795	-1.89360398814813
			3.30401247587225	-1.89546960784089
			3.30401247587225	-1.89733522753364
			3.30401247587225	-1.8992008472264
			3.30587809556501	-1.90106646691916
			3.30587809556501	-1.90293208661191
			3.30587809556501	-1.90479770630467
			3.30774371525777	-1.90666332599743
			3.30960933495052	-1.90852894569018
			3.30960933495052	-1.91039456538294
			3.30960933495052	-1.9122601850757
			3.31147495464328	-1.91412580476845
			3.31147495464328	-1.91599142446121
			3.31334057433604	-1.91785704415397
			3.31334057433604	-1.91972266384672
			3.31520619402879	-1.92158828353948
			3.31520619402879	-1.92345390323224
			3.31520619402879	-1.92531952292499
			3.31707181372155	-1.92718514261775
			3.31707181372155	-1.92905076231051
			3.31893743341431	-1.92905076231051
			3.31893743341431	-1.93091638200326
			3.32080305310706	-1.93278200169602
			3.32080305310706	-1.93464762138878
			3.32266867279982	-1.93651324108154
			3.32266867279982	-1.93837886077429
			3.32453429249258	-1.94024448046705
			3.32639991218533	-1.94211010015981
			3.32639991218533	-1.94397571985256
			3.32826553187809	-1.94584133954532
			3.32826553187809	-1.94770695923808
			3.33013115157085	-1.94957257893083
			3.33013115157085	-1.95143819862359
			3.33199677126361	-1.95143819862359
			3.33199677126361	-1.95330381831635
			3.33386239095636	-1.9551694380091
			3.33572801064912	-1.95703505770186
			3.33572801064912	-1.95890067739462
			3.33759363034188	-1.96076629708737
			3.33759363034188	-1.96263191678013
			3.33945925003463	-1.96449753647289
			3.34132486972739	-1.96636315616564
			3.34132486972739	-1.9682287758584
			3.34319048942015	-1.97009439555116
			3.3450561091129	-1.97196001524391
			3.3450561091129	-1.97382563493667
			3.34692172880566	-1.97569125462943
			3.34878734849842	-1.97755687432218
			3.35065296819117	-1.97942249401494
			3.35251858788393	-1.9812881137077
			3.35251858788393	-1.98315373340045
			3.35438420757669	-1.98315373340045
			3.35438420757669	-1.98501935309321
			3.35624982726944	-1.98688497278597
			3.3581154469622	-1.98875059247872
			3.3581154469622	-1.99061621217148
			3.35998106665496	-1.99248183186424
			3.36184668634771	-1.994347451557
			3.36371230604047	-1.99621307124975
			3.36557792573323	-1.99807869094251
			3.36744354542598	-1.99994431063527
			3.36744354542598	-2.00180993032802
			3.36930916511874	-2.00367555002078
			3.3711747848115	-2.00554116971354
			3.37304040450425	-2.00740678940629
			3.37490602419701	-2.00927240909905
			3.37677164388977	-2.01113802879181
			3.37677164388977	-2.01300364848456
			3.37863726358252	-2.01486926817732
			3.38050288327528	-2.01673488787008
			3.38236850296804	-2.01860050756283
			3.38423412266079	-2.02046612725559
			3.38609974235355	-2.02233174694835
			3.38796536204631	-2.0241973666411
			3.38983098173907	-2.02606298633386
			3.39169660143182	-2.02792860602662
			3.39169660143182	-2.02979422571937
			3.39356222112458	-2.03165984541213
			3.39542784081734	-2.03352546510489
			3.39729346051009	-2.03539108479764
			3.39915908020285	-2.0372567044904
			3.40102469989561	-2.03912232418316
			3.40289031958836	-2.04098794387591
			3.40475593928112	-2.04285356356867
		</curvaD_espina_dorsal>
		<curvaI_espina_dorsal type=matrix rownames=FALSE colnames=FALSE nrow=419 ncol=2 as.numeric=TRUE >
			3.15662852014447	-1.40481162864585
			3.15662852014447	-1.40667724833861
			3.15662852014447	-1.40854286803137
			3.15662852014447	-1.41040848772412
			3.15849413983722	-1.41227410741688
			3.15849413983722	-1.41413972710964
			3.15849413983722	-1.41600534680239
			3.15849413983722	-1.41787096649515
			3.16035975952998	-1.41973658618791
			3.16035975952998	-1.42160220588066
			3.16035975952998	-1.42346782557342
			3.16035975952998	-1.42533344526618
			3.16222537922274	-1.42719906495894
			3.16222537922274	-1.42906468465169
			3.16222537922274	-1.43093030434445
			3.16222537922274	-1.43279592403721
			3.1640909989155	-1.43466154372996
			3.1640909989155	-1.43652716342272
			3.1640909989155	-1.43839278311548
			3.1640909989155	-1.44025840280823
			3.16595661860825	-1.44212402250099
			3.16595661860825	-1.44398964219375
			3.16595661860825	-1.4458552618865
			3.16595661860825	-1.44772088157926
			3.16782223830101	-1.44772088157926
			3.16782223830101	-1.44958650127202
			3.16782223830101	-1.45145212096477
			3.16782223830101	-1.45331774065753
			3.16968785799377	-1.45518336035029
			3.16968785799377	-1.45704898004304
			3.16968785799377	-1.4589145997358
			3.16968785799377	-1.46078021942856
			3.17155347768652	-1.46264583912131
			3.17155347768652	-1.46451145881407
			3.17155347768652	-1.46637707850683
			3.17155347768652	-1.46824269819958
			3.17341909737928	-1.47010831789234
			3.17341909737928	-1.4719739375851
			3.17341909737928	-1.47383955727785
			3.17528471707204	-1.47570517697061
			3.17528471707204	-1.47757079666337
			3.17528471707204	-1.47943641635612
			3.17528471707204	-1.48130203604888
			3.17715033676479	-1.48316765574164
			3.17715033676479	-1.4850332754344
			3.17715033676479	-1.48689889512715
			3.17901595645755	-1.48876451481991
			3.17901595645755	-1.49063013451267
			3.17901595645755	-1.49249575420542
			3.17901595645755	-1.49436137389818
			3.18088157615031	-1.49622699359094
			3.18088157615031	-1.49809261328369
			3.18088157615031	-1.49995823297645
			3.18274719584306	-1.50182385266921
			3.18274719584306	-1.50368947236196
			3.18274719584306	-1.50555509205472
			3.18461281553582	-1.50742071174748
			3.18461281553582	-1.50928633144023
			3.18461281553582	-1.51115195113299
			3.18461281553582	-1.51301757082575
			3.18647843522858	-1.51301757082575
			3.18647843522858	-1.5148831905185
			3.18647843522858	-1.51674881021126
			3.18647843522858	-1.51861442990402
			3.18834405492133	-1.52048004959677
			3.18834405492133	-1.52234566928953
			3.18834405492133	-1.52421128898229
			3.18834405492133	-1.52607690867504
			3.19020967461409	-1.5279425283678
			3.19020967461409	-1.52980814806056
			3.19207529430685	-1.53167376775331
			3.19207529430685	-1.53353938744607
			3.19207529430685	-1.53540500713883
			3.19207529430685	-1.53727062683158
			3.1939409139996	-1.53913624652434
			3.1939409139996	-1.5410018662171
			3.1939409139996	-1.54286748590986
			3.19580653369236	-1.54473310560261
			3.19580653369236	-1.54659872529537
			3.19580653369236	-1.54846434498813
			3.19580653369236	-1.55032996468088
			3.19767215338512	-1.55032996468088
			3.19767215338512	-1.55219558437364
			3.19767215338512	-1.5540612040664
			3.19767215338512	-1.55592682375915
			3.19953777307787	-1.55779244345191
			3.19953777307787	-1.55965806314467
			3.19953777307787	-1.56152368283742
			3.20140339277063	-1.56338930253018
			3.20140339277063	-1.56525492222294
			3.20140339277063	-1.56712054191569
			3.20140339277063	-1.56898616160845
			3.20140339277063	-1.57085178130121
			3.20326901246339	-1.57085178130121
			3.20326901246339	-1.57271740099396
			3.20326901246339	-1.57458302068672
			3.20326901246339	-1.57644864037948
			3.20326901246339	-1.57831426007223
			3.20326901246339	-1.58017987976499
			3.20513463215614	-1.58204549945775
			3.20513463215614	-1.5839111191505
			3.20513463215614	-1.58577673884326
			3.20513463215614	-1.58764235853602
			3.20513463215614	-1.58950797822877
			3.20513463215614	-1.59137359792153
			3.2070002518489	-1.59323921761429
			3.2070002518489	-1.59510483730704
			3.2070002518489	-1.5969704569998
			3.2070002518489	-1.59883607669256
			3.2070002518489	-1.60070169638532
			3.2070002518489	-1.60256731607807
			3.20886587154166	-1.60443293577083
			3.20886587154166	-1.60629855546359
			3.20886587154166	-1.60816417515634
			3.20886587154166	-1.6100297948491
			3.20886587154166	-1.61189541454186
			3.20886587154166	-1.61376103423461
			3.20886587154166	-1.61562665392737
			3.21073149123441	-1.61749227362013
			3.21073149123441	-1.61935789331288
			3.21073149123441	-1.62122351300564
			3.21073149123441	-1.6230891326984
			3.21073149123441	-1.62495475239115
			3.21073149123441	-1.62682037208391
			3.21073149123441	-1.62868599177667
			3.21259711092717	-1.63055161146942
			3.21259711092717	-1.63241723116218
			3.21259711092717	-1.63428285085494
			3.21259711092717	-1.63614847054769
			3.21259711092717	-1.63801409024045
			3.21259711092717	-1.63987970993321
			3.21259711092717	-1.64174532962596
			3.21259711092717	-1.64361094931872
			3.21259711092717	-1.64547656901148
			3.21446273061993	-1.64547656901148
			3.21446273061993	-1.64734218870423
			3.21446273061993	-1.64920780839699
			3.21446273061993	-1.65107342808975
			3.21446273061993	-1.6529390477825
			3.21446273061993	-1.65480466747526
			3.21446273061993	-1.65667028716802
			3.21446273061993	-1.65853590686078
			3.21446273061993	-1.66040152655353
			3.21632835031268	-1.66226714624629
			3.21632835031268	-1.66413276593905
			3.21632835031268	-1.6659983856318
			3.21632835031268	-1.66786400532456
			3.21632835031268	-1.66972962501732
			3.21632835031268	-1.67159524471007
			3.21632835031268	-1.67346086440283
			3.21632835031268	-1.67532648409559
			3.21632835031268	-1.67719210378834
			3.21632835031268	-1.6790577234811
			3.21819397000544	-1.68092334317386
			3.21819397000544	-1.68278896286661
			3.21819397000544	-1.68465458255937
			3.21819397000544	-1.68652020225213
			3.21819397000544	-1.68838582194488
			3.21819397000544	-1.69025144163764
			3.21819397000544	-1.6921170613304
			3.21819397000544	-1.69398268102315
			3.21819397000544	-1.69584830071591
			3.21819397000544	-1.69771392040867
			3.21819397000544	-1.69957954010142
			3.21819397000544	-1.70144515979418
			3.2200595896982	-1.70331077948694
			3.2200595896982	-1.70517639917969
			3.2200595896982	-1.70704201887245
			3.2200595896982	-1.70890763856521
			3.2200595896982	-1.71077325825797
			3.2200595896982	-1.71263887795072
			3.2200595896982	-1.71450449764348
			3.2200595896982	-1.71637011733624
			3.2200595896982	-1.71823573702899
			3.2200595896982	-1.72010135672175
			3.2200595896982	-1.72196697641451
			3.2200595896982	-1.72383259610726
			3.2200595896982	-1.72569821580002
			3.2200595896982	-1.72756383549278
			3.2200595896982	-1.72942945518553
			3.2200595896982	-1.73129507487829
			3.2200595896982	-1.73316069457105
			3.2200595896982	-1.7350263142638
			3.22192520939095	-1.73689193395656
			3.22192520939095	-1.73875755364932
			3.22192520939095	-1.74062317334207
			3.22192520939095	-1.74248879303483
			3.22192520939095	-1.74435441272759
			3.22192520939095	-1.74622003242034
			3.22192520939095	-1.7480856521131
			3.22192520939095	-1.74995127180586
			3.22192520939095	-1.75181689149861
			3.22192520939095	-1.75368251119137
			3.22192520939095	-1.75554813088413
			3.22192520939095	-1.75741375057688
			3.22192520939095	-1.75927937026964
			3.22192520939095	-1.7611449899624
			3.22192520939095	-1.76301060965515
			3.22192520939095	-1.76487622934791
			3.22192520939095	-1.76674184904067
			3.2200595896982	-1.76860746873343
			3.21819397000544	-1.77047308842618
			3.21632835031268	-1.77233870811894
			3.21446273061993	-1.77233870811894
			3.21259711092717	-1.7742043278117
			3.21073149123441	-1.77606994750445
			3.20886587154166	-1.77793556719721
			3.2070002518489	-1.77793556719721
			3.20513463215614	-1.77980118688997
			3.20326901246339	-1.77980118688997
			3.20140339277063	-1.77980118688997
			3.20140339277063	-1.78166680658272
			3.19953777307787	-1.78166680658272
			3.19767215338512	-1.78166680658272
			3.19580653369236	-1.78353242627548
			3.1939409139996	-1.78353242627548
			3.19207529430685	-1.78539804596824
			3.19020967461409	-1.78539804596824
			3.18834405492133	-1.78726366566099
			3.18647843522858	-1.78726366566099
			3.18461281553582	-1.78726366566099
			3.18274719584306	-1.78726366566099
			3.18088157615031	-1.78912928535375
			3.17901595645755	-1.78912928535375
			3.17715033676479	-1.78912928535375
			3.17528471707204	-1.78912928535375
			3.17341909737928	-1.79099490504651
			3.17155347768652	-1.79099490504651
			3.16968785799377	-1.79099490504651
			3.16782223830101	-1.79099490504651
			3.16595661860825	-1.79099490504651
			3.1640909989155	-1.79099490504651
			3.1640909989155	-1.79286052473926
			3.16222537922274	-1.79286052473926
			3.16035975952998	-1.79286052473926
			3.15849413983722	-1.79286052473926
			3.15662852014447	-1.79286052473926
			3.15476290045171	-1.79286052473926
			3.15289728075895	-1.79286052473926
			3.1510316610662	-1.79286052473926
			3.14916604137344	-1.79286052473926
			3.14730042168068	-1.79286052473926
			3.14543480198793	-1.79286052473926
			3.14356918229517	-1.79286052473926
			3.14170356260241	-1.79286052473926
			3.13983794290966	-1.79286052473926
			3.1379723232169	-1.79286052473926
			3.13610670352414	-1.79286052473926
			3.13424108383139	-1.79286052473926
			3.13237546413863	-1.79286052473926
			3.13050984444587	-1.79286052473926
			3.12864422475312	-1.79286052473926
			3.12677860506036	-1.79286052473926
			3.1249129853676	-1.79286052473926
			3.12304736567485	-1.79286052473926
			3.12118174598209	-1.79099490504651
			3.11931612628933	-1.79099490504651
			3.11745050659658	-1.79099490504651
			3.11558488690382	-1.79099490504651
			3.11371926721106	-1.79099490504651
			3.11185364751831	-1.79099490504651
			3.10998802782555	-1.79099490504651
			3.10812240813279	-1.78912928535375
			3.10625678844003	-1.78912928535375
			3.10439116874728	-1.78912928535375
			3.10252554905452	-1.78912928535375
			3.10065992936176	-1.78912928535375
			3.09879430966901	-1.78912928535375
			3.09692868997625	-1.78726366566099
			3.09506307028349	-1.78726366566099
			3.09319745059074	-1.78726366566099
			3.09133183089798	-1.78726366566099
			3.08946621120522	-1.78726366566099
			3.08760059151247	-1.78539804596824
			3.08573497181971	-1.78539804596824
			3.08386935212695	-1.78539804596824
			3.0820037324342	-1.78539804596824
			3.08013811274144	-1.78353242627548
			3.07827249304868	-1.78353242627548
			3.07640687335593	-1.78353242627548
			3.07454125366317	-1.78353242627548
			3.07267563397041	-1.78166680658272
			3.07081001427766	-1.78166680658272
			3.0689443945849	-1.78166680658272
			3.06707877489214	-1.78166680658272
			3.06521315519939	-1.77980118688997
			3.06334753550663	-1.77980118688997
			3.06148191581387	-1.77980118688997
			3.05961629612112	-1.77793556719721
			3.05775067642836	-1.77793556719721
			3.0558850567356	-1.77793556719721
			3.05401943704285	-1.77793556719721
			3.05215381735009	-1.77606994750445
			3.05028819765733	-1.77606994750445
			3.04842257796457	-1.77606994750445
			3.04655695827182	-1.7742043278117
			3.04469133857906	-1.7742043278117
			3.0428257188863	-1.7742043278117
			3.04096009919355	-1.77233870811894
			3.03909447950079	-1.77233870811894
			3.03722885980803	-1.77233870811894
			3.03536324011528	-1.77047308842618
			3.03349762042252	-1.77047308842618
			3.03163200072976	-1.77047308842618
			3.02976638103701	-1.76860746873343
			3.02790076134425	-1.76860746873343
			3.02603514165149	-1.76860746873343
			3.02416952195874	-1.76674184904067
			3.02230390226598	-1.76674184904067
			3.02043828257322	-1.76487622934791
			3.01857266288047	-1.76487622934791
			3.01670704318771	-1.76487622934791
			3.01484142349495	-1.76301060965515
			3.0129758038022	-1.76301060965515
			3.01111018410944	-1.7611449899624
			3.00924456441668	-1.7611449899624
			3.00737894472393	-1.75927937026964
			3.00551332503117	-1.75927937026964
			3.00364770533841	-1.75927937026964
			3.00178208564566	-1.75741375057688
			2.9999164659529	-1.75741375057688
			2.99805084626014	-1.75554813088413
			2.99618522656738	-1.75554813088413
			2.99431960687463	-1.75554813088413
			2.99245398718187	-1.75741375057688
			2.99058836748911	-1.75741375057688
			2.98872274779636	-1.75741375057688
			2.9868571281036	-1.75741375057688
			2.98499150841084	-1.75927937026964
			2.98312588871809	-1.75927937026964
			2.98126026902533	-1.75927937026964
			2.97939464933257	-1.75927937026964
			2.97752902963982	-1.7611449899624
			2.97566340994706	-1.7611449899624
			2.9737977902543	-1.7611449899624
			2.97193217056155	-1.76301060965515
			2.97006655086879	-1.76301060965515
			2.96820093117603	-1.76301060965515
			2.96633531148328	-1.76301060965515
			2.96446969179052	-1.76487622934791
			2.96260407209776	-1.76487622934791
			2.96073845240501	-1.76487622934791
			2.95887283271225	-1.76674184904067
			2.95700721301949	-1.76674184904067
			2.95514159332674	-1.76674184904067
			2.95327597363398	-1.76860746873343
			2.95141035394122	-1.76860746873343
			2.94954473424847	-1.76860746873343
			2.94767911455571	-1.77047308842618
			2.94581349486295	-1.77047308842618
			2.9439478751702	-1.77047308842618
			2.9439478751702	-1.77233870811894
			2.94208225547744	-1.77233870811894
			2.94021663578468	-1.77233870811894
			2.93835101609193	-1.7742043278117
			2.93648539639917	-1.7742043278117
			2.93461977670641	-1.7742043278117
			2.93275415701365	-1.7742043278117
			2.93275415701365	-1.77606994750445
			2.9308885373209	-1.77606994750445
			2.92902291762814	-1.77606994750445
			2.92715729793538	-1.77793556719721
			2.92529167824263	-1.77793556719721
			2.92342605854987	-1.77980118688997
			2.92156043885711	-1.77980118688997
			2.91969481916436	-1.78166680658272
			2.9178291994716	-1.78166680658272
			2.91596357977884	-1.78166680658272
			2.91409796008609	-1.78353242627548
			2.91223234039333	-1.78353242627548
			2.91036672070057	-1.78539804596824
			2.90850110100782	-1.78539804596824
			2.90663548131506	-1.78726366566099
			2.9047698616223	-1.78726366566099
			2.90290424192955	-1.78912928535375
			2.90103862223679	-1.78912928535375
			2.89917300254403	-1.79099490504651
			2.89730738285128	-1.79099490504651
			2.89544176315852	-1.79286052473926
			2.89357614346576	-1.79286052473926
			2.89171052377301	-1.79472614443202
			2.88984490408025	-1.79472614443202
			2.88797928438749	-1.79659176412478
			2.88611366469474	-1.79845738381753
			2.88424804500198	-1.79845738381753
			2.88238242530922	-1.80032300351029
			2.88051680561646	-1.80032300351029
			2.87865118592371	-1.80218862320305
			2.87678556623095	-1.8040542428958
			2.87491994653819	-1.8040542428958
			2.87305432684544	-1.80591986258856
			2.87118870715268	-1.80591986258856
			2.87118870715268	-1.80778548228132
			2.86932308745992	-1.80778548228132
			2.86745746776717	-1.80965110197407
			2.86559184807441	-1.80965110197407
			2.86559184807441	-1.81151672166683
			2.86372622838165	-1.81151672166683
			2.8618606086889	-1.81338234135959
			2.85999498899614	-1.81524796105234
			2.85812936930338	-1.81524796105234
			2.85626374961063	-1.8171135807451
			2.85439812991787	-1.81897920043786
			2.85253251022511	-1.82084482013062
			2.85066689053236	-1.82271043982337
			2.8488012708396	-1.82457605951613
			2.84693565114684	-1.82644167920889
			2.84507003145409	-1.82644167920889
			2.84320441176133	-1.82830729890164
			2.84133879206857	-1.8301729185944
			2.84133879206857	-1.83203853828716
			2.83947317237582	-1.83390415797991
			2.83760755268306	-1.83390415797991
			2.8357419329903	-1.83576977767267
			2.83387631329755	-1.83763539736543
			2.83387631329755	-1.83950101705818
			2.83201069360479	-1.84136663675094
			2.83014507391203	-1.8432322564437
			2.82827945421927	-1.84509787613645
		</curvaI_espina_dorsal>
	</curves.scaled>
	<ruler.points type=matrix rownames=TRUE colnames=FALSE nrow=2 ncol=2 as.numeric=TRUE >
		Ruler point 1	1519	537
		Ruler point 2	2055	533
	</ruler.points>
</shapes>

