<shapes type=list>
	<ruler.pixel type=vector names=FALSE length=1 as.numeric=TRUE >539.000927642987</ruler.pixel>
	<ruler.interval type=vector names=FALSE length=1 as.numeric=TRUE >1</ruler.interval>
	<scaling.units type=vector names=FALSE length=1 as.numeric=FALSE >mm</scaling.units>
	<scaling type=vector names=FALSE length=1 as.numeric=TRUE >0.00185873284861451</scaling>
	<landmarks.pixel type=matrix rownames=TRUE colnames=FALSE nrow=7 ncol=2 as.numeric=TRUE >
		punta_espina_dorsal	1562	874
		esq_izq_caparaza	1374	1060
		superior_ojo	1568	1276
		inferior_ojo	1577	1440
		derecha_ojo	1642	1369
		izquierda_ojo	1512	1347
		organo_dorsal	1665	1216
	</landmarks.pixel>
	<landmarks.scaled type=matrix rownames=TRUE colnames=FALSE nrow=7 ncol=2 as.numeric=TRUE >
		punta_espina_dorsal	2.90334070953587	-1.62453250968908
		esq_izq_caparaza	2.55389893399634	-1.97025681953138
		superior_ojo	2.91449310662755	-2.37174311483212
		inferior_ojo	2.93122170226508	-2.6765753020049
		derecha_ojo	3.05203933742503	-2.54460526975326
		izquierda_ojo	2.81040406710514	-2.50371314708375
		organo_dorsal	3.09479019294316	-2.26021914391524
	</landmarks.scaled>
	<curves.control type=list>
		<curvaD_espina_dorsal type=matrix rownames=FALSE colnames=FALSE nrow=7 ncol=2 as.numeric=TRUE >
			1562	874
			1583	919
			1593	961
			1610	1039
			1612	1075
			1587	1123
			1665	1216
		</curvaD_espina_dorsal>
		<curvaI_espina_dorsal type=matrix rownames=FALSE colnames=FALSE nrow=9 ncol=2 as.numeric=TRUE >
			1562	874
			1575	938
			1577	966
			1588	1048
			1572	1078
			1518	1096
			1465	1051
			1415	1044
			1374	1060
		</curvaI_espina_dorsal>
	</curves.control>
	<curves.pixel type=list>
		<curvaD_espina_dorsal type=matrix rownames=FALSE colnames=FALSE nrow=359 ncol=2 as.numeric=TRUE >
			1562	874
			1562	875
			1563	875
			1563	876
			1563	877
			1564	878
			1564	879
			1565	880
			1565	881
			1566	882
			1566	883
			1566	884
			1567	884
			1567	885
			1568	886
			1568	887
			1568	888
			1569	889
			1569	890
			1569	891
			1570	891
			1570	892
			1570	893
			1571	894
			1571	895
			1572	896
			1572	897
			1572	898
			1573	898
			1573	899
			1573	900
			1574	901
			1574	902
			1574	903
			1575	904
			1575	905
			1576	906
			1576	907
			1577	908
			1577	909
			1577	910
			1578	911
			1578	912
			1578	913
			1579	914
			1579	915
			1580	916
			1580	917
			1580	918
			1580	919
			1581	919
			1581	920
			1581	921
			1581	922
			1582	922
			1582	923
			1582	924
			1582	925
			1583	925
			1583	926
			1583	927
			1584	928
			1584	929
			1584	930
			1585	931
			1585	932
			1585	933
			1586	934
			1586	935
			1586	936
			1587	937
			1587	938
			1587	939
			1587	940
			1588	941
			1588	942
			1588	943
			1589	944
			1589	945
			1589	946
			1589	947
			1590	948
			1590	949
			1590	950
			1590	951
			1591	952
			1591	953
			1591	954
			1592	955
			1592	956
			1592	957
			1592	958
			1593	959
			1593	960
			1593	961
			1593	962
			1593	963
			1594	964
			1594	965
			1594	966
			1594	967
			1595	968
			1595	969
			1595	970
			1595	971
			1595	972
			1596	973
			1596	974
			1596	975
			1596	976
			1596	977
			1597	978
			1597	979
			1597	980
			1597	981
			1597	982
			1598	983
			1598	984
			1598	985
			1598	986
			1598	987
			1599	988
			1599	989
			1599	990
			1599	991
			1599	992
			1600	992
			1600	993
			1600	994
			1600	995
			1600	996
			1601	997
			1601	998
			1601	999
			1601	1000
			1601	1001
			1601	1002
			1602	1003
			1602	1004
			1602	1005
			1602	1006
			1602	1007
			1603	1008
			1603	1009
			1603	1010
			1603	1011
			1603	1012
			1604	1013
			1604	1014
			1604	1015
			1604	1016
			1604	1017
			1604	1018
			1605	1019
			1605	1020
			1605	1021
			1605	1022
			1605	1023
			1606	1024
			1606	1025
			1606	1026
			1606	1027
			1606	1028
			1606	1029
			1607	1030
			1607	1031
			1607	1032
			1607	1033
			1607	1034
			1607	1035
			1607	1036
			1608	1037
			1608	1038
			1608	1039
			1608	1040
			1608	1041
			1608	1042
			1609	1043
			1609	1044
			1609	1045
			1609	1046
			1609	1047
			1609	1048
			1609	1049
			1609	1050
			1610	1050
			1610	1051
			1610	1052
			1610	1053
			1610	1054
			1610	1055
			1610	1056
			1610	1057
			1610	1058
			1611	1058
			1611	1059
			1611	1060
			1611	1061
			1611	1062
			1611	1063
			1611	1064
			1611	1065
			1611	1066
			1611	1067
			1611	1068
			1612	1069
			1612	1070
			1612	1071
			1612	1072
			1612	1073
			1612	1074
			1612	1075
			1611	1076
			1611	1077
			1610	1078
			1610	1079
			1610	1080
			1609	1081
			1609	1082
			1609	1083
			1608	1084
			1608	1085
			1608	1086
			1608	1087
			1607	1088
			1607	1089
			1607	1090
			1607	1091
			1607	1092
			1606	1093
			1606	1094
			1606	1095
			1606	1096
			1606	1097
			1606	1098
			1606	1099
			1606	1100
			1606	1101
			1606	1102
			1606	1103
			1606	1104
			1606	1105
			1606	1106
			1606	1107
			1606	1108
			1606	1109
			1607	1110
			1607	1111
			1607	1112
			1607	1113
			1607	1114
			1607	1115
			1608	1116
			1608	1117
			1608	1118
			1608	1119
			1608	1120
			1609	1121
			1609	1122
			1609	1123
			1609	1124
			1610	1125
			1610	1126
			1610	1127
			1611	1128
			1611	1129
			1611	1130
			1612	1131
			1612	1132
			1612	1133
			1613	1134
			1613	1135
			1613	1136
			1614	1137
			1614	1138
			1615	1139
			1615	1140
			1615	1141
			1616	1142
			1616	1143
			1617	1144
			1617	1145
			1618	1146
			1618	1147
			1619	1148
			1619	1149
			1620	1150
			1620	1151
			1621	1152
			1621	1153
			1622	1154
			1622	1155
			1623	1156
			1623	1157
			1624	1158
			1625	1159
			1625	1160
			1626	1161
			1626	1162
			1627	1163
			1627	1164
			1628	1164
			1628	1165
			1628	1166
			1629	1166
			1629	1167
			1630	1168
			1630	1169
			1631	1170
			1632	1171
			1632	1172
			1633	1173
			1633	1174
			1634	1174
			1634	1175
			1635	1176
			1635	1177
			1636	1178
			1637	1179
			1638	1180
			1638	1181
			1639	1182
			1640	1183
			1640	1184
			1641	1185
			1642	1186
			1643	1187
			1643	1188
			1644	1189
			1645	1190
			1645	1191
			1646	1192
			1647	1193
			1648	1194
			1649	1195
			1649	1196
			1650	1197
			1651	1198
			1652	1199
			1652	1200
			1653	1201
			1654	1202
			1655	1203
			1655	1204
			1656	1205
			1656	1206
			1657	1206
			1658	1207
			1658	1208
			1659	1209
			1660	1209
			1660	1210
			1661	1211
			1661	1212
			1662	1212
			1663	1213
			1663	1214
			1664	1215
			1665	1216
		</curvaD_espina_dorsal>
		<curvaI_espina_dorsal type=matrix rownames=FALSE colnames=FALSE nrow=409 ncol=2 as.numeric=TRUE >
			1562	874
			1562	875
			1562	876
			1563	877
			1563	878
			1563	879
			1563	880
			1563	881
			1564	882
			1564	883
			1564	884
			1564	885
			1564	886
			1565	887
			1565	888
			1565	889
			1565	890
			1565	891
			1566	892
			1566	893
			1566	894
			1566	895
			1566	896
			1567	897
			1567	898
			1567	899
			1567	900
			1567	901
			1567	902
			1568	903
			1568	904
			1568	905
			1568	906
			1568	907
			1569	908
			1569	909
			1569	910
			1569	911
			1569	912
			1569	913
			1570	913
			1570	914
			1570	915
			1570	916
			1570	917
			1570	918
			1571	919
			1571	920
			1571	921
			1571	922
			1571	923
			1571	924
			1572	925
			1572	926
			1572	927
			1572	928
			1572	929
			1572	930
			1573	931
			1573	932
			1573	933
			1573	934
			1573	935
			1573	936
			1574	937
			1574	938
			1574	939
			1574	940
			1574	941
			1574	942
			1574	943
			1575	944
			1575	945
			1575	946
			1575	947
			1575	948
			1575	949
			1575	950
			1575	951
			1576	952
			1576	953
			1576	954
			1576	955
			1576	956
			1576	957
			1576	958
			1576	959
			1577	960
			1577	961
			1577	962
			1577	963
			1577	964
			1577	965
			1577	966
			1577	967
			1577	968
			1577	969
			1578	970
			1578	971
			1578	972
			1578	973
			1578	974
			1578	975
			1578	976
			1578	977
			1579	978
			1579	979
			1579	980
			1579	981
			1579	982
			1579	983
			1579	984
			1579	985
			1579	986
			1579	987
			1580	988
			1580	989
			1580	990
			1580	991
			1580	992
			1580	993
			1580	994
			1580	995
			1580	996
			1580	997
			1580	998
			1581	999
			1581	1000
			1581	1001
			1581	1002
			1581	1003
			1581	1004
			1581	1005
			1581	1006
			1581	1007
			1581	1008
			1581	1009
			1581	1010
			1581	1011
			1581	1012
			1581	1013
			1581	1014
			1581	1015
			1581	1016
			1581	1017
			1581	1018
			1581	1019
			1581	1020
			1581	1021
			1581	1022
			1581	1023
			1581	1024
			1581	1025
			1581	1026
			1581	1027
			1581	1028
			1581	1029
			1581	1030
			1581	1031
			1581	1032
			1581	1033
			1581	1034
			1581	1035
			1581	1036
			1581	1037
			1581	1038
			1581	1039
			1581	1040
			1581	1041
			1581	1042
			1581	1043
			1581	1044
			1581	1045
			1580	1046
			1580	1047
			1580	1048
			1580	1049
			1580	1050
			1580	1051
			1580	1052
			1580	1053
			1579	1054
			1579	1055
			1579	1056
			1579	1057
			1579	1058
			1578	1059
			1578	1060
			1578	1061
			1578	1062
			1578	1063
			1577	1064
			1577	1065
			1577	1066
			1577	1067
			1576	1068
			1576	1069
			1575	1070
			1575	1071
			1575	1072
			1574	1073
			1574	1074
			1573	1075
			1573	1076
			1573	1077
			1572	1078
			1571	1078
			1570	1079
			1569	1079
			1568	1079
			1567	1080
			1566	1080
			1565	1080
			1564	1080
			1563	1080
			1563	1081
			1562	1081
			1561	1081
			1560	1081
			1559	1081
			1558	1082
			1557	1082
			1556	1082
			1555	1082
			1554	1082
			1553	1082
			1552	1083
			1551	1083
			1550	1083
			1549	1083
			1548	1083
			1547	1083
			1546	1083
			1545	1083
			1544	1083
			1543	1083
			1542	1083
			1541	1083
			1540	1083
			1539	1083
			1538	1083
			1537	1083
			1536	1083
			1535	1083
			1534	1083
			1533	1083
			1532	1083
			1531	1083
			1530	1082
			1529	1082
			1528	1082
			1527	1082
			1526	1082
			1525	1082
			1524	1082
			1524	1081
			1523	1081
			1522	1081
			1521	1081
			1520	1081
			1519	1080
			1518	1080
			1517	1080
			1516	1080
			1515	1079
			1514	1079
			1513	1079
			1512	1078
			1511	1078
			1510	1078
			1509	1078
			1508	1077
			1507	1077
			1506	1076
			1505	1076
			1504	1076
			1503	1075
			1502	1074
			1501	1074
			1500	1074
			1499	1073
			1498	1073
			1497	1072
			1496	1072
			1495	1071
			1494	1071
			1493	1070
			1492	1070
			1491	1069
			1490	1069
			1489	1068
			1488	1067
			1487	1067
			1486	1066
			1485	1066
			1484	1065
			1483	1064
			1482	1064
			1481	1063
			1480	1062
			1479	1062
			1478	1061
			1477	1060
			1476	1060
			1475	1059
			1474	1058
			1473	1057
			1472	1057
			1471	1056
			1470	1055
			1469	1054
			1468	1054
			1467	1053
			1466	1052
			1465	1051
			1464	1051
			1463	1051
			1462	1051
			1461	1051
			1461	1050
			1460	1050
			1459	1050
			1458	1050
			1457	1050
			1456	1050
			1455	1050
			1454	1050
			1453	1050
			1452	1050
			1451	1050
			1451	1049
			1450	1049
			1449	1049
			1448	1049
			1447	1049
			1446	1049
			1445	1049
			1444	1049
			1443	1049
			1442	1049
			1441	1049
			1440	1049
			1439	1049
			1438	1049
			1437	1049
			1436	1049
			1435	1049
			1434	1049
			1433	1049
			1432	1049
			1431	1049
			1430	1049
			1429	1049
			1428	1049
			1427	1049
			1426	1049
			1425	1049
			1424	1049
			1423	1049
			1422	1049
			1421	1049
			1420	1050
			1419	1050
			1418	1050
			1417	1050
			1416	1050
			1415	1050
			1414	1050
			1413	1050
			1412	1050
			1411	1050
			1410	1051
			1409	1051
			1408	1051
			1407	1051
			1406	1051
			1405	1051
			1404	1052
			1403	1052
			1402	1052
			1401	1052
			1400	1052
			1399	1053
			1398	1053
			1397	1053
			1396	1053
			1395	1053
			1394	1054
			1393	1054
			1392	1054
			1391	1055
			1390	1055
			1389	1055
			1388	1055
			1387	1056
			1386	1056
			1385	1056
			1384	1056
			1383	1057
			1382	1057
			1381	1057
			1380	1058
			1379	1058
			1378	1058
			1378	1059
			1377	1059
			1376	1059
			1375	1060
			1374	1060
		</curvaI_espina_dorsal>
	</curves.pixel>
	<curves.scaled type=list>
		<curvaD_espina_dorsal type=matrix rownames=FALSE colnames=FALSE nrow=359 ncol=2 as.numeric=TRUE >
			2.90334070953587	-1.62453250968908
			2.90334070953587	-1.6263912425377
			2.90519944238448	-1.6263912425377
			2.90519944238448	-1.62824997538631
			2.90519944238448	-1.63010870823493
			2.90705817523309	-1.63196744108354
			2.90705817523309	-1.63382617393215
			2.90891690808171	-1.63568490678077
			2.90891690808171	-1.63754363962938
			2.91077564093032	-1.639402372478
			2.91077564093032	-1.64126110532661
			2.91077564093032	-1.64311983817523
			2.91263437377894	-1.64311983817523
			2.91263437377894	-1.64497857102384
			2.91449310662755	-1.64683730387246
			2.91449310662755	-1.64869603672107
			2.91449310662755	-1.65055476956969
			2.91635183947617	-1.6524135024183
			2.91635183947617	-1.65427223526691
			2.91635183947617	-1.65613096811553
			2.91821057232478	-1.65613096811553
			2.91821057232478	-1.65798970096414
			2.91821057232478	-1.65984843381276
			2.9200693051734	-1.66170716666137
			2.9200693051734	-1.66356589950999
			2.92192803802201	-1.6654246323586
			2.92192803802201	-1.66728336520722
			2.92192803802201	-1.66914209805583
			2.92378677087063	-1.66914209805583
			2.92378677087063	-1.67100083090445
			2.92378677087063	-1.67285956375306
			2.92564550371924	-1.67471829660167
			2.92564550371924	-1.67657702945029
			2.92564550371924	-1.6784357622989
			2.92750423656785	-1.68029449514752
			2.92750423656785	-1.68215322799613
			2.92936296941647	-1.68401196084475
			2.92936296941647	-1.68587069369336
			2.93122170226508	-1.68772942654198
			2.93122170226508	-1.68958815939059
			2.93122170226508	-1.6914468922392
			2.9330804351137	-1.69330562508782
			2.9330804351137	-1.69516435793643
			2.9330804351137	-1.69702309078505
			2.93493916796231	-1.69888182363366
			2.93493916796231	-1.70074055648228
			2.93679790081093	-1.70259928933089
			2.93679790081093	-1.70445802217951
			2.93679790081093	-1.70631675502812
			2.93679790081093	-1.70817548787674
			2.93865663365954	-1.70817548787674
			2.93865663365954	-1.71003422072535
			2.93865663365954	-1.71189295357396
			2.93865663365954	-1.71375168642258
			2.94051536650816	-1.71375168642258
			2.94051536650816	-1.71561041927119
			2.94051536650816	-1.71746915211981
			2.94051536650816	-1.71932788496842
			2.94237409935677	-1.71932788496842
			2.94237409935677	-1.72118661781704
			2.94237409935677	-1.72304535066565
			2.94423283220538	-1.72490408351427
			2.94423283220538	-1.72676281636288
			2.94423283220538	-1.72862154921149
			2.946091565054	-1.73048028206011
			2.946091565054	-1.73233901490872
			2.946091565054	-1.73419774775734
			2.94795029790261	-1.73605648060595
			2.94795029790261	-1.73791521345457
			2.94795029790261	-1.73977394630318
			2.94980903075123	-1.7416326791518
			2.94980903075123	-1.74349141200041
			2.94980903075123	-1.74535014484903
			2.94980903075123	-1.74720887769764
			2.95166776359984	-1.74906761054625
			2.95166776359984	-1.75092634339487
			2.95166776359984	-1.75278507624348
			2.95352649644846	-1.7546438090921
			2.95352649644846	-1.75650254194071
			2.95352649644846	-1.75836127478933
			2.95352649644846	-1.76022000763794
			2.95538522929707	-1.76207874048656
			2.95538522929707	-1.76393747333517
			2.95538522929707	-1.76579620618379
			2.95538522929707	-1.7676549390324
			2.95724396214569	-1.76951367188101
			2.95724396214569	-1.77137240472963
			2.95724396214569	-1.77323113757824
			2.9591026949943	-1.77508987042686
			2.9591026949943	-1.77694860327547
			2.9591026949943	-1.77880733612409
			2.9591026949943	-1.7806660689727
			2.96096142784292	-1.78252480182132
			2.96096142784292	-1.78438353466993
			2.96096142784292	-1.78624226751854
			2.96096142784292	-1.78810100036716
			2.96096142784292	-1.78995973321577
			2.96282016069153	-1.79181846606439
			2.96282016069153	-1.793677198913
			2.96282016069153	-1.79553593176162
			2.96282016069153	-1.79739466461023
			2.96467889354014	-1.79925339745885
			2.96467889354014	-1.80111213030746
			2.96467889354014	-1.80297086315608
			2.96467889354014	-1.80482959600469
			2.96467889354014	-1.8066883288533
			2.96653762638876	-1.80854706170192
			2.96653762638876	-1.81040579455053
			2.96653762638876	-1.81226452739915
			2.96653762638876	-1.81412326024776
			2.96653762638876	-1.81598199309638
			2.96839635923737	-1.81784072594499
			2.96839635923737	-1.81969945879361
			2.96839635923737	-1.82155819164222
			2.96839635923737	-1.82341692449083
			2.96839635923737	-1.82527565733945
			2.97025509208599	-1.82713439018806
			2.97025509208599	-1.82899312303668
			2.97025509208599	-1.83085185588529
			2.97025509208599	-1.83271058873391
			2.97025509208599	-1.83456932158252
			2.9721138249346	-1.83642805443114
			2.9721138249346	-1.83828678727975
			2.9721138249346	-1.84014552012837
			2.9721138249346	-1.84200425297698
			2.9721138249346	-1.84386298582559
			2.97397255778322	-1.84386298582559
			2.97397255778322	-1.84572171867421
			2.97397255778322	-1.84758045152282
			2.97397255778322	-1.84943918437144
			2.97397255778322	-1.85129791722005
			2.97583129063183	-1.85315665006867
			2.97583129063183	-1.85501538291728
			2.97583129063183	-1.8568741157659
			2.97583129063183	-1.85873284861451
			2.97583129063183	-1.86059158146313
			2.97583129063183	-1.86245031431174
			2.97769002348045	-1.86430904716035
			2.97769002348045	-1.86616778000897
			2.97769002348045	-1.86802651285758
			2.97769002348045	-1.8698852457062
			2.97769002348045	-1.87174397855481
			2.97954875632906	-1.87360271140343
			2.97954875632906	-1.87546144425204
			2.97954875632906	-1.87732017710066
			2.97954875632906	-1.87917890994927
			2.97954875632906	-1.88103764279788
			2.98140748917768	-1.8828963756465
			2.98140748917768	-1.88475510849511
			2.98140748917768	-1.88661384134373
			2.98140748917768	-1.88847257419234
			2.98140748917768	-1.89033130704096
			2.98140748917768	-1.89219003988957
			2.98326622202629	-1.89404877273819
			2.98326622202629	-1.8959075055868
			2.98326622202629	-1.89776623843542
			2.98326622202629	-1.89962497128403
			2.98326622202629	-1.90148370413264
			2.9851249548749	-1.90334243698126
			2.9851249548749	-1.90520116982987
			2.9851249548749	-1.90705990267849
			2.9851249548749	-1.9089186355271
			2.9851249548749	-1.91077736837572
			2.9851249548749	-1.91263610122433
			2.98698368772352	-1.91449483407295
			2.98698368772352	-1.91635356692156
			2.98698368772352	-1.91821229977017
			2.98698368772352	-1.92007103261879
			2.98698368772352	-1.9219297654674
			2.98698368772352	-1.92378849831602
			2.98698368772352	-1.92564723116463
			2.98884242057213	-1.92750596401325
			2.98884242057213	-1.92936469686186
			2.98884242057213	-1.93122342971048
			2.98884242057213	-1.93308216255909
			2.98884242057213	-1.93494089540771
			2.98884242057213	-1.93679962825632
			2.99070115342075	-1.93865836110493
			2.99070115342075	-1.94051709395355
			2.99070115342075	-1.94237582680216
			2.99070115342075	-1.94423455965078
			2.99070115342075	-1.94609329249939
			2.99070115342075	-1.94795202534801
			2.99070115342075	-1.94981075819662
			2.99070115342075	-1.95166949104524
			2.99255988626936	-1.95166949104524
			2.99255988626936	-1.95352822389385
			2.99255988626936	-1.95538695674247
			2.99255988626936	-1.95724568959108
			2.99255988626936	-1.95910442243969
			2.99255988626936	-1.96096315528831
			2.99255988626936	-1.96282188813692
			2.99255988626936	-1.96468062098554
			2.99255988626936	-1.96653935383415
			2.99441861911798	-1.96653935383415
			2.99441861911798	-1.96839808668277
			2.99441861911798	-1.97025681953138
			2.99441861911798	-1.97211555238
			2.99441861911798	-1.97397428522861
			2.99441861911798	-1.97583301807722
			2.99441861911798	-1.97769175092584
			2.99441861911798	-1.97955048377445
			2.99441861911798	-1.98140921662307
			2.99441861911798	-1.98326794947168
			2.99441861911798	-1.9851266823203
			2.99627735196659	-1.98698541516891
			2.99627735196659	-1.98884414801753
			2.99627735196659	-1.99070288086614
			2.99627735196659	-1.99256161371476
			2.99627735196659	-1.99442034656337
			2.99627735196659	-1.99627907941198
			2.99627735196659	-1.9981378122606
			2.99441861911798	-1.99999654510921
			2.99441861911798	-2.00185527795783
			2.99255988626936	-2.00371401080644
			2.99255988626936	-2.00557274365506
			2.99255988626936	-2.00743147650367
			2.99070115342075	-2.00929020935229
			2.99070115342075	-2.0111489422009
			2.99070115342075	-2.01300767504951
			2.98884242057213	-2.01486640789813
			2.98884242057213	-2.01672514074674
			2.98884242057213	-2.01858387359536
			2.98884242057213	-2.02044260644397
			2.98698368772352	-2.02230133929259
			2.98698368772352	-2.0241600721412
			2.98698368772352	-2.02601880498982
			2.98698368772352	-2.02787753783843
			2.98698368772352	-2.02973627068705
			2.9851249548749	-2.03159500353566
			2.9851249548749	-2.03345373638427
			2.9851249548749	-2.03531246923289
			2.9851249548749	-2.0371712020815
			2.9851249548749	-2.03902993493012
			2.9851249548749	-2.04088866777873
			2.9851249548749	-2.04274740062735
			2.9851249548749	-2.04460613347596
			2.9851249548749	-2.04646486632458
			2.9851249548749	-2.04832359917319
			2.9851249548749	-2.05018233202181
			2.9851249548749	-2.05204106487042
			2.9851249548749	-2.05389979771903
			2.9851249548749	-2.05575853056765
			2.9851249548749	-2.05761726341626
			2.9851249548749	-2.05947599626488
			2.9851249548749	-2.06133472911349
			2.98698368772352	-2.06319346196211
			2.98698368772352	-2.06505219481072
			2.98698368772352	-2.06691092765934
			2.98698368772352	-2.06876966050795
			2.98698368772352	-2.07062839335656
			2.98698368772352	-2.07248712620518
			2.98884242057213	-2.07434585905379
			2.98884242057213	-2.07620459190241
			2.98884242057213	-2.07806332475102
			2.98884242057213	-2.07992205759964
			2.98884242057213	-2.08178079044825
			2.99070115342075	-2.08363952329687
			2.99070115342075	-2.08549825614548
			2.99070115342075	-2.0873569889941
			2.99070115342075	-2.08921572184271
			2.99255988626936	-2.09107445469132
			2.99255988626936	-2.09293318753994
			2.99255988626936	-2.09479192038855
			2.99441861911798	-2.09665065323717
			2.99441861911798	-2.09850938608578
			2.99441861911798	-2.1003681189344
			2.99627735196659	-2.10222685178301
			2.99627735196659	-2.10408558463163
			2.99627735196659	-2.10594431748024
			2.99813608481521	-2.10780305032885
			2.99813608481521	-2.10966178317747
			2.99813608481521	-2.11152051602608
			2.99999481766382	-2.1133792488747
			2.99999481766382	-2.11523798172331
			3.00185355051243	-2.11709671457193
			3.00185355051243	-2.11895544742054
			3.00185355051243	-2.12081418026916
			3.00371228336105	-2.12267291311777
			3.00371228336105	-2.12453164596639
			3.00557101620966	-2.126390378815
			3.00557101620966	-2.12824911166361
			3.00742974905828	-2.13010784451223
			3.00742974905828	-2.13196657736084
			3.00928848190689	-2.13382531020946
			3.00928848190689	-2.13568404305807
			3.01114721475551	-2.13754277590669
			3.01114721475551	-2.1394015087553
			3.01300594760412	-2.14126024160392
			3.01300594760412	-2.14311897445253
			3.01486468045274	-2.14497770730115
			3.01486468045274	-2.14683644014976
			3.01672341330135	-2.14869517299837
			3.01672341330135	-2.15055390584699
			3.01858214614997	-2.1524126386956
			3.02044087899858	-2.15427137154422
			3.02044087899858	-2.15613010439283
			3.02229961184719	-2.15798883724145
			3.02229961184719	-2.15984757009006
			3.02415834469581	-2.16170630293868
			3.02415834469581	-2.16356503578729
			3.02601707754442	-2.16356503578729
			3.02601707754442	-2.1654237686359
			3.02601707754442	-2.16728250148452
			3.02787581039304	-2.16728250148452
			3.02787581039304	-2.16914123433313
			3.02973454324165	-2.17099996718175
			3.02973454324165	-2.17285870003036
			3.03159327609027	-2.17471743287898
			3.03345200893888	-2.17657616572759
			3.03345200893888	-2.17843489857621
			3.0353107417875	-2.18029363142482
			3.0353107417875	-2.18215236427344
			3.03716947463611	-2.18215236427344
			3.03716947463611	-2.18401109712205
			3.03902820748472	-2.18586982997066
			3.03902820748472	-2.18772856281928
			3.04088694033334	-2.18958729566789
			3.04274567318195	-2.19144602851651
			3.04460440603057	-2.19330476136512
			3.04460440603057	-2.19516349421374
			3.04646313887918	-2.19702222706235
			3.0483218717278	-2.19888095991097
			3.0483218717278	-2.20073969275958
			3.05018060457641	-2.20259842560819
			3.05203933742503	-2.20445715845681
			3.05389807027364	-2.20631589130542
			3.05389807027364	-2.20817462415404
			3.05575680312226	-2.21003335700265
			3.05761553597087	-2.21189208985127
			3.05761553597087	-2.21375082269988
			3.05947426881948	-2.2156095555485
			3.0613330016681	-2.21746828839711
			3.06319173451671	-2.21932702124573
			3.06505046736533	-2.22118575409434
			3.06505046736533	-2.22304448694295
			3.06690920021394	-2.22490321979157
			3.06876793306256	-2.22676195264018
			3.07062666591117	-2.2286206854888
			3.07062666591117	-2.23047941833741
			3.07248539875979	-2.23233815118603
			3.0743441316084	-2.23419688403464
			3.07620286445702	-2.23605561688326
			3.07620286445702	-2.23791434973187
			3.07806159730563	-2.23977308258049
			3.07806159730563	-2.2416318154291
			3.07992033015424	-2.2416318154291
			3.08177906300286	-2.24349054827771
			3.08177906300286	-2.24534928112633
			3.08363779585147	-2.24720801397494
			3.08549652870009	-2.24720801397494
			3.08549652870009	-2.24906674682356
			3.0873552615487	-2.25092547967217
			3.0873552615487	-2.25278421252079
			3.08921399439732	-2.25278421252079
			3.09107272724593	-2.2546429453694
			3.09107272724593	-2.25650167821802
			3.09293146009455	-2.25836041106663
			3.09479019294316	-2.26021914391524
		</curvaD_espina_dorsal>
		<curvaI_espina_dorsal type=matrix rownames=FALSE colnames=FALSE nrow=409 ncol=2 as.numeric=TRUE >
			2.90334070953587	-1.62453250968908
			2.90334070953587	-1.6263912425377
			2.90334070953587	-1.62824997538631
			2.90519944238448	-1.63010870823493
			2.90519944238448	-1.63196744108354
			2.90519944238448	-1.63382617393215
			2.90519944238448	-1.63568490678077
			2.90519944238448	-1.63754363962938
			2.90705817523309	-1.639402372478
			2.90705817523309	-1.64126110532661
			2.90705817523309	-1.64311983817523
			2.90705817523309	-1.64497857102384
			2.90705817523309	-1.64683730387246
			2.90891690808171	-1.64869603672107
			2.90891690808171	-1.65055476956969
			2.90891690808171	-1.6524135024183
			2.90891690808171	-1.65427223526691
			2.90891690808171	-1.65613096811553
			2.91077564093032	-1.65798970096414
			2.91077564093032	-1.65984843381276
			2.91077564093032	-1.66170716666137
			2.91077564093032	-1.66356589950999
			2.91077564093032	-1.6654246323586
			2.91263437377894	-1.66728336520722
			2.91263437377894	-1.66914209805583
			2.91263437377894	-1.67100083090445
			2.91263437377894	-1.67285956375306
			2.91263437377894	-1.67471829660167
			2.91263437377894	-1.67657702945029
			2.91449310662755	-1.6784357622989
			2.91449310662755	-1.68029449514752
			2.91449310662755	-1.68215322799613
			2.91449310662755	-1.68401196084475
			2.91449310662755	-1.68587069369336
			2.91635183947617	-1.68772942654198
			2.91635183947617	-1.68958815939059
			2.91635183947617	-1.6914468922392
			2.91635183947617	-1.69330562508782
			2.91635183947617	-1.69516435793643
			2.91635183947617	-1.69702309078505
			2.91821057232478	-1.69702309078505
			2.91821057232478	-1.69888182363366
			2.91821057232478	-1.70074055648228
			2.91821057232478	-1.70259928933089
			2.91821057232478	-1.70445802217951
			2.91821057232478	-1.70631675502812
			2.9200693051734	-1.70817548787674
			2.9200693051734	-1.71003422072535
			2.9200693051734	-1.71189295357396
			2.9200693051734	-1.71375168642258
			2.9200693051734	-1.71561041927119
			2.9200693051734	-1.71746915211981
			2.92192803802201	-1.71932788496842
			2.92192803802201	-1.72118661781704
			2.92192803802201	-1.72304535066565
			2.92192803802201	-1.72490408351427
			2.92192803802201	-1.72676281636288
			2.92192803802201	-1.72862154921149
			2.92378677087063	-1.73048028206011
			2.92378677087063	-1.73233901490872
			2.92378677087063	-1.73419774775734
			2.92378677087063	-1.73605648060595
			2.92378677087063	-1.73791521345457
			2.92378677087063	-1.73977394630318
			2.92564550371924	-1.7416326791518
			2.92564550371924	-1.74349141200041
			2.92564550371924	-1.74535014484903
			2.92564550371924	-1.74720887769764
			2.92564550371924	-1.74906761054625
			2.92564550371924	-1.75092634339487
			2.92564550371924	-1.75278507624348
			2.92750423656785	-1.7546438090921
			2.92750423656785	-1.75650254194071
			2.92750423656785	-1.75836127478933
			2.92750423656785	-1.76022000763794
			2.92750423656785	-1.76207874048656
			2.92750423656785	-1.76393747333517
			2.92750423656785	-1.76579620618379
			2.92750423656785	-1.7676549390324
			2.92936296941647	-1.76951367188101
			2.92936296941647	-1.77137240472963
			2.92936296941647	-1.77323113757824
			2.92936296941647	-1.77508987042686
			2.92936296941647	-1.77694860327547
			2.92936296941647	-1.77880733612409
			2.92936296941647	-1.7806660689727
			2.92936296941647	-1.78252480182132
			2.93122170226508	-1.78438353466993
			2.93122170226508	-1.78624226751854
			2.93122170226508	-1.78810100036716
			2.93122170226508	-1.78995973321577
			2.93122170226508	-1.79181846606439
			2.93122170226508	-1.793677198913
			2.93122170226508	-1.79553593176162
			2.93122170226508	-1.79739466461023
			2.93122170226508	-1.79925339745885
			2.93122170226508	-1.80111213030746
			2.9330804351137	-1.80297086315608
			2.9330804351137	-1.80482959600469
			2.9330804351137	-1.8066883288533
			2.9330804351137	-1.80854706170192
			2.9330804351137	-1.81040579455053
			2.9330804351137	-1.81226452739915
			2.9330804351137	-1.81412326024776
			2.9330804351137	-1.81598199309638
			2.93493916796231	-1.81784072594499
			2.93493916796231	-1.81969945879361
			2.93493916796231	-1.82155819164222
			2.93493916796231	-1.82341692449083
			2.93493916796231	-1.82527565733945
			2.93493916796231	-1.82713439018806
			2.93493916796231	-1.82899312303668
			2.93493916796231	-1.83085185588529
			2.93493916796231	-1.83271058873391
			2.93493916796231	-1.83456932158252
			2.93679790081093	-1.83642805443114
			2.93679790081093	-1.83828678727975
			2.93679790081093	-1.84014552012837
			2.93679790081093	-1.84200425297698
			2.93679790081093	-1.84386298582559
			2.93679790081093	-1.84572171867421
			2.93679790081093	-1.84758045152282
			2.93679790081093	-1.84943918437144
			2.93679790081093	-1.85129791722005
			2.93679790081093	-1.85315665006867
			2.93679790081093	-1.85501538291728
			2.93865663365954	-1.8568741157659
			2.93865663365954	-1.85873284861451
			2.93865663365954	-1.86059158146313
			2.93865663365954	-1.86245031431174
			2.93865663365954	-1.86430904716035
			2.93865663365954	-1.86616778000897
			2.93865663365954	-1.86802651285758
			2.93865663365954	-1.8698852457062
			2.93865663365954	-1.87174397855481
			2.93865663365954	-1.87360271140343
			2.93865663365954	-1.87546144425204
			2.93865663365954	-1.87732017710066
			2.93865663365954	-1.87917890994927
			2.93865663365954	-1.88103764279788
			2.93865663365954	-1.8828963756465
			2.93865663365954	-1.88475510849511
			2.93865663365954	-1.88661384134373
			2.93865663365954	-1.88847257419234
			2.93865663365954	-1.89033130704096
			2.93865663365954	-1.89219003988957
			2.93865663365954	-1.89404877273819
			2.93865663365954	-1.8959075055868
			2.93865663365954	-1.89776623843542
			2.93865663365954	-1.89962497128403
			2.93865663365954	-1.90148370413264
			2.93865663365954	-1.90334243698126
			2.93865663365954	-1.90520116982987
			2.93865663365954	-1.90705990267849
			2.93865663365954	-1.9089186355271
			2.93865663365954	-1.91077736837572
			2.93865663365954	-1.91263610122433
			2.93865663365954	-1.91449483407295
			2.93865663365954	-1.91635356692156
			2.93865663365954	-1.91821229977017
			2.93865663365954	-1.92007103261879
			2.93865663365954	-1.9219297654674
			2.93865663365954	-1.92378849831602
			2.93865663365954	-1.92564723116463
			2.93865663365954	-1.92750596401325
			2.93865663365954	-1.92936469686186
			2.93865663365954	-1.93122342971048
			2.93865663365954	-1.93308216255909
			2.93865663365954	-1.93494089540771
			2.93865663365954	-1.93679962825632
			2.93865663365954	-1.93865836110493
			2.93865663365954	-1.94051709395355
			2.93865663365954	-1.94237582680216
			2.93679790081093	-1.94423455965078
			2.93679790081093	-1.94609329249939
			2.93679790081093	-1.94795202534801
			2.93679790081093	-1.94981075819662
			2.93679790081093	-1.95166949104524
			2.93679790081093	-1.95352822389385
			2.93679790081093	-1.95538695674247
			2.93679790081093	-1.95724568959108
			2.93493916796231	-1.95910442243969
			2.93493916796231	-1.96096315528831
			2.93493916796231	-1.96282188813692
			2.93493916796231	-1.96468062098554
			2.93493916796231	-1.96653935383415
			2.9330804351137	-1.96839808668277
			2.9330804351137	-1.97025681953138
			2.9330804351137	-1.97211555238
			2.9330804351137	-1.97397428522861
			2.9330804351137	-1.97583301807722
			2.93122170226508	-1.97769175092584
			2.93122170226508	-1.97955048377445
			2.93122170226508	-1.98140921662307
			2.93122170226508	-1.98326794947168
			2.92936296941647	-1.9851266823203
			2.92936296941647	-1.98698541516891
			2.92750423656785	-1.98884414801753
			2.92750423656785	-1.99070288086614
			2.92750423656785	-1.99256161371476
			2.92564550371924	-1.99442034656337
			2.92564550371924	-1.99627907941198
			2.92378677087063	-1.9981378122606
			2.92378677087063	-1.99999654510921
			2.92378677087063	-2.00185527795783
			2.92192803802201	-2.00371401080644
			2.9200693051734	-2.00371401080644
			2.91821057232478	-2.00557274365506
			2.91635183947617	-2.00557274365506
			2.91449310662755	-2.00557274365506
			2.91263437377894	-2.00743147650367
			2.91077564093032	-2.00743147650367
			2.90891690808171	-2.00743147650367
			2.90705817523309	-2.00743147650367
			2.90519944238448	-2.00743147650367
			2.90519944238448	-2.00929020935229
			2.90334070953587	-2.00929020935229
			2.90148197668725	-2.00929020935229
			2.89962324383864	-2.00929020935229
			2.89776451099002	-2.00929020935229
			2.89590577814141	-2.0111489422009
			2.89404704529279	-2.0111489422009
			2.89218831244418	-2.0111489422009
			2.89032957959556	-2.0111489422009
			2.88847084674695	-2.0111489422009
			2.88661211389833	-2.0111489422009
			2.88475338104972	-2.01300767504951
			2.88289464820111	-2.01300767504951
			2.88103591535249	-2.01300767504951
			2.87917718250388	-2.01300767504951
			2.87731844965526	-2.01300767504951
			2.87545971680665	-2.01300767504951
			2.87360098395803	-2.01300767504951
			2.87174225110942	-2.01300767504951
			2.8698835182608	-2.01300767504951
			2.86802478541219	-2.01300767504951
			2.86616605256358	-2.01300767504951
			2.86430731971496	-2.01300767504951
			2.86244858686635	-2.01300767504951
			2.86058985401773	-2.01300767504951
			2.85873112116912	-2.01300767504951
			2.8568723883205	-2.01300767504951
			2.85501365547189	-2.01300767504951
			2.85315492262327	-2.01300767504951
			2.85129618977466	-2.01300767504951
			2.84943745692604	-2.01300767504951
			2.84757872407743	-2.01300767504951
			2.84571999122882	-2.01300767504951
			2.8438612583802	-2.0111489422009
			2.84200252553159	-2.0111489422009
			2.84014379268297	-2.0111489422009
			2.83828505983436	-2.0111489422009
			2.83642632698574	-2.0111489422009
			2.83456759413713	-2.0111489422009
			2.83270886128851	-2.0111489422009
			2.83270886128851	-2.00929020935229
			2.8308501284399	-2.00929020935229
			2.82899139559128	-2.00929020935229
			2.82713266274267	-2.00929020935229
			2.82527392989406	-2.00929020935229
			2.82341519704544	-2.00743147650367
			2.82155646419683	-2.00743147650367
			2.81969773134821	-2.00743147650367
			2.8178389984996	-2.00743147650367
			2.81598026565098	-2.00557274365506
			2.81412153280237	-2.00557274365506
			2.81226279995375	-2.00557274365506
			2.81040406710514	-2.00371401080644
			2.80854533425653	-2.00371401080644
			2.80668660140791	-2.00371401080644
			2.8048278685593	-2.00371401080644
			2.80296913571068	-2.00185527795783
			2.80111040286207	-2.00185527795783
			2.79925167001345	-1.99999654510921
			2.79739293716484	-1.99999654510921
			2.79553420431622	-1.99999654510921
			2.79367547146761	-1.9981378122606
			2.79181673861899	-1.99627907941198
			2.78995800577038	-1.99627907941198
			2.78809927292177	-1.99627907941198
			2.78624054007315	-1.99442034656337
			2.78438180722454	-1.99442034656337
			2.78252307437592	-1.99256161371476
			2.78066434152731	-1.99256161371476
			2.77880560867869	-1.99070288086614
			2.77694687583008	-1.99070288086614
			2.77508814298146	-1.98884414801753
			2.77322941013285	-1.98884414801753
			2.77137067728424	-1.98698541516891
			2.76951194443562	-1.98698541516891
			2.76765321158701	-1.9851266823203
			2.76579447873839	-1.98326794947168
			2.76393574588978	-1.98326794947168
			2.76207701304116	-1.98140921662307
			2.76021828019255	-1.98140921662307
			2.75835954734393	-1.97955048377445
			2.75650081449532	-1.97769175092584
			2.7546420816467	-1.97769175092584
			2.75278334879809	-1.97583301807722
			2.75092461594948	-1.97397428522861
			2.74906588310086	-1.97397428522861
			2.74720715025225	-1.97211555238
			2.74534841740363	-1.97025681953138
			2.74348968455502	-1.97025681953138
			2.7416309517064	-1.96839808668277
			2.73977221885779	-1.96653935383415
			2.73791348600917	-1.96468062098554
			2.73605475316056	-1.96468062098554
			2.73419602031194	-1.96282188813692
			2.73233728746333	-1.96096315528831
			2.73047855461472	-1.95910442243969
			2.7286198217661	-1.95910442243969
			2.72676108891749	-1.95724568959108
			2.72490235606887	-1.95538695674247
			2.72304362322026	-1.95352822389385
			2.72118489037164	-1.95352822389385
			2.71932615752303	-1.95352822389385
			2.71746742467441	-1.95352822389385
			2.7156086918258	-1.95352822389385
			2.7156086918258	-1.95166949104524
			2.71374995897719	-1.95166949104524
			2.71189122612857	-1.95166949104524
			2.71003249327996	-1.95166949104524
			2.70817376043134	-1.95166949104524
			2.70631502758273	-1.95166949104524
			2.70445629473411	-1.95166949104524
			2.7025975618855	-1.95166949104524
			2.70073882903688	-1.95166949104524
			2.69888009618827	-1.95166949104524
			2.69702136333965	-1.95166949104524
			2.69702136333965	-1.94981075819662
			2.69516263049104	-1.94981075819662
			2.69330389764243	-1.94981075819662
			2.69144516479381	-1.94981075819662
			2.6895864319452	-1.94981075819662
			2.68772769909658	-1.94981075819662
			2.68586896624797	-1.94981075819662
			2.68401023339935	-1.94981075819662
			2.68215150055074	-1.94981075819662
			2.68029276770212	-1.94981075819662
			2.67843403485351	-1.94981075819662
			2.6765753020049	-1.94981075819662
			2.67471656915628	-1.94981075819662
			2.67285783630767	-1.94981075819662
			2.67099910345905	-1.94981075819662
			2.66914037061044	-1.94981075819662
			2.66728163776182	-1.94981075819662
			2.66542290491321	-1.94981075819662
			2.66356417206459	-1.94981075819662
			2.66170543921598	-1.94981075819662
			2.65984670636736	-1.94981075819662
			2.65798797351875	-1.94981075819662
			2.65612924067014	-1.94981075819662
			2.65427050782152	-1.94981075819662
			2.65241177497291	-1.94981075819662
			2.65055304212429	-1.94981075819662
			2.64869430927568	-1.94981075819662
			2.64683557642706	-1.94981075819662
			2.64497684357845	-1.94981075819662
			2.64311811072983	-1.94981075819662
			2.64125937788122	-1.94981075819662
			2.6394006450326	-1.95166949104524
			2.63754191218399	-1.95166949104524
			2.63568317933538	-1.95166949104524
			2.63382444648676	-1.95166949104524
			2.63196571363815	-1.95166949104524
			2.63010698078953	-1.95166949104524
			2.62824824794092	-1.95166949104524
			2.6263895150923	-1.95166949104524
			2.62453078224369	-1.95166949104524
			2.62267204939507	-1.95166949104524
			2.62081331654646	-1.95352822389385
			2.61895458369785	-1.95352822389385
			2.61709585084923	-1.95352822389385
			2.61523711800062	-1.95352822389385
			2.613378385152	-1.95352822389385
			2.61151965230339	-1.95352822389385
			2.60966091945477	-1.95538695674247
			2.60780218660616	-1.95538695674247
			2.60594345375754	-1.95538695674247
			2.60408472090893	-1.95538695674247
			2.60222598806031	-1.95538695674247
			2.6003672552117	-1.95724568959108
			2.59850852236309	-1.95724568959108
			2.59664978951447	-1.95724568959108
			2.59479105666586	-1.95724568959108
			2.59293232381724	-1.95724568959108
			2.59107359096863	-1.95910442243969
			2.58921485812001	-1.95910442243969
			2.5873561252714	-1.95910442243969
			2.58549739242278	-1.96096315528831
			2.58363865957417	-1.96096315528831
			2.58177992672556	-1.96096315528831
			2.57992119387694	-1.96096315528831
			2.57806246102833	-1.96282188813692
			2.57620372817971	-1.96282188813692
			2.5743449953311	-1.96282188813692
			2.57248626248248	-1.96282188813692
			2.57062752963387	-1.96468062098554
			2.56876879678525	-1.96468062098554
			2.56691006393664	-1.96468062098554
			2.56505133108802	-1.96653935383415
			2.56319259823941	-1.96653935383415
			2.5613338653908	-1.96653935383415
			2.5613338653908	-1.96839808668277
			2.55947513254218	-1.96839808668277
			2.55761639969357	-1.96839808668277
			2.55575766684495	-1.97025681953138
			2.55389893399634	-1.97025681953138
		</curvaI_espina_dorsal>
	</curves.scaled>
	<ruler.points type=matrix rownames=TRUE colnames=FALSE nrow=2 ncol=2 as.numeric=TRUE >
		Ruler point 1	1607	568
		Ruler point 2	2145	567
	</ruler.points>
</shapes>

