<shapes type=list>
	<ruler.pixel type=vector names=FALSE length=1 as.numeric=TRUE >539.000927642987</ruler.pixel>
	<ruler.interval type=vector names=FALSE length=1 as.numeric=TRUE >1</ruler.interval>
	<scaling.units type=vector names=FALSE length=1 as.numeric=FALSE >mm</scaling.units>
	<scaling type=vector names=FALSE length=1 as.numeric=TRUE >0.00185873284861451</scaling>
	<landmarks.pixel type=matrix rownames=TRUE colnames=FALSE nrow=7 ncol=2 as.numeric=TRUE >
		punta_espina_dorsal	1327	1065
		esq_izq_caparaza	1444	1297
		superior_ojo	1717	1175
		inferior_ojo	1867	1231
		derecha_ojo	1838	1156
		izquierda_ojo	1771	1253
		organo_dorsal	1689	1071
	</landmarks.pixel>
	<landmarks.scaled type=matrix rownames=TRUE colnames=FALSE nrow=7 ncol=2 as.numeric=TRUE >
		punta_espina_dorsal	2.46653849011146	-1.97955048377445
		esq_izq_caparaza	2.68401023339935	-2.41077650465302
		superior_ojo	3.19144430107111	-2.18401109712205
		inferior_ojo	3.47025422836329	-2.28810013664446
		derecha_ojo	3.41635097575347	-2.14869517299837
		izquierda_ojo	3.2918158748963	-2.32899225931398
		organo_dorsal	3.13939978130991	-1.99070288086614
	</landmarks.scaled>
	<curves.control type=list>
		<curvaD_espina_dorsal type=matrix rownames=FALSE colnames=FALSE nrow=7 ncol=2 as.numeric=TRUE >
			1327	1065
			1345	1056
			1453	1066
			1500	1072
			1539	1082
			1586	1120
			1689	1071
		</curvaD_espina_dorsal>
		<curvaI_espina_dorsal type=matrix rownames=FALSE colnames=FALSE nrow=9 ncol=2 as.numeric=TRUE >
			1327	1065
			1409	1075
			1448	1084
			1513	1100
			1522	1118
			1520	1181
			1465	1208
			1449	1228
			1444	1297
		</curvaI_espina_dorsal>
	</curves.control>
	<curves.pixel type=list>
		<curvaD_espina_dorsal type=matrix rownames=FALSE colnames=FALSE nrow=367 ncol=2 as.numeric=TRUE >
			1327	1065
			1328	1065
			1328	1064
			1329	1064
			1330	1064
			1331	1063
			1332	1063
			1333	1063
			1334	1063
			1335	1063
			1336	1062
			1337	1062
			1338	1062
			1339	1062
			1340	1062
			1341	1062
			1342	1062
			1343	1062
			1344	1061
			1345	1061
			1346	1061
			1347	1061
			1348	1061
			1349	1061
			1350	1061
			1351	1061
			1352	1061
			1353	1061
			1354	1061
			1355	1061
			1356	1061
			1357	1061
			1358	1061
			1359	1061
			1360	1061
			1361	1061
			1362	1061
			1363	1061
			1364	1061
			1365	1061
			1366	1061
			1367	1061
			1368	1061
			1369	1061
			1370	1061
			1371	1061
			1372	1061
			1373	1061
			1374	1061
			1375	1061
			1376	1061
			1377	1061
			1378	1061
			1379	1061
			1380	1061
			1381	1061
			1382	1061
			1383	1061
			1384	1061
			1385	1061
			1386	1061
			1387	1061
			1388	1061
			1389	1061
			1390	1061
			1391	1061
			1392	1062
			1393	1062
			1394	1062
			1395	1062
			1396	1062
			1397	1062
			1398	1062
			1399	1062
			1400	1062
			1401	1062
			1402	1062
			1403	1062
			1404	1062
			1405	1062
			1406	1062
			1407	1062
			1408	1062
			1409	1062
			1410	1063
			1411	1063
			1412	1063
			1413	1063
			1414	1063
			1415	1063
			1416	1063
			1417	1063
			1418	1063
			1419	1063
			1420	1063
			1421	1063
			1422	1063
			1423	1063
			1424	1064
			1425	1064
			1426	1064
			1427	1064
			1428	1064
			1429	1064
			1430	1064
			1431	1064
			1432	1064
			1433	1064
			1434	1064
			1435	1064
			1436	1065
			1437	1065
			1438	1065
			1439	1065
			1440	1065
			1441	1065
			1442	1065
			1443	1065
			1444	1065
			1445	1065
			1446	1065
			1447	1065
			1448	1066
			1449	1066
			1450	1066
			1451	1066
			1452	1066
			1453	1066
			1454	1066
			1455	1066
			1456	1066
			1457	1067
			1458	1067
			1459	1067
			1460	1067
			1461	1067
			1462	1067
			1463	1067
			1464	1067
			1465	1068
			1466	1068
			1467	1068
			1468	1068
			1469	1068
			1470	1068
			1471	1068
			1471	1069
			1472	1069
			1473	1069
			1474	1069
			1475	1069
			1476	1069
			1477	1069
			1478	1070
			1479	1070
			1480	1070
			1481	1070
			1482	1070
			1483	1070
			1484	1070
			1484	1071
			1485	1071
			1486	1071
			1487	1071
			1488	1071
			1489	1071
			1490	1072
			1491	1072
			1492	1072
			1493	1072
			1494	1072
			1495	1072
			1496	1073
			1497	1073
			1498	1073
			1499	1073
			1500	1073
			1501	1074
			1502	1074
			1503	1074
			1504	1074
			1505	1074
			1506	1075
			1507	1075
			1508	1075
			1509	1075
			1510	1075
			1511	1076
			1512	1076
			1513	1076
			1514	1076
			1515	1076
			1516	1077
			1517	1077
			1518	1077
			1519	1077
			1520	1077
			1521	1078
			1522	1078
			1523	1078
			1524	1078
			1525	1079
			1526	1079
			1527	1079
			1528	1079
			1529	1079
			1530	1080
			1531	1080
			1532	1080
			1533	1081
			1534	1081
			1535	1081
			1536	1081
			1537	1082
			1538	1082
			1539	1082
			1540	1083
			1541	1084
			1542	1084
			1543	1085
			1544	1086
			1545	1086
			1546	1087
			1547	1088
			1548	1088
			1549	1089
			1550	1089
			1551	1090
			1552	1090
			1553	1091
			1554	1091
			1555	1092
			1556	1092
			1557	1093
			1558	1093
			1559	1093
			1560	1094
			1561	1094
			1562	1095
			1563	1095
			1564	1095
			1565	1095
			1566	1096
			1567	1096
			1568	1096
			1569	1096
			1570	1097
			1571	1097
			1572	1097
			1573	1097
			1574	1097
			1575	1097
			1575	1098
			1576	1098
			1577	1098
			1578	1098
			1579	1098
			1580	1098
			1581	1098
			1582	1098
			1583	1098
			1584	1098
			1585	1098
			1586	1099
			1587	1099
			1588	1099
			1589	1099
			1590	1099
			1591	1099
			1592	1099
			1593	1099
			1594	1099
			1595	1099
			1596	1098
			1597	1098
			1598	1098
			1599	1098
			1600	1098
			1601	1098
			1602	1098
			1603	1098
			1604	1098
			1605	1098
			1606	1098
			1607	1098
			1608	1097
			1609	1097
			1610	1097
			1611	1097
			1612	1097
			1613	1097
			1614	1097
			1615	1096
			1616	1096
			1617	1096
			1618	1096
			1619	1096
			1620	1095
			1621	1095
			1622	1095
			1623	1095
			1624	1095
			1625	1094
			1626	1094
			1627	1094
			1628	1094
			1629	1093
			1630	1093
			1631	1093
			1632	1093
			1633	1092
			1634	1092
			1635	1092
			1636	1092
			1637	1091
			1638	1091
			1639	1091
			1640	1090
			1641	1090
			1642	1090
			1643	1089
			1644	1089
			1645	1089
			1646	1088
			1647	1088
			1648	1088
			1649	1088
			1650	1087
			1651	1087
			1652	1086
			1653	1086
			1654	1086
			1655	1085
			1656	1085
			1657	1085
			1658	1084
			1659	1084
			1660	1084
			1661	1083
			1662	1083
			1663	1082
			1664	1082
			1665	1082
			1666	1081
			1667	1081
			1668	1080
			1669	1080
			1670	1079
			1671	1079
			1672	1079
			1673	1078
			1674	1078
			1675	1077
			1676	1077
			1677	1076
			1678	1076
			1679	1076
			1680	1075
			1681	1075
			1682	1074
			1683	1074
			1684	1073
			1685	1073
			1686	1072
			1687	1072
			1688	1072
			1689	1071
		</curvaD_espina_dorsal>
		<curvaI_espina_dorsal type=matrix rownames=FALSE colnames=FALSE nrow=407 ncol=2 as.numeric=TRUE >
			1327	1065
			1328	1065
			1329	1065
			1330	1065
			1331	1065
			1332	1066
			1333	1066
			1334	1066
			1335	1066
			1336	1066
			1337	1066
			1338	1066
			1339	1067
			1340	1067
			1341	1067
			1342	1067
			1343	1067
			1344	1067
			1345	1067
			1346	1067
			1347	1068
			1348	1068
			1349	1068
			1350	1068
			1351	1068
			1352	1068
			1353	1068
			1354	1068
			1355	1069
			1356	1069
			1357	1069
			1358	1069
			1359	1069
			1360	1069
			1361	1069
			1362	1069
			1363	1070
			1364	1070
			1365	1070
			1366	1070
			1367	1070
			1368	1070
			1369	1070
			1370	1071
			1371	1071
			1372	1071
			1373	1071
			1374	1071
			1375	1071
			1376	1071
			1377	1072
			1378	1072
			1379	1072
			1380	1072
			1381	1072
			1382	1072
			1383	1073
			1384	1073
			1385	1073
			1386	1073
			1387	1073
			1388	1073
			1389	1073
			1390	1074
			1391	1074
			1392	1074
			1393	1074
			1394	1074
			1395	1074
			1396	1074
			1397	1075
			1398	1075
			1399	1075
			1400	1075
			1401	1075
			1402	1075
			1403	1076
			1404	1076
			1405	1076
			1406	1076
			1407	1076
			1408	1076
			1409	1076
			1409	1077
			1410	1077
			1411	1077
			1412	1077
			1413	1077
			1414	1077
			1415	1077
			1416	1078
			1417	1078
			1418	1078
			1419	1078
			1420	1078
			1421	1079
			1422	1079
			1423	1079
			1424	1079
			1425	1079
			1426	1079
			1427	1080
			1428	1080
			1429	1080
			1430	1080
			1431	1080
			1432	1081
			1433	1081
			1434	1081
			1435	1081
			1436	1081
			1437	1082
			1438	1082
			1439	1082
			1440	1082
			1441	1082
			1442	1083
			1443	1083
			1444	1083
			1445	1083
			1446	1084
			1447	1084
			1448	1084
			1449	1084
			1450	1084
			1451	1085
			1452	1085
			1453	1085
			1454	1086
			1455	1086
			1456	1086
			1457	1086
			1458	1087
			1459	1087
			1460	1087
			1461	1087
			1462	1088
			1463	1088
			1464	1088
			1465	1089
			1466	1089
			1467	1089
			1468	1089
			1469	1090
			1470	1090
			1471	1090
			1472	1090
			1473	1091
			1474	1091
			1475	1092
			1476	1092
			1477	1092
			1478	1093
			1479	1093
			1480	1093
			1481	1094
			1482	1094
			1483	1094
			1484	1095
			1485	1095
			1486	1095
			1487	1096
			1488	1096
			1489	1096
			1490	1097
			1491	1097
			1492	1098
			1493	1098
			1494	1098
			1495	1099
			1496	1099
			1497	1100
			1498	1100
			1499	1100
			1500	1101
			1501	1101
			1502	1102
			1503	1103
			1504	1103
			1505	1104
			1506	1104
			1507	1105
			1508	1105
			1509	1106
			1510	1106
			1510	1107
			1511	1107
			1512	1108
			1513	1108
			1513	1109
			1514	1109
			1515	1110
			1516	1111
			1517	1112
			1518	1113
			1519	1114
			1520	1115
			1521	1116
			1521	1117
			1522	1118
			1522	1119
			1522	1120
			1522	1121
			1522	1122
			1522	1123
			1522	1124
			1522	1125
			1522	1126
			1521	1127
			1521	1128
			1521	1129
			1521	1130
			1521	1131
			1521	1132
			1521	1133
			1520	1134
			1520	1135
			1520	1136
			1520	1137
			1520	1138
			1520	1139
			1519	1140
			1519	1141
			1519	1142
			1519	1143
			1519	1144
			1518	1144
			1518	1145
			1518	1146
			1518	1147
			1517	1148
			1517	1149
			1517	1150
			1516	1151
			1516	1152
			1516	1153
			1515	1154
			1515	1155
			1515	1156
			1514	1157
			1514	1158
			1514	1159
			1513	1160
			1513	1161
			1512	1162
			1512	1163
			1511	1164
			1511	1165
			1510	1166
			1509	1167
			1509	1168
			1509	1169
			1508	1169
			1508	1170
			1508	1171
			1507	1171
			1507	1172
			1506	1172
			1506	1173
			1506	1174
			1505	1174
			1505	1175
			1504	1175
			1504	1176
			1504	1177
			1503	1177
			1503	1178
			1502	1178
			1502	1179
			1501	1179
			1501	1180
			1501	1181
			1500	1181
			1500	1182
			1499	1182
			1499	1183
			1498	1183
			1498	1184
			1497	1184
			1497	1185
			1496	1185
			1496	1186
			1495	1187
			1494	1188
			1493	1189
			1492	1190
			1491	1191
			1490	1192
			1489	1193
			1488	1194
			1487	1194
			1486	1195
			1485	1196
			1484	1196
			1484	1197
			1483	1197
			1482	1198
			1481	1198
			1481	1199
			1480	1199
			1479	1200
			1478	1200
			1478	1201
			1477	1201
			1476	1202
			1475	1202
			1474	1203
			1473	1204
			1472	1204
			1471	1205
			1470	1206
			1469	1206
			1468	1207
			1467	1207
			1466	1208
			1465	1208
			1465	1209
			1464	1209
			1464	1210
			1463	1211
			1462	1212
			1462	1213
			1461	1214
			1461	1215
			1460	1216
			1460	1217
			1459	1218
			1459	1219
			1458	1220
			1458	1221
			1457	1222
			1457	1223
			1457	1224
			1456	1225
			1456	1226
			1455	1227
			1455	1228
			1455	1229
			1454	1230
			1454	1231
			1454	1232
			1454	1233
			1453	1234
			1453	1235
			1453	1236
			1453	1237
			1452	1238
			1452	1239
			1452	1240
			1451	1241
			1451	1242
			1451	1243
			1451	1244
			1451	1245
			1450	1246
			1450	1247
			1450	1248
			1450	1249
			1450	1250
			1450	1251
			1449	1251
			1449	1252
			1449	1253
			1449	1254
			1449	1255
			1449	1256
			1448	1257
			1448	1258
			1448	1259
			1448	1260
			1448	1261
			1448	1262
			1448	1263
			1447	1264
			1447	1265
			1447	1266
			1447	1267
			1447	1268
			1447	1269
			1447	1270
			1446	1271
			1446	1272
			1446	1273
			1446	1274
			1446	1275
			1446	1276
			1446	1277
			1446	1278
			1446	1279
			1445	1280
			1445	1281
			1445	1282
			1445	1283
			1445	1284
			1445	1285
			1445	1286
			1445	1287
			1445	1288
			1445	1289
			1445	1290
			1444	1291
			1444	1292
			1444	1293
			1444	1294
			1444	1295
			1444	1296
			1444	1297
		</curvaI_espina_dorsal>
	</curves.pixel>
	<curves.scaled type=list>
		<curvaD_espina_dorsal type=matrix rownames=FALSE colnames=FALSE nrow=367 ncol=2 as.numeric=TRUE >
			2.46653849011146	-1.97955048377445
			2.46839722296007	-1.97955048377445
			2.46839722296007	-1.97769175092584
			2.47025595580868	-1.97769175092584
			2.4721146886573	-1.97769175092584
			2.47397342150591	-1.97583301807722
			2.47583215435453	-1.97583301807722
			2.47769088720314	-1.97583301807722
			2.47954962005176	-1.97583301807722
			2.48140835290037	-1.97583301807722
			2.48326708574899	-1.97397428522861
			2.4851258185976	-1.97397428522861
			2.48698455144621	-1.97397428522861
			2.48884328429483	-1.97397428522861
			2.49070201714344	-1.97397428522861
			2.49256074999206	-1.97397428522861
			2.49441948284067	-1.97397428522861
			2.49627821568929	-1.97397428522861
			2.4981369485379	-1.97211555238
			2.49999568138652	-1.97211555238
			2.50185441423513	-1.97211555238
			2.50371314708375	-1.97211555238
			2.50557187993236	-1.97211555238
			2.50743061278097	-1.97211555238
			2.50928934562959	-1.97211555238
			2.5111480784782	-1.97211555238
			2.51300681132682	-1.97211555238
			2.51486554417543	-1.97211555238
			2.51672427702405	-1.97211555238
			2.51858300987266	-1.97211555238
			2.52044174272128	-1.97211555238
			2.52230047556989	-1.97211555238
			2.52415920841851	-1.97211555238
			2.52601794126712	-1.97211555238
			2.52787667411573	-1.97211555238
			2.52973540696435	-1.97211555238
			2.53159413981296	-1.97211555238
			2.53345287266158	-1.97211555238
			2.53531160551019	-1.97211555238
			2.53717033835881	-1.97211555238
			2.53902907120742	-1.97211555238
			2.54088780405604	-1.97211555238
			2.54274653690465	-1.97211555238
			2.54460526975326	-1.97211555238
			2.54646400260188	-1.97211555238
			2.54832273545049	-1.97211555238
			2.55018146829911	-1.97211555238
			2.55204020114772	-1.97211555238
			2.55389893399634	-1.97211555238
			2.55575766684495	-1.97211555238
			2.55761639969357	-1.97211555238
			2.55947513254218	-1.97211555238
			2.5613338653908	-1.97211555238
			2.56319259823941	-1.97211555238
			2.56505133108802	-1.97211555238
			2.56691006393664	-1.97211555238
			2.56876879678525	-1.97211555238
			2.57062752963387	-1.97211555238
			2.57248626248248	-1.97211555238
			2.5743449953311	-1.97211555238
			2.57620372817971	-1.97211555238
			2.57806246102833	-1.97211555238
			2.57992119387694	-1.97211555238
			2.58177992672556	-1.97211555238
			2.58363865957417	-1.97211555238
			2.58549739242278	-1.97211555238
			2.5873561252714	-1.97397428522861
			2.58921485812001	-1.97397428522861
			2.59107359096863	-1.97397428522861
			2.59293232381724	-1.97397428522861
			2.59479105666586	-1.97397428522861
			2.59664978951447	-1.97397428522861
			2.59850852236309	-1.97397428522861
			2.6003672552117	-1.97397428522861
			2.60222598806031	-1.97397428522861
			2.60408472090893	-1.97397428522861
			2.60594345375754	-1.97397428522861
			2.60780218660616	-1.97397428522861
			2.60966091945477	-1.97397428522861
			2.61151965230339	-1.97397428522861
			2.613378385152	-1.97397428522861
			2.61523711800062	-1.97397428522861
			2.61709585084923	-1.97397428522861
			2.61895458369785	-1.97397428522861
			2.62081331654646	-1.97583301807722
			2.62267204939507	-1.97583301807722
			2.62453078224369	-1.97583301807722
			2.6263895150923	-1.97583301807722
			2.62824824794092	-1.97583301807722
			2.63010698078953	-1.97583301807722
			2.63196571363815	-1.97583301807722
			2.63382444648676	-1.97583301807722
			2.63568317933538	-1.97583301807722
			2.63754191218399	-1.97583301807722
			2.6394006450326	-1.97583301807722
			2.64125937788122	-1.97583301807722
			2.64311811072983	-1.97583301807722
			2.64497684357845	-1.97583301807722
			2.64683557642706	-1.97769175092584
			2.64869430927568	-1.97769175092584
			2.65055304212429	-1.97769175092584
			2.65241177497291	-1.97769175092584
			2.65427050782152	-1.97769175092584
			2.65612924067014	-1.97769175092584
			2.65798797351875	-1.97769175092584
			2.65984670636736	-1.97769175092584
			2.66170543921598	-1.97769175092584
			2.66356417206459	-1.97769175092584
			2.66542290491321	-1.97769175092584
			2.66728163776182	-1.97769175092584
			2.66914037061044	-1.97955048377445
			2.67099910345905	-1.97955048377445
			2.67285783630767	-1.97955048377445
			2.67471656915628	-1.97955048377445
			2.6765753020049	-1.97955048377445
			2.67843403485351	-1.97955048377445
			2.68029276770212	-1.97955048377445
			2.68215150055074	-1.97955048377445
			2.68401023339935	-1.97955048377445
			2.68586896624797	-1.97955048377445
			2.68772769909658	-1.97955048377445
			2.6895864319452	-1.97955048377445
			2.69144516479381	-1.98140921662307
			2.69330389764243	-1.98140921662307
			2.69516263049104	-1.98140921662307
			2.69702136333965	-1.98140921662307
			2.69888009618827	-1.98140921662307
			2.70073882903688	-1.98140921662307
			2.7025975618855	-1.98140921662307
			2.70445629473411	-1.98140921662307
			2.70631502758273	-1.98140921662307
			2.70817376043134	-1.98326794947168
			2.71003249327996	-1.98326794947168
			2.71189122612857	-1.98326794947168
			2.71374995897719	-1.98326794947168
			2.7156086918258	-1.98326794947168
			2.71746742467441	-1.98326794947168
			2.71932615752303	-1.98326794947168
			2.72118489037164	-1.98326794947168
			2.72304362322026	-1.9851266823203
			2.72490235606887	-1.9851266823203
			2.72676108891749	-1.9851266823203
			2.7286198217661	-1.9851266823203
			2.73047855461472	-1.9851266823203
			2.73233728746333	-1.9851266823203
			2.73419602031194	-1.9851266823203
			2.73419602031194	-1.98698541516891
			2.73605475316056	-1.98698541516891
			2.73791348600917	-1.98698541516891
			2.73977221885779	-1.98698541516891
			2.7416309517064	-1.98698541516891
			2.74348968455502	-1.98698541516891
			2.74534841740363	-1.98698541516891
			2.74720715025225	-1.98884414801753
			2.74906588310086	-1.98884414801753
			2.75092461594948	-1.98884414801753
			2.75278334879809	-1.98884414801753
			2.7546420816467	-1.98884414801753
			2.75650081449532	-1.98884414801753
			2.75835954734393	-1.98884414801753
			2.75835954734393	-1.99070288086614
			2.76021828019255	-1.99070288086614
			2.76207701304116	-1.99070288086614
			2.76393574588978	-1.99070288086614
			2.76579447873839	-1.99070288086614
			2.76765321158701	-1.99070288086614
			2.76951194443562	-1.99256161371476
			2.77137067728424	-1.99256161371476
			2.77322941013285	-1.99256161371476
			2.77508814298146	-1.99256161371476
			2.77694687583008	-1.99256161371476
			2.77880560867869	-1.99256161371476
			2.78066434152731	-1.99442034656337
			2.78252307437592	-1.99442034656337
			2.78438180722454	-1.99442034656337
			2.78624054007315	-1.99442034656337
			2.78809927292177	-1.99442034656337
			2.78995800577038	-1.99627907941198
			2.79181673861899	-1.99627907941198
			2.79367547146761	-1.99627907941198
			2.79553420431622	-1.99627907941198
			2.79739293716484	-1.99627907941198
			2.79925167001345	-1.9981378122606
			2.80111040286207	-1.9981378122606
			2.80296913571068	-1.9981378122606
			2.8048278685593	-1.9981378122606
			2.80668660140791	-1.9981378122606
			2.80854533425653	-1.99999654510921
			2.81040406710514	-1.99999654510921
			2.81226279995375	-1.99999654510921
			2.81412153280237	-1.99999654510921
			2.81598026565098	-1.99999654510921
			2.8178389984996	-2.00185527795783
			2.81969773134821	-2.00185527795783
			2.82155646419683	-2.00185527795783
			2.82341519704544	-2.00185527795783
			2.82527392989406	-2.00185527795783
			2.82713266274267	-2.00371401080644
			2.82899139559128	-2.00371401080644
			2.8308501284399	-2.00371401080644
			2.83270886128851	-2.00371401080644
			2.83456759413713	-2.00557274365506
			2.83642632698574	-2.00557274365506
			2.83828505983436	-2.00557274365506
			2.84014379268297	-2.00557274365506
			2.84200252553159	-2.00557274365506
			2.8438612583802	-2.00743147650367
			2.84571999122882	-2.00743147650367
			2.84757872407743	-2.00743147650367
			2.84943745692604	-2.00929020935229
			2.85129618977466	-2.00929020935229
			2.85315492262327	-2.00929020935229
			2.85501365547189	-2.00929020935229
			2.8568723883205	-2.0111489422009
			2.85873112116912	-2.0111489422009
			2.86058985401773	-2.0111489422009
			2.86244858686635	-2.01300767504951
			2.86430731971496	-2.01486640789813
			2.86616605256358	-2.01486640789813
			2.86802478541219	-2.01672514074674
			2.8698835182608	-2.01858387359536
			2.87174225110942	-2.01858387359536
			2.87360098395803	-2.02044260644397
			2.87545971680665	-2.02230133929259
			2.87731844965526	-2.02230133929259
			2.87917718250388	-2.0241600721412
			2.88103591535249	-2.0241600721412
			2.88289464820111	-2.02601880498982
			2.88475338104972	-2.02601880498982
			2.88661211389833	-2.02787753783843
			2.88847084674695	-2.02787753783843
			2.89032957959556	-2.02973627068705
			2.89218831244418	-2.02973627068705
			2.89404704529279	-2.03159500353566
			2.89590577814141	-2.03159500353566
			2.89776451099002	-2.03159500353566
			2.89962324383864	-2.03345373638427
			2.90148197668725	-2.03345373638427
			2.90334070953587	-2.03531246923289
			2.90519944238448	-2.03531246923289
			2.90705817523309	-2.03531246923289
			2.90891690808171	-2.03531246923289
			2.91077564093032	-2.0371712020815
			2.91263437377894	-2.0371712020815
			2.91449310662755	-2.0371712020815
			2.91635183947617	-2.0371712020815
			2.91821057232478	-2.03902993493012
			2.9200693051734	-2.03902993493012
			2.92192803802201	-2.03902993493012
			2.92378677087063	-2.03902993493012
			2.92564550371924	-2.03902993493012
			2.92750423656785	-2.03902993493012
			2.92750423656785	-2.04088866777873
			2.92936296941647	-2.04088866777873
			2.93122170226508	-2.04088866777873
			2.9330804351137	-2.04088866777873
			2.93493916796231	-2.04088866777873
			2.93679790081093	-2.04088866777873
			2.93865663365954	-2.04088866777873
			2.94051536650816	-2.04088866777873
			2.94237409935677	-2.04088866777873
			2.94423283220538	-2.04088866777873
			2.946091565054	-2.04088866777873
			2.94795029790261	-2.04274740062735
			2.94980903075123	-2.04274740062735
			2.95166776359984	-2.04274740062735
			2.95352649644846	-2.04274740062735
			2.95538522929707	-2.04274740062735
			2.95724396214569	-2.04274740062735
			2.9591026949943	-2.04274740062735
			2.96096142784292	-2.04274740062735
			2.96282016069153	-2.04274740062735
			2.96467889354014	-2.04274740062735
			2.96653762638876	-2.04088866777873
			2.96839635923737	-2.04088866777873
			2.97025509208599	-2.04088866777873
			2.9721138249346	-2.04088866777873
			2.97397255778322	-2.04088866777873
			2.97583129063183	-2.04088866777873
			2.97769002348045	-2.04088866777873
			2.97954875632906	-2.04088866777873
			2.98140748917768	-2.04088866777873
			2.98326622202629	-2.04088866777873
			2.9851249548749	-2.04088866777873
			2.98698368772352	-2.04088866777873
			2.98884242057213	-2.03902993493012
			2.99070115342075	-2.03902993493012
			2.99255988626936	-2.03902993493012
			2.99441861911798	-2.03902993493012
			2.99627735196659	-2.03902993493012
			2.99813608481521	-2.03902993493012
			2.99999481766382	-2.03902993493012
			3.00185355051243	-2.0371712020815
			3.00371228336105	-2.0371712020815
			3.00557101620966	-2.0371712020815
			3.00742974905828	-2.0371712020815
			3.00928848190689	-2.0371712020815
			3.01114721475551	-2.03531246923289
			3.01300594760412	-2.03531246923289
			3.01486468045274	-2.03531246923289
			3.01672341330135	-2.03531246923289
			3.01858214614997	-2.03531246923289
			3.02044087899858	-2.03345373638427
			3.02229961184719	-2.03345373638427
			3.02415834469581	-2.03345373638427
			3.02601707754442	-2.03345373638427
			3.02787581039304	-2.03159500353566
			3.02973454324165	-2.03159500353566
			3.03159327609027	-2.03159500353566
			3.03345200893888	-2.03159500353566
			3.0353107417875	-2.02973627068705
			3.03716947463611	-2.02973627068705
			3.03902820748472	-2.02973627068705
			3.04088694033334	-2.02973627068705
			3.04274567318195	-2.02787753783843
			3.04460440603057	-2.02787753783843
			3.04646313887918	-2.02787753783843
			3.0483218717278	-2.02601880498982
			3.05018060457641	-2.02601880498982
			3.05203933742503	-2.02601880498982
			3.05389807027364	-2.0241600721412
			3.05575680312226	-2.0241600721412
			3.05761553597087	-2.0241600721412
			3.05947426881948	-2.02230133929259
			3.0613330016681	-2.02230133929259
			3.06319173451671	-2.02230133929259
			3.06505046736533	-2.02230133929259
			3.06690920021394	-2.02044260644397
			3.06876793306256	-2.02044260644397
			3.07062666591117	-2.01858387359536
			3.07248539875979	-2.01858387359536
			3.0743441316084	-2.01858387359536
			3.07620286445702	-2.01672514074674
			3.07806159730563	-2.01672514074674
			3.07992033015424	-2.01672514074674
			3.08177906300286	-2.01486640789813
			3.08363779585147	-2.01486640789813
			3.08549652870009	-2.01486640789813
			3.0873552615487	-2.01300767504951
			3.08921399439732	-2.01300767504951
			3.09107272724593	-2.0111489422009
			3.09293146009455	-2.0111489422009
			3.09479019294316	-2.0111489422009
			3.09664892579177	-2.00929020935229
			3.09850765864039	-2.00929020935229
			3.100366391489	-2.00743147650367
			3.10222512433762	-2.00743147650367
			3.10408385718623	-2.00557274365506
			3.10594259003485	-2.00557274365506
			3.10780132288346	-2.00557274365506
			3.10966005573208	-2.00371401080644
			3.11151878858069	-2.00371401080644
			3.11337752142931	-2.00185527795783
			3.11523625427792	-2.00185527795783
			3.11709498712653	-1.99999654510921
			3.11895371997515	-1.99999654510921
			3.12081245282376	-1.99999654510921
			3.12267118567238	-1.9981378122606
			3.12452991852099	-1.9981378122606
			3.12638865136961	-1.99627907941198
			3.12824738421822	-1.99627907941198
			3.13010611706684	-1.99442034656337
			3.13196484991545	-1.99442034656337
			3.13382358276407	-1.99256161371476
			3.13568231561268	-1.99256161371476
			3.13754104846129	-1.99256161371476
			3.13939978130991	-1.99070288086614
		</curvaD_espina_dorsal>
		<curvaI_espina_dorsal type=matrix rownames=FALSE colnames=FALSE nrow=407 ncol=2 as.numeric=TRUE >
			2.46653849011146	-1.97955048377445
			2.46839722296007	-1.97955048377445
			2.47025595580868	-1.97955048377445
			2.4721146886573	-1.97955048377445
			2.47397342150591	-1.97955048377445
			2.47583215435453	-1.98140921662307
			2.47769088720314	-1.98140921662307
			2.47954962005176	-1.98140921662307
			2.48140835290037	-1.98140921662307
			2.48326708574899	-1.98140921662307
			2.4851258185976	-1.98140921662307
			2.48698455144621	-1.98140921662307
			2.48884328429483	-1.98326794947168
			2.49070201714344	-1.98326794947168
			2.49256074999206	-1.98326794947168
			2.49441948284067	-1.98326794947168
			2.49627821568929	-1.98326794947168
			2.4981369485379	-1.98326794947168
			2.49999568138652	-1.98326794947168
			2.50185441423513	-1.98326794947168
			2.50371314708375	-1.9851266823203
			2.50557187993236	-1.9851266823203
			2.50743061278097	-1.9851266823203
			2.50928934562959	-1.9851266823203
			2.5111480784782	-1.9851266823203
			2.51300681132682	-1.9851266823203
			2.51486554417543	-1.9851266823203
			2.51672427702405	-1.9851266823203
			2.51858300987266	-1.98698541516891
			2.52044174272128	-1.98698541516891
			2.52230047556989	-1.98698541516891
			2.52415920841851	-1.98698541516891
			2.52601794126712	-1.98698541516891
			2.52787667411573	-1.98698541516891
			2.52973540696435	-1.98698541516891
			2.53159413981296	-1.98698541516891
			2.53345287266158	-1.98884414801753
			2.53531160551019	-1.98884414801753
			2.53717033835881	-1.98884414801753
			2.53902907120742	-1.98884414801753
			2.54088780405604	-1.98884414801753
			2.54274653690465	-1.98884414801753
			2.54460526975326	-1.98884414801753
			2.54646400260188	-1.99070288086614
			2.54832273545049	-1.99070288086614
			2.55018146829911	-1.99070288086614
			2.55204020114772	-1.99070288086614
			2.55389893399634	-1.99070288086614
			2.55575766684495	-1.99070288086614
			2.55761639969357	-1.99070288086614
			2.55947513254218	-1.99256161371476
			2.5613338653908	-1.99256161371476
			2.56319259823941	-1.99256161371476
			2.56505133108802	-1.99256161371476
			2.56691006393664	-1.99256161371476
			2.56876879678525	-1.99256161371476
			2.57062752963387	-1.99442034656337
			2.57248626248248	-1.99442034656337
			2.5743449953311	-1.99442034656337
			2.57620372817971	-1.99442034656337
			2.57806246102833	-1.99442034656337
			2.57992119387694	-1.99442034656337
			2.58177992672556	-1.99442034656337
			2.58363865957417	-1.99627907941198
			2.58549739242278	-1.99627907941198
			2.5873561252714	-1.99627907941198
			2.58921485812001	-1.99627907941198
			2.59107359096863	-1.99627907941198
			2.59293232381724	-1.99627907941198
			2.59479105666586	-1.99627907941198
			2.59664978951447	-1.9981378122606
			2.59850852236309	-1.9981378122606
			2.6003672552117	-1.9981378122606
			2.60222598806031	-1.9981378122606
			2.60408472090893	-1.9981378122606
			2.60594345375754	-1.9981378122606
			2.60780218660616	-1.99999654510921
			2.60966091945477	-1.99999654510921
			2.61151965230339	-1.99999654510921
			2.613378385152	-1.99999654510921
			2.61523711800062	-1.99999654510921
			2.61709585084923	-1.99999654510921
			2.61895458369785	-1.99999654510921
			2.61895458369785	-2.00185527795783
			2.62081331654646	-2.00185527795783
			2.62267204939507	-2.00185527795783
			2.62453078224369	-2.00185527795783
			2.6263895150923	-2.00185527795783
			2.62824824794092	-2.00185527795783
			2.63010698078953	-2.00185527795783
			2.63196571363815	-2.00371401080644
			2.63382444648676	-2.00371401080644
			2.63568317933538	-2.00371401080644
			2.63754191218399	-2.00371401080644
			2.6394006450326	-2.00371401080644
			2.64125937788122	-2.00557274365506
			2.64311811072983	-2.00557274365506
			2.64497684357845	-2.00557274365506
			2.64683557642706	-2.00557274365506
			2.64869430927568	-2.00557274365506
			2.65055304212429	-2.00557274365506
			2.65241177497291	-2.00743147650367
			2.65427050782152	-2.00743147650367
			2.65612924067014	-2.00743147650367
			2.65798797351875	-2.00743147650367
			2.65984670636736	-2.00743147650367
			2.66170543921598	-2.00929020935229
			2.66356417206459	-2.00929020935229
			2.66542290491321	-2.00929020935229
			2.66728163776182	-2.00929020935229
			2.66914037061044	-2.00929020935229
			2.67099910345905	-2.0111489422009
			2.67285783630767	-2.0111489422009
			2.67471656915628	-2.0111489422009
			2.6765753020049	-2.0111489422009
			2.67843403485351	-2.0111489422009
			2.68029276770212	-2.01300767504951
			2.68215150055074	-2.01300767504951
			2.68401023339935	-2.01300767504951
			2.68586896624797	-2.01300767504951
			2.68772769909658	-2.01486640789813
			2.6895864319452	-2.01486640789813
			2.69144516479381	-2.01486640789813
			2.69330389764243	-2.01486640789813
			2.69516263049104	-2.01486640789813
			2.69702136333965	-2.01672514074674
			2.69888009618827	-2.01672514074674
			2.70073882903688	-2.01672514074674
			2.7025975618855	-2.01858387359536
			2.70445629473411	-2.01858387359536
			2.70631502758273	-2.01858387359536
			2.70817376043134	-2.01858387359536
			2.71003249327996	-2.02044260644397
			2.71189122612857	-2.02044260644397
			2.71374995897719	-2.02044260644397
			2.7156086918258	-2.02044260644397
			2.71746742467441	-2.02230133929259
			2.71932615752303	-2.02230133929259
			2.72118489037164	-2.02230133929259
			2.72304362322026	-2.0241600721412
			2.72490235606887	-2.0241600721412
			2.72676108891749	-2.0241600721412
			2.7286198217661	-2.0241600721412
			2.73047855461472	-2.02601880498982
			2.73233728746333	-2.02601880498982
			2.73419602031194	-2.02601880498982
			2.73605475316056	-2.02601880498982
			2.73791348600917	-2.02787753783843
			2.73977221885779	-2.02787753783843
			2.7416309517064	-2.02973627068705
			2.74348968455502	-2.02973627068705
			2.74534841740363	-2.02973627068705
			2.74720715025225	-2.03159500353566
			2.74906588310086	-2.03159500353566
			2.75092461594948	-2.03159500353566
			2.75278334879809	-2.03345373638427
			2.7546420816467	-2.03345373638427
			2.75650081449532	-2.03345373638427
			2.75835954734393	-2.03531246923289
			2.76021828019255	-2.03531246923289
			2.76207701304116	-2.03531246923289
			2.76393574588978	-2.0371712020815
			2.76579447873839	-2.0371712020815
			2.76765321158701	-2.0371712020815
			2.76951194443562	-2.03902993493012
			2.77137067728424	-2.03902993493012
			2.77322941013285	-2.04088866777873
			2.77508814298146	-2.04088866777873
			2.77694687583008	-2.04088866777873
			2.77880560867869	-2.04274740062735
			2.78066434152731	-2.04274740062735
			2.78252307437592	-2.04460613347596
			2.78438180722454	-2.04460613347596
			2.78624054007315	-2.04460613347596
			2.78809927292177	-2.04646486632458
			2.78995800577038	-2.04646486632458
			2.79181673861899	-2.04832359917319
			2.79367547146761	-2.05018233202181
			2.79553420431622	-2.05018233202181
			2.79739293716484	-2.05204106487042
			2.79925167001345	-2.05204106487042
			2.80111040286207	-2.05389979771903
			2.80296913571068	-2.05389979771903
			2.8048278685593	-2.05575853056765
			2.80668660140791	-2.05575853056765
			2.80668660140791	-2.05761726341626
			2.80854533425653	-2.05761726341626
			2.81040406710514	-2.05947599626488
			2.81226279995375	-2.05947599626488
			2.81226279995375	-2.06133472911349
			2.81412153280237	-2.06133472911349
			2.81598026565098	-2.06319346196211
			2.8178389984996	-2.06505219481072
			2.81969773134821	-2.06691092765934
			2.82155646419683	-2.06876966050795
			2.82341519704544	-2.07062839335656
			2.82527392989406	-2.07248712620518
			2.82713266274267	-2.07434585905379
			2.82713266274267	-2.07620459190241
			2.82899139559128	-2.07806332475102
			2.82899139559128	-2.07992205759964
			2.82899139559128	-2.08178079044825
			2.82899139559128	-2.08363952329687
			2.82899139559128	-2.08549825614548
			2.82899139559128	-2.0873569889941
			2.82899139559128	-2.08921572184271
			2.82899139559128	-2.09107445469132
			2.82899139559128	-2.09293318753994
			2.82713266274267	-2.09479192038855
			2.82713266274267	-2.09665065323717
			2.82713266274267	-2.09850938608578
			2.82713266274267	-2.1003681189344
			2.82713266274267	-2.10222685178301
			2.82713266274267	-2.10408558463163
			2.82713266274267	-2.10594431748024
			2.82527392989406	-2.10780305032885
			2.82527392989406	-2.10966178317747
			2.82527392989406	-2.11152051602608
			2.82527392989406	-2.1133792488747
			2.82527392989406	-2.11523798172331
			2.82527392989406	-2.11709671457193
			2.82341519704544	-2.11895544742054
			2.82341519704544	-2.12081418026916
			2.82341519704544	-2.12267291311777
			2.82341519704544	-2.12453164596639
			2.82341519704544	-2.126390378815
			2.82155646419683	-2.126390378815
			2.82155646419683	-2.12824911166361
			2.82155646419683	-2.13010784451223
			2.82155646419683	-2.13196657736084
			2.81969773134821	-2.13382531020946
			2.81969773134821	-2.13568404305807
			2.81969773134821	-2.13754277590669
			2.8178389984996	-2.1394015087553
			2.8178389984996	-2.14126024160392
			2.8178389984996	-2.14311897445253
			2.81598026565098	-2.14497770730115
			2.81598026565098	-2.14683644014976
			2.81598026565098	-2.14869517299837
			2.81412153280237	-2.15055390584699
			2.81412153280237	-2.1524126386956
			2.81412153280237	-2.15427137154422
			2.81226279995375	-2.15613010439283
			2.81226279995375	-2.15798883724145
			2.81040406710514	-2.15984757009006
			2.81040406710514	-2.16170630293868
			2.80854533425653	-2.16356503578729
			2.80854533425653	-2.1654237686359
			2.80668660140791	-2.16728250148452
			2.8048278685593	-2.16914123433313
			2.8048278685593	-2.17099996718175
			2.8048278685593	-2.17285870003036
			2.80296913571068	-2.17285870003036
			2.80296913571068	-2.17471743287898
			2.80296913571068	-2.17657616572759
			2.80111040286207	-2.17657616572759
			2.80111040286207	-2.17843489857621
			2.79925167001345	-2.17843489857621
			2.79925167001345	-2.18029363142482
			2.79925167001345	-2.18215236427344
			2.79739293716484	-2.18215236427344
			2.79739293716484	-2.18401109712205
			2.79553420431622	-2.18401109712205
			2.79553420431622	-2.18586982997066
			2.79553420431622	-2.18772856281928
			2.79367547146761	-2.18772856281928
			2.79367547146761	-2.18958729566789
			2.79181673861899	-2.18958729566789
			2.79181673861899	-2.19144602851651
			2.78995800577038	-2.19144602851651
			2.78995800577038	-2.19330476136512
			2.78995800577038	-2.19516349421374
			2.78809927292177	-2.19516349421374
			2.78809927292177	-2.19702222706235
			2.78624054007315	-2.19702222706235
			2.78624054007315	-2.19888095991097
			2.78438180722454	-2.19888095991097
			2.78438180722454	-2.20073969275958
			2.78252307437592	-2.20073969275958
			2.78252307437592	-2.20259842560819
			2.78066434152731	-2.20259842560819
			2.78066434152731	-2.20445715845681
			2.77880560867869	-2.20631589130542
			2.77694687583008	-2.20817462415404
			2.77508814298146	-2.21003335700265
			2.77322941013285	-2.21189208985127
			2.77137067728424	-2.21375082269988
			2.76951194443562	-2.2156095555485
			2.76765321158701	-2.21746828839711
			2.76579447873839	-2.21932702124573
			2.76393574588978	-2.21932702124573
			2.76207701304116	-2.22118575409434
			2.76021828019255	-2.22304448694295
			2.75835954734393	-2.22304448694295
			2.75835954734393	-2.22490321979157
			2.75650081449532	-2.22490321979157
			2.7546420816467	-2.22676195264018
			2.75278334879809	-2.22676195264018
			2.75278334879809	-2.2286206854888
			2.75092461594948	-2.2286206854888
			2.74906588310086	-2.23047941833741
			2.74720715025225	-2.23047941833741
			2.74720715025225	-2.23233815118603
			2.74534841740363	-2.23233815118603
			2.74348968455502	-2.23419688403464
			2.7416309517064	-2.23419688403464
			2.73977221885779	-2.23605561688326
			2.73791348600917	-2.23791434973187
			2.73605475316056	-2.23791434973187
			2.73419602031194	-2.23977308258049
			2.73233728746333	-2.2416318154291
			2.73047855461472	-2.2416318154291
			2.7286198217661	-2.24349054827771
			2.72676108891749	-2.24349054827771
			2.72490235606887	-2.24534928112633
			2.72304362322026	-2.24534928112633
			2.72304362322026	-2.24720801397494
			2.72118489037164	-2.24720801397494
			2.72118489037164	-2.24906674682356
			2.71932615752303	-2.25092547967217
			2.71746742467441	-2.25278421252079
			2.71746742467441	-2.2546429453694
			2.7156086918258	-2.25650167821802
			2.7156086918258	-2.25836041106663
			2.71374995897719	-2.26021914391524
			2.71374995897719	-2.26207787676386
			2.71189122612857	-2.26393660961247
			2.71189122612857	-2.26579534246109
			2.71003249327996	-2.2676540753097
			2.71003249327996	-2.26951280815832
			2.70817376043134	-2.27137154100693
			2.70817376043134	-2.27323027385555
			2.70817376043134	-2.27508900670416
			2.70631502758273	-2.27694773955278
			2.70631502758273	-2.27880647240139
			2.70445629473411	-2.28066520525
			2.70445629473411	-2.28252393809862
			2.70445629473411	-2.28438267094723
			2.7025975618855	-2.28624140379585
			2.7025975618855	-2.28810013664446
			2.7025975618855	-2.28995886949308
			2.7025975618855	-2.29181760234169
			2.70073882903688	-2.29367633519031
			2.70073882903688	-2.29553506803892
			2.70073882903688	-2.29739380088753
			2.70073882903688	-2.29925253373615
			2.69888009618827	-2.30111126658476
			2.69888009618827	-2.30296999943338
			2.69888009618827	-2.30482873228199
			2.69702136333965	-2.30668746513061
			2.69702136333965	-2.30854619797922
			2.69702136333965	-2.31040493082784
			2.69702136333965	-2.31226366367645
			2.69702136333965	-2.31412239652507
			2.69516263049104	-2.31598112937368
			2.69516263049104	-2.31783986222229
			2.69516263049104	-2.31969859507091
			2.69516263049104	-2.32155732791952
			2.69516263049104	-2.32341606076814
			2.69516263049104	-2.32527479361675
			2.69330389764243	-2.32527479361675
			2.69330389764243	-2.32713352646537
			2.69330389764243	-2.32899225931398
			2.69330389764243	-2.3308509921626
			2.69330389764243	-2.33270972501121
			2.69330389764243	-2.33456845785983
			2.69144516479381	-2.33642719070844
			2.69144516479381	-2.33828592355705
			2.69144516479381	-2.34014465640567
			2.69144516479381	-2.34200338925428
			2.69144516479381	-2.3438621221029
			2.69144516479381	-2.34572085495151
			2.69144516479381	-2.34757958780013
			2.6895864319452	-2.34943832064874
			2.6895864319452	-2.35129705349736
			2.6895864319452	-2.35315578634597
			2.6895864319452	-2.35501451919458
			2.6895864319452	-2.3568732520432
			2.6895864319452	-2.35873198489181
			2.6895864319452	-2.36059071774043
			2.68772769909658	-2.36244945058904
			2.68772769909658	-2.36430818343766
			2.68772769909658	-2.36616691628627
			2.68772769909658	-2.36802564913489
			2.68772769909658	-2.3698843819835
			2.68772769909658	-2.37174311483212
			2.68772769909658	-2.37360184768073
			2.68772769909658	-2.37546058052934
			2.68772769909658	-2.37731931337796
			2.68586896624797	-2.37917804622657
			2.68586896624797	-2.38103677907519
			2.68586896624797	-2.3828955119238
			2.68586896624797	-2.38475424477242
			2.68586896624797	-2.38661297762103
			2.68586896624797	-2.38847171046965
			2.68586896624797	-2.39033044331826
			2.68586896624797	-2.39218917616687
			2.68586896624797	-2.39404790901549
			2.68586896624797	-2.3959066418641
			2.68586896624797	-2.39776537471272
			2.68401023339935	-2.39962410756133
			2.68401023339935	-2.40148284040995
			2.68401023339935	-2.40334157325856
			2.68401023339935	-2.40520030610718
			2.68401023339935	-2.40705903895579
			2.68401023339935	-2.40891777180441
			2.68401023339935	-2.41077650465302
		</curvaI_espina_dorsal>
	</curves.scaled>
	<ruler.points type=matrix rownames=TRUE colnames=FALSE nrow=2 ncol=2 as.numeric=TRUE >
		Ruler point 1	1607	568
		Ruler point 2	2145	567
	</ruler.points>
</shapes>

