<shapes type=list>
	<ruler.pixel type=vector names=FALSE length=1 as.numeric=TRUE >536.008395456638</ruler.pixel>
	<ruler.interval type=vector names=FALSE length=1 as.numeric=TRUE >1</ruler.interval>
	<scaling.units type=vector names=FALSE length=1 as.numeric=FALSE >mm</scaling.units>
	<scaling type=vector names=FALSE length=1 as.numeric=TRUE >0.00186219416408742</scaling>
	<landmarks.pixel type=matrix rownames=TRUE colnames=FALSE nrow=7 ncol=2 as.numeric=TRUE >
		punta_espina_dorsal	1404	1005
		esq_izq_caparaza	1378	1283
		superior_ojo	1633	1324
		inferior_ojo	1744	1446
		derecha_ojo	1740	1356
		izquierda_ojo	1645	1416
		organo_dorsal	1704	1209
	</landmarks.pixel>
	<landmarks.scaled type=matrix rownames=TRUE colnames=FALSE nrow=7 ncol=2 as.numeric=TRUE >
		punta_espina_dorsal	2.61452060637874	-1.87150513490786
		esq_izq_caparaza	2.56610355811246	-2.38919511252416
		superior_ojo	3.04096306995476	-2.46554507325174
		inferior_ojo	3.24766662216846	-2.69273276127041
		derecha_ojo	3.24021784551211	-2.52513528650254
		izquierda_ojo	3.06330939992381	-2.63686693634779
		organo_dorsal	3.17317885560496	-2.25139274438169
	</landmarks.scaled>
	<curves.control type=list>
		<curvaD_espina_dorsal type=matrix rownames=FALSE colnames=FALSE nrow=7 ncol=2 as.numeric=TRUE >
			1404	1005
			1423	1009
			1454	1034
			1493	1057
			1565	1136
			1580	1184
			1704	1209
		</curvaD_espina_dorsal>
		<curvaI_espina_dorsal type=matrix rownames=FALSE colnames=FALSE nrow=9 ncol=2 as.numeric=TRUE >
			1404	1005
			1449	1041
			1467	1064
			1535	1140
			1529	1150
			1494	1208
			1433	1211
			1390	1244
			1378	1283
		</curvaI_espina_dorsal>
	</curves.control>
	<curves.pixel type=list>
		<curvaD_espina_dorsal type=matrix rownames=FALSE colnames=FALSE nrow=335 ncol=2 as.numeric=TRUE >
			1404	1005
			1405	1005
			1406	1005
			1407	1006
			1408	1006
			1409	1006
			1410	1007
			1411	1007
			1412	1007
			1412	1008
			1413	1008
			1414	1008
			1415	1009
			1416	1009
			1417	1009
			1418	1010
			1419	1010
			1419	1011
			1420	1011
			1421	1012
			1422	1012
			1423	1013
			1424	1013
			1425	1014
			1426	1014
			1427	1015
			1428	1015
			1429	1016
			1430	1017
			1431	1017
			1432	1018
			1433	1019
			1434	1019
			1435	1020
			1436	1021
			1437	1021
			1438	1022
			1439	1023
			1440	1024
			1441	1024
			1442	1025
			1443	1025
			1443	1026
			1444	1026
			1445	1027
			1446	1028
			1447	1028
			1448	1029
			1449	1030
			1450	1031
			1451	1032
			1452	1033
			1453	1034
			1454	1034
			1455	1034
			1456	1035
			1457	1036
			1458	1037
			1459	1037
			1460	1038
			1461	1038
			1462	1039
			1463	1040
			1464	1041
			1465	1041
			1466	1042
			1467	1043
			1468	1044
			1469	1044
			1470	1045
			1471	1046
			1472	1047
			1473	1047
			1474	1048
			1475	1048
			1476	1049
			1476	1050
			1477	1050
			1478	1051
			1479	1052
			1480	1052
			1481	1053
			1481	1054
			1482	1054
			1483	1055
			1484	1056
			1485	1057
			1486	1057
			1487	1058
			1488	1059
			1488	1060
			1489	1060
			1490	1061
			1491	1062
			1492	1063
			1493	1064
			1494	1064
			1495	1065
			1496	1066
			1497	1067
			1498	1068
			1499	1069
			1500	1070
			1501	1071
			1502	1072
			1503	1072
			1503	1073
			1504	1073
			1505	1074
			1505	1075
			1506	1075
			1507	1076
			1507	1077
			1508	1077
			1509	1078
			1510	1079
			1510	1080
			1511	1080
			1512	1081
			1513	1082
			1514	1083
			1515	1084
			1516	1085
			1517	1086
			1518	1087
			1519	1088
			1520	1089
			1521	1090
			1522	1091
			1523	1092
			1524	1093
			1525	1093
			1525	1094
			1526	1095
			1527	1096
			1528	1097
			1529	1098
			1530	1099
			1531	1100
			1532	1101
			1533	1102
			1534	1103
			1535	1104
			1536	1105
			1537	1106
			1538	1107
			1539	1108
			1540	1109
			1541	1110
			1542	1111
			1543	1112
			1544	1113
			1545	1114
			1546	1115
			1547	1116
			1548	1117
			1548	1118
			1549	1118
			1549	1119
			1550	1120
			1551	1120
			1551	1121
			1552	1122
			1553	1123
			1554	1124
			1555	1125
			1556	1126
			1557	1127
			1557	1128
			1558	1128
			1559	1129
			1560	1130
			1560	1131
			1561	1132
			1562	1133
			1563	1133
			1563	1134
			1564	1135
			1565	1136
			1565	1137
			1566	1138
			1566	1139
			1566	1140
			1567	1141
			1567	1142
			1568	1143
			1568	1144
			1569	1145
			1569	1146
			1570	1147
			1571	1148
			1571	1149
			1572	1150
			1573	1151
			1573	1152
			1574	1153
			1575	1154
			1576	1155
			1576	1156
			1577	1157
			1578	1157
			1579	1158
			1580	1159
			1581	1160
			1582	1161
			1583	1162
			1584	1163
			1585	1164
			1586	1165
			1587	1165
			1588	1166
			1589	1167
			1590	1168
			1591	1168
			1592	1169
			1593	1170
			1594	1171
			1595	1171
			1596	1172
			1597	1173
			1598	1173
			1599	1174
			1600	1174
			1601	1175
			1602	1175
			1603	1176
			1604	1177
			1605	1177
			1606	1178
			1607	1178
			1608	1179
			1609	1179
			1610	1180
			1611	1180
			1612	1181
			1613	1181
			1614	1181
			1614	1182
			1615	1182
			1616	1183
			1617	1183
			1618	1183
			1619	1184
			1620	1184
			1620	1185
			1621	1185
			1622	1185
			1623	1186
			1624	1186
			1625	1186
			1626	1187
			1627	1187
			1628	1188
			1629	1188
			1630	1188
			1631	1189
			1632	1189
			1633	1189
			1634	1190
			1635	1191
			1636	1191
			1637	1191
			1638	1191
			1638	1192
			1639	1192
			1640	1192
			1641	1192
			1641	1193
			1642	1193
			1643	1193
			1644	1193
			1644	1194
			1645	1194
			1646	1194
			1647	1194
			1647	1195
			1648	1195
			1649	1195
			1650	1195
			1650	1196
			1651	1196
			1652	1196
			1653	1196
			1654	1197
			1655	1197
			1656	1197
			1657	1198
			1658	1198
			1659	1198
			1660	1198
			1661	1199
			1662	1199
			1663	1199
			1664	1200
			1665	1200
			1666	1200
			1667	1200
			1668	1201
			1669	1201
			1670	1201
			1671	1202
			1672	1202
			1673	1202
			1674	1202
			1675	1202
			1676	1203
			1677	1203
			1678	1203
			1679	1203
			1679	1204
			1680	1204
			1681	1204
			1682	1204
			1683	1204
			1684	1205
			1685	1205
			1686	1205
			1687	1205
			1688	1206
			1689	1206
			1690	1206
			1691	1206
			1692	1206
			1693	1207
			1694	1207
			1695	1207
			1696	1207
			1697	1208
			1698	1208
			1699	1208
			1700	1208
			1701	1208
			1702	1209
			1703	1209
			1704	1209
		</curvaD_espina_dorsal>
		<curvaI_espina_dorsal type=matrix rownames=FALSE colnames=FALSE nrow=367 ncol=2 as.numeric=TRUE >
			1404	1005
			1405	1006
			1406	1006
			1407	1007
			1408	1008
			1408	1009
			1409	1009
			1410	1010
			1411	1011
			1412	1011
			1413	1012
			1413	1013
			1414	1013
			1415	1014
			1416	1015
			1417	1015
			1418	1016
			1418	1017
			1419	1017
			1420	1018
			1421	1019
			1422	1019
			1422	1020
			1423	1021
			1424	1021
			1425	1022
			1425	1023
			1426	1023
			1427	1024
			1428	1025
			1429	1026
			1430	1027
			1431	1028
			1432	1029
			1433	1029
			1434	1030
			1435	1031
			1435	1032
			1436	1032
			1437	1033
			1438	1034
			1439	1034
			1439	1035
			1440	1036
			1441	1037
			1442	1037
			1442	1038
			1443	1039
			1444	1039
			1445	1040
			1445	1041
			1446	1041
			1447	1042
			1448	1043
			1449	1044
			1450	1045
			1451	1046
			1452	1047
			1453	1048
			1453	1049
			1454	1049
			1455	1050
			1456	1051
			1456	1052
			1457	1052
			1458	1053
			1458	1054
			1459	1055
			1460	1055
			1460	1056
			1461	1057
			1462	1057
			1462	1058
			1463	1059
			1464	1060
			1465	1061
			1465	1062
			1466	1063
			1467	1063
			1467	1064
			1468	1065
			1469	1066
			1470	1067
			1470	1068
			1471	1069
			1472	1070
			1473	1071
			1474	1072
			1475	1073
			1476	1074
			1477	1075
			1478	1076
			1479	1077
			1479	1078
			1480	1079
			1481	1079
			1481	1080
			1482	1081
			1483	1082
			1484	1083
			1485	1084
			1486	1085
			1487	1086
			1487	1087
			1488	1088
			1488	1089
			1489	1089
			1490	1090
			1490	1091
			1491	1091
			1491	1092
			1492	1093
			1493	1094
			1494	1095
			1495	1096
			1496	1097
			1496	1098
			1497	1099
			1498	1100
			1499	1101
			1500	1102
			1501	1103
			1502	1104
			1502	1105
			1503	1106
			1504	1107
			1504	1108
			1505	1108
			1506	1109
			1506	1110
			1507	1111
			1507	1112
			1508	1112
			1509	1113
			1509	1114
			1510	1115
			1511	1116
			1512	1117
			1512	1118
			1513	1119
			1514	1120
			1515	1121
			1516	1122
			1516	1123
			1517	1124
			1518	1125
			1518	1126
			1519	1127
			1519	1128
			1520	1129
			1521	1129
			1521	1130
			1522	1131
			1522	1132
			1523	1133
			1524	1134
			1524	1135
			1525	1136
			1525	1137
			1526	1138
			1527	1139
			1527	1140
			1527	1141
			1528	1142
			1528	1143
			1529	1144
			1529	1145
			1529	1146
			1529	1147
			1529	1148
			1529	1149
			1529	1150
			1528	1151
			1528	1152
			1527	1153
			1526	1154
			1526	1155
			1525	1156
			1525	1157
			1524	1158
			1523	1159
			1523	1160
			1522	1160
			1522	1161
			1521	1162
			1520	1163
			1520	1164
			1519	1165
			1518	1165
			1518	1166
			1517	1167
			1517	1168
			1516	1169
			1515	1169
			1515	1170
			1514	1171
			1513	1172
			1513	1173
			1512	1173
			1511	1174
			1511	1175
			1510	1176
			1509	1176
			1509	1177
			1508	1178
			1507	1178
			1506	1179
			1506	1180
			1505	1180
			1504	1181
			1504	1182
			1503	1182
			1502	1183
			1501	1184
			1500	1185
			1499	1186
			1498	1187
			1497	1188
			1496	1188
			1495	1189
			1494	1190
			1493	1190
			1492	1191
			1491	1192
			1490	1192
			1489	1193
			1488	1194
			1487	1195
			1486	1195
			1485	1196
			1484	1196
			1483	1197
			1482	1197
			1481	1198
			1480	1198
			1480	1199
			1479	1199
			1478	1200
			1477	1200
			1476	1201
			1475	1201
			1474	1201
			1474	1202
			1473	1202
			1472	1202
			1471	1203
			1470	1203
			1469	1204
			1468	1204
			1467	1204
			1466	1205
			1465	1205
			1464	1206
			1463	1206
			1462	1206
			1461	1206
			1460	1207
			1459	1207
			1458	1207
			1457	1207
			1456	1208
			1455	1208
			1454	1208
			1453	1208
			1452	1209
			1451	1209
			1450	1209
			1449	1209
			1448	1209
			1447	1210
			1446	1210
			1445	1210
			1444	1210
			1443	1210
			1442	1210
			1441	1210
			1440	1210
			1439	1211
			1438	1211
			1437	1211
			1436	1211
			1435	1211
			1434	1211
			1433	1211
			1432	1211
			1432	1212
			1431	1212
			1431	1213
			1430	1213
			1429	1214
			1428	1215
			1427	1216
			1426	1217
			1425	1217
			1425	1218
			1424	1218
			1423	1219
			1422	1220
			1421	1221
			1420	1222
			1419	1223
			1418	1224
			1417	1224
			1416	1225
			1415	1226
			1415	1227
			1414	1227
			1413	1228
			1412	1229
			1412	1230
			1411	1230
			1410	1231
			1409	1232
			1409	1233
			1408	1234
			1407	1234
			1406	1235
			1406	1236
			1405	1237
			1404	1237
			1404	1238
			1403	1239
			1402	1240
			1402	1241
			1401	1241
			1400	1242
			1400	1243
			1399	1244
			1398	1245
			1397	1246
			1397	1247
			1396	1248
			1395	1249
			1394	1250
			1394	1251
			1393	1252
			1392	1253
			1392	1254
			1391	1255
			1391	1256
			1390	1257
			1389	1258
			1389	1259
			1388	1260
			1388	1261
			1387	1262
			1387	1263
			1386	1264
			1386	1265
			1385	1266
			1385	1267
			1384	1268
			1384	1269
			1383	1270
			1383	1271
			1382	1272
			1382	1273
			1381	1274
			1381	1275
			1381	1276
			1380	1277
			1380	1278
			1379	1279
			1379	1280
			1379	1281
			1378	1282
			1378	1283
		</curvaI_espina_dorsal>
	</curves.pixel>
	<curves.scaled type=list>
		<curvaD_espina_dorsal type=matrix rownames=FALSE colnames=FALSE nrow=335 ncol=2 as.numeric=TRUE >
			2.61452060637874	-1.87150513490786
			2.61638280054282	-1.87150513490786
			2.61824499470691	-1.87150513490786
			2.620107188871	-1.87336732907194
			2.62196938303509	-1.87336732907194
			2.62383157719917	-1.87336732907194
			2.62569377136326	-1.87522952323603
			2.62755596552735	-1.87522952323603
			2.62941815969144	-1.87522952323603
			2.62941815969144	-1.87709171740012
			2.63128035385552	-1.87709171740012
			2.63314254801961	-1.87709171740012
			2.6350047421837	-1.87895391156421
			2.63686693634779	-1.87895391156421
			2.63872913051187	-1.87895391156421
			2.64059132467596	-1.88081610572829
			2.64245351884005	-1.88081610572829
			2.64245351884005	-1.88267829989238
			2.64431571300414	-1.88267829989238
			2.64617790716822	-1.88454049405647
			2.64804010133231	-1.88454049405647
			2.6499022954964	-1.88640268822056
			2.65176448966049	-1.88640268822056
			2.65362668382457	-1.88826488238464
			2.65548887798866	-1.88826488238464
			2.65735107215275	-1.89012707654873
			2.65921326631684	-1.89012707654873
			2.66107546048092	-1.89198927071282
			2.66293765464501	-1.89385146487691
			2.6647998488091	-1.89385146487691
			2.66666204297319	-1.89571365904099
			2.66852423713727	-1.89757585320508
			2.67038643130136	-1.89757585320508
			2.67224862546545	-1.89943804736917
			2.67411081962953	-1.90130024153326
			2.67597301379362	-1.90130024153326
			2.67783520795771	-1.90316243569734
			2.6796974021218	-1.90502462986143
			2.68155959628588	-1.90688682402552
			2.68342179044997	-1.90688682402552
			2.68528398461406	-1.90874901818961
			2.68714617877815	-1.90874901818961
			2.68714617877815	-1.91061121235369
			2.68900837294223	-1.91061121235369
			2.69087056710632	-1.91247340651778
			2.69273276127041	-1.91433560068187
			2.6945949554345	-1.91433560068187
			2.69645714959858	-1.91619779484595
			2.69831934376267	-1.91805998901004
			2.70018153792676	-1.91992218317413
			2.70204373209085	-1.92178437733822
			2.70390592625493	-1.9236465715023
			2.70576812041902	-1.92550876566639
			2.70763031458311	-1.92550876566639
			2.7094925087472	-1.92550876566639
			2.71135470291128	-1.92737095983048
			2.71321689707537	-1.92923315399457
			2.71507909123946	-1.93109534815865
			2.71694128540355	-1.93109534815865
			2.71880347956763	-1.93295754232274
			2.72066567373172	-1.93295754232274
			2.72252786789581	-1.93481973648683
			2.7243900620599	-1.93668193065092
			2.72625225622398	-1.938544124815
			2.72811445038807	-1.938544124815
			2.72997664455216	-1.94040631897909
			2.73183883871624	-1.94226851314318
			2.73370103288033	-1.94413070730727
			2.73556322704442	-1.94413070730727
			2.73742542120851	-1.94599290147135
			2.73928761537259	-1.94785509563544
			2.74114980953668	-1.94971728979953
			2.74301200370077	-1.94971728979953
			2.74487419786486	-1.95157948396362
			2.74673639202894	-1.95157948396362
			2.74859858619303	-1.9534416781277
			2.74859858619303	-1.95530387229179
			2.75046078035712	-1.95530387229179
			2.75232297452121	-1.95716606645588
			2.75418516868529	-1.95902826061997
			2.75604736284938	-1.95902826061997
			2.75790955701347	-1.96089045478405
			2.75790955701347	-1.96275264894814
			2.75977175117756	-1.96275264894814
			2.76163394534164	-1.96461484311223
			2.76349613950573	-1.96647703727632
			2.76535833366982	-1.9683392314404
			2.76722052783391	-1.9683392314404
			2.76908272199799	-1.97020142560449
			2.77094491616208	-1.97206361976858
			2.77094491616208	-1.97392581393266
			2.77280711032617	-1.97392581393266
			2.77466930449026	-1.97578800809675
			2.77653149865434	-1.97765020226084
			2.77839369281843	-1.97951239642493
			2.78025588698252	-1.98137459058901
			2.78211808114661	-1.98137459058901
			2.78398027531069	-1.9832367847531
			2.78584246947478	-1.98509897891719
			2.78770466363887	-1.98696117308128
			2.78956685780295	-1.98882336724536
			2.79142905196704	-1.99068556140945
			2.79329124613113	-1.99254775557354
			2.79515344029522	-1.99440994973763
			2.7970156344593	-1.99627214390171
			2.79887782862339	-1.99627214390171
			2.79887782862339	-1.9981343380658
			2.80074002278748	-1.9981343380658
			2.80260221695157	-1.99999653222989
			2.80260221695157	-2.00185872639398
			2.80446441111565	-2.00185872639398
			2.80632660527974	-2.00372092055806
			2.80632660527974	-2.00558311472215
			2.80818879944383	-2.00558311472215
			2.81005099360792	-2.00744530888624
			2.811913187772	-2.00930750305033
			2.811913187772	-2.01116969721441
			2.81377538193609	-2.01116969721441
			2.81563757610018	-2.0130318913785
			2.81749977026427	-2.01489408554259
			2.81936196442835	-2.01675627970668
			2.82122415859244	-2.01861847387076
			2.82308635275653	-2.02048066803485
			2.82494854692062	-2.02234286219894
			2.8268107410847	-2.02420505636303
			2.82867293524879	-2.02606725052711
			2.83053512941288	-2.0279294446912
			2.83239732357697	-2.02979163885529
			2.83425951774105	-2.03165383301937
			2.83612171190514	-2.03351602718346
			2.83798390606923	-2.03537822134755
			2.83984610023332	-2.03537822134755
			2.83984610023332	-2.03724041551164
			2.8417082943974	-2.03910260967572
			2.84357048856149	-2.04096480383981
			2.84543268272558	-2.0428269980039
			2.84729487688966	-2.04468919216799
			2.84915707105375	-2.04655138633207
			2.85101926521784	-2.04841358049616
			2.85288145938193	-2.05027577466025
			2.85474365354601	-2.05213796882434
			2.8566058477101	-2.05400016298842
			2.85846804187419	-2.05586235715251
			2.86033023603828	-2.0577245513166
			2.86219243020236	-2.05958674548069
			2.86405462436645	-2.06144893964477
			2.86591681853054	-2.06331113380886
			2.86777901269463	-2.06517332797295
			2.86964120685871	-2.06703552213704
			2.8715034010228	-2.06889771630112
			2.87336559518689	-2.07075991046521
			2.87522778935098	-2.0726221046293
			2.87708998351506	-2.07448429879339
			2.87895217767915	-2.07634649295747
			2.88081437184324	-2.07820868712156
			2.88267656600733	-2.08007088128565
			2.88267656600733	-2.08193307544974
			2.88453876017141	-2.08193307544974
			2.88453876017141	-2.08379526961382
			2.8864009543355	-2.08565746377791
			2.88826314849959	-2.08565746377791
			2.88826314849959	-2.087519657942
			2.89012534266368	-2.08938185210608
			2.89198753682776	-2.09124404627017
			2.89384973099185	-2.09310624043426
			2.89571192515594	-2.09496843459835
			2.89757411932003	-2.09683062876243
			2.89943631348411	-2.09869282292652
			2.89943631348411	-2.10055501709061
			2.9012985076482	-2.10055501709061
			2.90316070181229	-2.1024172112547
			2.90502289597637	-2.10427940541878
			2.90502289597637	-2.10614159958287
			2.90688509014046	-2.10800379374696
			2.90874728430455	-2.10986598791105
			2.91060947846864	-2.10986598791105
			2.91060947846864	-2.11172818207513
			2.91247167263272	-2.11359037623922
			2.91433386679681	-2.11545257040331
			2.91433386679681	-2.1173147645674
			2.9161960609609	-2.11917695873148
			2.9161960609609	-2.12103915289557
			2.9161960609609	-2.12290134705966
			2.91805825512499	-2.12476354122375
			2.91805825512499	-2.12662573538783
			2.91992044928907	-2.12848792955192
			2.91992044928907	-2.13035012371601
			2.92178264345316	-2.1322123178801
			2.92178264345316	-2.13407451204418
			2.92364483761725	-2.13593670620827
			2.92550703178134	-2.13779890037236
			2.92550703178134	-2.13966109453645
			2.92736922594542	-2.14152328870053
			2.92923142010951	-2.14338548286462
			2.92923142010951	-2.14524767702871
			2.9310936142736	-2.14710987119279
			2.93295580843769	-2.14897206535688
			2.93481800260177	-2.15083425952097
			2.93481800260177	-2.15269645368506
			2.93668019676586	-2.15455864784914
			2.93854239092995	-2.15455864784914
			2.94040458509404	-2.15642084201323
			2.94226677925812	-2.15828303617732
			2.94412897342221	-2.16014523034141
			2.9459911675863	-2.16200742450549
			2.94785336175039	-2.16386961866958
			2.94971555591447	-2.16573181283367
			2.95157775007856	-2.16759400699776
			2.95343994424265	-2.16945620116184
			2.95530213840674	-2.16945620116184
			2.95716433257082	-2.17131839532593
			2.95902652673491	-2.17318058949002
			2.960888720899	-2.17504278365411
			2.96275091506308	-2.17504278365411
			2.96461310922717	-2.17690497781819
			2.96647530339126	-2.17876717198228
			2.96833749755535	-2.18062936614637
			2.97019969171943	-2.18062936614637
			2.97206188588352	-2.18249156031046
			2.97392408004761	-2.18435375447454
			2.9757862742117	-2.18435375447454
			2.97764846837578	-2.18621594863863
			2.97951066253987	-2.18621594863863
			2.98137285670396	-2.18807814280272
			2.98323505086805	-2.18807814280272
			2.98509724503213	-2.18994033696681
			2.98695943919622	-2.19180253113089
			2.98882163336031	-2.19180253113089
			2.9906838275244	-2.19366472529498
			2.99254602168848	-2.19366472529498
			2.99440821585257	-2.19552691945907
			2.99627041001666	-2.19552691945907
			2.99813260418075	-2.19738911362316
			2.99999479834483	-2.19738911362316
			3.00185699250892	-2.19925130778724
			3.00371918667301	-2.19925130778724
			3.0055813808371	-2.19925130778724
			3.0055813808371	-2.20111350195133
			3.00744357500118	-2.20111350195133
			3.00930576916527	-2.20297569611542
			3.01116796332936	-2.20297569611542
			3.01303015749345	-2.20297569611542
			3.01489235165753	-2.2048378902795
			3.01675454582162	-2.2048378902795
			3.01675454582162	-2.20670008444359
			3.01861673998571	-2.20670008444359
			3.02047893414979	-2.20670008444359
			3.02234112831388	-2.20856227860768
			3.02420332247797	-2.20856227860768
			3.02606551664206	-2.20856227860768
			3.02792771080614	-2.21042447277177
			3.02978990497023	-2.21042447277177
			3.03165209913432	-2.21228666693585
			3.03351429329841	-2.21228666693585
			3.03537648746249	-2.21228666693585
			3.03723868162658	-2.21414886109994
			3.03910087579067	-2.21414886109994
			3.04096306995476	-2.21414886109994
			3.04282526411884	-2.21601105526403
			3.04468745828293	-2.21787324942812
			3.04654965244702	-2.21787324942812
			3.04841184661111	-2.21787324942812
			3.05027404077519	-2.21787324942812
			3.05027404077519	-2.2197354435922
			3.05213623493928	-2.2197354435922
			3.05399842910337	-2.2197354435922
			3.05586062326746	-2.2197354435922
			3.05586062326746	-2.22159763775629
			3.05772281743154	-2.22159763775629
			3.05958501159563	-2.22159763775629
			3.06144720575972	-2.22159763775629
			3.06144720575972	-2.22345983192038
			3.06330939992381	-2.22345983192038
			3.06517159408789	-2.22345983192038
			3.06703378825198	-2.22345983192038
			3.06703378825198	-2.22532202608447
			3.06889598241607	-2.22532202608447
			3.07075817658016	-2.22532202608447
			3.07262037074424	-2.22532202608447
			3.07262037074424	-2.22718422024855
			3.07448256490833	-2.22718422024855
			3.07634475907242	-2.22718422024855
			3.0782069532365	-2.22718422024855
			3.08006914740059	-2.22904641441264
			3.08193134156468	-2.22904641441264
			3.08379353572877	-2.22904641441264
			3.08565572989285	-2.23090860857673
			3.08751792405694	-2.23090860857673
			3.08938011822103	-2.23090860857673
			3.09124231238512	-2.23090860857673
			3.0931045065492	-2.23277080274082
			3.09496670071329	-2.23277080274082
			3.09682889487738	-2.23277080274082
			3.09869108904147	-2.2346329969049
			3.10055328320555	-2.2346329969049
			3.10241547736964	-2.2346329969049
			3.10427767153373	-2.2346329969049
			3.10613986569782	-2.23649519106899
			3.1080020598619	-2.23649519106899
			3.10986425402599	-2.23649519106899
			3.11172644819008	-2.23835738523308
			3.11358864235417	-2.23835738523308
			3.11545083651825	-2.23835738523308
			3.11731303068234	-2.23835738523308
			3.11917522484643	-2.23835738523308
			3.12103741901052	-2.24021957939717
			3.1228996131746	-2.24021957939717
			3.12476180733869	-2.24021957939717
			3.12662400150278	-2.24021957939717
			3.12662400150278	-2.24208177356125
			3.12848619566687	-2.24208177356125
			3.13034838983095	-2.24208177356125
			3.13221058399504	-2.24208177356125
			3.13407277815913	-2.24208177356125
			3.13593497232321	-2.24394396772534
			3.1377971664873	-2.24394396772534
			3.13965936065139	-2.24394396772534
			3.14152155481548	-2.24394396772534
			3.14338374897956	-2.24580616188943
			3.14524594314365	-2.24580616188943
			3.14710813730774	-2.24580616188943
			3.14897033147183	-2.24580616188943
			3.15083252563591	-2.24580616188943
			3.1526947198	-2.24766835605352
			3.15455691396409	-2.24766835605352
			3.15641910812818	-2.24766835605352
			3.15828130229226	-2.24766835605352
			3.16014349645635	-2.2495305502176
			3.16200569062044	-2.2495305502176
			3.16386788478453	-2.2495305502176
			3.16573007894861	-2.2495305502176
			3.1675922731127	-2.2495305502176
			3.16945446727679	-2.25139274438169
			3.17131666144088	-2.25139274438169
			3.17317885560496	-2.25139274438169
		</curvaD_espina_dorsal>
		<curvaI_espina_dorsal type=matrix rownames=FALSE colnames=FALSE nrow=367 ncol=2 as.numeric=TRUE >
			2.61452060637874	-1.87150513490786
			2.61638280054282	-1.87336732907194
			2.61824499470691	-1.87336732907194
			2.620107188871	-1.87522952323603
			2.62196938303509	-1.87709171740012
			2.62196938303509	-1.87895391156421
			2.62383157719917	-1.87895391156421
			2.62569377136326	-1.88081610572829
			2.62755596552735	-1.88267829989238
			2.62941815969144	-1.88267829989238
			2.63128035385552	-1.88454049405647
			2.63128035385552	-1.88640268822056
			2.63314254801961	-1.88640268822056
			2.6350047421837	-1.88826488238464
			2.63686693634779	-1.89012707654873
			2.63872913051187	-1.89012707654873
			2.64059132467596	-1.89198927071282
			2.64059132467596	-1.89385146487691
			2.64245351884005	-1.89385146487691
			2.64431571300414	-1.89571365904099
			2.64617790716822	-1.89757585320508
			2.64804010133231	-1.89757585320508
			2.64804010133231	-1.89943804736917
			2.6499022954964	-1.90130024153326
			2.65176448966049	-1.90130024153326
			2.65362668382457	-1.90316243569734
			2.65362668382457	-1.90502462986143
			2.65548887798866	-1.90502462986143
			2.65735107215275	-1.90688682402552
			2.65921326631684	-1.90874901818961
			2.66107546048092	-1.91061121235369
			2.66293765464501	-1.91247340651778
			2.6647998488091	-1.91433560068187
			2.66666204297319	-1.91619779484595
			2.66852423713727	-1.91619779484595
			2.67038643130136	-1.91805998901004
			2.67224862546545	-1.91992218317413
			2.67224862546545	-1.92178437733822
			2.67411081962953	-1.92178437733822
			2.67597301379362	-1.9236465715023
			2.67783520795771	-1.92550876566639
			2.6796974021218	-1.92550876566639
			2.6796974021218	-1.92737095983048
			2.68155959628588	-1.92923315399457
			2.68342179044997	-1.93109534815865
			2.68528398461406	-1.93109534815865
			2.68528398461406	-1.93295754232274
			2.68714617877815	-1.93481973648683
			2.68900837294223	-1.93481973648683
			2.69087056710632	-1.93668193065092
			2.69087056710632	-1.938544124815
			2.69273276127041	-1.938544124815
			2.6945949554345	-1.94040631897909
			2.69645714959858	-1.94226851314318
			2.69831934376267	-1.94413070730727
			2.70018153792676	-1.94599290147135
			2.70204373209085	-1.94785509563544
			2.70390592625493	-1.94971728979953
			2.70576812041902	-1.95157948396362
			2.70576812041902	-1.9534416781277
			2.70763031458311	-1.9534416781277
			2.7094925087472	-1.95530387229179
			2.71135470291128	-1.95716606645588
			2.71135470291128	-1.95902826061997
			2.71321689707537	-1.95902826061997
			2.71507909123946	-1.96089045478405
			2.71507909123946	-1.96275264894814
			2.71694128540355	-1.96461484311223
			2.71880347956763	-1.96461484311223
			2.71880347956763	-1.96647703727632
			2.72066567373172	-1.9683392314404
			2.72252786789581	-1.9683392314404
			2.72252786789581	-1.97020142560449
			2.7243900620599	-1.97206361976858
			2.72625225622398	-1.97392581393266
			2.72811445038807	-1.97578800809675
			2.72811445038807	-1.97765020226084
			2.72997664455216	-1.97951239642493
			2.73183883871624	-1.97951239642493
			2.73183883871624	-1.98137459058901
			2.73370103288033	-1.9832367847531
			2.73556322704442	-1.98509897891719
			2.73742542120851	-1.98696117308128
			2.73742542120851	-1.98882336724536
			2.73928761537259	-1.99068556140945
			2.74114980953668	-1.99254775557354
			2.74301200370077	-1.99440994973763
			2.74487419786486	-1.99627214390171
			2.74673639202894	-1.9981343380658
			2.74859858619303	-1.99999653222989
			2.75046078035712	-2.00185872639398
			2.75232297452121	-2.00372092055806
			2.75418516868529	-2.00558311472215
			2.75418516868529	-2.00744530888624
			2.75604736284938	-2.00930750305033
			2.75790955701347	-2.00930750305033
			2.75790955701347	-2.01116969721441
			2.75977175117756	-2.0130318913785
			2.76163394534164	-2.01489408554259
			2.76349613950573	-2.01675627970668
			2.76535833366982	-2.01861847387076
			2.76722052783391	-2.02048066803485
			2.76908272199799	-2.02234286219894
			2.76908272199799	-2.02420505636303
			2.77094491616208	-2.02606725052711
			2.77094491616208	-2.0279294446912
			2.77280711032617	-2.0279294446912
			2.77466930449026	-2.02979163885529
			2.77466930449026	-2.03165383301937
			2.77653149865434	-2.03165383301937
			2.77653149865434	-2.03351602718346
			2.77839369281843	-2.03537822134755
			2.78025588698252	-2.03724041551164
			2.78211808114661	-2.03910260967572
			2.78398027531069	-2.04096480383981
			2.78584246947478	-2.0428269980039
			2.78584246947478	-2.04468919216799
			2.78770466363887	-2.04655138633207
			2.78956685780295	-2.04841358049616
			2.79142905196704	-2.05027577466025
			2.79329124613113	-2.05213796882434
			2.79515344029522	-2.05400016298842
			2.7970156344593	-2.05586235715251
			2.7970156344593	-2.0577245513166
			2.79887782862339	-2.05958674548069
			2.80074002278748	-2.06144893964477
			2.80074002278748	-2.06331113380886
			2.80260221695157	-2.06331113380886
			2.80446441111565	-2.06517332797295
			2.80446441111565	-2.06703552213704
			2.80632660527974	-2.06889771630112
			2.80632660527974	-2.07075991046521
			2.80818879944383	-2.07075991046521
			2.81005099360792	-2.0726221046293
			2.81005099360792	-2.07448429879339
			2.811913187772	-2.07634649295747
			2.81377538193609	-2.07820868712156
			2.81563757610018	-2.08007088128565
			2.81563757610018	-2.08193307544974
			2.81749977026427	-2.08379526961382
			2.81936196442835	-2.08565746377791
			2.82122415859244	-2.087519657942
			2.82308635275653	-2.08938185210608
			2.82308635275653	-2.09124404627017
			2.82494854692062	-2.09310624043426
			2.8268107410847	-2.09496843459835
			2.8268107410847	-2.09683062876243
			2.82867293524879	-2.09869282292652
			2.82867293524879	-2.10055501709061
			2.83053512941288	-2.1024172112547
			2.83239732357697	-2.1024172112547
			2.83239732357697	-2.10427940541878
			2.83425951774105	-2.10614159958287
			2.83425951774105	-2.10800379374696
			2.83612171190514	-2.10986598791105
			2.83798390606923	-2.11172818207513
			2.83798390606923	-2.11359037623922
			2.83984610023332	-2.11545257040331
			2.83984610023332	-2.1173147645674
			2.8417082943974	-2.11917695873148
			2.84357048856149	-2.12103915289557
			2.84357048856149	-2.12290134705966
			2.84357048856149	-2.12476354122375
			2.84543268272558	-2.12662573538783
			2.84543268272558	-2.12848792955192
			2.84729487688966	-2.13035012371601
			2.84729487688966	-2.1322123178801
			2.84729487688966	-2.13407451204418
			2.84729487688966	-2.13593670620827
			2.84729487688966	-2.13779890037236
			2.84729487688966	-2.13966109453645
			2.84729487688966	-2.14152328870053
			2.84543268272558	-2.14338548286462
			2.84543268272558	-2.14524767702871
			2.84357048856149	-2.14710987119279
			2.8417082943974	-2.14897206535688
			2.8417082943974	-2.15083425952097
			2.83984610023332	-2.15269645368506
			2.83984610023332	-2.15455864784914
			2.83798390606923	-2.15642084201323
			2.83612171190514	-2.15828303617732
			2.83612171190514	-2.16014523034141
			2.83425951774105	-2.16014523034141
			2.83425951774105	-2.16200742450549
			2.83239732357697	-2.16386961866958
			2.83053512941288	-2.16573181283367
			2.83053512941288	-2.16759400699776
			2.82867293524879	-2.16945620116184
			2.8268107410847	-2.16945620116184
			2.8268107410847	-2.17131839532593
			2.82494854692062	-2.17318058949002
			2.82494854692062	-2.17504278365411
			2.82308635275653	-2.17690497781819
			2.82122415859244	-2.17690497781819
			2.82122415859244	-2.17876717198228
			2.81936196442835	-2.18062936614637
			2.81749977026427	-2.18249156031046
			2.81749977026427	-2.18435375447454
			2.81563757610018	-2.18435375447454
			2.81377538193609	-2.18621594863863
			2.81377538193609	-2.18807814280272
			2.811913187772	-2.18994033696681
			2.81005099360792	-2.18994033696681
			2.81005099360792	-2.19180253113089
			2.80818879944383	-2.19366472529498
			2.80632660527974	-2.19366472529498
			2.80446441111565	-2.19552691945907
			2.80446441111565	-2.19738911362316
			2.80260221695157	-2.19738911362316
			2.80074002278748	-2.19925130778724
			2.80074002278748	-2.20111350195133
			2.79887782862339	-2.20111350195133
			2.7970156344593	-2.20297569611542
			2.79515344029522	-2.2048378902795
			2.79329124613113	-2.20670008444359
			2.79142905196704	-2.20856227860768
			2.78956685780295	-2.21042447277177
			2.78770466363887	-2.21228666693585
			2.78584246947478	-2.21228666693585
			2.78398027531069	-2.21414886109994
			2.78211808114661	-2.21601105526403
			2.78025588698252	-2.21601105526403
			2.77839369281843	-2.21787324942812
			2.77653149865434	-2.2197354435922
			2.77466930449026	-2.2197354435922
			2.77280711032617	-2.22159763775629
			2.77094491616208	-2.22345983192038
			2.76908272199799	-2.22532202608447
			2.76722052783391	-2.22532202608447
			2.76535833366982	-2.22718422024855
			2.76349613950573	-2.22718422024855
			2.76163394534164	-2.22904641441264
			2.75977175117756	-2.22904641441264
			2.75790955701347	-2.23090860857673
			2.75604736284938	-2.23090860857673
			2.75604736284938	-2.23277080274082
			2.75418516868529	-2.23277080274082
			2.75232297452121	-2.2346329969049
			2.75046078035712	-2.2346329969049
			2.74859858619303	-2.23649519106899
			2.74673639202894	-2.23649519106899
			2.74487419786486	-2.23649519106899
			2.74487419786486	-2.23835738523308
			2.74301200370077	-2.23835738523308
			2.74114980953668	-2.23835738523308
			2.73928761537259	-2.24021957939717
			2.73742542120851	-2.24021957939717
			2.73556322704442	-2.24208177356125
			2.73370103288033	-2.24208177356125
			2.73183883871624	-2.24208177356125
			2.72997664455216	-2.24394396772534
			2.72811445038807	-2.24394396772534
			2.72625225622398	-2.24580616188943
			2.7243900620599	-2.24580616188943
			2.72252786789581	-2.24580616188943
			2.72066567373172	-2.24580616188943
			2.71880347956763	-2.24766835605352
			2.71694128540355	-2.24766835605352
			2.71507909123946	-2.24766835605352
			2.71321689707537	-2.24766835605352
			2.71135470291128	-2.2495305502176
			2.7094925087472	-2.2495305502176
			2.70763031458311	-2.2495305502176
			2.70576812041902	-2.2495305502176
			2.70390592625493	-2.25139274438169
			2.70204373209085	-2.25139274438169
			2.70018153792676	-2.25139274438169
			2.69831934376267	-2.25139274438169
			2.69645714959858	-2.25139274438169
			2.6945949554345	-2.25325493854578
			2.69273276127041	-2.25325493854578
			2.69087056710632	-2.25325493854578
			2.68900837294223	-2.25325493854578
			2.68714617877815	-2.25325493854578
			2.68528398461406	-2.25325493854578
			2.68342179044997	-2.25325493854578
			2.68155959628588	-2.25325493854578
			2.6796974021218	-2.25511713270987
			2.67783520795771	-2.25511713270987
			2.67597301379362	-2.25511713270987
			2.67411081962953	-2.25511713270987
			2.67224862546545	-2.25511713270987
			2.67038643130136	-2.25511713270987
			2.66852423713727	-2.25511713270987
			2.66666204297319	-2.25511713270987
			2.66666204297319	-2.25697932687395
			2.6647998488091	-2.25697932687395
			2.6647998488091	-2.25884152103804
			2.66293765464501	-2.25884152103804
			2.66107546048092	-2.26070371520213
			2.65921326631684	-2.26256590936621
			2.65735107215275	-2.2644281035303
			2.65548887798866	-2.26629029769439
			2.65362668382457	-2.26629029769439
			2.65362668382457	-2.26815249185848
			2.65176448966049	-2.26815249185848
			2.6499022954964	-2.27001468602256
			2.64804010133231	-2.27187688018665
			2.64617790716822	-2.27373907435074
			2.64431571300414	-2.27560126851483
			2.64245351884005	-2.27746346267891
			2.64059132467596	-2.279325656843
			2.63872913051187	-2.279325656843
			2.63686693634779	-2.28118785100709
			2.6350047421837	-2.28305004517118
			2.6350047421837	-2.28491223933526
			2.63314254801961	-2.28491223933526
			2.63128035385552	-2.28677443349935
			2.62941815969144	-2.28863662766344
			2.62941815969144	-2.29049882182753
			2.62755596552735	-2.29049882182753
			2.62569377136326	-2.29236101599161
			2.62383157719917	-2.2942232101557
			2.62383157719917	-2.29608540431979
			2.62196938303509	-2.29794759848388
			2.620107188871	-2.29794759848388
			2.61824499470691	-2.29980979264796
			2.61824499470691	-2.30167198681205
			2.61638280054282	-2.30353418097614
			2.61452060637874	-2.30353418097614
			2.61452060637874	-2.30539637514023
			2.61265841221465	-2.30725856930431
			2.61079621805056	-2.3091207634684
			2.61079621805056	-2.31098295763249
			2.60893402388647	-2.31098295763249
			2.60707182972239	-2.31284515179658
			2.60707182972239	-2.31470734596066
			2.6052096355583	-2.31656954012475
			2.60334744139421	-2.31843173428884
			2.60148524723013	-2.32029392845292
			2.60148524723013	-2.32215612261701
			2.59962305306604	-2.3240183167811
			2.59776085890195	-2.32588051094519
			2.59589866473786	-2.32774270510927
			2.59589866473786	-2.32960489927336
			2.59403647057378	-2.33146709343745
			2.59217427640969	-2.33332928760154
			2.59217427640969	-2.33519148176562
			2.5903120822456	-2.33705367592971
			2.5903120822456	-2.3389158700938
			2.58844988808151	-2.34077806425789
			2.58658769391743	-2.34264025842197
			2.58658769391743	-2.34450245258606
			2.58472549975334	-2.34636464675015
			2.58472549975334	-2.34822684091424
			2.58286330558925	-2.35008903507832
			2.58286330558925	-2.35195122924241
			2.58100111142516	-2.3538134234065
			2.58100111142516	-2.35567561757059
			2.57913891726108	-2.35753781173467
			2.57913891726108	-2.35940000589876
			2.57727672309699	-2.36126220006285
			2.57727672309699	-2.36312439422694
			2.5754145289329	-2.36498658839102
			2.5754145289329	-2.36684878255511
			2.57355233476881	-2.3687109767192
			2.57355233476881	-2.37057317088329
			2.57169014060473	-2.37243536504737
			2.57169014060473	-2.37429755921146
			2.57169014060473	-2.37615975337555
			2.56982794644064	-2.37802194753963
			2.56982794644064	-2.37988414170372
			2.56796575227655	-2.38174633586781
			2.56796575227655	-2.3836085300319
			2.56796575227655	-2.38547072419598
			2.56610355811246	-2.38733291836007
			2.56610355811246	-2.38919511252416
		</curvaI_espina_dorsal>
	</curves.scaled>
	<ruler.points type=matrix rownames=TRUE colnames=FALSE nrow=2 ncol=2 as.numeric=TRUE >
		Ruler point 1	1569	576
		Ruler point 2	2106	575
	</ruler.points>
</shapes>

