<shapes type=list>
	<ruler.pixel type=vector names=FALSE length=1 as.numeric=TRUE >536.008395456638</ruler.pixel>
	<ruler.interval type=vector names=FALSE length=1 as.numeric=TRUE >1</ruler.interval>
	<scaling.units type=vector names=FALSE length=1 as.numeric=FALSE >mm</scaling.units>
	<scaling type=vector names=FALSE length=1 as.numeric=TRUE >0.00186219416408742</scaling>
	<landmarks.pixel type=matrix rownames=TRUE colnames=FALSE nrow=7 ncol=2 as.numeric=TRUE >
		punta_espina_dorsal	1438	901
		esq_izq_caparaza	1367	1168
		superior_ojo	1612	1261
		inferior_ojo	1685	1400
		derecha_ojo	1704	1308
		izquierda_ojo	1598	1353
		organo_dorsal	1689	1159
	</landmarks.pixel>
	<landmarks.scaled type=matrix rownames=TRUE colnames=FALSE nrow=7 ncol=2 as.numeric=TRUE >
		punta_espina_dorsal	2.67783520795771	-1.67783694184276
		esq_izq_caparaza	2.5456194223075	-2.17504278365411
		superior_ojo	3.00185699250892	-2.34822684091424
		inferior_ojo	3.1377971664873	-2.60707182972239
		derecha_ojo	3.17317885560496	-2.43574996662634
		izquierda_ojo	2.9757862742117	-2.51954870401028
		organo_dorsal	3.14524594314365	-2.15828303617732
	</landmarks.scaled>
	<curves.control type=list>
		<curvaD_espina_dorsal type=matrix rownames=FALSE colnames=FALSE nrow=7 ncol=2 as.numeric=TRUE >
			1438	901
			1467	925
			1507	974
			1552	1028
			1563	1052
			1574	1116
			1689	1159
		</curvaD_espina_dorsal>
		<curvaI_espina_dorsal type=matrix rownames=FALSE colnames=FALSE nrow=9 ncol=2 as.numeric=TRUE >
			1438	901
			1475	952
			1495	989
			1536	1048
			1533	1075
			1498	1119
			1429	1108
			1383	1134
			1367	1168
		</curvaI_espina_dorsal>
	</curves.control>
	<curves.pixel type=list>
		<curvaD_espina_dorsal type=matrix rownames=FALSE colnames=FALSE nrow=327 ncol=2 as.numeric=TRUE >
			1438	901
			1439	902
			1440	903
			1441	903
			1442	904
			1443	905
			1444	906
			1445	907
			1446	908
			1447	909
			1448	909
			1449	910
			1450	911
			1451	912
			1452	913
			1453	914
			1454	915
			1455	916
			1456	917
			1457	918
			1458	919
			1459	920
			1460	921
			1461	922
			1462	923
			1462	924
			1463	924
			1464	925
			1464	926
			1465	926
			1466	927
			1466	928
			1467	928
			1468	929
			1468	930
			1469	931
			1470	931
			1470	932
			1471	933
			1472	933
			1472	934
			1473	935
			1474	936
			1475	936
			1475	937
			1476	938
			1477	939
			1478	940
			1479	941
			1480	942
			1481	943
			1481	944
			1482	945
			1483	946
			1484	947
			1485	948
			1486	949
			1487	950
			1487	951
			1488	952
			1489	953
			1490	954
			1491	955
			1492	956
			1493	957
			1494	958
			1494	959
			1495	960
			1496	961
			1497	962
			1498	963
			1499	964
			1500	965
			1501	966
			1501	967
			1502	968
			1503	969
			1504	970
			1505	971
			1505	972
			1506	973
			1507	974
			1507	975
			1508	975
			1509	976
			1510	977
			1510	978
			1511	979
			1512	980
			1513	981
			1513	982
			1514	983
			1515	983
			1516	984
			1516	985
			1517	986
			1518	987
			1518	988
			1519	989
			1520	989
			1520	990
			1521	991
			1522	992
			1522	993
			1523	994
			1524	994
			1524	995
			1525	996
			1525	997
			1526	998
			1527	998
			1527	999
			1528	1000
			1529	1001
			1530	1002
			1530	1003
			1531	1004
			1532	1005
			1533	1006
			1533	1007
			1534	1008
			1535	1008
			1535	1009
			1536	1010
			1537	1011
			1537	1012
			1538	1013
			1538	1014
			1539	1014
			1540	1015
			1540	1016
			1541	1017
			1542	1018
			1542	1019
			1543	1019
			1543	1020
			1544	1021
			1544	1022
			1545	1022
			1545	1023
			1546	1024
			1547	1025
			1547	1026
			1548	1026
			1548	1027
			1549	1028
			1550	1029
			1550	1030
			1551	1031
			1551	1032
			1552	1033
			1553	1034
			1554	1035
			1554	1036
			1555	1037
			1555	1038
			1556	1039
			1556	1040
			1557	1041
			1557	1042
			1558	1042
			1558	1043
			1559	1044
			1559	1045
			1560	1046
			1560	1047
			1561	1047
			1561	1048
			1561	1049
			1562	1050
			1563	1051
			1563	1052
			1563	1053
			1563	1054
			1564	1055
			1564	1056
			1564	1057
			1564	1058
			1565	1059
			1565	1060
			1565	1061
			1565	1062
			1566	1063
			1566	1064
			1566	1065
			1567	1066
			1567	1067
			1567	1068
			1568	1069
			1568	1070
			1569	1071
			1569	1072
			1570	1073
			1570	1074
			1571	1075
			1571	1076
			1572	1077
			1572	1078
			1573	1079
			1573	1080
			1574	1081
			1575	1082
			1575	1083
			1576	1084
			1576	1085
			1577	1086
			1578	1087
			1579	1088
			1580	1089
			1580	1090
			1581	1091
			1581	1092
			1582	1092
			1582	1093
			1583	1094
			1584	1094
			1584	1095
			1585	1096
			1586	1097
			1587	1098
			1588	1099
			1589	1100
			1589	1101
			1590	1102
			1591	1102
			1592	1103
			1592	1104
			1593	1105
			1594	1105
			1595	1106
			1596	1107
			1596	1108
			1597	1108
			1598	1109
			1599	1110
			1600	1110
			1601	1111
			1601	1112
			1602	1113
			1603	1113
			1604	1114
			1605	1115
			1606	1115
			1607	1116
			1608	1117
			1609	1118
			1610	1118
			1611	1119
			1611	1120
			1612	1120
			1613	1121
			1614	1122
			1615	1122
			1616	1123
			1617	1124
			1618	1124
			1619	1125
			1620	1126
			1621	1126
			1622	1127
			1623	1127
			1624	1128
			1625	1129
			1626	1129
			1627	1130
			1628	1131
			1629	1131
			1630	1132
			1631	1132
			1632	1133
			1633	1133
			1634	1134
			1635	1135
			1636	1135
			1637	1136
			1638	1136
			1639	1137
			1640	1137
			1641	1138
			1642	1138
			1643	1139
			1644	1140
			1645	1140
			1646	1140
			1647	1141
			1648	1141
			1649	1142
			1650	1142
			1651	1143
			1652	1143
			1653	1144
			1654	1144
			1655	1145
			1656	1145
			1657	1146
			1658	1146
			1659	1147
			1660	1147
			1661	1148
			1662	1148
			1663	1149
			1664	1149
			1665	1149
			1666	1150
			1667	1150
			1668	1151
			1669	1151
			1670	1151
			1671	1152
			1672	1152
			1673	1153
			1674	1153
			1675	1154
			1676	1154
			1677	1154
			1678	1155
			1679	1155
			1680	1156
			1681	1156
			1682	1156
			1683	1157
			1684	1157
			1685	1157
			1686	1158
			1687	1158
			1688	1159
			1689	1159
		</curvaD_espina_dorsal>
		<curvaI_espina_dorsal type=matrix rownames=FALSE colnames=FALSE nrow=376 ncol=2 as.numeric=TRUE >
			1438	901
			1439	902
			1439	903
			1440	904
			1441	905
			1442	906
			1442	907
			1443	908
			1444	909
			1444	910
			1445	911
			1446	912
			1447	913
			1447	914
			1448	915
			1449	916
			1449	917
			1450	918
			1451	919
			1451	920
			1452	921
			1453	922
			1453	923
			1454	924
			1455	925
			1456	926
			1456	927
			1457	928
			1458	929
			1459	930
			1459	931
			1460	932
			1460	933
			1461	934
			1462	935
			1463	936
			1463	937
			1464	938
			1464	939
			1465	940
			1466	941
			1466	942
			1467	943
			1468	944
			1468	945
			1469	945
			1469	946
			1470	947
			1471	948
			1471	949
			1472	950
			1472	951
			1473	952
			1473	953
			1474	954
			1475	954
			1475	955
			1476	956
			1476	957
			1477	958
			1477	959
			1478	960
			1478	961
			1479	961
			1479	962
			1480	963
			1481	964
			1481	965
			1482	966
			1482	967
			1483	967
			1483	968
			1484	969
			1484	970
			1485	971
			1485	972
			1486	972
			1486	973
			1487	974
			1487	975
			1488	976
			1488	977
			1489	978
			1490	979
			1490	980
			1491	981
			1491	982
			1492	983
			1492	984
			1493	985
			1493	986
			1494	987
			1494	988
			1495	989
			1496	990
			1497	991
			1497	992
			1498	993
			1498	994
			1499	995
			1499	996
			1500	996
			1501	997
			1501	998
			1502	999
			1502	1000
			1503	1001
			1504	1002
			1505	1003
			1505	1004
			1506	1005
			1506	1006
			1507	1007
			1508	1008
			1508	1009
			1509	1010
			1509	1011
			1510	1012
			1510	1013
			1511	1014
			1512	1015
			1513	1016
			1513	1017
			1514	1018
			1514	1019
			1515	1020
			1516	1021
			1516	1022
			1516	1023
			1517	1024
			1518	1025
			1518	1026
			1519	1027
			1519	1028
			1519	1029
			1520	1029
			1520	1030
			1521	1031
			1521	1032
			1522	1033
			1522	1034
			1522	1035
			1523	1035
			1523	1036
			1524	1037
			1524	1038
			1524	1039
			1525	1039
			1525	1040
			1525	1041
			1526	1042
			1526	1043
			1527	1044
			1527	1045
			1527	1046
			1528	1047
			1528	1048
			1528	1049
			1529	1049
			1529	1050
			1529	1051
			1530	1052
			1530	1053
			1530	1054
			1530	1055
			1531	1055
			1531	1056
			1531	1057
			1531	1058
			1532	1059
			1532	1060
			1532	1061
			1532	1062
			1532	1063
			1533	1064
			1533	1065
			1533	1066
			1533	1067
			1533	1068
			1533	1069
			1533	1070
			1533	1071
			1533	1072
			1533	1073
			1533	1074
			1533	1075
			1532	1076
			1531	1077
			1530	1078
			1530	1079
			1529	1080
			1528	1080
			1528	1081
			1527	1082
			1526	1083
			1525	1084
			1524	1085
			1523	1086
			1522	1087
			1521	1087
			1520	1088
			1519	1089
			1518	1090
			1517	1091
			1516	1091
			1515	1092
			1514	1093
			1513	1093
			1512	1094
			1511	1095
			1510	1096
			1509	1096
			1508	1097
			1507	1097
			1506	1098
			1505	1099
			1504	1099
			1503	1100
			1502	1100
			1501	1101
			1500	1101
			1499	1102
			1498	1102
			1497	1103
			1496	1103
			1495	1103
			1494	1104
			1493	1104
			1492	1104
			1491	1105
			1490	1105
			1489	1105
			1488	1106
			1487	1106
			1486	1106
			1485	1107
			1484	1107
			1483	1107
			1482	1107
			1481	1108
			1480	1108
			1479	1108
			1478	1108
			1477	1108
			1476	1108
			1476	1109
			1475	1109
			1474	1109
			1473	1109
			1472	1109
			1471	1109
			1470	1109
			1469	1110
			1468	1110
			1467	1110
			1466	1110
			1465	1110
			1464	1110
			1463	1110
			1462	1110
			1461	1110
			1460	1110
			1459	1110
			1458	1110
			1457	1110
			1456	1110
			1455	1110
			1454	1110
			1453	1110
			1452	1110
			1451	1110
			1450	1110
			1449	1110
			1448	1110
			1447	1110
			1446	1110
			1445	1110
			1444	1110
			1443	1110
			1442	1110
			1441	1110
			1440	1109
			1439	1109
			1438	1109
			1437	1109
			1436	1109
			1435	1109
			1434	1109
			1433	1109
			1432	1109
			1431	1108
			1430	1108
			1429	1108
			1428	1109
			1427	1109
			1426	1110
			1425	1110
			1424	1111
			1423	1111
			1423	1112
			1422	1112
			1421	1113
			1420	1113
			1419	1114
			1418	1115
			1417	1115
			1416	1116
			1415	1116
			1414	1117
			1414	1118
			1413	1118
			1412	1119
			1411	1119
			1410	1120
			1409	1120
			1408	1121
			1408	1122
			1407	1122
			1406	1123
			1405	1123
			1404	1124
			1404	1125
			1403	1125
			1402	1126
			1401	1126
			1401	1127
			1400	1128
			1399	1128
			1398	1129
			1398	1130
			1397	1130
			1396	1131
			1395	1131
			1395	1132
			1394	1133
			1393	1133
			1393	1134
			1392	1135
			1391	1135
			1391	1136
			1390	1137
			1389	1137
			1389	1138
			1388	1138
			1387	1139
			1387	1140
			1386	1140
			1386	1141
			1385	1142
			1384	1142
			1384	1143
			1383	1144
			1382	1145
			1381	1146
			1380	1147
			1380	1148
			1379	1149
			1378	1150
			1377	1151
			1376	1152
			1376	1153
			1375	1154
			1374	1155
			1374	1156
			1373	1157
			1372	1158
			1372	1159
			1371	1160
			1371	1161
			1370	1162
			1369	1163
			1369	1164
			1368	1165
			1368	1166
			1367	1167
			1367	1168
		</curvaI_espina_dorsal>
	</curves.pixel>
	<curves.scaled type=list>
		<curvaD_espina_dorsal type=matrix rownames=FALSE colnames=FALSE nrow=327 ncol=2 as.numeric=TRUE >
			2.67783520795771	-1.67783694184276
			2.6796974021218	-1.67969913600685
			2.68155959628588	-1.68156133017094
			2.68342179044997	-1.68156133017094
			2.68528398461406	-1.68342352433503
			2.68714617877815	-1.68528571849911
			2.68900837294223	-1.6871479126632
			2.69087056710632	-1.68901010682729
			2.69273276127041	-1.69087230099138
			2.6945949554345	-1.69273449515546
			2.69645714959858	-1.69273449515546
			2.69831934376267	-1.69459668931955
			2.70018153792676	-1.69645888348364
			2.70204373209085	-1.69832107764773
			2.70390592625493	-1.70018327181181
			2.70576812041902	-1.7020454659759
			2.70763031458311	-1.70390766013999
			2.7094925087472	-1.70576985430408
			2.71135470291128	-1.70763204846816
			2.71321689707537	-1.70949424263225
			2.71507909123946	-1.71135643679634
			2.71694128540355	-1.71321863096043
			2.71880347956763	-1.71508082512451
			2.72066567373172	-1.7169430192886
			2.72252786789581	-1.71880521345269
			2.72252786789581	-1.72066740761678
			2.7243900620599	-1.72066740761678
			2.72625225622398	-1.72252960178086
			2.72625225622398	-1.72439179594495
			2.72811445038807	-1.72439179594495
			2.72997664455216	-1.72625399010904
			2.72997664455216	-1.72811618427313
			2.73183883871624	-1.72811618427313
			2.73370103288033	-1.72997837843721
			2.73370103288033	-1.7318405726013
			2.73556322704442	-1.73370276676539
			2.73742542120851	-1.73370276676539
			2.73742542120851	-1.73556496092947
			2.73928761537259	-1.73742715509356
			2.74114980953668	-1.73742715509356
			2.74114980953668	-1.73928934925765
			2.74301200370077	-1.74115154342174
			2.74487419786486	-1.74301373758582
			2.74673639202894	-1.74301373758582
			2.74673639202894	-1.74487593174991
			2.74859858619303	-1.746738125914
			2.75046078035712	-1.74860032007809
			2.75232297452121	-1.75046251424217
			2.75418516868529	-1.75232470840626
			2.75604736284938	-1.75418690257035
			2.75790955701347	-1.75604909673444
			2.75790955701347	-1.75791129089852
			2.75977175117756	-1.75977348506261
			2.76163394534164	-1.7616356792267
			2.76349613950573	-1.76349787339079
			2.76535833366982	-1.76536006755487
			2.76722052783391	-1.76722226171896
			2.76908272199799	-1.76908445588305
			2.76908272199799	-1.77094665004714
			2.77094491616208	-1.77280884421122
			2.77280711032617	-1.77467103837531
			2.77466930449026	-1.7765332325394
			2.77653149865434	-1.77839542670349
			2.77839369281843	-1.78025762086757
			2.78025588698252	-1.78211981503166
			2.78211808114661	-1.78398200919575
			2.78211808114661	-1.78584420335984
			2.78398027531069	-1.78770639752392
			2.78584246947478	-1.78956859168801
			2.78770466363887	-1.7914307858521
			2.78956685780295	-1.79329298001618
			2.79142905196704	-1.79515517418027
			2.79329124613113	-1.79701736834436
			2.79515344029522	-1.79887956250845
			2.79515344029522	-1.80074175667253
			2.7970156344593	-1.80260395083662
			2.79887782862339	-1.80446614500071
			2.80074002278748	-1.8063283391648
			2.80260221695157	-1.80819053332888
			2.80260221695157	-1.81005272749297
			2.80446441111565	-1.81191492165706
			2.80632660527974	-1.81377711582115
			2.80632660527974	-1.81563930998523
			2.80818879944383	-1.81563930998523
			2.81005099360792	-1.81750150414932
			2.811913187772	-1.81936369831341
			2.811913187772	-1.8212258924775
			2.81377538193609	-1.82308808664158
			2.81563757610018	-1.82495028080567
			2.81749977026427	-1.82681247496976
			2.81749977026427	-1.82867466913385
			2.81936196442835	-1.83053686329793
			2.82122415859244	-1.83053686329793
			2.82308635275653	-1.83239905746202
			2.82308635275653	-1.83426125162611
			2.82494854692062	-1.8361234457902
			2.8268107410847	-1.83798563995428
			2.8268107410847	-1.83984783411837
			2.82867293524879	-1.84171002828246
			2.83053512941288	-1.84171002828246
			2.83053512941288	-1.84357222244655
			2.83239732357697	-1.84543441661063
			2.83425951774105	-1.84729661077472
			2.83425951774105	-1.84915880493881
			2.83612171190514	-1.8510209991029
			2.83798390606923	-1.8510209991029
			2.83798390606923	-1.85288319326698
			2.83984610023332	-1.85474538743107
			2.83984610023332	-1.85660758159516
			2.8417082943974	-1.85846977575924
			2.84357048856149	-1.85846977575924
			2.84357048856149	-1.86033196992333
			2.84543268272558	-1.86219416408742
			2.84729487688966	-1.86405635825151
			2.84915707105375	-1.86591855241559
			2.84915707105375	-1.86778074657968
			2.85101926521784	-1.86964294074377
			2.85288145938193	-1.87150513490786
			2.85474365354601	-1.87336732907194
			2.85474365354601	-1.87522952323603
			2.8566058477101	-1.87709171740012
			2.85846804187419	-1.87709171740012
			2.85846804187419	-1.87895391156421
			2.86033023603828	-1.88081610572829
			2.86219243020236	-1.88267829989238
			2.86219243020236	-1.88454049405647
			2.86405462436645	-1.88640268822056
			2.86405462436645	-1.88826488238464
			2.86591681853054	-1.88826488238464
			2.86777901269463	-1.89012707654873
			2.86777901269463	-1.89198927071282
			2.86964120685871	-1.89385146487691
			2.8715034010228	-1.89571365904099
			2.8715034010228	-1.89757585320508
			2.87336559518689	-1.89757585320508
			2.87336559518689	-1.89943804736917
			2.87522778935098	-1.90130024153326
			2.87522778935098	-1.90316243569734
			2.87708998351506	-1.90316243569734
			2.87708998351506	-1.90502462986143
			2.87895217767915	-1.90688682402552
			2.88081437184324	-1.90874901818961
			2.88081437184324	-1.91061121235369
			2.88267656600733	-1.91061121235369
			2.88267656600733	-1.91247340651778
			2.88453876017141	-1.91433560068187
			2.8864009543355	-1.91619779484595
			2.8864009543355	-1.91805998901004
			2.88826314849959	-1.91992218317413
			2.88826314849959	-1.92178437733822
			2.89012534266368	-1.9236465715023
			2.89198753682776	-1.92550876566639
			2.89384973099185	-1.92737095983048
			2.89384973099185	-1.92923315399457
			2.89571192515594	-1.93109534815865
			2.89571192515594	-1.93295754232274
			2.89757411932003	-1.93481973648683
			2.89757411932003	-1.93668193065092
			2.89943631348411	-1.938544124815
			2.89943631348411	-1.94040631897909
			2.9012985076482	-1.94040631897909
			2.9012985076482	-1.94226851314318
			2.90316070181229	-1.94413070730727
			2.90316070181229	-1.94599290147135
			2.90502289597637	-1.94785509563544
			2.90502289597637	-1.94971728979953
			2.90688509014046	-1.94971728979953
			2.90688509014046	-1.95157948396362
			2.90688509014046	-1.9534416781277
			2.90874728430455	-1.95530387229179
			2.91060947846864	-1.95716606645588
			2.91060947846864	-1.95902826061997
			2.91060947846864	-1.96089045478405
			2.91060947846864	-1.96275264894814
			2.91247167263272	-1.96461484311223
			2.91247167263272	-1.96647703727632
			2.91247167263272	-1.9683392314404
			2.91247167263272	-1.97020142560449
			2.91433386679681	-1.97206361976858
			2.91433386679681	-1.97392581393266
			2.91433386679681	-1.97578800809675
			2.91433386679681	-1.97765020226084
			2.9161960609609	-1.97951239642493
			2.9161960609609	-1.98137459058901
			2.9161960609609	-1.9832367847531
			2.91805825512499	-1.98509897891719
			2.91805825512499	-1.98696117308128
			2.91805825512499	-1.98882336724536
			2.91992044928907	-1.99068556140945
			2.91992044928907	-1.99254775557354
			2.92178264345316	-1.99440994973763
			2.92178264345316	-1.99627214390171
			2.92364483761725	-1.9981343380658
			2.92364483761725	-1.99999653222989
			2.92550703178134	-2.00185872639398
			2.92550703178134	-2.00372092055806
			2.92736922594542	-2.00558311472215
			2.92736922594542	-2.00744530888624
			2.92923142010951	-2.00930750305033
			2.92923142010951	-2.01116969721441
			2.9310936142736	-2.0130318913785
			2.93295580843769	-2.01489408554259
			2.93295580843769	-2.01675627970668
			2.93481800260177	-2.01861847387076
			2.93481800260177	-2.02048066803485
			2.93668019676586	-2.02234286219894
			2.93854239092995	-2.02420505636303
			2.94040458509404	-2.02606725052711
			2.94226677925812	-2.0279294446912
			2.94226677925812	-2.02979163885529
			2.94412897342221	-2.03165383301937
			2.94412897342221	-2.03351602718346
			2.9459911675863	-2.03351602718346
			2.9459911675863	-2.03537822134755
			2.94785336175039	-2.03724041551164
			2.94971555591447	-2.03724041551164
			2.94971555591447	-2.03910260967572
			2.95157775007856	-2.04096480383981
			2.95343994424265	-2.0428269980039
			2.95530213840674	-2.04468919216799
			2.95716433257082	-2.04655138633207
			2.95902652673491	-2.04841358049616
			2.95902652673491	-2.05027577466025
			2.960888720899	-2.05213796882434
			2.96275091506308	-2.05213796882434
			2.96461310922717	-2.05400016298842
			2.96461310922717	-2.05586235715251
			2.96647530339126	-2.0577245513166
			2.96833749755535	-2.0577245513166
			2.97019969171943	-2.05958674548069
			2.97206188588352	-2.06144893964477
			2.97206188588352	-2.06331113380886
			2.97392408004761	-2.06331113380886
			2.9757862742117	-2.06517332797295
			2.97764846837578	-2.06703552213704
			2.97951066253987	-2.06703552213704
			2.98137285670396	-2.06889771630112
			2.98137285670396	-2.07075991046521
			2.98323505086805	-2.0726221046293
			2.98509724503213	-2.0726221046293
			2.98695943919622	-2.07448429879339
			2.98882163336031	-2.07634649295747
			2.9906838275244	-2.07634649295747
			2.99254602168848	-2.07820868712156
			2.99440821585257	-2.08007088128565
			2.99627041001666	-2.08193307544974
			2.99813260418075	-2.08193307544974
			2.99999479834483	-2.08379526961382
			2.99999479834483	-2.08565746377791
			3.00185699250892	-2.08565746377791
			3.00371918667301	-2.087519657942
			3.0055813808371	-2.08938185210608
			3.00744357500118	-2.08938185210608
			3.00930576916527	-2.09124404627017
			3.01116796332936	-2.09310624043426
			3.01303015749345	-2.09310624043426
			3.01489235165753	-2.09496843459835
			3.01675454582162	-2.09683062876243
			3.01861673998571	-2.09683062876243
			3.02047893414979	-2.09869282292652
			3.02234112831388	-2.09869282292652
			3.02420332247797	-2.10055501709061
			3.02606551664206	-2.1024172112547
			3.02792771080614	-2.1024172112547
			3.02978990497023	-2.10427940541878
			3.03165209913432	-2.10614159958287
			3.03351429329841	-2.10614159958287
			3.03537648746249	-2.10800379374696
			3.03723868162658	-2.10800379374696
			3.03910087579067	-2.10986598791105
			3.04096306995476	-2.10986598791105
			3.04282526411884	-2.11172818207513
			3.04468745828293	-2.11359037623922
			3.04654965244702	-2.11359037623922
			3.04841184661111	-2.11545257040331
			3.05027404077519	-2.11545257040331
			3.05213623493928	-2.1173147645674
			3.05399842910337	-2.1173147645674
			3.05586062326746	-2.11917695873148
			3.05772281743154	-2.11917695873148
			3.05958501159563	-2.12103915289557
			3.06144720575972	-2.12290134705966
			3.06330939992381	-2.12290134705966
			3.06517159408789	-2.12290134705966
			3.06703378825198	-2.12476354122375
			3.06889598241607	-2.12476354122375
			3.07075817658016	-2.12662573538783
			3.07262037074424	-2.12662573538783
			3.07448256490833	-2.12848792955192
			3.07634475907242	-2.12848792955192
			3.0782069532365	-2.13035012371601
			3.08006914740059	-2.13035012371601
			3.08193134156468	-2.1322123178801
			3.08379353572877	-2.1322123178801
			3.08565572989285	-2.13407451204418
			3.08751792405694	-2.13407451204418
			3.08938011822103	-2.13593670620827
			3.09124231238512	-2.13593670620827
			3.0931045065492	-2.13779890037236
			3.09496670071329	-2.13779890037236
			3.09682889487738	-2.13966109453645
			3.09869108904147	-2.13966109453645
			3.10055328320555	-2.13966109453645
			3.10241547736964	-2.14152328870053
			3.10427767153373	-2.14152328870053
			3.10613986569782	-2.14338548286462
			3.1080020598619	-2.14338548286462
			3.10986425402599	-2.14338548286462
			3.11172644819008	-2.14524767702871
			3.11358864235417	-2.14524767702871
			3.11545083651825	-2.14710987119279
			3.11731303068234	-2.14710987119279
			3.11917522484643	-2.14897206535688
			3.12103741901052	-2.14897206535688
			3.1228996131746	-2.14897206535688
			3.12476180733869	-2.15083425952097
			3.12662400150278	-2.15083425952097
			3.12848619566687	-2.15269645368506
			3.13034838983095	-2.15269645368506
			3.13221058399504	-2.15269645368506
			3.13407277815913	-2.15455864784914
			3.13593497232321	-2.15455864784914
			3.1377971664873	-2.15455864784914
			3.13965936065139	-2.15642084201323
			3.14152155481548	-2.15642084201323
			3.14338374897956	-2.15828303617732
			3.14524594314365	-2.15828303617732
		</curvaD_espina_dorsal>
		<curvaI_espina_dorsal type=matrix rownames=FALSE colnames=FALSE nrow=376 ncol=2 as.numeric=TRUE >
			2.67783520795771	-1.67783694184276
			2.6796974021218	-1.67969913600685
			2.6796974021218	-1.68156133017094
			2.68155959628588	-1.68342352433503
			2.68342179044997	-1.68528571849911
			2.68528398461406	-1.6871479126632
			2.68528398461406	-1.68901010682729
			2.68714617877815	-1.69087230099138
			2.68900837294223	-1.69273449515546
			2.68900837294223	-1.69459668931955
			2.69087056710632	-1.69645888348364
			2.69273276127041	-1.69832107764773
			2.6945949554345	-1.70018327181181
			2.6945949554345	-1.7020454659759
			2.69645714959858	-1.70390766013999
			2.69831934376267	-1.70576985430408
			2.69831934376267	-1.70763204846816
			2.70018153792676	-1.70949424263225
			2.70204373209085	-1.71135643679634
			2.70204373209085	-1.71321863096043
			2.70390592625493	-1.71508082512451
			2.70576812041902	-1.7169430192886
			2.70576812041902	-1.71880521345269
			2.70763031458311	-1.72066740761678
			2.7094925087472	-1.72252960178086
			2.71135470291128	-1.72439179594495
			2.71135470291128	-1.72625399010904
			2.71321689707537	-1.72811618427313
			2.71507909123946	-1.72997837843721
			2.71694128540355	-1.7318405726013
			2.71694128540355	-1.73370276676539
			2.71880347956763	-1.73556496092947
			2.71880347956763	-1.73742715509356
			2.72066567373172	-1.73928934925765
			2.72252786789581	-1.74115154342174
			2.7243900620599	-1.74301373758582
			2.7243900620599	-1.74487593174991
			2.72625225622398	-1.746738125914
			2.72625225622398	-1.74860032007809
			2.72811445038807	-1.75046251424217
			2.72997664455216	-1.75232470840626
			2.72997664455216	-1.75418690257035
			2.73183883871624	-1.75604909673444
			2.73370103288033	-1.75791129089852
			2.73370103288033	-1.75977348506261
			2.73556322704442	-1.75977348506261
			2.73556322704442	-1.7616356792267
			2.73742542120851	-1.76349787339079
			2.73928761537259	-1.76536006755487
			2.73928761537259	-1.76722226171896
			2.74114980953668	-1.76908445588305
			2.74114980953668	-1.77094665004714
			2.74301200370077	-1.77280884421122
			2.74301200370077	-1.77467103837531
			2.74487419786486	-1.7765332325394
			2.74673639202894	-1.7765332325394
			2.74673639202894	-1.77839542670349
			2.74859858619303	-1.78025762086757
			2.74859858619303	-1.78211981503166
			2.75046078035712	-1.78398200919575
			2.75046078035712	-1.78584420335984
			2.75232297452121	-1.78770639752392
			2.75232297452121	-1.78956859168801
			2.75418516868529	-1.78956859168801
			2.75418516868529	-1.7914307858521
			2.75604736284938	-1.79329298001618
			2.75790955701347	-1.79515517418027
			2.75790955701347	-1.79701736834436
			2.75977175117756	-1.79887956250845
			2.75977175117756	-1.80074175667253
			2.76163394534164	-1.80074175667253
			2.76163394534164	-1.80260395083662
			2.76349613950573	-1.80446614500071
			2.76349613950573	-1.8063283391648
			2.76535833366982	-1.80819053332888
			2.76535833366982	-1.81005272749297
			2.76722052783391	-1.81005272749297
			2.76722052783391	-1.81191492165706
			2.76908272199799	-1.81377711582115
			2.76908272199799	-1.81563930998523
			2.77094491616208	-1.81750150414932
			2.77094491616208	-1.81936369831341
			2.77280711032617	-1.8212258924775
			2.77466930449026	-1.82308808664158
			2.77466930449026	-1.82495028080567
			2.77653149865434	-1.82681247496976
			2.77653149865434	-1.82867466913385
			2.77839369281843	-1.83053686329793
			2.77839369281843	-1.83239905746202
			2.78025588698252	-1.83426125162611
			2.78025588698252	-1.8361234457902
			2.78211808114661	-1.83798563995428
			2.78211808114661	-1.83984783411837
			2.78398027531069	-1.84171002828246
			2.78584246947478	-1.84357222244655
			2.78770466363887	-1.84543441661063
			2.78770466363887	-1.84729661077472
			2.78956685780295	-1.84915880493881
			2.78956685780295	-1.8510209991029
			2.79142905196704	-1.85288319326698
			2.79142905196704	-1.85474538743107
			2.79329124613113	-1.85474538743107
			2.79515344029522	-1.85660758159516
			2.79515344029522	-1.85846977575924
			2.7970156344593	-1.86033196992333
			2.7970156344593	-1.86219416408742
			2.79887782862339	-1.86405635825151
			2.80074002278748	-1.86591855241559
			2.80260221695157	-1.86778074657968
			2.80260221695157	-1.86964294074377
			2.80446441111565	-1.87150513490786
			2.80446441111565	-1.87336732907194
			2.80632660527974	-1.87522952323603
			2.80818879944383	-1.87709171740012
			2.80818879944383	-1.87895391156421
			2.81005099360792	-1.88081610572829
			2.81005099360792	-1.88267829989238
			2.811913187772	-1.88454049405647
			2.811913187772	-1.88640268822056
			2.81377538193609	-1.88826488238464
			2.81563757610018	-1.89012707654873
			2.81749977026427	-1.89198927071282
			2.81749977026427	-1.89385146487691
			2.81936196442835	-1.89571365904099
			2.81936196442835	-1.89757585320508
			2.82122415859244	-1.89943804736917
			2.82308635275653	-1.90130024153326
			2.82308635275653	-1.90316243569734
			2.82308635275653	-1.90502462986143
			2.82494854692062	-1.90688682402552
			2.8268107410847	-1.90874901818961
			2.8268107410847	-1.91061121235369
			2.82867293524879	-1.91247340651778
			2.82867293524879	-1.91433560068187
			2.82867293524879	-1.91619779484595
			2.83053512941288	-1.91619779484595
			2.83053512941288	-1.91805998901004
			2.83239732357697	-1.91992218317413
			2.83239732357697	-1.92178437733822
			2.83425951774105	-1.9236465715023
			2.83425951774105	-1.92550876566639
			2.83425951774105	-1.92737095983048
			2.83612171190514	-1.92737095983048
			2.83612171190514	-1.92923315399457
			2.83798390606923	-1.93109534815865
			2.83798390606923	-1.93295754232274
			2.83798390606923	-1.93481973648683
			2.83984610023332	-1.93481973648683
			2.83984610023332	-1.93668193065092
			2.83984610023332	-1.938544124815
			2.8417082943974	-1.94040631897909
			2.8417082943974	-1.94226851314318
			2.84357048856149	-1.94413070730727
			2.84357048856149	-1.94599290147135
			2.84357048856149	-1.94785509563544
			2.84543268272558	-1.94971728979953
			2.84543268272558	-1.95157948396362
			2.84543268272558	-1.9534416781277
			2.84729487688966	-1.9534416781277
			2.84729487688966	-1.95530387229179
			2.84729487688966	-1.95716606645588
			2.84915707105375	-1.95902826061997
			2.84915707105375	-1.96089045478405
			2.84915707105375	-1.96275264894814
			2.84915707105375	-1.96461484311223
			2.85101926521784	-1.96461484311223
			2.85101926521784	-1.96647703727632
			2.85101926521784	-1.9683392314404
			2.85101926521784	-1.97020142560449
			2.85288145938193	-1.97206361976858
			2.85288145938193	-1.97392581393266
			2.85288145938193	-1.97578800809675
			2.85288145938193	-1.97765020226084
			2.85288145938193	-1.97951239642493
			2.85474365354601	-1.98137459058901
			2.85474365354601	-1.9832367847531
			2.85474365354601	-1.98509897891719
			2.85474365354601	-1.98696117308128
			2.85474365354601	-1.98882336724536
			2.85474365354601	-1.99068556140945
			2.85474365354601	-1.99254775557354
			2.85474365354601	-1.99440994973763
			2.85474365354601	-1.99627214390171
			2.85474365354601	-1.9981343380658
			2.85474365354601	-1.99999653222989
			2.85474365354601	-2.00185872639398
			2.85288145938193	-2.00372092055806
			2.85101926521784	-2.00558311472215
			2.84915707105375	-2.00744530888624
			2.84915707105375	-2.00930750305033
			2.84729487688966	-2.01116969721441
			2.84543268272558	-2.01116969721441
			2.84543268272558	-2.0130318913785
			2.84357048856149	-2.01489408554259
			2.8417082943974	-2.01675627970668
			2.83984610023332	-2.01861847387076
			2.83798390606923	-2.02048066803485
			2.83612171190514	-2.02234286219894
			2.83425951774105	-2.02420505636303
			2.83239732357697	-2.02420505636303
			2.83053512941288	-2.02606725052711
			2.82867293524879	-2.0279294446912
			2.8268107410847	-2.02979163885529
			2.82494854692062	-2.03165383301937
			2.82308635275653	-2.03165383301937
			2.82122415859244	-2.03351602718346
			2.81936196442835	-2.03537822134755
			2.81749977026427	-2.03537822134755
			2.81563757610018	-2.03724041551164
			2.81377538193609	-2.03910260967572
			2.811913187772	-2.04096480383981
			2.81005099360792	-2.04096480383981
			2.80818879944383	-2.0428269980039
			2.80632660527974	-2.0428269980039
			2.80446441111565	-2.04468919216799
			2.80260221695157	-2.04655138633207
			2.80074002278748	-2.04655138633207
			2.79887782862339	-2.04841358049616
			2.7970156344593	-2.04841358049616
			2.79515344029522	-2.05027577466025
			2.79329124613113	-2.05027577466025
			2.79142905196704	-2.05213796882434
			2.78956685780295	-2.05213796882434
			2.78770466363887	-2.05400016298842
			2.78584246947478	-2.05400016298842
			2.78398027531069	-2.05400016298842
			2.78211808114661	-2.05586235715251
			2.78025588698252	-2.05586235715251
			2.77839369281843	-2.05586235715251
			2.77653149865434	-2.0577245513166
			2.77466930449026	-2.0577245513166
			2.77280711032617	-2.0577245513166
			2.77094491616208	-2.05958674548069
			2.76908272199799	-2.05958674548069
			2.76722052783391	-2.05958674548069
			2.76535833366982	-2.06144893964477
			2.76349613950573	-2.06144893964477
			2.76163394534164	-2.06144893964477
			2.75977175117756	-2.06144893964477
			2.75790955701347	-2.06331113380886
			2.75604736284938	-2.06331113380886
			2.75418516868529	-2.06331113380886
			2.75232297452121	-2.06331113380886
			2.75046078035712	-2.06331113380886
			2.74859858619303	-2.06331113380886
			2.74859858619303	-2.06517332797295
			2.74673639202894	-2.06517332797295
			2.74487419786486	-2.06517332797295
			2.74301200370077	-2.06517332797295
			2.74114980953668	-2.06517332797295
			2.73928761537259	-2.06517332797295
			2.73742542120851	-2.06517332797295
			2.73556322704442	-2.06703552213704
			2.73370103288033	-2.06703552213704
			2.73183883871624	-2.06703552213704
			2.72997664455216	-2.06703552213704
			2.72811445038807	-2.06703552213704
			2.72625225622398	-2.06703552213704
			2.7243900620599	-2.06703552213704
			2.72252786789581	-2.06703552213704
			2.72066567373172	-2.06703552213704
			2.71880347956763	-2.06703552213704
			2.71694128540355	-2.06703552213704
			2.71507909123946	-2.06703552213704
			2.71321689707537	-2.06703552213704
			2.71135470291128	-2.06703552213704
			2.7094925087472	-2.06703552213704
			2.70763031458311	-2.06703552213704
			2.70576812041902	-2.06703552213704
			2.70390592625493	-2.06703552213704
			2.70204373209085	-2.06703552213704
			2.70018153792676	-2.06703552213704
			2.69831934376267	-2.06703552213704
			2.69645714959858	-2.06703552213704
			2.6945949554345	-2.06703552213704
			2.69273276127041	-2.06703552213704
			2.69087056710632	-2.06703552213704
			2.68900837294223	-2.06703552213704
			2.68714617877815	-2.06703552213704
			2.68528398461406	-2.06703552213704
			2.68342179044997	-2.06703552213704
			2.68155959628588	-2.06517332797295
			2.6796974021218	-2.06517332797295
			2.67783520795771	-2.06517332797295
			2.67597301379362	-2.06517332797295
			2.67411081962953	-2.06517332797295
			2.67224862546545	-2.06517332797295
			2.67038643130136	-2.06517332797295
			2.66852423713727	-2.06517332797295
			2.66666204297319	-2.06517332797295
			2.6647998488091	-2.06331113380886
			2.66293765464501	-2.06331113380886
			2.66107546048092	-2.06331113380886
			2.65921326631684	-2.06517332797295
			2.65735107215275	-2.06517332797295
			2.65548887798866	-2.06703552213704
			2.65362668382457	-2.06703552213704
			2.65176448966049	-2.06889771630112
			2.6499022954964	-2.06889771630112
			2.6499022954964	-2.07075991046521
			2.64804010133231	-2.07075991046521
			2.64617790716822	-2.0726221046293
			2.64431571300414	-2.0726221046293
			2.64245351884005	-2.07448429879339
			2.64059132467596	-2.07634649295747
			2.63872913051187	-2.07634649295747
			2.63686693634779	-2.07820868712156
			2.6350047421837	-2.07820868712156
			2.63314254801961	-2.08007088128565
			2.63314254801961	-2.08193307544974
			2.63128035385552	-2.08193307544974
			2.62941815969144	-2.08379526961382
			2.62755596552735	-2.08379526961382
			2.62569377136326	-2.08565746377791
			2.62383157719917	-2.08565746377791
			2.62196938303509	-2.087519657942
			2.62196938303509	-2.08938185210608
			2.620107188871	-2.08938185210608
			2.61824499470691	-2.09124404627017
			2.61638280054282	-2.09124404627017
			2.61452060637874	-2.09310624043426
			2.61452060637874	-2.09496843459835
			2.61265841221465	-2.09496843459835
			2.61079621805056	-2.09683062876243
			2.60893402388647	-2.09683062876243
			2.60893402388647	-2.09869282292652
			2.60707182972239	-2.10055501709061
			2.6052096355583	-2.10055501709061
			2.60334744139421	-2.1024172112547
			2.60334744139421	-2.10427940541878
			2.60148524723013	-2.10427940541878
			2.59962305306604	-2.10614159958287
			2.59776085890195	-2.10614159958287
			2.59776085890195	-2.10800379374696
			2.59589866473786	-2.10986598791105
			2.59403647057378	-2.10986598791105
			2.59403647057378	-2.11172818207513
			2.59217427640969	-2.11359037623922
			2.5903120822456	-2.11359037623922
			2.5903120822456	-2.11545257040331
			2.58844988808151	-2.1173147645674
			2.58658769391743	-2.1173147645674
			2.58658769391743	-2.11917695873148
			2.58472549975334	-2.11917695873148
			2.58286330558925	-2.12103915289557
			2.58286330558925	-2.12290134705966
			2.58100111142516	-2.12290134705966
			2.58100111142516	-2.12476354122375
			2.57913891726108	-2.12662573538783
			2.57727672309699	-2.12662573538783
			2.57727672309699	-2.12848792955192
			2.5754145289329	-2.13035012371601
			2.57355233476881	-2.1322123178801
			2.57169014060473	-2.13407451204418
			2.56982794644064	-2.13593670620827
			2.56982794644064	-2.13779890037236
			2.56796575227655	-2.13966109453645
			2.56610355811246	-2.14152328870053
			2.56424136394838	-2.14338548286462
			2.56237916978429	-2.14524767702871
			2.56237916978429	-2.14710987119279
			2.5605169756202	-2.14897206535688
			2.55865478145611	-2.15083425952097
			2.55865478145611	-2.15269645368506
			2.55679258729203	-2.15455864784914
			2.55493039312794	-2.15642084201323
			2.55493039312794	-2.15828303617732
			2.55306819896385	-2.16014523034141
			2.55306819896385	-2.16200742450549
			2.55120600479976	-2.16386961866958
			2.54934381063568	-2.16573181283367
			2.54934381063568	-2.16759400699776
			2.54748161647159	-2.16945620116184
			2.54748161647159	-2.17131839532593
			2.5456194223075	-2.17318058949002
			2.5456194223075	-2.17504278365411
		</curvaI_espina_dorsal>
	</curves.scaled>
	<ruler.points type=matrix rownames=TRUE colnames=FALSE nrow=2 ncol=2 as.numeric=TRUE >
		Ruler point 1	1569	576
		Ruler point 2	2106	575
	</ruler.points>
</shapes>

