<shapes type=list>
	<ruler.pixel type=vector names=FALSE length=1 as.numeric=TRUE >539.003710562367</ruler.pixel>
	<ruler.interval type=vector names=FALSE length=1 as.numeric=TRUE >1</ruler.interval>
	<scaling.units type=vector names=FALSE length=1 as.numeric=FALSE >mm</scaling.units>
	<scaling type=vector names=FALSE length=1 as.numeric=TRUE >0.00186561969275678</scaling>
	<landmarks.pixel type=matrix rownames=TRUE colnames=FALSE nrow=3 ncol=2 as.numeric=TRUE >
		punta_espina_dorsal	1200	936
		esq_izq_caparaza	1327	1142
		organo_dorsal	1578	909
	</landmarks.pixel>
	<landmarks.scaled type=matrix rownames=TRUE colnames=FALSE nrow=3 ncol=2 as.numeric=TRUE >
		punta_espina_dorsal	2.23874363130813	-1.74622003242034
		esq_izq_caparaza	2.47567733228824	-2.13053768912824
		organo_dorsal	2.9439478751702	-1.69584830071591
	</landmarks.scaled>
	<curves.control type=list>
		<curvaD_espina_dorsal type=matrix rownames=FALSE colnames=FALSE nrow=7 ncol=2 as.numeric=TRUE >
			1200	936
			1237	921
			1316	918
			1405	925
			1436	939
			1457	950
			1578	909
		</curvaD_espina_dorsal>
		<curvaI_espina_dorsal type=matrix rownames=FALSE colnames=FALSE nrow=9 ncol=2 as.numeric=TRUE >
			1200	936
			1211	936
			1309	936
			1384	949
			1397	967
			1400	1017
			1345	1058
			1335	1094
			1327	1142
		</curvaI_espina_dorsal>
	</curves.control>
	<curves.pixel type=list>
		<curvaD_espina_dorsal type=matrix rownames=FALSE colnames=FALSE nrow=388 ncol=2 as.numeric=TRUE >
			1200	936
			1201	936
			1202	935
			1203	935
			1204	934
			1205	934
			1206	934
			1207	933
			1208	933
			1209	933
			1210	932
			1211	932
			1212	932
			1213	931
			1214	931
			1215	931
			1216	931
			1217	930
			1218	930
			1219	930
			1220	930
			1221	929
			1222	929
			1223	929
			1224	928
			1225	928
			1226	928
			1227	928
			1228	928
			1229	927
			1230	927
			1231	927
			1232	927
			1233	927
			1234	926
			1235	926
			1236	926
			1237	926
			1238	926
			1239	925
			1240	925
			1241	925
			1242	925
			1243	925
			1244	925
			1245	924
			1246	924
			1247	924
			1248	924
			1249	924
			1250	924
			1251	923
			1252	923
			1253	923
			1254	923
			1255	923
			1256	923
			1257	923
			1258	922
			1259	922
			1260	922
			1261	922
			1262	922
			1263	922
			1264	922
			1265	922
			1266	922
			1267	921
			1268	921
			1269	921
			1270	921
			1271	921
			1272	921
			1273	921
			1274	921
			1275	921
			1276	921
			1277	920
			1278	920
			1279	920
			1280	920
			1281	920
			1282	920
			1283	920
			1284	920
			1285	920
			1286	920
			1287	920
			1288	920
			1289	919
			1290	919
			1291	919
			1292	919
			1293	919
			1294	919
			1295	919
			1296	919
			1297	919
			1298	919
			1299	919
			1300	919
			1301	919
			1302	919
			1303	919
			1304	919
			1305	919
			1305	918
			1306	918
			1307	918
			1308	918
			1309	918
			1310	918
			1311	918
			1312	918
			1313	918
			1314	918
			1315	918
			1316	918
			1317	918
			1318	918
			1319	918
			1320	918
			1321	918
			1322	918
			1323	919
			1324	919
			1325	919
			1326	919
			1327	919
			1328	919
			1329	919
			1330	919
			1331	919
			1332	919
			1333	919
			1334	919
			1334	920
			1335	920
			1336	920
			1337	920
			1338	920
			1339	920
			1340	920
			1341	920
			1342	920
			1343	920
			1344	921
			1345	921
			1346	921
			1347	921
			1348	921
			1349	921
			1350	921
			1351	921
			1352	921
			1353	922
			1354	922
			1355	922
			1356	922
			1357	922
			1358	922
			1359	922
			1360	922
			1361	922
			1362	923
			1363	923
			1364	923
			1365	923
			1366	923
			1367	923
			1368	923
			1369	924
			1370	924
			1371	924
			1372	924
			1373	924
			1374	924
			1375	924
			1376	924
			1377	925
			1378	925
			1379	925
			1380	925
			1381	925
			1382	925
			1383	925
			1384	926
			1385	926
			1386	926
			1387	926
			1388	926
			1389	927
			1390	927
			1391	927
			1392	927
			1393	927
			1394	927
			1395	928
			1396	928
			1397	928
			1398	928
			1399	928
			1400	928
			1400	929
			1401	929
			1402	929
			1403	929
			1404	929
			1405	930
			1406	930
			1407	930
			1408	930
			1409	931
			1410	931
			1411	931
			1412	931
			1413	931
			1414	932
			1415	932
			1416	932
			1417	932
			1417	933
			1418	933
			1419	933
			1420	933
			1421	934
			1422	934
			1423	934
			1424	935
			1425	935
			1426	935
			1427	935
			1428	936
			1429	936
			1430	936
			1430	937
			1431	937
			1432	937
			1433	938
			1434	938
			1435	939
			1436	939
			1437	940
			1438	940
			1439	940
			1440	940
			1440	941
			1441	941
			1442	941
			1443	941
			1444	941
			1445	941
			1446	941
			1447	941
			1448	941
			1449	941
			1450	941
			1451	941
			1452	941
			1453	941
			1454	941
			1455	941
			1456	941
			1457	941
			1458	941
			1459	941
			1460	941
			1461	941
			1462	940
			1463	940
			1464	940
			1465	940
			1466	940
			1467	940
			1468	940
			1469	939
			1470	939
			1471	939
			1472	939
			1473	939
			1474	939
			1474	938
			1475	938
			1476	938
			1477	938
			1478	938
			1479	938
			1480	937
			1481	937
			1482	937
			1483	937
			1484	937
			1485	936
			1486	936
			1487	936
			1488	936
			1489	936
			1489	935
			1490	935
			1491	935
			1492	935
			1493	935
			1494	934
			1495	934
			1496	934
			1497	934
			1498	933
			1499	933
			1500	933
			1501	932
			1502	932
			1503	932
			1504	932
			1505	932
			1505	931
			1506	931
			1507	931
			1508	931
			1509	930
			1510	930
			1511	930
			1512	930
			1513	929
			1514	929
			1515	929
			1516	928
			1517	928
			1518	928
			1519	927
			1520	927
			1521	927
			1522	927
			1523	926
			1524	926
			1525	926
			1526	926
			1527	925
			1528	925
			1529	925
			1530	924
			1531	924
			1532	924
			1533	924
			1534	923
			1535	923
			1536	923
			1537	922
			1538	922
			1539	922
			1540	921
			1541	921
			1542	921
			1543	920
			1544	920
			1545	920
			1546	919
			1547	919
			1548	919
			1549	919
			1550	918
			1551	918
			1552	918
			1553	917
			1554	917
			1555	916
			1556	916
			1557	916
			1558	916
			1559	915
			1560	915
			1561	915
			1562	914
			1563	914
			1564	914
			1565	913
			1566	913
			1567	913
			1568	912
			1569	912
			1570	912
			1571	911
			1572	911
			1573	911
			1574	910
			1575	910
			1576	910
			1577	909
			1578	909
		</curvaD_espina_dorsal>
		<curvaI_espina_dorsal type=matrix rownames=FALSE colnames=FALSE nrow=381 ncol=2 as.numeric=TRUE >
			1200	936
			1201	936
			1202	936
			1203	936
			1204	936
			1205	936
			1206	936
			1207	936
			1208	936
			1209	936
			1210	936
			1211	936
			1212	936
			1213	936
			1214	936
			1215	936
			1216	936
			1217	936
			1218	936
			1219	936
			1220	936
			1221	936
			1222	936
			1223	936
			1224	936
			1225	936
			1226	936
			1227	936
			1228	936
			1229	936
			1230	936
			1231	936
			1232	936
			1233	936
			1234	936
			1235	936
			1236	936
			1237	936
			1238	936
			1239	936
			1240	936
			1241	936
			1242	936
			1243	936
			1244	936
			1245	936
			1246	936
			1247	936
			1248	936
			1249	936
			1250	936
			1251	936
			1252	936
			1253	936
			1254	936
			1255	936
			1256	936
			1257	936
			1258	936
			1259	936
			1260	936
			1261	936
			1262	936
			1263	936
			1264	936
			1265	936
			1266	936
			1267	936
			1268	936
			1269	936
			1270	936
			1271	936
			1272	936
			1273	936
			1274	936
			1275	936
			1276	936
			1277	936
			1278	936
			1279	936
			1280	936
			1281	936
			1282	936
			1283	936
			1284	936
			1285	936
			1286	936
			1287	936
			1288	936
			1289	936
			1290	936
			1291	936
			1292	936
			1293	936
			1294	936
			1295	936
			1296	936
			1297	936
			1298	936
			1299	936
			1300	936
			1301	936
			1302	936
			1303	936
			1304	936
			1305	936
			1306	936
			1307	936
			1308	936
			1309	936
			1310	936
			1311	936
			1312	937
			1313	937
			1314	937
			1315	937
			1316	937
			1317	937
			1318	938
			1319	938
			1320	938
			1321	938
			1322	938
			1323	939
			1324	939
			1325	939
			1326	939
			1327	939
			1328	940
			1329	940
			1330	940
			1331	940
			1332	940
			1333	941
			1334	941
			1335	941
			1336	941
			1337	941
			1337	942
			1338	942
			1339	942
			1340	942
			1341	942
			1342	943
			1343	943
			1344	943
			1345	943
			1346	944
			1347	944
			1348	944
			1349	944
			1350	945
			1351	945
			1352	945
			1353	945
			1354	946
			1355	946
			1356	946
			1357	946
			1358	947
			1359	947
			1360	948
			1361	948
			1362	948
			1363	949
			1364	949
			1365	949
			1366	949
			1367	950
			1368	950
			1369	950
			1370	951
			1371	951
			1372	951
			1373	952
			1374	952
			1375	953
			1376	953
			1377	954
			1378	954
			1379	954
			1380	955
			1381	955
			1382	956
			1383	956
			1384	957
			1385	957
			1386	958
			1387	958
			1388	959
			1389	960
			1390	961
			1391	961
			1392	962
			1393	962
			1393	963
			1394	964
			1395	964
			1395	965
			1396	966
			1397	967
			1397	968
			1397	969
			1397	970
			1397	971
			1397	972
			1397	973
			1397	974
			1397	975
			1397	976
			1397	977
			1397	978
			1397	979
			1397	980
			1397	981
			1397	982
			1396	983
			1396	984
			1396	985
			1396	986
			1396	987
			1396	988
			1395	989
			1395	990
			1395	991
			1395	992
			1394	993
			1394	994
			1394	995
			1394	996
			1393	997
			1393	998
			1393	999
			1392	1000
			1392	1001
			1391	1002
			1391	1003
			1391	1004
			1390	1005
			1390	1006
			1389	1007
			1389	1008
			1389	1009
			1388	1010
			1387	1011
			1387	1012
			1386	1013
			1386	1014
			1385	1015
			1385	1016
			1384	1017
			1384	1018
			1383	1018
			1383	1019
			1382	1020
			1382	1021
			1381	1022
			1380	1023
			1380	1024
			1379	1025
			1378	1026
			1377	1027
			1376	1028
			1375	1029
			1375	1030
			1374	1031
			1373	1032
			1372	1033
			1372	1034
			1371	1035
			1370	1036
			1369	1037
			1368	1038
			1367	1039
			1366	1040
			1365	1041
			1364	1041
			1364	1042
			1363	1043
			1362	1044
			1361	1045
			1360	1046
			1359	1047
			1358	1048
			1357	1048
			1356	1049
			1355	1050
			1354	1051
			1353	1052
			1352	1053
			1351	1054
			1350	1055
			1349	1055
			1348	1056
			1347	1057
			1346	1058
			1345	1059
			1344	1060
			1344	1061
			1344	1062
			1344	1063
			1343	1064
			1343	1065
			1343	1066
			1343	1067
			1342	1068
			1342	1069
			1342	1070
			1341	1071
			1341	1072
			1341	1073
			1341	1074
			1341	1075
			1340	1076
			1340	1077
			1340	1078
			1340	1079
			1339	1080
			1339	1081
			1339	1082
			1339	1083
			1338	1084
			1338	1085
			1338	1086
			1338	1087
			1337	1088
			1337	1089
			1337	1090
			1337	1091
			1337	1092
			1336	1093
			1336	1094
			1336	1095
			1336	1096
			1336	1097
			1335	1098
			1335	1099
			1335	1100
			1335	1101
			1335	1102
			1334	1103
			1334	1104
			1334	1105
			1334	1106
			1333	1107
			1333	1108
			1333	1109
			1333	1110
			1333	1111
			1332	1112
			1332	1113
			1332	1114
			1332	1115
			1332	1116
			1332	1117
			1331	1117
			1331	1118
			1331	1119
			1331	1120
			1331	1121
			1331	1122
			1330	1123
			1330	1124
			1330	1125
			1330	1126
			1330	1127
			1329	1128
			1329	1129
			1329	1130
			1329	1131
			1329	1132
			1329	1133
			1328	1134
			1328	1135
			1328	1136
			1328	1137
			1328	1138
			1328	1139
			1327	1140
			1327	1141
			1327	1142
		</curvaI_espina_dorsal>
	</curves.pixel>
	<curves.scaled type=list>
		<curvaD_espina_dorsal type=matrix rownames=FALSE colnames=FALSE nrow=388 ncol=2 as.numeric=TRUE >
			2.23874363130813	-1.74622003242034
			2.24060925100089	-1.74622003242034
			2.24247487069365	-1.74435441272759
			2.2443404903864	-1.74435441272759
			2.24620611007916	-1.74248879303483
			2.24807172977192	-1.74248879303483
			2.24993734946467	-1.74248879303483
			2.25180296915743	-1.74062317334207
			2.25366858885019	-1.74062317334207
			2.25553420854294	-1.74062317334207
			2.2573998282357	-1.73875755364932
			2.25926544792846	-1.73875755364932
			2.26113106762121	-1.73875755364932
			2.26299668731397	-1.73689193395656
			2.26486230700673	-1.73689193395656
			2.26672792669949	-1.73689193395656
			2.26859354639224	-1.73689193395656
			2.270459166085	-1.7350263142638
			2.27232478577776	-1.7350263142638
			2.27419040547051	-1.7350263142638
			2.27605602516327	-1.7350263142638
			2.27792164485603	-1.73316069457105
			2.27978726454878	-1.73316069457105
			2.28165288424154	-1.73316069457105
			2.2835185039343	-1.73129507487829
			2.28538412362705	-1.73129507487829
			2.28724974331981	-1.73129507487829
			2.28911536301257	-1.73129507487829
			2.29098098270532	-1.73129507487829
			2.29284660239808	-1.72942945518553
			2.29471222209084	-1.72942945518553
			2.29657784178359	-1.72942945518553
			2.29844346147635	-1.72942945518553
			2.30030908116911	-1.72942945518553
			2.30217470086186	-1.72756383549278
			2.30404032055462	-1.72756383549278
			2.30590594024738	-1.72756383549278
			2.30777155994013	-1.72756383549278
			2.30963717963289	-1.72756383549278
			2.31150279932565	-1.72569821580002
			2.3133684190184	-1.72569821580002
			2.31523403871116	-1.72569821580002
			2.31709965840392	-1.72569821580002
			2.31896527809667	-1.72569821580002
			2.32083089778943	-1.72569821580002
			2.32269651748219	-1.72383259610726
			2.32456213717494	-1.72383259610726
			2.3264277568677	-1.72383259610726
			2.32829337656046	-1.72383259610726
			2.33015899625322	-1.72383259610726
			2.33202461594597	-1.72383259610726
			2.33389023563873	-1.72196697641451
			2.33575585533149	-1.72196697641451
			2.33762147502424	-1.72196697641451
			2.339487094717	-1.72196697641451
			2.34135271440976	-1.72196697641451
			2.34321833410251	-1.72196697641451
			2.34508395379527	-1.72196697641451
			2.34694957348803	-1.72010135672175
			2.34881519318078	-1.72010135672175
			2.35068081287354	-1.72010135672175
			2.3525464325663	-1.72010135672175
			2.35441205225905	-1.72010135672175
			2.35627767195181	-1.72010135672175
			2.35814329164457	-1.72010135672175
			2.36000891133732	-1.72010135672175
			2.36187453103008	-1.72010135672175
			2.36374015072284	-1.71823573702899
			2.36560577041559	-1.71823573702899
			2.36747139010835	-1.71823573702899
			2.36933700980111	-1.71823573702899
			2.37120262949386	-1.71823573702899
			2.37306824918662	-1.71823573702899
			2.37493386887938	-1.71823573702899
			2.37679948857213	-1.71823573702899
			2.37866510826489	-1.71823573702899
			2.38053072795765	-1.71823573702899
			2.38239634765041	-1.71637011733624
			2.38426196734316	-1.71637011733624
			2.38612758703592	-1.71637011733624
			2.38799320672868	-1.71637011733624
			2.38985882642143	-1.71637011733624
			2.39172444611419	-1.71637011733624
			2.39359006580695	-1.71637011733624
			2.3954556854997	-1.71637011733624
			2.39732130519246	-1.71637011733624
			2.39918692488522	-1.71637011733624
			2.40105254457797	-1.71637011733624
			2.40291816427073	-1.71637011733624
			2.40478378396349	-1.71450449764348
			2.40664940365624	-1.71450449764348
			2.408515023349	-1.71450449764348
			2.41038064304176	-1.71450449764348
			2.41224626273451	-1.71450449764348
			2.41411188242727	-1.71450449764348
			2.41597750212003	-1.71450449764348
			2.41784312181278	-1.71450449764348
			2.41970874150554	-1.71450449764348
			2.4215743611983	-1.71450449764348
			2.42343998089105	-1.71450449764348
			2.42530560058381	-1.71450449764348
			2.42717122027657	-1.71450449764348
			2.42903683996932	-1.71450449764348
			2.43090245966208	-1.71450449764348
			2.43276807935484	-1.71450449764348
			2.43463369904759	-1.71450449764348
			2.43463369904759	-1.71263887795072
			2.43649931874035	-1.71263887795072
			2.43836493843311	-1.71263887795072
			2.44023055812587	-1.71263887795072
			2.44209617781862	-1.71263887795072
			2.44396179751138	-1.71263887795072
			2.44582741720414	-1.71263887795072
			2.44769303689689	-1.71263887795072
			2.44955865658965	-1.71263887795072
			2.45142427628241	-1.71263887795072
			2.45328989597516	-1.71263887795072
			2.45515551566792	-1.71263887795072
			2.45702113536068	-1.71263887795072
			2.45888675505343	-1.71263887795072
			2.46075237474619	-1.71263887795072
			2.46261799443895	-1.71263887795072
			2.4644836141317	-1.71263887795072
			2.46634923382446	-1.71263887795072
			2.46821485351722	-1.71450449764348
			2.47008047320997	-1.71450449764348
			2.47194609290273	-1.71450449764348
			2.47381171259549	-1.71450449764348
			2.47567733228824	-1.71450449764348
			2.477542951981	-1.71450449764348
			2.47940857167376	-1.71450449764348
			2.48127419136651	-1.71450449764348
			2.48313981105927	-1.71450449764348
			2.48500543075203	-1.71450449764348
			2.48687105044478	-1.71450449764348
			2.48873667013754	-1.71450449764348
			2.48873667013754	-1.71637011733624
			2.4906022898303	-1.71637011733624
			2.49246790952306	-1.71637011733624
			2.49433352921581	-1.71637011733624
			2.49619914890857	-1.71637011733624
			2.49806476860133	-1.71637011733624
			2.49993038829408	-1.71637011733624
			2.50179600798684	-1.71637011733624
			2.5036616276796	-1.71637011733624
			2.50552724737235	-1.71637011733624
			2.50739286706511	-1.71823573702899
			2.50925848675787	-1.71823573702899
			2.51112410645062	-1.71823573702899
			2.51298972614338	-1.71823573702899
			2.51485534583614	-1.71823573702899
			2.51672096552889	-1.71823573702899
			2.51858658522165	-1.71823573702899
			2.52045220491441	-1.71823573702899
			2.52231782460716	-1.71823573702899
			2.52418344429992	-1.72010135672175
			2.52604906399268	-1.72010135672175
			2.52791468368543	-1.72010135672175
			2.52978030337819	-1.72010135672175
			2.53164592307095	-1.72010135672175
			2.5335115427637	-1.72010135672175
			2.53537716245646	-1.72010135672175
			2.53724278214922	-1.72010135672175
			2.53910840184197	-1.72010135672175
			2.54097402153473	-1.72196697641451
			2.54283964122749	-1.72196697641451
			2.54470526092024	-1.72196697641451
			2.546570880613	-1.72196697641451
			2.54843650030576	-1.72196697641451
			2.55030211999851	-1.72196697641451
			2.55216773969127	-1.72196697641451
			2.55403335938403	-1.72383259610726
			2.55589897907679	-1.72383259610726
			2.55776459876954	-1.72383259610726
			2.5596302184623	-1.72383259610726
			2.56149583815506	-1.72383259610726
			2.56336145784781	-1.72383259610726
			2.56522707754057	-1.72383259610726
			2.56709269723333	-1.72383259610726
			2.56895831692608	-1.72569821580002
			2.57082393661884	-1.72569821580002
			2.5726895563116	-1.72569821580002
			2.57455517600435	-1.72569821580002
			2.57642079569711	-1.72569821580002
			2.57828641538987	-1.72569821580002
			2.58015203508262	-1.72569821580002
			2.58201765477538	-1.72756383549278
			2.58388327446814	-1.72756383549278
			2.58574889416089	-1.72756383549278
			2.58761451385365	-1.72756383549278
			2.58948013354641	-1.72756383549278
			2.59134575323916	-1.72942945518553
			2.59321137293192	-1.72942945518553
			2.59507699262468	-1.72942945518553
			2.59694261231743	-1.72942945518553
			2.59880823201019	-1.72942945518553
			2.60067385170295	-1.72942945518553
			2.6025394713957	-1.73129507487829
			2.60440509108846	-1.73129507487829
			2.60627071078122	-1.73129507487829
			2.60813633047398	-1.73129507487829
			2.61000195016673	-1.73129507487829
			2.61186756985949	-1.73129507487829
			2.61186756985949	-1.73316069457105
			2.61373318955225	-1.73316069457105
			2.615598809245	-1.73316069457105
			2.61746442893776	-1.73316069457105
			2.61933004863052	-1.73316069457105
			2.62119566832327	-1.7350263142638
			2.62306128801603	-1.7350263142638
			2.62492690770879	-1.7350263142638
			2.62679252740154	-1.7350263142638
			2.6286581470943	-1.73689193395656
			2.63052376678706	-1.73689193395656
			2.63238938647981	-1.73689193395656
			2.63425500617257	-1.73689193395656
			2.63612062586533	-1.73689193395656
			2.63798624555808	-1.73875755364932
			2.63985186525084	-1.73875755364932
			2.6417174849436	-1.73875755364932
			2.64358310463635	-1.73875755364932
			2.64358310463635	-1.74062317334207
			2.64544872432911	-1.74062317334207
			2.64731434402187	-1.74062317334207
			2.64917996371462	-1.74062317334207
			2.65104558340738	-1.74248879303483
			2.65291120310014	-1.74248879303483
			2.65477682279289	-1.74248879303483
			2.65664244248565	-1.74435441272759
			2.65850806217841	-1.74435441272759
			2.66037368187117	-1.74435441272759
			2.66223930156392	-1.74435441272759
			2.66410492125668	-1.74622003242034
			2.66597054094944	-1.74622003242034
			2.66783616064219	-1.74622003242034
			2.66783616064219	-1.7480856521131
			2.66970178033495	-1.7480856521131
			2.67156740002771	-1.7480856521131
			2.67343301972046	-1.74995127180586
			2.67529863941322	-1.74995127180586
			2.67716425910598	-1.75181689149861
			2.67902987879873	-1.75181689149861
			2.68089549849149	-1.75368251119137
			2.68276111818425	-1.75368251119137
			2.684626737877	-1.75368251119137
			2.68649235756976	-1.75368251119137
			2.68649235756976	-1.75554813088413
			2.68835797726252	-1.75554813088413
			2.69022359695527	-1.75554813088413
			2.69208921664803	-1.75554813088413
			2.69395483634079	-1.75554813088413
			2.69582045603354	-1.75554813088413
			2.6976860757263	-1.75554813088413
			2.69955169541906	-1.75554813088413
			2.70141731511181	-1.75554813088413
			2.70328293480457	-1.75554813088413
			2.70514855449733	-1.75554813088413
			2.70701417419008	-1.75554813088413
			2.70887979388284	-1.75554813088413
			2.7107454135756	-1.75554813088413
			2.71261103326835	-1.75554813088413
			2.71447665296111	-1.75554813088413
			2.71634227265387	-1.75554813088413
			2.71820789234663	-1.75554813088413
			2.72007351203938	-1.75554813088413
			2.72193913173214	-1.75554813088413
			2.7238047514249	-1.75554813088413
			2.72567037111765	-1.75554813088413
			2.72753599081041	-1.75368251119137
			2.72940161050317	-1.75368251119137
			2.73126723019592	-1.75368251119137
			2.73313284988868	-1.75368251119137
			2.73499846958144	-1.75368251119137
			2.73686408927419	-1.75368251119137
			2.73872970896695	-1.75368251119137
			2.74059532865971	-1.75181689149861
			2.74246094835246	-1.75181689149861
			2.74432656804522	-1.75181689149861
			2.74619218773798	-1.75181689149861
			2.74805780743073	-1.75181689149861
			2.74992342712349	-1.75181689149861
			2.74992342712349	-1.74995127180586
			2.75178904681625	-1.74995127180586
			2.753654666509	-1.74995127180586
			2.75552028620176	-1.74995127180586
			2.75738590589452	-1.74995127180586
			2.75925152558727	-1.74995127180586
			2.76111714528003	-1.7480856521131
			2.76298276497279	-1.7480856521131
			2.76484838466554	-1.7480856521131
			2.7667140043583	-1.7480856521131
			2.76857962405106	-1.7480856521131
			2.77044524374381	-1.74622003242034
			2.77231086343657	-1.74622003242034
			2.77417648312933	-1.74622003242034
			2.77604210282209	-1.74622003242034
			2.77790772251484	-1.74622003242034
			2.77790772251484	-1.74435441272759
			2.7797733422076	-1.74435441272759
			2.78163896190036	-1.74435441272759
			2.78350458159311	-1.74435441272759
			2.78537020128587	-1.74435441272759
			2.78723582097863	-1.74248879303483
			2.78910144067138	-1.74248879303483
			2.79096706036414	-1.74248879303483
			2.7928326800569	-1.74248879303483
			2.79469829974965	-1.74062317334207
			2.79656391944241	-1.74062317334207
			2.79842953913517	-1.74062317334207
			2.80029515882792	-1.73875755364932
			2.80216077852068	-1.73875755364932
			2.80402639821344	-1.73875755364932
			2.80589201790619	-1.73875755364932
			2.80775763759895	-1.73875755364932
			2.80775763759895	-1.73689193395656
			2.80962325729171	-1.73689193395656
			2.81148887698446	-1.73689193395656
			2.81335449667722	-1.73689193395656
			2.81522011636998	-1.7350263142638
			2.81708573606273	-1.7350263142638
			2.81895135575549	-1.7350263142638
			2.82081697544825	-1.7350263142638
			2.822682595141	-1.73316069457105
			2.82454821483376	-1.73316069457105
			2.82641383452652	-1.73316069457105
			2.82827945421927	-1.73129507487829
			2.83014507391203	-1.73129507487829
			2.83201069360479	-1.73129507487829
			2.83387631329755	-1.72942945518553
			2.8357419329903	-1.72942945518553
			2.83760755268306	-1.72942945518553
			2.83947317237582	-1.72942945518553
			2.84133879206857	-1.72756383549278
			2.84320441176133	-1.72756383549278
			2.84507003145409	-1.72756383549278
			2.84693565114684	-1.72756383549278
			2.8488012708396	-1.72569821580002
			2.85066689053236	-1.72569821580002
			2.85253251022511	-1.72569821580002
			2.85439812991787	-1.72383259610726
			2.85626374961063	-1.72383259610726
			2.85812936930338	-1.72383259610726
			2.85999498899614	-1.72383259610726
			2.8618606086889	-1.72196697641451
			2.86372622838165	-1.72196697641451
			2.86559184807441	-1.72196697641451
			2.86745746776717	-1.72010135672175
			2.86932308745992	-1.72010135672175
			2.87118870715268	-1.72010135672175
			2.87305432684544	-1.71823573702899
			2.87491994653819	-1.71823573702899
			2.87678556623095	-1.71823573702899
			2.87865118592371	-1.71637011733624
			2.88051680561646	-1.71637011733624
			2.88238242530922	-1.71637011733624
			2.88424804500198	-1.71450449764348
			2.88611366469474	-1.71450449764348
			2.88797928438749	-1.71450449764348
			2.88984490408025	-1.71450449764348
			2.89171052377301	-1.71263887795072
			2.89357614346576	-1.71263887795072
			2.89544176315852	-1.71263887795072
			2.89730738285128	-1.71077325825797
			2.89917300254403	-1.71077325825797
			2.90103862223679	-1.70890763856521
			2.90290424192955	-1.70890763856521
			2.9047698616223	-1.70890763856521
			2.90663548131506	-1.70890763856521
			2.90850110100782	-1.70704201887245
			2.91036672070057	-1.70704201887245
			2.91223234039333	-1.70704201887245
			2.91409796008609	-1.70517639917969
			2.91596357977884	-1.70517639917969
			2.9178291994716	-1.70517639917969
			2.91969481916436	-1.70331077948694
			2.92156043885711	-1.70331077948694
			2.92342605854987	-1.70331077948694
			2.92529167824263	-1.70144515979418
			2.92715729793538	-1.70144515979418
			2.92902291762814	-1.70144515979418
			2.9308885373209	-1.69957954010142
			2.93275415701365	-1.69957954010142
			2.93461977670641	-1.69957954010142
			2.93648539639917	-1.69771392040867
			2.93835101609193	-1.69771392040867
			2.94021663578468	-1.69771392040867
			2.94208225547744	-1.69584830071591
			2.9439478751702	-1.69584830071591
		</curvaD_espina_dorsal>
		<curvaI_espina_dorsal type=matrix rownames=FALSE colnames=FALSE nrow=381 ncol=2 as.numeric=TRUE >
			2.23874363130813	-1.74622003242034
			2.24060925100089	-1.74622003242034
			2.24247487069365	-1.74622003242034
			2.2443404903864	-1.74622003242034
			2.24620611007916	-1.74622003242034
			2.24807172977192	-1.74622003242034
			2.24993734946467	-1.74622003242034
			2.25180296915743	-1.74622003242034
			2.25366858885019	-1.74622003242034
			2.25553420854294	-1.74622003242034
			2.2573998282357	-1.74622003242034
			2.25926544792846	-1.74622003242034
			2.26113106762121	-1.74622003242034
			2.26299668731397	-1.74622003242034
			2.26486230700673	-1.74622003242034
			2.26672792669949	-1.74622003242034
			2.26859354639224	-1.74622003242034
			2.270459166085	-1.74622003242034
			2.27232478577776	-1.74622003242034
			2.27419040547051	-1.74622003242034
			2.27605602516327	-1.74622003242034
			2.27792164485603	-1.74622003242034
			2.27978726454878	-1.74622003242034
			2.28165288424154	-1.74622003242034
			2.2835185039343	-1.74622003242034
			2.28538412362705	-1.74622003242034
			2.28724974331981	-1.74622003242034
			2.28911536301257	-1.74622003242034
			2.29098098270532	-1.74622003242034
			2.29284660239808	-1.74622003242034
			2.29471222209084	-1.74622003242034
			2.29657784178359	-1.74622003242034
			2.29844346147635	-1.74622003242034
			2.30030908116911	-1.74622003242034
			2.30217470086186	-1.74622003242034
			2.30404032055462	-1.74622003242034
			2.30590594024738	-1.74622003242034
			2.30777155994013	-1.74622003242034
			2.30963717963289	-1.74622003242034
			2.31150279932565	-1.74622003242034
			2.3133684190184	-1.74622003242034
			2.31523403871116	-1.74622003242034
			2.31709965840392	-1.74622003242034
			2.31896527809667	-1.74622003242034
			2.32083089778943	-1.74622003242034
			2.32269651748219	-1.74622003242034
			2.32456213717494	-1.74622003242034
			2.3264277568677	-1.74622003242034
			2.32829337656046	-1.74622003242034
			2.33015899625322	-1.74622003242034
			2.33202461594597	-1.74622003242034
			2.33389023563873	-1.74622003242034
			2.33575585533149	-1.74622003242034
			2.33762147502424	-1.74622003242034
			2.339487094717	-1.74622003242034
			2.34135271440976	-1.74622003242034
			2.34321833410251	-1.74622003242034
			2.34508395379527	-1.74622003242034
			2.34694957348803	-1.74622003242034
			2.34881519318078	-1.74622003242034
			2.35068081287354	-1.74622003242034
			2.3525464325663	-1.74622003242034
			2.35441205225905	-1.74622003242034
			2.35627767195181	-1.74622003242034
			2.35814329164457	-1.74622003242034
			2.36000891133732	-1.74622003242034
			2.36187453103008	-1.74622003242034
			2.36374015072284	-1.74622003242034
			2.36560577041559	-1.74622003242034
			2.36747139010835	-1.74622003242034
			2.36933700980111	-1.74622003242034
			2.37120262949386	-1.74622003242034
			2.37306824918662	-1.74622003242034
			2.37493386887938	-1.74622003242034
			2.37679948857213	-1.74622003242034
			2.37866510826489	-1.74622003242034
			2.38053072795765	-1.74622003242034
			2.38239634765041	-1.74622003242034
			2.38426196734316	-1.74622003242034
			2.38612758703592	-1.74622003242034
			2.38799320672868	-1.74622003242034
			2.38985882642143	-1.74622003242034
			2.39172444611419	-1.74622003242034
			2.39359006580695	-1.74622003242034
			2.3954556854997	-1.74622003242034
			2.39732130519246	-1.74622003242034
			2.39918692488522	-1.74622003242034
			2.40105254457797	-1.74622003242034
			2.40291816427073	-1.74622003242034
			2.40478378396349	-1.74622003242034
			2.40664940365624	-1.74622003242034
			2.408515023349	-1.74622003242034
			2.41038064304176	-1.74622003242034
			2.41224626273451	-1.74622003242034
			2.41411188242727	-1.74622003242034
			2.41597750212003	-1.74622003242034
			2.41784312181278	-1.74622003242034
			2.41970874150554	-1.74622003242034
			2.4215743611983	-1.74622003242034
			2.42343998089105	-1.74622003242034
			2.42530560058381	-1.74622003242034
			2.42717122027657	-1.74622003242034
			2.42903683996932	-1.74622003242034
			2.43090245966208	-1.74622003242034
			2.43276807935484	-1.74622003242034
			2.43463369904759	-1.74622003242034
			2.43649931874035	-1.74622003242034
			2.43836493843311	-1.74622003242034
			2.44023055812587	-1.74622003242034
			2.44209617781862	-1.74622003242034
			2.44396179751138	-1.74622003242034
			2.44582741720414	-1.74622003242034
			2.44769303689689	-1.7480856521131
			2.44955865658965	-1.7480856521131
			2.45142427628241	-1.7480856521131
			2.45328989597516	-1.7480856521131
			2.45515551566792	-1.7480856521131
			2.45702113536068	-1.7480856521131
			2.45888675505343	-1.74995127180586
			2.46075237474619	-1.74995127180586
			2.46261799443895	-1.74995127180586
			2.4644836141317	-1.74995127180586
			2.46634923382446	-1.74995127180586
			2.46821485351722	-1.75181689149861
			2.47008047320997	-1.75181689149861
			2.47194609290273	-1.75181689149861
			2.47381171259549	-1.75181689149861
			2.47567733228824	-1.75181689149861
			2.477542951981	-1.75368251119137
			2.47940857167376	-1.75368251119137
			2.48127419136651	-1.75368251119137
			2.48313981105927	-1.75368251119137
			2.48500543075203	-1.75368251119137
			2.48687105044478	-1.75554813088413
			2.48873667013754	-1.75554813088413
			2.4906022898303	-1.75554813088413
			2.49246790952306	-1.75554813088413
			2.49433352921581	-1.75554813088413
			2.49433352921581	-1.75741375057688
			2.49619914890857	-1.75741375057688
			2.49806476860133	-1.75741375057688
			2.49993038829408	-1.75741375057688
			2.50179600798684	-1.75741375057688
			2.5036616276796	-1.75927937026964
			2.50552724737235	-1.75927937026964
			2.50739286706511	-1.75927937026964
			2.50925848675787	-1.75927937026964
			2.51112410645062	-1.7611449899624
			2.51298972614338	-1.7611449899624
			2.51485534583614	-1.7611449899624
			2.51672096552889	-1.7611449899624
			2.51858658522165	-1.76301060965515
			2.52045220491441	-1.76301060965515
			2.52231782460716	-1.76301060965515
			2.52418344429992	-1.76301060965515
			2.52604906399268	-1.76487622934791
			2.52791468368543	-1.76487622934791
			2.52978030337819	-1.76487622934791
			2.53164592307095	-1.76487622934791
			2.5335115427637	-1.76674184904067
			2.53537716245646	-1.76674184904067
			2.53724278214922	-1.76860746873343
			2.53910840184197	-1.76860746873343
			2.54097402153473	-1.76860746873343
			2.54283964122749	-1.77047308842618
			2.54470526092024	-1.77047308842618
			2.546570880613	-1.77047308842618
			2.54843650030576	-1.77047308842618
			2.55030211999851	-1.77233870811894
			2.55216773969127	-1.77233870811894
			2.55403335938403	-1.77233870811894
			2.55589897907679	-1.7742043278117
			2.55776459876954	-1.7742043278117
			2.5596302184623	-1.7742043278117
			2.56149583815506	-1.77606994750445
			2.56336145784781	-1.77606994750445
			2.56522707754057	-1.77793556719721
			2.56709269723333	-1.77793556719721
			2.56895831692608	-1.77980118688997
			2.57082393661884	-1.77980118688997
			2.5726895563116	-1.77980118688997
			2.57455517600435	-1.78166680658272
			2.57642079569711	-1.78166680658272
			2.57828641538987	-1.78353242627548
			2.58015203508262	-1.78353242627548
			2.58201765477538	-1.78539804596824
			2.58388327446814	-1.78539804596824
			2.58574889416089	-1.78726366566099
			2.58761451385365	-1.78726366566099
			2.58948013354641	-1.78912928535375
			2.59134575323916	-1.79099490504651
			2.59321137293192	-1.79286052473926
			2.59507699262468	-1.79286052473926
			2.59694261231743	-1.79472614443202
			2.59880823201019	-1.79472614443202
			2.59880823201019	-1.79659176412478
			2.60067385170295	-1.79845738381753
			2.6025394713957	-1.79845738381753
			2.6025394713957	-1.80032300351029
			2.60440509108846	-1.80218862320305
			2.60627071078122	-1.8040542428958
			2.60627071078122	-1.80591986258856
			2.60627071078122	-1.80778548228132
			2.60627071078122	-1.80965110197407
			2.60627071078122	-1.81151672166683
			2.60627071078122	-1.81338234135959
			2.60627071078122	-1.81524796105234
			2.60627071078122	-1.8171135807451
			2.60627071078122	-1.81897920043786
			2.60627071078122	-1.82084482013062
			2.60627071078122	-1.82271043982337
			2.60627071078122	-1.82457605951613
			2.60627071078122	-1.82644167920889
			2.60627071078122	-1.82830729890164
			2.60627071078122	-1.8301729185944
			2.60627071078122	-1.83203853828716
			2.60440509108846	-1.83390415797991
			2.60440509108846	-1.83576977767267
			2.60440509108846	-1.83763539736543
			2.60440509108846	-1.83950101705818
			2.60440509108846	-1.84136663675094
			2.60440509108846	-1.8432322564437
			2.6025394713957	-1.84509787613645
			2.6025394713957	-1.84696349582921
			2.6025394713957	-1.84882911552197
			2.6025394713957	-1.85069473521472
			2.60067385170295	-1.85256035490748
			2.60067385170295	-1.85442597460024
			2.60067385170295	-1.85629159429299
			2.60067385170295	-1.85815721398575
			2.59880823201019	-1.86002283367851
			2.59880823201019	-1.86188845337126
			2.59880823201019	-1.86375407306402
			2.59694261231743	-1.86561969275678
			2.59694261231743	-1.86748531244953
			2.59507699262468	-1.86935093214229
			2.59507699262468	-1.87121655183505
			2.59507699262468	-1.8730821715278
			2.59321137293192	-1.87494779122056
			2.59321137293192	-1.87681341091332
			2.59134575323916	-1.87867903060608
			2.59134575323916	-1.88054465029883
			2.59134575323916	-1.88241026999159
			2.58948013354641	-1.88427588968435
			2.58761451385365	-1.8861415093771
			2.58761451385365	-1.88800712906986
			2.58574889416089	-1.88987274876262
			2.58574889416089	-1.89173836845537
			2.58388327446814	-1.89360398814813
			2.58388327446814	-1.89546960784089
			2.58201765477538	-1.89733522753364
			2.58201765477538	-1.8992008472264
			2.58015203508262	-1.8992008472264
			2.58015203508262	-1.90106646691916
			2.57828641538987	-1.90293208661191
			2.57828641538987	-1.90479770630467
			2.57642079569711	-1.90666332599743
			2.57455517600435	-1.90852894569018
			2.57455517600435	-1.91039456538294
			2.5726895563116	-1.9122601850757
			2.57082393661884	-1.91412580476845
			2.56895831692608	-1.91599142446121
			2.56709269723333	-1.91785704415397
			2.56522707754057	-1.91972266384672
			2.56522707754057	-1.92158828353948
			2.56336145784781	-1.92345390323224
			2.56149583815506	-1.92531952292499
			2.5596302184623	-1.92718514261775
			2.5596302184623	-1.92905076231051
			2.55776459876954	-1.93091638200326
			2.55589897907679	-1.93278200169602
			2.55403335938403	-1.93464762138878
			2.55216773969127	-1.93651324108154
			2.55030211999851	-1.93837886077429
			2.54843650030576	-1.94024448046705
			2.546570880613	-1.94211010015981
			2.54470526092024	-1.94211010015981
			2.54470526092024	-1.94397571985256
			2.54283964122749	-1.94584133954532
			2.54097402153473	-1.94770695923808
			2.53910840184197	-1.94957257893083
			2.53724278214922	-1.95143819862359
			2.53537716245646	-1.95330381831635
			2.5335115427637	-1.9551694380091
			2.53164592307095	-1.9551694380091
			2.52978030337819	-1.95703505770186
			2.52791468368543	-1.95890067739462
			2.52604906399268	-1.96076629708737
			2.52418344429992	-1.96263191678013
			2.52231782460716	-1.96449753647289
			2.52045220491441	-1.96636315616564
			2.51858658522165	-1.9682287758584
			2.51672096552889	-1.9682287758584
			2.51485534583614	-1.97009439555116
			2.51298972614338	-1.97196001524391
			2.51112410645062	-1.97382563493667
			2.50925848675787	-1.97569125462943
			2.50739286706511	-1.97755687432218
			2.50739286706511	-1.97942249401494
			2.50739286706511	-1.9812881137077
			2.50739286706511	-1.98315373340045
			2.50552724737235	-1.98501935309321
			2.50552724737235	-1.98688497278597
			2.50552724737235	-1.98875059247872
			2.50552724737235	-1.99061621217148
			2.5036616276796	-1.99248183186424
			2.5036616276796	-1.994347451557
			2.5036616276796	-1.99621307124975
			2.50179600798684	-1.99807869094251
			2.50179600798684	-1.99994431063527
			2.50179600798684	-2.00180993032802
			2.50179600798684	-2.00367555002078
			2.50179600798684	-2.00554116971354
			2.49993038829408	-2.00740678940629
			2.49993038829408	-2.00927240909905
			2.49993038829408	-2.01113802879181
			2.49993038829408	-2.01300364848456
			2.49806476860133	-2.01486926817732
			2.49806476860133	-2.01673488787008
			2.49806476860133	-2.01860050756283
			2.49806476860133	-2.02046612725559
			2.49619914890857	-2.02233174694835
			2.49619914890857	-2.0241973666411
			2.49619914890857	-2.02606298633386
			2.49619914890857	-2.02792860602662
			2.49433352921581	-2.02979422571937
			2.49433352921581	-2.03165984541213
			2.49433352921581	-2.03352546510489
			2.49433352921581	-2.03539108479764
			2.49433352921581	-2.0372567044904
			2.49246790952306	-2.03912232418316
			2.49246790952306	-2.04098794387591
			2.49246790952306	-2.04285356356867
			2.49246790952306	-2.04471918326143
			2.49246790952306	-2.04658480295419
			2.4906022898303	-2.04845042264694
			2.4906022898303	-2.0503160423397
			2.4906022898303	-2.05218166203246
			2.4906022898303	-2.05404728172521
			2.4906022898303	-2.05591290141797
			2.48873667013754	-2.05777852111073
			2.48873667013754	-2.05964414080348
			2.48873667013754	-2.06150976049624
			2.48873667013754	-2.063375380189
			2.48687105044478	-2.06524099988175
			2.48687105044478	-2.06710661957451
			2.48687105044478	-2.06897223926727
			2.48687105044478	-2.07083785896002
			2.48687105044478	-2.07270347865278
			2.48500543075203	-2.07456909834554
			2.48500543075203	-2.07643471803829
			2.48500543075203	-2.07830033773105
			2.48500543075203	-2.08016595742381
			2.48500543075203	-2.08203157711656
			2.48500543075203	-2.08389719680932
			2.48313981105927	-2.08389719680932
			2.48313981105927	-2.08576281650208
			2.48313981105927	-2.08762843619483
			2.48313981105927	-2.08949405588759
			2.48313981105927	-2.09135967558035
			2.48313981105927	-2.0932252952731
			2.48127419136651	-2.09509091496586
			2.48127419136651	-2.09695653465862
			2.48127419136651	-2.09882215435137
			2.48127419136651	-2.10068777404413
			2.48127419136651	-2.10255339373689
			2.47940857167376	-2.10441901342965
			2.47940857167376	-2.1062846331224
			2.47940857167376	-2.10815025281516
			2.47940857167376	-2.11001587250792
			2.47940857167376	-2.11188149220067
			2.47940857167376	-2.11374711189343
			2.477542951981	-2.11561273158619
			2.477542951981	-2.11747835127894
			2.477542951981	-2.1193439709717
			2.477542951981	-2.12120959066446
			2.477542951981	-2.12307521035721
			2.477542951981	-2.12494083004997
			2.47567733228824	-2.12680644974273
			2.47567733228824	-2.12867206943548
			2.47567733228824	-2.13053768912824
		</curvaI_espina_dorsal>
	</curves.scaled>
	<ruler.points type=matrix rownames=TRUE colnames=FALSE nrow=2 ncol=2 as.numeric=TRUE >
		Ruler point 1	1519	537
		Ruler point 2	2055	533
	</ruler.points>
</shapes>

