<shapes type=list>
	<ruler.pixel type=vector names=FALSE length=1 as.numeric=TRUE >539.003710562367</ruler.pixel>
	<ruler.interval type=vector names=FALSE length=1 as.numeric=TRUE >1</ruler.interval>
	<scaling.units type=vector names=FALSE length=1 as.numeric=FALSE >mm</scaling.units>
	<scaling type=vector names=FALSE length=1 as.numeric=TRUE >0.00186561969275678</scaling>
	<landmarks.pixel type=matrix rownames=TRUE colnames=FALSE nrow=3 ncol=2 as.numeric=TRUE >
		punta_espina_dorsal	1526	977
		esq_izq_caparaza	1370	1149
		organo_dorsal	1670	1318
	</landmarks.pixel>
	<landmarks.scaled type=matrix rownames=TRUE colnames=FALSE nrow=3 ncol=2 as.numeric=TRUE >
		punta_espina_dorsal	2.84693565114684	-1.82271043982337
		esq_izq_caparaza	2.55589897907679	-2.14359702697754
		organo_dorsal	3.11558488690382	-2.45888675505343
	</landmarks.scaled>
	<curves.control type=list>
		<curvaD_espina_dorsal type=matrix rownames=FALSE colnames=FALSE nrow=7 ncol=2 as.numeric=TRUE >
			1526	977
			1553	999
			1567	1041
			1576	1101
			1590	1163
			1579	1200
			1670	1318
		</curvaD_espina_dorsal>
		<curvaI_espina_dorsal type=matrix rownames=FALSE colnames=FALSE nrow=9 ncol=2 as.numeric=TRUE >
			1526	977
			1549	1025
			1554	1070
			1557	1110
			1553	1158
			1511	1180
			1481	1152
			1414	1140
			1370	1149
		</curvaI_espina_dorsal>
	</curves.control>
	<curves.pixel type=list>
		<curvaD_espina_dorsal type=matrix rownames=FALSE colnames=FALSE nrow=358 ncol=2 as.numeric=TRUE >
			1526	977
			1527	978
			1528	978
			1529	979
			1529	980
			1530	981
			1531	981
			1532	982
			1533	983
			1533	984
			1534	984
			1535	985
			1536	986
			1537	987
			1537	988
			1538	989
			1539	989
			1540	990
			1540	991
			1541	992
			1542	993
			1543	994
			1543	995
			1544	996
			1545	997
			1545	998
			1546	998
			1547	999
			1547	1000
			1548	1001
			1549	1002
			1549	1003
			1550	1004
			1551	1005
			1551	1006
			1552	1007
			1552	1008
			1553	1009
			1553	1010
			1554	1011
			1555	1012
			1555	1013
			1555	1014
			1556	1014
			1556	1015
			1557	1016
			1557	1017
			1557	1018
			1558	1019
			1559	1020
			1559	1021
			1560	1022
			1560	1023
			1561	1024
			1561	1025
			1561	1026
			1562	1027
			1562	1028
			1563	1029
			1563	1030
			1563	1031
			1564	1032
			1564	1033
			1565	1034
			1565	1035
			1565	1036
			1566	1037
			1566	1038
			1566	1039
			1567	1040
			1567	1041
			1567	1042
			1567	1043
			1567	1044
			1568	1045
			1568	1046
			1568	1047
			1568	1048
			1568	1049
			1568	1050
			1569	1051
			1569	1052
			1569	1053
			1569	1054
			1569	1055
			1569	1056
			1570	1057
			1570	1058
			1570	1059
			1570	1060
			1570	1061
			1570	1062
			1571	1063
			1571	1064
			1571	1065
			1571	1066
			1571	1067
			1571	1068
			1571	1069
			1572	1070
			1572	1071
			1572	1072
			1572	1073
			1572	1074
			1573	1075
			1573	1076
			1573	1077
			1573	1078
			1573	1079
			1573	1080
			1573	1081
			1574	1082
			1574	1083
			1574	1084
			1574	1085
			1574	1086
			1575	1087
			1575	1088
			1575	1089
			1575	1090
			1575	1091
			1576	1092
			1576	1093
			1576	1094
			1576	1095
			1576	1096
			1576	1097
			1577	1098
			1577	1099
			1577	1100
			1577	1101
			1577	1102
			1578	1103
			1578	1104
			1578	1105
			1578	1106
			1578	1107
			1578	1108
			1579	1109
			1579	1110
			1579	1111
			1579	1112
			1579	1113
			1580	1114
			1580	1115
			1580	1116
			1580	1117
			1580	1118
			1581	1119
			1581	1120
			1581	1121
			1581	1122
			1582	1123
			1582	1124
			1582	1125
			1582	1126
			1582	1127
			1583	1128
			1583	1129
			1583	1130
			1583	1131
			1583	1132
			1583	1133
			1584	1133
			1584	1134
			1584	1135
			1584	1136
			1584	1137
			1584	1138
			1585	1138
			1585	1139
			1585	1140
			1585	1141
			1585	1142
			1586	1143
			1586	1144
			1586	1145
			1586	1146
			1587	1147
			1587	1148
			1587	1149
			1587	1150
			1587	1151
			1588	1152
			1588	1153
			1588	1154
			1588	1155
			1589	1156
			1589	1157
			1589	1158
			1589	1159
			1589	1160
			1590	1161
			1590	1162
			1590	1163
			1590	1164
			1590	1165
			1589	1165
			1589	1166
			1589	1167
			1589	1168
			1589	1169
			1589	1170
			1589	1171
			1589	1172
			1589	1173
			1589	1174
			1589	1175
			1589	1176
			1589	1177
			1589	1178
			1589	1179
			1590	1180
			1590	1181
			1590	1182
			1590	1183
			1590	1184
			1590	1185
			1591	1186
			1591	1187
			1591	1188
			1591	1189
			1592	1190
			1592	1191
			1592	1192
			1593	1193
			1593	1194
			1593	1195
			1594	1196
			1594	1197
			1595	1198
			1595	1199
			1595	1200
			1596	1201
			1596	1202
			1596	1203
			1597	1203
			1597	1204
			1597	1205
			1598	1206
			1598	1207
			1599	1208
			1599	1209
			1600	1210
			1600	1211
			1600	1212
			1601	1213
			1601	1214
			1602	1215
			1602	1216
			1603	1216
			1603	1217
			1604	1218
			1604	1219
			1604	1220
			1605	1221
			1605	1222
			1606	1223
			1607	1224
			1607	1225
			1608	1226
			1608	1227
			1609	1228
			1609	1229
			1610	1230
			1610	1231
			1611	1232
			1611	1233
			1612	1234
			1613	1235
			1613	1236
			1614	1237
			1615	1238
			1615	1239
			1616	1240
			1616	1241
			1617	1242
			1617	1243
			1618	1243
			1618	1244
			1618	1245
			1619	1245
			1619	1246
			1620	1247
			1620	1248
			1621	1249
			1622	1250
			1622	1251
			1623	1252
			1623	1253
			1624	1253
			1624	1254
			1625	1255
			1625	1256
			1626	1257
			1627	1258
			1628	1259
			1628	1260
			1629	1261
			1630	1262
			1630	1263
			1631	1264
			1632	1265
			1632	1266
			1633	1267
			1634	1268
			1634	1269
			1635	1270
			1636	1271
			1636	1272
			1637	1273
			1637	1274
			1638	1274
			1638	1275
			1639	1276
			1640	1277
			1641	1278
			1641	1279
			1642	1280
			1643	1281
			1643	1282
			1644	1283
			1645	1284
			1645	1285
			1646	1286
			1647	1287
			1647	1288
			1648	1289
			1649	1290
			1650	1291
			1650	1292
			1651	1293
			1652	1294
			1653	1295
			1653	1296
			1654	1297
			1655	1298
			1655	1299
			1656	1300
			1657	1301
			1658	1302
			1659	1303
			1659	1304
			1660	1305
			1661	1306
			1662	1307
			1662	1308
			1663	1309
			1664	1310
			1665	1311
			1666	1312
			1666	1313
			1667	1314
			1668	1315
			1668	1316
			1669	1316
			1669	1317
			1670	1318
		</curvaD_espina_dorsal>
		<curvaI_espina_dorsal type=matrix rownames=FALSE colnames=FALSE nrow=372 ncol=2 as.numeric=TRUE >
			1526	977
			1526	978
			1527	979
			1527	980
			1528	981
			1528	982
			1529	983
			1529	984
			1530	985
			1530	986
			1531	987
			1531	988
			1532	989
			1532	990
			1532	991
			1533	992
			1533	993
			1534	994
			1534	995
			1535	996
			1535	997
			1535	998
			1536	999
			1536	1000
			1537	1001
			1537	1002
			1537	1003
			1538	1004
			1538	1005
			1539	1006
			1539	1007
			1539	1008
			1540	1009
			1540	1010
			1540	1011
			1541	1012
			1541	1013
			1541	1014
			1542	1015
			1542	1016
			1542	1017
			1543	1018
			1543	1019
			1543	1020
			1544	1021
			1544	1022
			1544	1023
			1545	1024
			1545	1025
			1545	1026
			1545	1027
			1546	1028
			1546	1029
			1546	1030
			1547	1031
			1547	1032
			1547	1033
			1547	1034
			1548	1035
			1548	1036
			1548	1037
			1548	1038
			1549	1039
			1549	1040
			1549	1041
			1549	1042
			1549	1043
			1550	1044
			1550	1045
			1550	1046
			1550	1047
			1551	1048
			1551	1049
			1551	1050
			1551	1051
			1551	1052
			1551	1053
			1552	1054
			1552	1055
			1552	1056
			1552	1057
			1552	1058
			1552	1059
			1553	1060
			1553	1061
			1553	1062
			1553	1063
			1553	1064
			1553	1065
			1553	1066
			1554	1066
			1554	1067
			1554	1068
			1554	1069
			1554	1070
			1554	1071
			1554	1072
			1554	1073
			1554	1074
			1554	1075
			1554	1076
			1554	1077
			1555	1078
			1555	1079
			1555	1080
			1555	1081
			1555	1082
			1555	1083
			1555	1084
			1555	1085
			1555	1086
			1555	1087
			1555	1088
			1555	1089
			1555	1090
			1555	1091
			1555	1092
			1555	1093
			1555	1094
			1555	1095
			1555	1096
			1555	1097
			1555	1098
			1555	1099
			1555	1100
			1555	1101
			1555	1102
			1555	1103
			1555	1104
			1555	1105
			1555	1106
			1555	1107
			1555	1108
			1555	1109
			1555	1110
			1555	1111
			1555	1112
			1555	1113
			1555	1114
			1555	1115
			1555	1116
			1555	1117
			1555	1118
			1555	1119
			1555	1120
			1555	1121
			1555	1122
			1555	1123
			1555	1124
			1555	1125
			1555	1126
			1555	1127
			1555	1128
			1555	1129
			1555	1130
			1555	1131
			1555	1132
			1555	1133
			1555	1134
			1555	1135
			1554	1136
			1554	1137
			1554	1138
			1554	1139
			1554	1140
			1554	1141
			1554	1142
			1554	1143
			1554	1144
			1554	1145
			1554	1146
			1554	1147
			1554	1148
			1554	1149
			1554	1150
			1554	1151
			1553	1152
			1553	1153
			1553	1154
			1553	1155
			1553	1156
			1553	1157
			1553	1158
			1552	1158
			1552	1159
			1551	1159
			1550	1159
			1550	1160
			1549	1160
			1548	1160
			1548	1161
			1547	1161
			1546	1161
			1545	1162
			1544	1162
			1543	1163
			1542	1163
			1541	1163
			1540	1164
			1539	1164
			1538	1164
			1537	1165
			1536	1165
			1535	1165
			1534	1166
			1533	1166
			1532	1166
			1531	1166
			1530	1166
			1529	1167
			1528	1167
			1527	1167
			1526	1167
			1525	1167
			1524	1167
			1523	1167
			1522	1168
			1521	1168
			1520	1168
			1519	1168
			1518	1168
			1517	1168
			1516	1168
			1515	1168
			1514	1168
			1513	1167
			1512	1167
			1511	1167
			1510	1167
			1509	1167
			1508	1167
			1507	1166
			1506	1166
			1505	1166
			1504	1166
			1503	1165
			1502	1165
			1501	1165
			1500	1164
			1499	1164
			1498	1163
			1497	1163
			1496	1162
			1495	1162
			1494	1162
			1494	1161
			1493	1161
			1492	1161
			1492	1160
			1491	1160
			1490	1159
			1489	1159
			1489	1158
			1488	1158
			1487	1157
			1486	1156
			1485	1155
			1484	1155
			1483	1154
			1482	1153
			1481	1152
			1480	1152
			1479	1152
			1478	1151
			1477	1151
			1476	1151
			1475	1151
			1474	1151
			1473	1151
			1472	1150
			1471	1150
			1470	1150
			1469	1150
			1468	1150
			1467	1150
			1466	1149
			1465	1149
			1464	1149
			1463	1149
			1462	1149
			1461	1149
			1460	1149
			1459	1148
			1458	1148
			1457	1148
			1456	1148
			1455	1148
			1454	1148
			1453	1148
			1452	1148
			1451	1148
			1450	1147
			1449	1147
			1448	1147
			1447	1147
			1446	1147
			1445	1147
			1444	1147
			1443	1147
			1442	1147
			1441	1147
			1440	1146
			1439	1146
			1438	1146
			1437	1146
			1436	1146
			1435	1146
			1434	1146
			1433	1146
			1432	1146
			1431	1146
			1430	1146
			1429	1146
			1428	1146
			1427	1146
			1426	1145
			1425	1145
			1424	1145
			1423	1145
			1422	1145
			1421	1145
			1420	1145
			1419	1145
			1418	1145
			1417	1145
			1416	1145
			1415	1145
			1414	1145
			1413	1145
			1412	1145
			1411	1145
			1410	1145
			1409	1145
			1408	1145
			1407	1145
			1406	1145
			1405	1145
			1404	1145
			1403	1145
			1402	1145
			1401	1145
			1400	1145
			1399	1145
			1398	1146
			1397	1146
			1396	1146
			1395	1146
			1394	1146
			1393	1146
			1392	1146
			1391	1146
			1390	1146
			1389	1146
			1388	1146
			1387	1146
			1386	1147
			1385	1147
			1384	1147
			1383	1147
			1382	1147
			1381	1147
			1380	1147
			1379	1147
			1378	1148
			1377	1148
			1376	1148
			1375	1148
			1374	1148
			1373	1148
			1372	1149
			1371	1149
			1370	1149
		</curvaI_espina_dorsal>
	</curves.pixel>
	<curves.scaled type=list>
		<curvaD_espina_dorsal type=matrix rownames=FALSE colnames=FALSE nrow=358 ncol=2 as.numeric=TRUE >
			2.84693565114684	-1.82271043982337
			2.8488012708396	-1.82457605951613
			2.85066689053236	-1.82457605951613
			2.85253251022511	-1.82644167920889
			2.85253251022511	-1.82830729890164
			2.85439812991787	-1.8301729185944
			2.85626374961063	-1.8301729185944
			2.85812936930338	-1.83203853828716
			2.85999498899614	-1.83390415797991
			2.85999498899614	-1.83576977767267
			2.8618606086889	-1.83576977767267
			2.86372622838165	-1.83763539736543
			2.86559184807441	-1.83950101705818
			2.86745746776717	-1.84136663675094
			2.86745746776717	-1.8432322564437
			2.86932308745992	-1.84509787613645
			2.87118870715268	-1.84509787613645
			2.87305432684544	-1.84696349582921
			2.87305432684544	-1.84882911552197
			2.87491994653819	-1.85069473521472
			2.87678556623095	-1.85256035490748
			2.87865118592371	-1.85442597460024
			2.87865118592371	-1.85629159429299
			2.88051680561646	-1.85815721398575
			2.88238242530922	-1.86002283367851
			2.88238242530922	-1.86188845337126
			2.88424804500198	-1.86188845337126
			2.88611366469474	-1.86375407306402
			2.88611366469474	-1.86561969275678
			2.88797928438749	-1.86748531244953
			2.88984490408025	-1.86935093214229
			2.88984490408025	-1.87121655183505
			2.89171052377301	-1.8730821715278
			2.89357614346576	-1.87494779122056
			2.89357614346576	-1.87681341091332
			2.89544176315852	-1.87867903060608
			2.89544176315852	-1.88054465029883
			2.89730738285128	-1.88241026999159
			2.89730738285128	-1.88427588968435
			2.89917300254403	-1.8861415093771
			2.90103862223679	-1.88800712906986
			2.90103862223679	-1.88987274876262
			2.90103862223679	-1.89173836845537
			2.90290424192955	-1.89173836845537
			2.90290424192955	-1.89360398814813
			2.9047698616223	-1.89546960784089
			2.9047698616223	-1.89733522753364
			2.9047698616223	-1.8992008472264
			2.90663548131506	-1.90106646691916
			2.90850110100782	-1.90293208661191
			2.90850110100782	-1.90479770630467
			2.91036672070057	-1.90666332599743
			2.91036672070057	-1.90852894569018
			2.91223234039333	-1.91039456538294
			2.91223234039333	-1.9122601850757
			2.91223234039333	-1.91412580476845
			2.91409796008609	-1.91599142446121
			2.91409796008609	-1.91785704415397
			2.91596357977884	-1.91972266384672
			2.91596357977884	-1.92158828353948
			2.91596357977884	-1.92345390323224
			2.9178291994716	-1.92531952292499
			2.9178291994716	-1.92718514261775
			2.91969481916436	-1.92905076231051
			2.91969481916436	-1.93091638200326
			2.91969481916436	-1.93278200169602
			2.92156043885711	-1.93464762138878
			2.92156043885711	-1.93651324108154
			2.92156043885711	-1.93837886077429
			2.92342605854987	-1.94024448046705
			2.92342605854987	-1.94211010015981
			2.92342605854987	-1.94397571985256
			2.92342605854987	-1.94584133954532
			2.92342605854987	-1.94770695923808
			2.92529167824263	-1.94957257893083
			2.92529167824263	-1.95143819862359
			2.92529167824263	-1.95330381831635
			2.92529167824263	-1.9551694380091
			2.92529167824263	-1.95703505770186
			2.92529167824263	-1.95890067739462
			2.92715729793538	-1.96076629708737
			2.92715729793538	-1.96263191678013
			2.92715729793538	-1.96449753647289
			2.92715729793538	-1.96636315616564
			2.92715729793538	-1.9682287758584
			2.92715729793538	-1.97009439555116
			2.92902291762814	-1.97196001524391
			2.92902291762814	-1.97382563493667
			2.92902291762814	-1.97569125462943
			2.92902291762814	-1.97755687432218
			2.92902291762814	-1.97942249401494
			2.92902291762814	-1.9812881137077
			2.9308885373209	-1.98315373340045
			2.9308885373209	-1.98501935309321
			2.9308885373209	-1.98688497278597
			2.9308885373209	-1.98875059247872
			2.9308885373209	-1.99061621217148
			2.9308885373209	-1.99248183186424
			2.9308885373209	-1.994347451557
			2.93275415701365	-1.99621307124975
			2.93275415701365	-1.99807869094251
			2.93275415701365	-1.99994431063527
			2.93275415701365	-2.00180993032802
			2.93275415701365	-2.00367555002078
			2.93461977670641	-2.00554116971354
			2.93461977670641	-2.00740678940629
			2.93461977670641	-2.00927240909905
			2.93461977670641	-2.01113802879181
			2.93461977670641	-2.01300364848456
			2.93461977670641	-2.01486926817732
			2.93461977670641	-2.01673488787008
			2.93648539639917	-2.01860050756283
			2.93648539639917	-2.02046612725559
			2.93648539639917	-2.02233174694835
			2.93648539639917	-2.0241973666411
			2.93648539639917	-2.02606298633386
			2.93835101609193	-2.02792860602662
			2.93835101609193	-2.02979422571937
			2.93835101609193	-2.03165984541213
			2.93835101609193	-2.03352546510489
			2.93835101609193	-2.03539108479764
			2.94021663578468	-2.0372567044904
			2.94021663578468	-2.03912232418316
			2.94021663578468	-2.04098794387591
			2.94021663578468	-2.04285356356867
			2.94021663578468	-2.04471918326143
			2.94021663578468	-2.04658480295419
			2.94208225547744	-2.04845042264694
			2.94208225547744	-2.0503160423397
			2.94208225547744	-2.05218166203246
			2.94208225547744	-2.05404728172521
			2.94208225547744	-2.05591290141797
			2.9439478751702	-2.05777852111073
			2.9439478751702	-2.05964414080348
			2.9439478751702	-2.06150976049624
			2.9439478751702	-2.063375380189
			2.9439478751702	-2.06524099988175
			2.9439478751702	-2.06710661957451
			2.94581349486295	-2.06897223926727
			2.94581349486295	-2.07083785896002
			2.94581349486295	-2.07270347865278
			2.94581349486295	-2.07456909834554
			2.94581349486295	-2.07643471803829
			2.94767911455571	-2.07830033773105
			2.94767911455571	-2.08016595742381
			2.94767911455571	-2.08203157711656
			2.94767911455571	-2.08389719680932
			2.94767911455571	-2.08576281650208
			2.94954473424847	-2.08762843619483
			2.94954473424847	-2.08949405588759
			2.94954473424847	-2.09135967558035
			2.94954473424847	-2.0932252952731
			2.95141035394122	-2.09509091496586
			2.95141035394122	-2.09695653465862
			2.95141035394122	-2.09882215435137
			2.95141035394122	-2.10068777404413
			2.95141035394122	-2.10255339373689
			2.95327597363398	-2.10441901342965
			2.95327597363398	-2.1062846331224
			2.95327597363398	-2.10815025281516
			2.95327597363398	-2.11001587250792
			2.95327597363398	-2.11188149220067
			2.95327597363398	-2.11374711189343
			2.95514159332674	-2.11374711189343
			2.95514159332674	-2.11561273158619
			2.95514159332674	-2.11747835127894
			2.95514159332674	-2.1193439709717
			2.95514159332674	-2.12120959066446
			2.95514159332674	-2.12307521035721
			2.95700721301949	-2.12307521035721
			2.95700721301949	-2.12494083004997
			2.95700721301949	-2.12680644974273
			2.95700721301949	-2.12867206943548
			2.95700721301949	-2.13053768912824
			2.95887283271225	-2.132403308821
			2.95887283271225	-2.13426892851375
			2.95887283271225	-2.13613454820651
			2.95887283271225	-2.13800016789927
			2.96073845240501	-2.13986578759202
			2.96073845240501	-2.14173140728478
			2.96073845240501	-2.14359702697754
			2.96073845240501	-2.14546264667029
			2.96073845240501	-2.14732826636305
			2.96260407209776	-2.14919388605581
			2.96260407209776	-2.15105950574856
			2.96260407209776	-2.15292512544132
			2.96260407209776	-2.15479074513408
			2.96446969179052	-2.15665636482683
			2.96446969179052	-2.15852198451959
			2.96446969179052	-2.16038760421235
			2.96446969179052	-2.16225322390511
			2.96446969179052	-2.16411884359786
			2.96633531148328	-2.16598446329062
			2.96633531148328	-2.16785008298338
			2.96633531148328	-2.16971570267613
			2.96633531148328	-2.17158132236889
			2.96633531148328	-2.17344694206165
			2.96446969179052	-2.17344694206165
			2.96446969179052	-2.1753125617544
			2.96446969179052	-2.17717818144716
			2.96446969179052	-2.17904380113992
			2.96446969179052	-2.18090942083267
			2.96446969179052	-2.18277504052543
			2.96446969179052	-2.18464066021819
			2.96446969179052	-2.18650627991094
			2.96446969179052	-2.1883718996037
			2.96446969179052	-2.19023751929646
			2.96446969179052	-2.19210313898921
			2.96446969179052	-2.19396875868197
			2.96446969179052	-2.19583437837473
			2.96446969179052	-2.19769999806748
			2.96446969179052	-2.19956561776024
			2.96633531148328	-2.201431237453
			2.96633531148328	-2.20329685714575
			2.96633531148328	-2.20516247683851
			2.96633531148328	-2.20702809653127
			2.96633531148328	-2.20889371622402
			2.96633531148328	-2.21075933591678
			2.96820093117603	-2.21262495560954
			2.96820093117603	-2.2144905753023
			2.96820093117603	-2.21635619499505
			2.96820093117603	-2.21822181468781
			2.97006655086879	-2.22008743438057
			2.97006655086879	-2.22195305407332
			2.97006655086879	-2.22381867376608
			2.97193217056155	-2.22568429345884
			2.97193217056155	-2.22754991315159
			2.97193217056155	-2.22941553284435
			2.9737977902543	-2.23128115253711
			2.9737977902543	-2.23314677222986
			2.97566340994706	-2.23501239192262
			2.97566340994706	-2.23687801161538
			2.97566340994706	-2.23874363130813
			2.97752902963982	-2.24060925100089
			2.97752902963982	-2.24247487069365
			2.97752902963982	-2.2443404903864
			2.97939464933257	-2.2443404903864
			2.97939464933257	-2.24620611007916
			2.97939464933257	-2.24807172977192
			2.98126026902533	-2.24993734946467
			2.98126026902533	-2.25180296915743
			2.98312588871809	-2.25366858885019
			2.98312588871809	-2.25553420854294
			2.98499150841084	-2.2573998282357
			2.98499150841084	-2.25926544792846
			2.98499150841084	-2.26113106762121
			2.9868571281036	-2.26299668731397
			2.9868571281036	-2.26486230700673
			2.98872274779636	-2.26672792669949
			2.98872274779636	-2.26859354639224
			2.99058836748911	-2.26859354639224
			2.99058836748911	-2.270459166085
			2.99245398718187	-2.27232478577776
			2.99245398718187	-2.27419040547051
			2.99245398718187	-2.27605602516327
			2.99431960687463	-2.27792164485603
			2.99431960687463	-2.27978726454878
			2.99618522656738	-2.28165288424154
			2.99805084626014	-2.2835185039343
			2.99805084626014	-2.28538412362705
			2.9999164659529	-2.28724974331981
			2.9999164659529	-2.28911536301257
			3.00178208564566	-2.29098098270532
			3.00178208564566	-2.29284660239808
			3.00364770533841	-2.29471222209084
			3.00364770533841	-2.29657784178359
			3.00551332503117	-2.29844346147635
			3.00551332503117	-2.30030908116911
			3.00737894472393	-2.30217470086186
			3.00924456441668	-2.30404032055462
			3.00924456441668	-2.30590594024738
			3.01111018410944	-2.30777155994013
			3.0129758038022	-2.30963717963289
			3.0129758038022	-2.31150279932565
			3.01484142349495	-2.3133684190184
			3.01484142349495	-2.31523403871116
			3.01670704318771	-2.31709965840392
			3.01670704318771	-2.31896527809667
			3.01857266288047	-2.31896527809667
			3.01857266288047	-2.32083089778943
			3.01857266288047	-2.32269651748219
			3.02043828257322	-2.32269651748219
			3.02043828257322	-2.32456213717494
			3.02230390226598	-2.3264277568677
			3.02230390226598	-2.32829337656046
			3.02416952195874	-2.33015899625322
			3.02603514165149	-2.33202461594597
			3.02603514165149	-2.33389023563873
			3.02790076134425	-2.33575585533149
			3.02790076134425	-2.33762147502424
			3.02976638103701	-2.33762147502424
			3.02976638103701	-2.339487094717
			3.03163200072976	-2.34135271440976
			3.03163200072976	-2.34321833410251
			3.03349762042252	-2.34508395379527
			3.03536324011528	-2.34694957348803
			3.03722885980803	-2.34881519318078
			3.03722885980803	-2.35068081287354
			3.03909447950079	-2.3525464325663
			3.04096009919355	-2.35441205225905
			3.04096009919355	-2.35627767195181
			3.0428257188863	-2.35814329164457
			3.04469133857906	-2.36000891133732
			3.04469133857906	-2.36187453103008
			3.04655695827182	-2.36374015072284
			3.04842257796457	-2.36560577041559
			3.04842257796457	-2.36747139010835
			3.05028819765733	-2.36933700980111
			3.05215381735009	-2.37120262949386
			3.05215381735009	-2.37306824918662
			3.05401943704285	-2.37493386887938
			3.05401943704285	-2.37679948857213
			3.0558850567356	-2.37679948857213
			3.0558850567356	-2.37866510826489
			3.05775067642836	-2.38053072795765
			3.05961629612112	-2.38239634765041
			3.06148191581387	-2.38426196734316
			3.06148191581387	-2.38612758703592
			3.06334753550663	-2.38799320672868
			3.06521315519939	-2.38985882642143
			3.06521315519939	-2.39172444611419
			3.06707877489214	-2.39359006580695
			3.0689443945849	-2.3954556854997
			3.0689443945849	-2.39732130519246
			3.07081001427766	-2.39918692488522
			3.07267563397041	-2.40105254457797
			3.07267563397041	-2.40291816427073
			3.07454125366317	-2.40478378396349
			3.07640687335593	-2.40664940365624
			3.07827249304868	-2.408515023349
			3.07827249304868	-2.41038064304176
			3.08013811274144	-2.41224626273451
			3.0820037324342	-2.41411188242727
			3.08386935212695	-2.41597750212003
			3.08386935212695	-2.41784312181278
			3.08573497181971	-2.41970874150554
			3.08760059151247	-2.4215743611983
			3.08760059151247	-2.42343998089105
			3.08946621120522	-2.42530560058381
			3.09133183089798	-2.42717122027657
			3.09319745059074	-2.42903683996932
			3.09506307028349	-2.43090245966208
			3.09506307028349	-2.43276807935484
			3.09692868997625	-2.43463369904759
			3.09879430966901	-2.43649931874035
			3.10065992936176	-2.43836493843311
			3.10065992936176	-2.44023055812587
			3.10252554905452	-2.44209617781862
			3.10439116874728	-2.44396179751138
			3.10625678844003	-2.44582741720414
			3.10812240813279	-2.44769303689689
			3.10812240813279	-2.44955865658965
			3.10998802782555	-2.45142427628241
			3.11185364751831	-2.45328989597516
			3.11185364751831	-2.45515551566792
			3.11371926721106	-2.45515551566792
			3.11371926721106	-2.45702113536068
			3.11558488690382	-2.45888675505343
		</curvaD_espina_dorsal>
		<curvaI_espina_dorsal type=matrix rownames=FALSE colnames=FALSE nrow=372 ncol=2 as.numeric=TRUE >
			2.84693565114684	-1.82271043982337
			2.84693565114684	-1.82457605951613
			2.8488012708396	-1.82644167920889
			2.8488012708396	-1.82830729890164
			2.85066689053236	-1.8301729185944
			2.85066689053236	-1.83203853828716
			2.85253251022511	-1.83390415797991
			2.85253251022511	-1.83576977767267
			2.85439812991787	-1.83763539736543
			2.85439812991787	-1.83950101705818
			2.85626374961063	-1.84136663675094
			2.85626374961063	-1.8432322564437
			2.85812936930338	-1.84509787613645
			2.85812936930338	-1.84696349582921
			2.85812936930338	-1.84882911552197
			2.85999498899614	-1.85069473521472
			2.85999498899614	-1.85256035490748
			2.8618606086889	-1.85442597460024
			2.8618606086889	-1.85629159429299
			2.86372622838165	-1.85815721398575
			2.86372622838165	-1.86002283367851
			2.86372622838165	-1.86188845337126
			2.86559184807441	-1.86375407306402
			2.86559184807441	-1.86561969275678
			2.86745746776717	-1.86748531244953
			2.86745746776717	-1.86935093214229
			2.86745746776717	-1.87121655183505
			2.86932308745992	-1.8730821715278
			2.86932308745992	-1.87494779122056
			2.87118870715268	-1.87681341091332
			2.87118870715268	-1.87867903060608
			2.87118870715268	-1.88054465029883
			2.87305432684544	-1.88241026999159
			2.87305432684544	-1.88427588968435
			2.87305432684544	-1.8861415093771
			2.87491994653819	-1.88800712906986
			2.87491994653819	-1.88987274876262
			2.87491994653819	-1.89173836845537
			2.87678556623095	-1.89360398814813
			2.87678556623095	-1.89546960784089
			2.87678556623095	-1.89733522753364
			2.87865118592371	-1.8992008472264
			2.87865118592371	-1.90106646691916
			2.87865118592371	-1.90293208661191
			2.88051680561646	-1.90479770630467
			2.88051680561646	-1.90666332599743
			2.88051680561646	-1.90852894569018
			2.88238242530922	-1.91039456538294
			2.88238242530922	-1.9122601850757
			2.88238242530922	-1.91412580476845
			2.88238242530922	-1.91599142446121
			2.88424804500198	-1.91785704415397
			2.88424804500198	-1.91972266384672
			2.88424804500198	-1.92158828353948
			2.88611366469474	-1.92345390323224
			2.88611366469474	-1.92531952292499
			2.88611366469474	-1.92718514261775
			2.88611366469474	-1.92905076231051
			2.88797928438749	-1.93091638200326
			2.88797928438749	-1.93278200169602
			2.88797928438749	-1.93464762138878
			2.88797928438749	-1.93651324108154
			2.88984490408025	-1.93837886077429
			2.88984490408025	-1.94024448046705
			2.88984490408025	-1.94211010015981
			2.88984490408025	-1.94397571985256
			2.88984490408025	-1.94584133954532
			2.89171052377301	-1.94770695923808
			2.89171052377301	-1.94957257893083
			2.89171052377301	-1.95143819862359
			2.89171052377301	-1.95330381831635
			2.89357614346576	-1.9551694380091
			2.89357614346576	-1.95703505770186
			2.89357614346576	-1.95890067739462
			2.89357614346576	-1.96076629708737
			2.89357614346576	-1.96263191678013
			2.89357614346576	-1.96449753647289
			2.89544176315852	-1.96636315616564
			2.89544176315852	-1.9682287758584
			2.89544176315852	-1.97009439555116
			2.89544176315852	-1.97196001524391
			2.89544176315852	-1.97382563493667
			2.89544176315852	-1.97569125462943
			2.89730738285128	-1.97755687432218
			2.89730738285128	-1.97942249401494
			2.89730738285128	-1.9812881137077
			2.89730738285128	-1.98315373340045
			2.89730738285128	-1.98501935309321
			2.89730738285128	-1.98688497278597
			2.89730738285128	-1.98875059247872
			2.89917300254403	-1.98875059247872
			2.89917300254403	-1.99061621217148
			2.89917300254403	-1.99248183186424
			2.89917300254403	-1.994347451557
			2.89917300254403	-1.99621307124975
			2.89917300254403	-1.99807869094251
			2.89917300254403	-1.99994431063527
			2.89917300254403	-2.00180993032802
			2.89917300254403	-2.00367555002078
			2.89917300254403	-2.00554116971354
			2.89917300254403	-2.00740678940629
			2.89917300254403	-2.00927240909905
			2.90103862223679	-2.01113802879181
			2.90103862223679	-2.01300364848456
			2.90103862223679	-2.01486926817732
			2.90103862223679	-2.01673488787008
			2.90103862223679	-2.01860050756283
			2.90103862223679	-2.02046612725559
			2.90103862223679	-2.02233174694835
			2.90103862223679	-2.0241973666411
			2.90103862223679	-2.02606298633386
			2.90103862223679	-2.02792860602662
			2.90103862223679	-2.02979422571937
			2.90103862223679	-2.03165984541213
			2.90103862223679	-2.03352546510489
			2.90103862223679	-2.03539108479764
			2.90103862223679	-2.0372567044904
			2.90103862223679	-2.03912232418316
			2.90103862223679	-2.04098794387591
			2.90103862223679	-2.04285356356867
			2.90103862223679	-2.04471918326143
			2.90103862223679	-2.04658480295419
			2.90103862223679	-2.04845042264694
			2.90103862223679	-2.0503160423397
			2.90103862223679	-2.05218166203246
			2.90103862223679	-2.05404728172521
			2.90103862223679	-2.05591290141797
			2.90103862223679	-2.05777852111073
			2.90103862223679	-2.05964414080348
			2.90103862223679	-2.06150976049624
			2.90103862223679	-2.063375380189
			2.90103862223679	-2.06524099988175
			2.90103862223679	-2.06710661957451
			2.90103862223679	-2.06897223926727
			2.90103862223679	-2.07083785896002
			2.90103862223679	-2.07270347865278
			2.90103862223679	-2.07456909834554
			2.90103862223679	-2.07643471803829
			2.90103862223679	-2.07830033773105
			2.90103862223679	-2.08016595742381
			2.90103862223679	-2.08203157711656
			2.90103862223679	-2.08389719680932
			2.90103862223679	-2.08576281650208
			2.90103862223679	-2.08762843619483
			2.90103862223679	-2.08949405588759
			2.90103862223679	-2.09135967558035
			2.90103862223679	-2.0932252952731
			2.90103862223679	-2.09509091496586
			2.90103862223679	-2.09695653465862
			2.90103862223679	-2.09882215435137
			2.90103862223679	-2.10068777404413
			2.90103862223679	-2.10255339373689
			2.90103862223679	-2.10441901342965
			2.90103862223679	-2.1062846331224
			2.90103862223679	-2.10815025281516
			2.90103862223679	-2.11001587250792
			2.90103862223679	-2.11188149220067
			2.90103862223679	-2.11374711189343
			2.90103862223679	-2.11561273158619
			2.90103862223679	-2.11747835127894
			2.89917300254403	-2.1193439709717
			2.89917300254403	-2.12120959066446
			2.89917300254403	-2.12307521035721
			2.89917300254403	-2.12494083004997
			2.89917300254403	-2.12680644974273
			2.89917300254403	-2.12867206943548
			2.89917300254403	-2.13053768912824
			2.89917300254403	-2.132403308821
			2.89917300254403	-2.13426892851375
			2.89917300254403	-2.13613454820651
			2.89917300254403	-2.13800016789927
			2.89917300254403	-2.13986578759202
			2.89917300254403	-2.14173140728478
			2.89917300254403	-2.14359702697754
			2.89917300254403	-2.14546264667029
			2.89917300254403	-2.14732826636305
			2.89730738285128	-2.14919388605581
			2.89730738285128	-2.15105950574856
			2.89730738285128	-2.15292512544132
			2.89730738285128	-2.15479074513408
			2.89730738285128	-2.15665636482683
			2.89730738285128	-2.15852198451959
			2.89730738285128	-2.16038760421235
			2.89544176315852	-2.16038760421235
			2.89544176315852	-2.16225322390511
			2.89357614346576	-2.16225322390511
			2.89171052377301	-2.16225322390511
			2.89171052377301	-2.16411884359786
			2.88984490408025	-2.16411884359786
			2.88797928438749	-2.16411884359786
			2.88797928438749	-2.16598446329062
			2.88611366469474	-2.16598446329062
			2.88424804500198	-2.16598446329062
			2.88238242530922	-2.16785008298338
			2.88051680561646	-2.16785008298338
			2.87865118592371	-2.16971570267613
			2.87678556623095	-2.16971570267613
			2.87491994653819	-2.16971570267613
			2.87305432684544	-2.17158132236889
			2.87118870715268	-2.17158132236889
			2.86932308745992	-2.17158132236889
			2.86745746776717	-2.17344694206165
			2.86559184807441	-2.17344694206165
			2.86372622838165	-2.17344694206165
			2.8618606086889	-2.1753125617544
			2.85999498899614	-2.1753125617544
			2.85812936930338	-2.1753125617544
			2.85626374961063	-2.1753125617544
			2.85439812991787	-2.1753125617544
			2.85253251022511	-2.17717818144716
			2.85066689053236	-2.17717818144716
			2.8488012708396	-2.17717818144716
			2.84693565114684	-2.17717818144716
			2.84507003145409	-2.17717818144716
			2.84320441176133	-2.17717818144716
			2.84133879206857	-2.17717818144716
			2.83947317237582	-2.17904380113992
			2.83760755268306	-2.17904380113992
			2.8357419329903	-2.17904380113992
			2.83387631329755	-2.17904380113992
			2.83201069360479	-2.17904380113992
			2.83014507391203	-2.17904380113992
			2.82827945421927	-2.17904380113992
			2.82641383452652	-2.17904380113992
			2.82454821483376	-2.17904380113992
			2.822682595141	-2.17717818144716
			2.82081697544825	-2.17717818144716
			2.81895135575549	-2.17717818144716
			2.81708573606273	-2.17717818144716
			2.81522011636998	-2.17717818144716
			2.81335449667722	-2.17717818144716
			2.81148887698446	-2.1753125617544
			2.80962325729171	-2.1753125617544
			2.80775763759895	-2.1753125617544
			2.80589201790619	-2.1753125617544
			2.80402639821344	-2.17344694206165
			2.80216077852068	-2.17344694206165
			2.80029515882792	-2.17344694206165
			2.79842953913517	-2.17158132236889
			2.79656391944241	-2.17158132236889
			2.79469829974965	-2.16971570267613
			2.7928326800569	-2.16971570267613
			2.79096706036414	-2.16785008298338
			2.78910144067138	-2.16785008298338
			2.78723582097863	-2.16785008298338
			2.78723582097863	-2.16598446329062
			2.78537020128587	-2.16598446329062
			2.78350458159311	-2.16598446329062
			2.78350458159311	-2.16411884359786
			2.78163896190036	-2.16411884359786
			2.7797733422076	-2.16225322390511
			2.77790772251484	-2.16225322390511
			2.77790772251484	-2.16038760421235
			2.77604210282209	-2.16038760421235
			2.77417648312933	-2.15852198451959
			2.77231086343657	-2.15665636482683
			2.77044524374381	-2.15479074513408
			2.76857962405106	-2.15479074513408
			2.7667140043583	-2.15292512544132
			2.76484838466554	-2.15105950574856
			2.76298276497279	-2.14919388605581
			2.76111714528003	-2.14919388605581
			2.75925152558727	-2.14919388605581
			2.75738590589452	-2.14732826636305
			2.75552028620176	-2.14732826636305
			2.753654666509	-2.14732826636305
			2.75178904681625	-2.14732826636305
			2.74992342712349	-2.14732826636305
			2.74805780743073	-2.14732826636305
			2.74619218773798	-2.14546264667029
			2.74432656804522	-2.14546264667029
			2.74246094835246	-2.14546264667029
			2.74059532865971	-2.14546264667029
			2.73872970896695	-2.14546264667029
			2.73686408927419	-2.14546264667029
			2.73499846958144	-2.14359702697754
			2.73313284988868	-2.14359702697754
			2.73126723019592	-2.14359702697754
			2.72940161050317	-2.14359702697754
			2.72753599081041	-2.14359702697754
			2.72567037111765	-2.14359702697754
			2.7238047514249	-2.14359702697754
			2.72193913173214	-2.14173140728478
			2.72007351203938	-2.14173140728478
			2.71820789234663	-2.14173140728478
			2.71634227265387	-2.14173140728478
			2.71447665296111	-2.14173140728478
			2.71261103326835	-2.14173140728478
			2.7107454135756	-2.14173140728478
			2.70887979388284	-2.14173140728478
			2.70701417419008	-2.14173140728478
			2.70514855449733	-2.13986578759202
			2.70328293480457	-2.13986578759202
			2.70141731511181	-2.13986578759202
			2.69955169541906	-2.13986578759202
			2.6976860757263	-2.13986578759202
			2.69582045603354	-2.13986578759202
			2.69395483634079	-2.13986578759202
			2.69208921664803	-2.13986578759202
			2.69022359695527	-2.13986578759202
			2.68835797726252	-2.13986578759202
			2.68649235756976	-2.13800016789927
			2.684626737877	-2.13800016789927
			2.68276111818425	-2.13800016789927
			2.68089549849149	-2.13800016789927
			2.67902987879873	-2.13800016789927
			2.67716425910598	-2.13800016789927
			2.67529863941322	-2.13800016789927
			2.67343301972046	-2.13800016789927
			2.67156740002771	-2.13800016789927
			2.66970178033495	-2.13800016789927
			2.66783616064219	-2.13800016789927
			2.66597054094944	-2.13800016789927
			2.66410492125668	-2.13800016789927
			2.66223930156392	-2.13800016789927
			2.66037368187117	-2.13613454820651
			2.65850806217841	-2.13613454820651
			2.65664244248565	-2.13613454820651
			2.65477682279289	-2.13613454820651
			2.65291120310014	-2.13613454820651
			2.65104558340738	-2.13613454820651
			2.64917996371462	-2.13613454820651
			2.64731434402187	-2.13613454820651
			2.64544872432911	-2.13613454820651
			2.64358310463635	-2.13613454820651
			2.6417174849436	-2.13613454820651
			2.63985186525084	-2.13613454820651
			2.63798624555808	-2.13613454820651
			2.63612062586533	-2.13613454820651
			2.63425500617257	-2.13613454820651
			2.63238938647981	-2.13613454820651
			2.63052376678706	-2.13613454820651
			2.6286581470943	-2.13613454820651
			2.62679252740154	-2.13613454820651
			2.62492690770879	-2.13613454820651
			2.62306128801603	-2.13613454820651
			2.62119566832327	-2.13613454820651
			2.61933004863052	-2.13613454820651
			2.61746442893776	-2.13613454820651
			2.615598809245	-2.13613454820651
			2.61373318955225	-2.13613454820651
			2.61186756985949	-2.13613454820651
			2.61000195016673	-2.13613454820651
			2.60813633047398	-2.13800016789927
			2.60627071078122	-2.13800016789927
			2.60440509108846	-2.13800016789927
			2.6025394713957	-2.13800016789927
			2.60067385170295	-2.13800016789927
			2.59880823201019	-2.13800016789927
			2.59694261231743	-2.13800016789927
			2.59507699262468	-2.13800016789927
			2.59321137293192	-2.13800016789927
			2.59134575323916	-2.13800016789927
			2.58948013354641	-2.13800016789927
			2.58761451385365	-2.13800016789927
			2.58574889416089	-2.13986578759202
			2.58388327446814	-2.13986578759202
			2.58201765477538	-2.13986578759202
			2.58015203508262	-2.13986578759202
			2.57828641538987	-2.13986578759202
			2.57642079569711	-2.13986578759202
			2.57455517600435	-2.13986578759202
			2.5726895563116	-2.13986578759202
			2.57082393661884	-2.14173140728478
			2.56895831692608	-2.14173140728478
			2.56709269723333	-2.14173140728478
			2.56522707754057	-2.14173140728478
			2.56336145784781	-2.14173140728478
			2.56149583815506	-2.14173140728478
			2.5596302184623	-2.14359702697754
			2.55776459876954	-2.14359702697754
			2.55589897907679	-2.14359702697754
		</curvaI_espina_dorsal>
	</curves.scaled>
	<ruler.points type=matrix rownames=TRUE colnames=FALSE nrow=2 ncol=2 as.numeric=TRUE >
		Ruler point 1	1519	537
		Ruler point 2	2055	533
	</ruler.points>
</shapes>

