<shapes type=list>
	<ruler.pixel type=vector names=FALSE length=1 as.numeric=TRUE >539.003710562367</ruler.pixel>
	<ruler.interval type=vector names=FALSE length=1 as.numeric=TRUE >1</ruler.interval>
	<scaling.units type=vector names=FALSE length=1 as.numeric=FALSE >mm</scaling.units>
	<scaling type=vector names=FALSE length=1 as.numeric=TRUE >0.0018552747975643</scaling>
	<landmarks.pixel type=matrix rownames=TRUE colnames=FALSE nrow=3 ncol=2 as.numeric=TRUE >
		punta_espina_dorsal	1571	700
		esq_izq_caparaza	1520	947
		organo_dorsal	1875	920
	</landmarks.pixel>
	<landmarks.scaled type=matrix rownames=TRUE colnames=FALSE nrow=3 ncol=2 as.numeric=TRUE >
		punta_espina_dorsal	2.91463670697351	-1.29869235829501
		esq_izq_caparaza	2.82001769229773	-1.75694523329339
		organo_dorsal	3.47864024543305	-1.70685281375915
	</landmarks.scaled>
	<curves.control type=list>
		<curvaD_espina_dorsal type=matrix rownames=FALSE colnames=FALSE nrow=7 ncol=2 as.numeric=TRUE >
			1571	700
			1582	693
			1685	782
			1724	817
			1729	836
			1746	878
			1875	920
		</curvaD_espina_dorsal>
		<curvaI_espina_dorsal type=matrix rownames=FALSE colnames=FALSE nrow=9 ncol=2 as.numeric=TRUE >
			1571	700
			1583	711
			1619	743
			1669	796
			1690	842
			1670	884
			1593	889
			1548	908
			1520	947
		</curvaI_espina_dorsal>
	</curves.control>
	<curves.pixel type=list>
		<curvaD_espina_dorsal type=matrix rownames=FALSE colnames=FALSE nrow=343 ncol=2 as.numeric=TRUE >
			1571	700
			1572	700
			1573	700
			1574	700
			1575	700
			1576	700
			1577	700
			1578	701
			1579	701
			1580	702
			1581	702
			1582	702
			1583	703
			1584	703
			1585	704
			1586	705
			1587	705
			1588	706
			1589	706
			1590	707
			1591	708
			1592	708
			1593	709
			1594	709
			1595	710
			1596	711
			1597	711
			1598	712
			1599	713
			1600	713
			1601	714
			1602	715
			1603	715
			1604	716
			1605	717
			1606	718
			1607	719
			1608	719
			1609	720
			1610	720
			1610	721
			1611	722
			1612	722
			1613	723
			1614	724
			1615	724
			1616	725
			1617	726
			1618	727
			1619	727
			1620	728
			1621	729
			1622	729
			1623	730
			1624	731
			1625	732
			1626	733
			1627	733
			1628	734
			1629	735
			1630	736
			1631	737
			1632	737
			1633	738
			1634	739
			1635	740
			1636	741
			1637	742
			1638	743
			1639	744
			1640	744
			1641	745
			1642	746
			1643	747
			1644	747
			1645	748
			1646	749
			1647	749
			1647	750
			1648	751
			1649	752
			1650	752
			1651	753
			1652	754
			1653	754
			1653	755
			1654	756
			1655	757
			1656	757
			1657	758
			1658	759
			1659	760
			1660	760
			1661	761
			1662	762
			1662	763
			1663	764
			1664	764
			1665	765
			1666	766
			1667	767
			1668	768
			1669	768
			1670	769
			1671	770
			1672	771
			1673	772
			1674	773
			1675	773
			1676	774
			1677	775
			1678	776
			1679	777
			1680	778
			1681	779
			1682	779
			1683	780
			1684	781
			1685	782
			1686	783
			1687	783
			1687	784
			1688	785
			1689	786
			1690	786
			1690	787
			1691	788
			1692	788
			1693	789
			1693	790
			1694	790
			1695	791
			1695	792
			1696	792
			1697	793
			1697	794
			1698	794
			1699	795
			1700	796
			1701	797
			1702	798
			1703	799
			1703	800
			1704	800
			1705	801
			1706	802
			1706	803
			1707	803
			1708	804
			1708	805
			1709	805
			1710	806
			1710	807
			1711	808
			1712	809
			1713	810
			1714	811
			1715	812
			1715	813
			1716	813
			1716	814
			1717	815
			1718	816
			1719	817
			1719	818
			1720	819
			1721	820
			1721	821
			1722	822
			1723	823
			1724	824
			1724	825
			1725	826
			1725	827
			1726	828
			1726	829
			1727	830
			1727	831
			1727	832
			1728	832
			1728	833
			1728	834
			1729	835
			1729	836
			1730	837
			1730	838
			1731	839
			1731	840
			1732	841
			1732	842
			1733	843
			1733	844
			1734	844
			1734	845
			1734	846
			1735	846
			1735	847
			1736	848
			1737	849
			1738	850
			1739	851
			1740	852
			1740	853
			1741	854
			1742	854
			1743	855
			1743	856
			1744	857
			1745	857
			1746	858
			1747	859
			1747	860
			1748	860
			1749	861
			1750	862
			1751	863
			1752	863
			1753	864
			1754	865
			1755	866
			1756	866
			1757	867
			1758	868
			1759	869
			1760	870
			1761	870
			1762	870
			1762	871
			1763	871
			1764	872
			1765	872
			1765	873
			1766	873
			1767	874
			1768	875
			1769	875
			1770	876
			1771	876
			1772	877
			1773	877
			1774	878
			1775	878
			1776	879
			1777	880
			1778	880
			1779	881
			1780	881
			1780	882
			1781	882
			1782	882
			1783	883
			1784	883
			1785	884
			1786	884
			1787	885
			1788	885
			1789	886
			1790	886
			1791	887
			1792	888
			1793	888
			1794	888
			1795	889
			1796	889
			1797	890
			1798	891
			1799	891
			1800	891
			1801	892
			1802	892
			1803	893
			1804	893
			1805	894
			1806	894
			1807	895
			1808	895
			1809	895
			1810	896
			1811	896
			1812	897
			1813	897
			1814	897
			1815	898
			1816	898
			1817	899
			1818	899
			1819	900
			1820	900
			1821	901
			1822	901
			1823	901
			1824	902
			1825	902
			1826	902
			1827	903
			1828	903
			1829	904
			1830	904
			1831	904
			1832	905
			1833	905
			1834	906
			1835	906
			1836	906
			1837	907
			1838	907
			1839	907
			1840	908
			1841	908
			1842	908
			1843	909
			1844	909
			1845	910
			1846	910
			1847	910
			1848	911
			1849	911
			1850	911
			1851	912
			1852	912
			1853	913
			1854	913
			1855	913
			1856	914
			1857	914
			1858	914
			1859	915
			1860	915
			1861	915
			1862	916
			1863	916
			1864	917
			1865	917
			1866	917
			1867	917
			1868	918
			1869	918
			1870	918
			1871	919
			1872	919
			1873	919
			1874	920
			1875	920
		</curvaD_espina_dorsal>
		<curvaI_espina_dorsal type=matrix rownames=FALSE colnames=FALSE nrow=353 ncol=2 as.numeric=TRUE >
			1571	700
			1572	701
			1573	702
			1574	703
			1575	704
			1576	704
			1577	705
			1577	706
			1578	707
			1579	707
			1580	708
			1581	709
			1582	710
			1583	711
			1584	712
			1585	713
			1586	714
			1587	715
			1588	716
			1589	716
			1590	717
			1591	718
			1592	719
			1593	720
			1594	721
			1595	722
			1596	723
			1597	724
			1598	725
			1599	725
			1600	726
			1601	727
			1602	728
			1603	729
			1604	730
			1605	731
			1606	731
			1606	732
			1607	732
			1608	733
			1608	734
			1609	734
			1610	735
			1611	736
			1612	737
			1613	738
			1614	738
			1615	739
			1615	740
			1616	741
			1617	741
			1618	742
			1619	743
			1620	744
			1621	745
			1622	746
			1623	747
			1623	748
			1624	748
			1625	749
			1626	750
			1626	751
			1627	752
			1628	752
			1628	753
			1629	754
			1630	755
			1631	756
			1632	757
			1633	758
			1634	759
			1634	760
			1635	761
			1636	762
			1637	763
			1638	764
			1638	765
			1639	766
			1640	767
			1641	767
			1642	768
			1642	769
			1643	770
			1644	771
			1645	772
			1645	773
			1646	774
			1647	775
			1648	776
			1648	777
			1649	778
			1650	779
			1651	780
			1652	781
			1653	782
			1653	783
			1654	784
			1655	785
			1656	786
			1657	787
			1657	788
			1658	789
			1658	790
			1659	790
			1659	791
			1660	792
			1661	793
			1662	794
			1662	795
			1663	796
			1664	797
			1664	798
			1665	799
			1666	800
			1666	801
			1667	802
			1668	803
			1669	804
			1670	805
			1670	806
			1670	807
			1671	807
			1671	808
			1672	809
			1672	810
			1673	811
			1674	812
			1674	813
			1675	814
			1675	815
			1676	815
			1676	816
			1677	817
			1677	818
			1678	818
			1678	819
			1679	820
			1679	821
			1679	822
			1680	822
			1680	823
			1681	824
			1681	825
			1682	825
			1682	826
			1682	827
			1683	828
			1684	829
			1684	830
			1685	831
			1685	832
			1686	833
			1686	834
			1687	835
			1687	836
			1687	837
			1688	837
			1688	838
			1689	839
			1689	840
			1690	841
			1690	842
			1690	843
			1689	844
			1688	845
			1688	846
			1687	847
			1687	848
			1686	849
			1686	850
			1685	851
			1684	852
			1683	853
			1682	854
			1681	855
			1681	856
			1680	857
			1679	858
			1678	859
			1677	860
			1676	861
			1675	862
			1674	863
			1673	864
			1672	865
			1671	866
			1670	866
			1669	867
			1668	868
			1667	868
			1667	869
			1666	869
			1665	870
			1664	870
			1663	871
			1662	871
			1661	872
			1660	872
			1659	873
			1658	873
			1657	874
			1656	874
			1655	875
			1654	875
			1653	876
			1652	876
			1651	877
			1650	877
			1649	878
			1648	878
			1647	878
			1646	879
			1645	879
			1644	880
			1643	880
			1642	880
			1641	881
			1640	881
			1639	881
			1638	882
			1637	882
			1636	882
			1635	882
			1635	883
			1634	883
			1633	883
			1632	883
			1631	883
			1630	884
			1629	884
			1628	884
			1627	884
			1626	885
			1625	885
			1624	885
			1623	885
			1622	885
			1621	886
			1620	886
			1619	886
			1618	886
			1617	886
			1616	887
			1615	887
			1614	887
			1613	887
			1612	887
			1611	887
			1610	887
			1609	888
			1608	888
			1607	888
			1606	888
			1605	888
			1604	888
			1603	888
			1602	888
			1601	888
			1600	888
			1599	889
			1598	889
			1597	889
			1596	889
			1595	889
			1594	889
			1593	889
			1592	889
			1591	890
			1590	890
			1589	891
			1588	891
			1587	892
			1586	892
			1585	893
			1584	893
			1583	893
			1583	894
			1582	894
			1581	894
			1581	895
			1580	895
			1579	895
			1579	896
			1578	896
			1577	896
			1577	897
			1576	897
			1575	898
			1574	899
			1573	899
			1572	899
			1571	900
			1570	900
			1570	901
			1569	901
			1568	902
			1567	902
			1567	903
			1566	903
			1565	904
			1564	904
			1564	905
			1563	905
			1562	906
			1561	907
			1560	907
			1559	908
			1558	908
			1557	909
			1557	910
			1556	910
			1555	911
			1554	912
			1553	912
			1552	913
			1552	914
			1551	914
			1550	915
			1549	916
			1548	916
			1548	917
			1547	918
			1546	918
			1545	919
			1544	920
			1543	921
			1542	922
			1541	923
			1540	924
			1539	925
			1538	925
			1537	926
			1536	927
			1536	928
			1535	929
			1534	930
			1533	931
			1532	932
			1531	933
			1530	934
			1530	935
			1529	936
			1528	937
			1527	938
			1526	939
			1525	940
			1525	941
			1524	942
			1523	943
			1522	944
			1522	945
			1521	946
			1520	947
		</curvaI_espina_dorsal>
	</curves.pixel>
	<curves.scaled type=list>
		<curvaD_espina_dorsal type=matrix rownames=FALSE colnames=FALSE nrow=343 ncol=2 as.numeric=TRUE >
			2.91463670697351	-1.29869235829501
			2.91649198177107	-1.29869235829501
			2.91834725656864	-1.29869235829501
			2.9202025313662	-1.29869235829501
			2.92205780616377	-1.29869235829501
			2.92391308096133	-1.29869235829501
			2.92576835575889	-1.29869235829501
			2.92762363055646	-1.30054763309257
			2.92947890535402	-1.30054763309257
			2.93133418015159	-1.30240290789014
			2.93318945494915	-1.30240290789014
			2.93504472974672	-1.30240290789014
			2.93690000454428	-1.3042581826877
			2.93875527934184	-1.3042581826877
			2.94061055413941	-1.30611345748526
			2.94246582893697	-1.30796873228283
			2.94432110373454	-1.30796873228283
			2.9461763785321	-1.30982400708039
			2.94803165332967	-1.30982400708039
			2.94988692812723	-1.31167928187796
			2.95174220292479	-1.31353455667552
			2.95359747772236	-1.31353455667552
			2.95545275251992	-1.31538983147309
			2.95730802731749	-1.31538983147309
			2.95916330211505	-1.31724510627065
			2.96101857691262	-1.31910038106821
			2.96287385171018	-1.31910038106821
			2.96472912650774	-1.32095565586578
			2.96658440130531	-1.32281093066334
			2.96843967610287	-1.32281093066334
			2.97029495090044	-1.32466620546091
			2.972150225698	-1.32652148025847
			2.97400550049557	-1.32652148025847
			2.97586077529313	-1.32837675505604
			2.9777160500907	-1.3302320298536
			2.97957132488826	-1.33208730465116
			2.98142659968582	-1.33394257944873
			2.98328187448339	-1.33394257944873
			2.98513714928095	-1.33579785424629
			2.98699242407852	-1.33579785424629
			2.98699242407852	-1.33765312904386
			2.98884769887608	-1.33950840384142
			2.99070297367365	-1.33950840384142
			2.99255824847121	-1.34136367863899
			2.99441352326877	-1.34321895343655
			2.99626879806634	-1.34321895343655
			2.9981240728639	-1.34507422823411
			2.99997934766147	-1.34692950303168
			3.00183462245903	-1.34878477782924
			3.0036898972566	-1.34878477782924
			3.00554517205416	-1.35064005262681
			3.00740044685172	-1.35249532742437
			3.00925572164929	-1.35249532742437
			3.01111099644685	-1.35435060222194
			3.01296627124442	-1.3562058770195
			3.01482154604198	-1.35806115181706
			3.01667682083955	-1.35991642661463
			3.01853209563711	-1.35991642661463
			3.02038737043467	-1.36177170141219
			3.02224264523224	-1.36362697620976
			3.0240979200298	-1.36548225100732
			3.02595319482737	-1.36733752580489
			3.02780846962493	-1.36733752580489
			3.0296637444225	-1.36919280060245
			3.03151901922006	-1.37104807540001
			3.03337429401762	-1.37290335019758
			3.03522956881519	-1.37475862499514
			3.03708484361275	-1.37661389979271
			3.03894011841032	-1.37846917459027
			3.04079539320788	-1.38032444938784
			3.04265066800545	-1.38032444938784
			3.04450594280301	-1.3821797241854
			3.04636121760057	-1.38403499898296
			3.04821649239814	-1.38589027378053
			3.0500717671957	-1.38589027378053
			3.05192704199327	-1.38774554857809
			3.05378231679083	-1.38960082337566
			3.0556375915884	-1.38960082337566
			3.0556375915884	-1.39145609817322
			3.05749286638596	-1.39331137297079
			3.05934814118352	-1.39516664776835
			3.06120341598109	-1.39516664776835
			3.06305869077865	-1.39702192256591
			3.06491396557622	-1.39887719736348
			3.06676924037378	-1.39887719736348
			3.06676924037378	-1.40073247216104
			3.06862451517135	-1.40258774695861
			3.07047978996891	-1.40444302175617
			3.07233506476647	-1.40444302175617
			3.07419033956404	-1.40629829655374
			3.0760456143616	-1.4081535713513
			3.07790088915917	-1.41000884614886
			3.07975616395673	-1.41000884614886
			3.0816114387543	-1.41186412094643
			3.08346671355186	-1.41371939574399
			3.08346671355186	-1.41557467054156
			3.08532198834942	-1.41742994533912
			3.08717726314699	-1.41742994533912
			3.08903253794455	-1.41928522013669
			3.09088781274212	-1.42114049493425
			3.09274308753968	-1.42299576973181
			3.09459836233725	-1.42485104452938
			3.09645363713481	-1.42485104452938
			3.09830891193237	-1.42670631932694
			3.10016418672994	-1.42856159412451
			3.1020194615275	-1.43041686892207
			3.10387473632507	-1.43227214371964
			3.10573001112263	-1.4341274185172
			3.1075852859202	-1.4341274185172
			3.10944056071776	-1.43598269331477
			3.11129583551532	-1.43783796811233
			3.11315111031289	-1.43969324290989
			3.11500638511045	-1.44154851770746
			3.11686165990802	-1.44340379250502
			3.11871693470558	-1.44525906730259
			3.12057220950315	-1.44525906730259
			3.12242748430071	-1.44711434210015
			3.12428275909827	-1.44896961689772
			3.12613803389584	-1.45082489169528
			3.1279933086934	-1.45268016649284
			3.12984858349097	-1.45268016649284
			3.12984858349097	-1.45453544129041
			3.13170385828853	-1.45639071608797
			3.1335591330861	-1.45824599088554
			3.13541440788366	-1.45824599088554
			3.13541440788366	-1.4601012656831
			3.13726968268122	-1.46195654048067
			3.13912495747879	-1.46195654048067
			3.14098023227635	-1.46381181527823
			3.14098023227635	-1.46566709007579
			3.14283550707392	-1.46566709007579
			3.14469078187148	-1.46752236487336
			3.14469078187148	-1.46937763967092
			3.14654605666905	-1.46937763967092
			3.14840133146661	-1.47123291446849
			3.14840133146661	-1.47308818926605
			3.15025660626417	-1.47308818926605
			3.15211188106174	-1.47494346406362
			3.1539671558593	-1.47679873886118
			3.15582243065687	-1.47865401365874
			3.15767770545443	-1.48050928845631
			3.159532980252	-1.48236456325387
			3.159532980252	-1.48421983805144
			3.16138825504956	-1.48421983805144
			3.16324352984712	-1.486075112849
			3.16509880464469	-1.48793038764657
			3.16509880464469	-1.48978566244413
			3.16695407944225	-1.48978566244413
			3.16880935423982	-1.49164093724169
			3.16880935423982	-1.49349621203926
			3.17066462903738	-1.49349621203926
			3.17251990383495	-1.49535148683682
			3.17251990383495	-1.49720676163439
			3.17437517863251	-1.49906203643195
			3.17623045343007	-1.50091731122952
			3.17808572822764	-1.50277258602708
			3.1799410030252	-1.50462786082464
			3.18179627782277	-1.50648313562221
			3.18179627782277	-1.50833841041977
			3.18365155262033	-1.50833841041977
			3.18365155262033	-1.51019368521734
			3.1855068274179	-1.5120489600149
			3.18736210221546	-1.51390423481247
			3.18921737701302	-1.51575950961003
			3.18921737701302	-1.51761478440759
			3.19107265181059	-1.51947005920516
			3.19292792660815	-1.52132533400272
			3.19292792660815	-1.52318060880029
			3.19478320140572	-1.52503588359785
			3.19663847620328	-1.52689115839542
			3.19849375100085	-1.52874643319298
			3.19849375100085	-1.53060170799054
			3.20034902579841	-1.53245698278811
			3.20034902579841	-1.53431225758567
			3.20220430059597	-1.53616753238324
			3.20220430059597	-1.5380228071808
			3.20405957539354	-1.53987808197837
			3.20405957539354	-1.54173335677593
			3.20405957539354	-1.54358863157349
			3.2059148501911	-1.54358863157349
			3.2059148501911	-1.54544390637106
			3.2059148501911	-1.54729918116862
			3.20777012498867	-1.54915445596619
			3.20777012498867	-1.55100973076375
			3.20962539978623	-1.55286500556132
			3.20962539978623	-1.55472028035888
			3.2114806745838	-1.55657555515644
			3.2114806745838	-1.55843082995401
			3.21333594938136	-1.56028610475157
			3.21333594938136	-1.56214137954914
			3.21519122417892	-1.5639966543467
			3.21519122417892	-1.56585192914427
			3.21704649897649	-1.56585192914427
			3.21704649897649	-1.56770720394183
			3.21704649897649	-1.56956247873939
			3.21890177377405	-1.56956247873939
			3.21890177377405	-1.57141775353696
			3.22075704857162	-1.57327302833452
			3.22261232336918	-1.57512830313209
			3.22446759816675	-1.57698357792965
			3.22632287296431	-1.57883885272722
			3.22817814776187	-1.58069412752478
			3.22817814776187	-1.58254940232234
			3.23003342255944	-1.58440467711991
			3.231888697357	-1.58440467711991
			3.23374397215457	-1.58625995191747
			3.23374397215457	-1.58811522671504
			3.23559924695213	-1.5899705015126
			3.2374545217497	-1.5899705015126
			3.23930979654726	-1.59182577631017
			3.24116507134482	-1.59368105110773
			3.24116507134482	-1.59553632590529
			3.24302034614239	-1.59553632590529
			3.24487562093995	-1.59739160070286
			3.24673089573752	-1.59924687550042
			3.24858617053508	-1.60110215029799
			3.25044144533265	-1.60110215029799
			3.25229672013021	-1.60295742509555
			3.25415199492778	-1.60481269989312
			3.25600726972534	-1.60666797469068
			3.2578625445229	-1.60666797469068
			3.25971781932047	-1.60852324948824
			3.26157309411803	-1.61037852428581
			3.2634283689156	-1.61223379908337
			3.26528364371316	-1.61408907388094
			3.26713891851072	-1.61408907388094
			3.26899419330829	-1.61408907388094
			3.26899419330829	-1.6159443486785
			3.27084946810585	-1.6159443486785
			3.27270474290342	-1.61779962347607
			3.27456001770098	-1.61779962347607
			3.27456001770098	-1.61965489827363
			3.27641529249855	-1.61965489827363
			3.27827056729611	-1.62151017307119
			3.28012584209368	-1.62336544786876
			3.28198111689124	-1.62336544786876
			3.2838363916888	-1.62522072266632
			3.28569166648637	-1.62522072266632
			3.28754694128393	-1.62707599746389
			3.2894022160815	-1.62707599746389
			3.29125749087906	-1.62893127226145
			3.29311276567663	-1.62893127226145
			3.29496804047419	-1.63078654705902
			3.29682331527175	-1.63264182185658
			3.29867859006932	-1.63264182185658
			3.30053386486688	-1.63449709665414
			3.30238913966445	-1.63449709665414
			3.30238913966445	-1.63635237145171
			3.30424441446201	-1.63635237145171
			3.30609968925958	-1.63635237145171
			3.30795496405714	-1.63820764624927
			3.3098102388547	-1.63820764624927
			3.31166551365227	-1.64006292104684
			3.31352078844983	-1.64006292104684
			3.3153760632474	-1.6419181958444
			3.31723133804496	-1.6419181958444
			3.31908661284253	-1.64377347064197
			3.32094188764009	-1.64377347064197
			3.32279716243765	-1.64562874543953
			3.32465243723522	-1.64748402023709
			3.32650771203278	-1.64748402023709
			3.32836298683035	-1.64748402023709
			3.33021826162791	-1.64933929503466
			3.33207353642548	-1.64933929503466
			3.33392881122304	-1.65119456983222
			3.3357840860206	-1.65304984462979
			3.33763936081817	-1.65304984462979
			3.33949463561573	-1.65304984462979
			3.3413499104133	-1.65490511942735
			3.34320518521086	-1.65490511942735
			3.34506046000843	-1.65676039422492
			3.34691573480599	-1.65676039422492
			3.34877100960355	-1.65861566902248
			3.35062628440112	-1.65861566902248
			3.35248155919868	-1.66047094382004
			3.35433683399625	-1.66047094382004
			3.35619210879381	-1.66047094382004
			3.35804738359138	-1.66232621861761
			3.35990265838894	-1.66232621861761
			3.3617579331865	-1.66418149341517
			3.36361320798407	-1.66418149341517
			3.36546848278163	-1.66418149341517
			3.3673237575792	-1.66603676821274
			3.36917903237676	-1.66603676821274
			3.37103430717433	-1.6678920430103
			3.37288958197189	-1.6678920430103
			3.37474485676945	-1.66974731780787
			3.37660013156702	-1.66974731780787
			3.37845540636458	-1.67160259260543
			3.38031068116215	-1.67160259260543
			3.38216595595971	-1.67160259260543
			3.38402123075728	-1.67345786740299
			3.38587650555484	-1.67345786740299
			3.3877317803524	-1.67345786740299
			3.38958705514997	-1.67531314220056
			3.39144232994753	-1.67531314220056
			3.3932976047451	-1.67716841699812
			3.39515287954266	-1.67716841699812
			3.39700815434023	-1.67716841699812
			3.39886342913779	-1.67902369179569
			3.40071870393535	-1.67902369179569
			3.40257397873292	-1.68087896659325
			3.40442925353048	-1.68087896659325
			3.40628452832805	-1.68087896659325
			3.40813980312561	-1.68273424139082
			3.40999507792318	-1.68273424139082
			3.41185035272074	-1.68273424139082
			3.4137056275183	-1.68458951618838
			3.41556090231587	-1.68458951618838
			3.41741617711343	-1.68458951618838
			3.419271451911	-1.68644479098595
			3.42112672670856	-1.68644479098595
			3.42298200150613	-1.68830006578351
			3.42483727630369	-1.68830006578351
			3.42669255110125	-1.68830006578351
			3.42854782589882	-1.69015534058107
			3.43040310069638	-1.69015534058107
			3.43225837549395	-1.69015534058107
			3.43411365029151	-1.69201061537864
			3.43596892508908	-1.69201061537864
			3.43782419988664	-1.6938658901762
			3.4396794746842	-1.6938658901762
			3.44153474948177	-1.6938658901762
			3.44339002427933	-1.69572116497377
			3.4452452990769	-1.69572116497377
			3.44710057387446	-1.69572116497377
			3.44895584867203	-1.69757643977133
			3.45081112346959	-1.69757643977133
			3.45266639826715	-1.69757643977133
			3.45452167306472	-1.6994317145689
			3.45637694786228	-1.6994317145689
			3.45823222265985	-1.70128698936646
			3.46008749745741	-1.70128698936646
			3.46194277225498	-1.70128698936646
			3.46379804705254	-1.70128698936646
			3.4656533218501	-1.70314226416402
			3.46750859664767	-1.70314226416402
			3.46936387144523	-1.70314226416402
			3.4712191462428	-1.70499753896159
			3.47307442104036	-1.70499753896159
			3.47492969583793	-1.70499753896159
			3.47678497063549	-1.70685281375915
			3.47864024543305	-1.70685281375915
		</curvaD_espina_dorsal>
		<curvaI_espina_dorsal type=matrix rownames=FALSE colnames=FALSE nrow=353 ncol=2 as.numeric=TRUE >
			2.91463670697351	-1.29869235829501
			2.91649198177107	-1.30054763309257
			2.91834725656864	-1.30240290789014
			2.9202025313662	-1.3042581826877
			2.92205780616377	-1.30611345748526
			2.92391308096133	-1.30611345748526
			2.92576835575889	-1.30796873228283
			2.92576835575889	-1.30982400708039
			2.92762363055646	-1.31167928187796
			2.92947890535402	-1.31167928187796
			2.93133418015159	-1.31353455667552
			2.93318945494915	-1.31538983147309
			2.93504472974672	-1.31724510627065
			2.93690000454428	-1.31910038106821
			2.93875527934184	-1.32095565586578
			2.94061055413941	-1.32281093066334
			2.94246582893697	-1.32466620546091
			2.94432110373454	-1.32652148025847
			2.9461763785321	-1.32837675505604
			2.94803165332967	-1.32837675505604
			2.94988692812723	-1.3302320298536
			2.95174220292479	-1.33208730465116
			2.95359747772236	-1.33394257944873
			2.95545275251992	-1.33579785424629
			2.95730802731749	-1.33765312904386
			2.95916330211505	-1.33950840384142
			2.96101857691262	-1.34136367863899
			2.96287385171018	-1.34321895343655
			2.96472912650774	-1.34507422823411
			2.96658440130531	-1.34507422823411
			2.96843967610287	-1.34692950303168
			2.97029495090044	-1.34878477782924
			2.972150225698	-1.35064005262681
			2.97400550049557	-1.35249532742437
			2.97586077529313	-1.35435060222194
			2.9777160500907	-1.3562058770195
			2.97957132488826	-1.3562058770195
			2.97957132488826	-1.35806115181706
			2.98142659968582	-1.35806115181706
			2.98328187448339	-1.35991642661463
			2.98328187448339	-1.36177170141219
			2.98513714928095	-1.36177170141219
			2.98699242407852	-1.36362697620976
			2.98884769887608	-1.36548225100732
			2.99070297367365	-1.36733752580489
			2.99255824847121	-1.36919280060245
			2.99441352326877	-1.36919280060245
			2.99626879806634	-1.37104807540001
			2.99626879806634	-1.37290335019758
			2.9981240728639	-1.37475862499514
			2.99997934766147	-1.37475862499514
			3.00183462245903	-1.37661389979271
			3.0036898972566	-1.37846917459027
			3.00554517205416	-1.38032444938784
			3.00740044685172	-1.3821797241854
			3.00925572164929	-1.38403499898296
			3.01111099644685	-1.38589027378053
			3.01111099644685	-1.38774554857809
			3.01296627124442	-1.38774554857809
			3.01482154604198	-1.38960082337566
			3.01667682083955	-1.39145609817322
			3.01667682083955	-1.39331137297079
			3.01853209563711	-1.39516664776835
			3.02038737043467	-1.39516664776835
			3.02038737043467	-1.39702192256591
			3.02224264523224	-1.39887719736348
			3.0240979200298	-1.40073247216104
			3.02595319482737	-1.40258774695861
			3.02780846962493	-1.40444302175617
			3.0296637444225	-1.40629829655374
			3.03151901922006	-1.4081535713513
			3.03151901922006	-1.41000884614886
			3.03337429401762	-1.41186412094643
			3.03522956881519	-1.41371939574399
			3.03708484361275	-1.41557467054156
			3.03894011841032	-1.41742994533912
			3.03894011841032	-1.41928522013669
			3.04079539320788	-1.42114049493425
			3.04265066800545	-1.42299576973181
			3.04450594280301	-1.42299576973181
			3.04636121760057	-1.42485104452938
			3.04636121760057	-1.42670631932694
			3.04821649239814	-1.42856159412451
			3.0500717671957	-1.43041686892207
			3.05192704199327	-1.43227214371964
			3.05192704199327	-1.4341274185172
			3.05378231679083	-1.43598269331477
			3.0556375915884	-1.43783796811233
			3.05749286638596	-1.43969324290989
			3.05749286638596	-1.44154851770746
			3.05934814118352	-1.44340379250502
			3.06120341598109	-1.44525906730259
			3.06305869077865	-1.44711434210015
			3.06491396557622	-1.44896961689772
			3.06676924037378	-1.45082489169528
			3.06676924037378	-1.45268016649284
			3.06862451517135	-1.45453544129041
			3.07047978996891	-1.45639071608797
			3.07233506476647	-1.45824599088554
			3.07419033956404	-1.4601012656831
			3.07419033956404	-1.46195654048067
			3.0760456143616	-1.46381181527823
			3.0760456143616	-1.46566709007579
			3.07790088915917	-1.46566709007579
			3.07790088915917	-1.46752236487336
			3.07975616395673	-1.46937763967092
			3.0816114387543	-1.47123291446849
			3.08346671355186	-1.47308818926605
			3.08346671355186	-1.47494346406362
			3.08532198834942	-1.47679873886118
			3.08717726314699	-1.47865401365874
			3.08717726314699	-1.48050928845631
			3.08903253794455	-1.48236456325387
			3.09088781274212	-1.48421983805144
			3.09088781274212	-1.486075112849
			3.09274308753968	-1.48793038764657
			3.09459836233725	-1.48978566244413
			3.09645363713481	-1.49164093724169
			3.09830891193237	-1.49349621203926
			3.09830891193237	-1.49535148683682
			3.09830891193237	-1.49720676163439
			3.10016418672994	-1.49720676163439
			3.10016418672994	-1.49906203643195
			3.1020194615275	-1.50091731122952
			3.1020194615275	-1.50277258602708
			3.10387473632507	-1.50462786082464
			3.10573001112263	-1.50648313562221
			3.10573001112263	-1.50833841041977
			3.1075852859202	-1.51019368521734
			3.1075852859202	-1.5120489600149
			3.10944056071776	-1.5120489600149
			3.10944056071776	-1.51390423481247
			3.11129583551532	-1.51575950961003
			3.11129583551532	-1.51761478440759
			3.11315111031289	-1.51761478440759
			3.11315111031289	-1.51947005920516
			3.11500638511045	-1.52132533400272
			3.11500638511045	-1.52318060880029
			3.11500638511045	-1.52503588359785
			3.11686165990802	-1.52503588359785
			3.11686165990802	-1.52689115839542
			3.11871693470558	-1.52874643319298
			3.11871693470558	-1.53060170799054
			3.12057220950315	-1.53060170799054
			3.12057220950315	-1.53245698278811
			3.12057220950315	-1.53431225758567
			3.12242748430071	-1.53616753238324
			3.12428275909827	-1.5380228071808
			3.12428275909827	-1.53987808197837
			3.12613803389584	-1.54173335677593
			3.12613803389584	-1.54358863157349
			3.1279933086934	-1.54544390637106
			3.1279933086934	-1.54729918116862
			3.12984858349097	-1.54915445596619
			3.12984858349097	-1.55100973076375
			3.12984858349097	-1.55286500556132
			3.13170385828853	-1.55286500556132
			3.13170385828853	-1.55472028035888
			3.1335591330861	-1.55657555515644
			3.1335591330861	-1.55843082995401
			3.13541440788366	-1.56028610475157
			3.13541440788366	-1.56214137954914
			3.13541440788366	-1.5639966543467
			3.1335591330861	-1.56585192914427
			3.13170385828853	-1.56770720394183
			3.13170385828853	-1.56956247873939
			3.12984858349097	-1.57141775353696
			3.12984858349097	-1.57327302833452
			3.1279933086934	-1.57512830313209
			3.1279933086934	-1.57698357792965
			3.12613803389584	-1.57883885272722
			3.12428275909827	-1.58069412752478
			3.12242748430071	-1.58254940232234
			3.12057220950315	-1.58440467711991
			3.11871693470558	-1.58625995191747
			3.11871693470558	-1.58811522671504
			3.11686165990802	-1.5899705015126
			3.11500638511045	-1.59182577631017
			3.11315111031289	-1.59368105110773
			3.11129583551532	-1.59553632590529
			3.10944056071776	-1.59739160070286
			3.1075852859202	-1.59924687550042
			3.10573001112263	-1.60110215029799
			3.10387473632507	-1.60295742509555
			3.1020194615275	-1.60481269989312
			3.10016418672994	-1.60666797469068
			3.09830891193237	-1.60666797469068
			3.09645363713481	-1.60852324948824
			3.09459836233725	-1.61037852428581
			3.09274308753968	-1.61037852428581
			3.09274308753968	-1.61223379908337
			3.09088781274212	-1.61223379908337
			3.08903253794455	-1.61408907388094
			3.08717726314699	-1.61408907388094
			3.08532198834942	-1.6159443486785
			3.08346671355186	-1.6159443486785
			3.0816114387543	-1.61779962347607
			3.07975616395673	-1.61779962347607
			3.07790088915917	-1.61965489827363
			3.0760456143616	-1.61965489827363
			3.07419033956404	-1.62151017307119
			3.07233506476647	-1.62151017307119
			3.07047978996891	-1.62336544786876
			3.06862451517135	-1.62336544786876
			3.06676924037378	-1.62522072266632
			3.06491396557622	-1.62522072266632
			3.06305869077865	-1.62707599746389
			3.06120341598109	-1.62707599746389
			3.05934814118352	-1.62893127226145
			3.05749286638596	-1.62893127226145
			3.0556375915884	-1.62893127226145
			3.05378231679083	-1.63078654705902
			3.05192704199327	-1.63078654705902
			3.0500717671957	-1.63264182185658
			3.04821649239814	-1.63264182185658
			3.04636121760057	-1.63264182185658
			3.04450594280301	-1.63449709665414
			3.04265066800545	-1.63449709665414
			3.04079539320788	-1.63449709665414
			3.03894011841032	-1.63635237145171
			3.03708484361275	-1.63635237145171
			3.03522956881519	-1.63635237145171
			3.03337429401762	-1.63635237145171
			3.03337429401762	-1.63820764624927
			3.03151901922006	-1.63820764624927
			3.0296637444225	-1.63820764624927
			3.02780846962493	-1.63820764624927
			3.02595319482737	-1.63820764624927
			3.0240979200298	-1.64006292104684
			3.02224264523224	-1.64006292104684
			3.02038737043467	-1.64006292104684
			3.01853209563711	-1.64006292104684
			3.01667682083955	-1.6419181958444
			3.01482154604198	-1.6419181958444
			3.01296627124442	-1.6419181958444
			3.01111099644685	-1.6419181958444
			3.00925572164929	-1.6419181958444
			3.00740044685172	-1.64377347064197
			3.00554517205416	-1.64377347064197
			3.0036898972566	-1.64377347064197
			3.00183462245903	-1.64377347064197
			2.99997934766147	-1.64377347064197
			2.9981240728639	-1.64562874543953
			2.99626879806634	-1.64562874543953
			2.99441352326877	-1.64562874543953
			2.99255824847121	-1.64562874543953
			2.99070297367365	-1.64562874543953
			2.98884769887608	-1.64562874543953
			2.98699242407852	-1.64562874543953
			2.98513714928095	-1.64748402023709
			2.98328187448339	-1.64748402023709
			2.98142659968582	-1.64748402023709
			2.97957132488826	-1.64748402023709
			2.9777160500907	-1.64748402023709
			2.97586077529313	-1.64748402023709
			2.97400550049557	-1.64748402023709
			2.972150225698	-1.64748402023709
			2.97029495090044	-1.64748402023709
			2.96843967610287	-1.64748402023709
			2.96658440130531	-1.64933929503466
			2.96472912650774	-1.64933929503466
			2.96287385171018	-1.64933929503466
			2.96101857691262	-1.64933929503466
			2.95916330211505	-1.64933929503466
			2.95730802731749	-1.64933929503466
			2.95545275251992	-1.64933929503466
			2.95359747772236	-1.64933929503466
			2.95174220292479	-1.65119456983222
			2.94988692812723	-1.65119456983222
			2.94803165332967	-1.65304984462979
			2.9461763785321	-1.65304984462979
			2.94432110373454	-1.65490511942735
			2.94246582893697	-1.65490511942735
			2.94061055413941	-1.65676039422492
			2.93875527934184	-1.65676039422492
			2.93690000454428	-1.65676039422492
			2.93690000454428	-1.65861566902248
			2.93504472974672	-1.65861566902248
			2.93318945494915	-1.65861566902248
			2.93318945494915	-1.66047094382004
			2.93133418015159	-1.66047094382004
			2.92947890535402	-1.66047094382004
			2.92947890535402	-1.66232621861761
			2.92762363055646	-1.66232621861761
			2.92576835575889	-1.66232621861761
			2.92576835575889	-1.66418149341517
			2.92391308096133	-1.66418149341517
			2.92205780616377	-1.66603676821274
			2.9202025313662	-1.6678920430103
			2.91834725656864	-1.6678920430103
			2.91649198177107	-1.6678920430103
			2.91463670697351	-1.66974731780787
			2.91278143217594	-1.66974731780787
			2.91278143217594	-1.67160259260543
			2.91092615737838	-1.67160259260543
			2.90907088258082	-1.67345786740299
			2.90721560778325	-1.67345786740299
			2.90721560778325	-1.67531314220056
			2.90536033298569	-1.67531314220056
			2.90350505818812	-1.67716841699812
			2.90164978339056	-1.67716841699812
			2.90164978339056	-1.67902369179569
			2.89979450859299	-1.67902369179569
			2.89793923379543	-1.68087896659325
			2.89608395899787	-1.68273424139082
			2.8942286842003	-1.68273424139082
			2.89237340940274	-1.68458951618838
			2.89051813460517	-1.68458951618838
			2.88866285980761	-1.68644479098595
			2.88866285980761	-1.68830006578351
			2.88680758501004	-1.68830006578351
			2.88495231021248	-1.69015534058107
			2.88309703541492	-1.69201061537864
			2.88124176061735	-1.69201061537864
			2.87938648581979	-1.6938658901762
			2.87938648581979	-1.69572116497377
			2.87753121102222	-1.69572116497377
			2.87567593622466	-1.69757643977133
			2.87382066142709	-1.6994317145689
			2.87196538662953	-1.6994317145689
			2.87196538662953	-1.70128698936646
			2.87011011183197	-1.70314226416402
			2.8682548370344	-1.70314226416402
			2.86639956223684	-1.70499753896159
			2.86454428743927	-1.70685281375915
			2.86268901264171	-1.70870808855672
			2.86083373784414	-1.71056336335428
			2.85897846304658	-1.71241863815185
			2.85712318824902	-1.71427391294941
			2.85526791345145	-1.71612918774697
			2.85341263865389	-1.71612918774697
			2.85155736385632	-1.71798446254454
			2.84970208905876	-1.7198397373421
			2.84970208905876	-1.72169501213967
			2.84784681426119	-1.72355028693723
			2.84599153946363	-1.7254055617348
			2.84413626466607	-1.72726083653236
			2.8422809898685	-1.72911611132992
			2.84042571507094	-1.73097138612749
			2.83857044027337	-1.73282666092505
			2.83857044027337	-1.73468193572262
			2.83671516547581	-1.73653721052018
			2.83485989067824	-1.73839248531775
			2.83300461588068	-1.74024776011531
			2.83114934108312	-1.74210303491287
			2.82929406628555	-1.74395830971044
			2.82929406628555	-1.745813584508
			2.82743879148799	-1.74766885930557
			2.82558351669042	-1.74952413410313
			2.82372824189286	-1.7513794089007
			2.82372824189286	-1.75323468369826
			2.82187296709529	-1.75508995849582
			2.82001769229773	-1.75694523329339
		</curvaI_espina_dorsal>
	</curves.scaled>
	<ruler.points type=matrix rownames=TRUE colnames=FALSE nrow=2 ncol=2 as.numeric=TRUE >
		Ruler point 1	1519	537
		Ruler point 2	2058	535
	</ruler.points>
</shapes>

