<shapes type=list>
	<ruler.pixel type=vector names=FALSE length=1 as.numeric=TRUE >539.003710562367</ruler.pixel>
	<ruler.interval type=vector names=FALSE length=1 as.numeric=TRUE >1</ruler.interval>
	<scaling.units type=vector names=FALSE length=1 as.numeric=FALSE >mm</scaling.units>
	<scaling type=vector names=FALSE length=1 as.numeric=TRUE >0.00186561969275678</scaling>
	<landmarks.pixel type=matrix rownames=TRUE colnames=FALSE nrow=3 ncol=2 as.numeric=TRUE >
		punta_espina_dorsal	1280	844
		esq_izq_caparaza	1401	1128
		organo_dorsal	1649	891
	</landmarks.pixel>
	<landmarks.scaled type=matrix rownames=TRUE colnames=FALSE nrow=3 ncol=2 as.numeric=TRUE >
		punta_espina_dorsal	2.38799320672868	-1.57458302068672
		esq_izq_caparaza	2.61373318955225	-2.10441901342965
		organo_dorsal	3.07640687335593	-1.66226714624629
	</landmarks.scaled>
	<curves.control type=list>
		<curvaD_espina_dorsal type=matrix rownames=FALSE colnames=FALSE nrow=7 ncol=2 as.numeric=TRUE >
			1280	844
			1306	843
			1345	848
			1397	852
			1487	880
			1518	918
			1649	891
		</curvaD_espina_dorsal>
		<curvaI_espina_dorsal type=matrix rownames=FALSE colnames=FALSE nrow=9 ncol=2 as.numeric=TRUE >
			1280	844
			1344	856
			1388	869
			1442	881
			1457	903
			1467	966
			1399	1008
			1378	1059
			1401	1128
		</curvaI_espina_dorsal>
	</curves.control>
	<curves.pixel type=list>
		<curvaD_espina_dorsal type=matrix rownames=FALSE colnames=FALSE nrow=375 ncol=2 as.numeric=TRUE >
			1280	844
			1281	844
			1282	844
			1283	844
			1284	844
			1285	844
			1286	844
			1287	844
			1288	844
			1289	844
			1290	844
			1291	844
			1292	844
			1293	844
			1294	844
			1295	844
			1296	844
			1297	844
			1298	844
			1299	844
			1300	844
			1301	844
			1302	844
			1303	844
			1304	844
			1305	844
			1306	844
			1307	844
			1308	844
			1309	845
			1310	845
			1311	845
			1312	845
			1313	845
			1314	845
			1315	845
			1316	845
			1317	845
			1318	845
			1319	845
			1320	845
			1321	845
			1322	845
			1323	846
			1324	846
			1325	846
			1326	846
			1327	846
			1328	846
			1329	846
			1330	846
			1331	846
			1332	846
			1333	847
			1334	847
			1335	847
			1336	847
			1337	847
			1338	847
			1339	847
			1340	847
			1341	847
			1342	848
			1343	848
			1344	848
			1345	848
			1346	848
			1347	848
			1348	848
			1349	848
			1350	848
			1351	849
			1352	849
			1353	849
			1354	849
			1355	849
			1356	849
			1357	849
			1358	849
			1359	849
			1360	850
			1361	850
			1362	850
			1363	850
			1364	850
			1365	850
			1366	850
			1367	851
			1368	851
			1369	851
			1370	851
			1371	851
			1372	851
			1373	851
			1374	852
			1375	852
			1376	852
			1377	852
			1378	852
			1379	852
			1380	853
			1381	853
			1382	853
			1383	853
			1384	853
			1385	854
			1386	854
			1387	854
			1388	854
			1389	854
			1390	855
			1391	855
			1392	855
			1393	855
			1394	855
			1395	856
			1396	856
			1397	856
			1398	856
			1399	856
			1400	857
			1401	857
			1402	857
			1403	857
			1404	858
			1405	858
			1406	858
			1407	858
			1408	858
			1409	859
			1410	859
			1411	859
			1412	859
			1413	859
			1414	860
			1415	860
			1416	860
			1417	860
			1418	861
			1419	861
			1420	861
			1421	861
			1422	862
			1423	862
			1424	862
			1425	862
			1426	863
			1427	863
			1428	863
			1429	863
			1430	864
			1431	864
			1432	864
			1433	864
			1434	865
			1435	865
			1436	865
			1437	865
			1438	866
			1439	866
			1440	866
			1441	867
			1442	867
			1443	867
			1444	867
			1445	868
			1446	868
			1447	868
			1448	869
			1449	869
			1450	869
			1451	869
			1452	870
			1453	870
			1454	870
			1455	870
			1455	871
			1456	871
			1457	871
			1458	871
			1459	871
			1459	872
			1460	872
			1461	872
			1462	872
			1463	873
			1464	873
			1465	873
			1466	874
			1467	874
			1468	874
			1469	875
			1470	875
			1471	875
			1472	875
			1473	876
			1474	876
			1475	876
			1476	877
			1477	877
			1478	877
			1479	878
			1480	878
			1481	878
			1482	878
			1483	879
			1484	879
			1485	879
			1486	880
			1487	880
			1488	881
			1488	882
			1489	883
			1490	883
			1491	884
			1492	885
			1493	886
			1494	887
			1495	888
			1496	888
			1497	889
			1498	890
			1499	890
			1500	891
			1501	892
			1502	892
			1503	893
			1504	893
			1505	894
			1506	894
			1507	894
			1508	895
			1509	895
			1510	895
			1511	896
			1512	896
			1513	896
			1514	897
			1515	897
			1516	897
			1517	898
			1518	898
			1519	898
			1520	898
			1521	899
			1522	899
			1523	899
			1524	899
			1525	899
			1526	900
			1527	900
			1528	900
			1529	900
			1530	900
			1531	901
			1532	901
			1533	901
			1534	901
			1535	901
			1536	901
			1537	901
			1538	901
			1539	901
			1540	902
			1541	902
			1542	902
			1543	902
			1544	902
			1545	902
			1546	902
			1547	902
			1548	902
			1549	902
			1550	902
			1551	902
			1552	902
			1553	902
			1554	902
			1555	902
			1556	902
			1557	902
			1558	902
			1559	902
			1560	902
			1561	902
			1562	902
			1563	902
			1564	902
			1565	902
			1566	902
			1567	902
			1568	902
			1569	902
			1570	902
			1571	902
			1572	902
			1573	902
			1574	902
			1575	902
			1576	902
			1577	902
			1578	901
			1579	901
			1580	901
			1581	901
			1582	901
			1583	901
			1584	901
			1585	901
			1586	901
			1587	901
			1588	901
			1589	901
			1590	900
			1591	900
			1592	900
			1593	900
			1594	900
			1595	900
			1596	900
			1597	900
			1598	899
			1599	899
			1600	899
			1601	899
			1602	899
			1603	899
			1604	899
			1605	899
			1606	899
			1606	898
			1607	898
			1608	898
			1609	898
			1610	898
			1611	898
			1612	898
			1613	898
			1613	897
			1614	897
			1615	897
			1616	897
			1617	897
			1618	897
			1619	897
			1620	896
			1621	896
			1622	896
			1623	896
			1624	896
			1625	896
			1626	895
			1627	895
			1628	895
			1629	895
			1630	895
			1631	894
			1632	894
			1633	894
			1634	894
			1635	894
			1636	894
			1637	893
			1638	893
			1639	893
			1640	893
			1641	893
			1642	892
			1643	892
			1644	892
			1645	892
			1646	892
			1647	891
			1648	891
			1649	891
		</curvaD_espina_dorsal>
		<curvaI_espina_dorsal type=matrix rownames=FALSE colnames=FALSE nrow=421 ncol=2 as.numeric=TRUE >
			1280	844
			1281	844
			1282	844
			1283	845
			1284	845
			1285	845
			1286	845
			1287	845
			1288	846
			1289	846
			1290	846
			1291	846
			1292	846
			1293	847
			1294	847
			1295	847
			1296	847
			1297	847
			1298	847
			1299	848
			1300	848
			1301	848
			1302	848
			1303	848
			1304	849
			1305	849
			1306	849
			1307	849
			1308	850
			1309	850
			1310	850
			1311	850
			1312	850
			1313	851
			1314	851
			1315	851
			1316	851
			1317	851
			1318	852
			1319	852
			1320	852
			1321	852
			1322	852
			1323	853
			1324	853
			1325	853
			1326	853
			1327	854
			1328	854
			1329	854
			1330	854
			1331	854
			1332	855
			1333	855
			1334	855
			1335	855
			1336	856
			1337	856
			1338	856
			1339	856
			1340	856
			1341	857
			1342	857
			1343	857
			1344	857
			1344	858
			1345	858
			1346	858
			1347	858
			1348	858
			1349	859
			1350	859
			1351	859
			1352	859
			1353	860
			1354	860
			1355	860
			1356	860
			1357	861
			1358	861
			1359	861
			1360	861
			1361	862
			1362	862
			1363	862
			1364	862
			1365	863
			1366	863
			1367	863
			1368	863
			1369	864
			1370	864
			1371	864
			1372	865
			1373	865
			1374	865
			1375	865
			1376	866
			1377	866
			1378	866
			1379	866
			1380	867
			1381	867
			1382	867
			1383	868
			1384	868
			1385	868
			1386	868
			1387	869
			1388	869
			1389	869
			1390	869
			1391	870
			1392	870
			1393	870
			1394	870
			1395	871
			1396	871
			1397	871
			1398	871
			1399	872
			1400	872
			1401	872
			1402	873
			1403	873
			1404	873
			1405	873
			1406	874
			1407	874
			1408	874
			1409	875
			1410	875
			1411	875
			1412	875
			1412	876
			1413	876
			1414	876
			1415	876
			1416	877
			1417	877
			1418	878
			1419	878
			1420	878
			1421	879
			1422	879
			1423	880
			1424	880
			1425	880
			1426	881
			1427	881
			1428	882
			1429	882
			1430	883
			1431	883
			1432	883
			1433	884
			1434	884
			1435	885
			1436	885
			1436	886
			1437	886
			1438	887
			1439	887
			1440	888
			1441	888
			1442	889
			1443	890
			1444	890
			1445	891
			1446	892
			1447	893
			1448	893
			1449	894
			1450	895
			1451	896
			1452	897
			1453	898
			1454	899
			1455	900
			1455	901
			1456	902
			1457	903
			1457	904
			1457	905
			1457	906
			1458	907
			1458	908
			1458	909
			1458	910
			1458	911
			1458	912
			1458	913
			1458	914
			1458	915
			1458	916
			1458	917
			1458	918
			1458	919
			1458	920
			1458	921
			1458	922
			1458	923
			1458	924
			1458	925
			1458	926
			1458	927
			1458	928
			1458	929
			1458	930
			1457	931
			1457	932
			1457	933
			1457	934
			1457	935
			1457	936
			1456	937
			1456	938
			1456	939
			1456	940
			1455	941
			1455	942
			1455	943
			1454	944
			1454	945
			1454	946
			1454	947
			1453	948
			1453	949
			1453	950
			1452	951
			1452	952
			1451	953
			1451	954
			1451	955
			1450	955
			1450	956
			1449	957
			1449	958
			1448	959
			1448	960
			1447	961
			1447	962
			1446	963
			1445	964
			1445	965
			1444	966
			1443	967
			1443	968
			1442	969
			1442	970
			1441	971
			1440	972
			1439	973
			1438	974
			1438	975
			1437	976
			1437	977
			1436	977
			1435	978
			1435	979
			1434	979
			1434	980
			1433	981
			1432	981
			1432	982
			1431	983
			1430	984
			1429	985
			1428	986
			1427	987
			1426	987
			1425	988
			1425	989
			1424	990
			1423	991
			1422	992
			1421	992
			1420	993
			1419	994
			1418	995
			1417	995
			1416	996
			1415	997
			1414	998
			1413	999
			1412	999
			1411	1000
			1410	1001
			1409	1002
			1408	1002
			1407	1003
			1406	1003
			1406	1004
			1405	1004
			1404	1005
			1403	1006
			1402	1006
			1401	1007
			1400	1007
			1399	1008
			1399	1009
			1398	1010
			1398	1011
			1398	1012
			1397	1013
			1397	1014
			1396	1015
			1396	1016
			1396	1017
			1395	1018
			1395	1019
			1395	1020
			1395	1021
			1394	1022
			1394	1023
			1394	1024
			1393	1025
			1393	1026
			1393	1027
			1393	1028
			1392	1029
			1392	1030
			1392	1031
			1392	1032
			1392	1033
			1391	1034
			1391	1035
			1391	1036
			1391	1037
			1391	1038
			1391	1039
			1390	1040
			1390	1041
			1390	1042
			1390	1043
			1390	1044
			1390	1045
			1390	1046
			1390	1047
			1390	1048
			1389	1049
			1389	1050
			1389	1051
			1389	1052
			1389	1053
			1389	1054
			1389	1055
			1389	1056
			1389	1057
			1389	1058
			1389	1059
			1389	1060
			1389	1061
			1389	1062
			1389	1063
			1389	1064
			1389	1065
			1389	1066
			1389	1067
			1389	1068
			1389	1069
			1389	1070
			1389	1071
			1389	1072
			1389	1073
			1389	1074
			1390	1075
			1390	1076
			1390	1077
			1390	1078
			1390	1079
			1390	1080
			1390	1081
			1390	1082
			1390	1083
			1390	1084
			1391	1085
			1391	1086
			1391	1087
			1391	1088
			1391	1089
			1391	1090
			1392	1090
			1392	1091
			1392	1092
			1392	1093
			1392	1094
			1392	1095
			1393	1096
			1393	1097
			1393	1098
			1393	1099
			1393	1100
			1393	1101
			1394	1102
			1394	1103
			1394	1104
			1395	1105
			1395	1106
			1395	1107
			1395	1108
			1396	1109
			1396	1110
			1396	1111
			1396	1112
			1397	1113
			1397	1114
			1397	1115
			1397	1116
			1398	1117
			1398	1118
			1398	1119
			1398	1120
			1399	1121
			1399	1122
			1399	1123
			1400	1124
			1400	1125
			1400	1126
			1401	1127
			1401	1128
		</curvaI_espina_dorsal>
	</curves.pixel>
	<curves.scaled type=list>
		<curvaD_espina_dorsal type=matrix rownames=FALSE colnames=FALSE nrow=375 ncol=2 as.numeric=TRUE >
			2.38799320672868	-1.57458302068672
			2.38985882642143	-1.57458302068672
			2.39172444611419	-1.57458302068672
			2.39359006580695	-1.57458302068672
			2.3954556854997	-1.57458302068672
			2.39732130519246	-1.57458302068672
			2.39918692488522	-1.57458302068672
			2.40105254457797	-1.57458302068672
			2.40291816427073	-1.57458302068672
			2.40478378396349	-1.57458302068672
			2.40664940365624	-1.57458302068672
			2.408515023349	-1.57458302068672
			2.41038064304176	-1.57458302068672
			2.41224626273451	-1.57458302068672
			2.41411188242727	-1.57458302068672
			2.41597750212003	-1.57458302068672
			2.41784312181278	-1.57458302068672
			2.41970874150554	-1.57458302068672
			2.4215743611983	-1.57458302068672
			2.42343998089105	-1.57458302068672
			2.42530560058381	-1.57458302068672
			2.42717122027657	-1.57458302068672
			2.42903683996932	-1.57458302068672
			2.43090245966208	-1.57458302068672
			2.43276807935484	-1.57458302068672
			2.43463369904759	-1.57458302068672
			2.43649931874035	-1.57458302068672
			2.43836493843311	-1.57458302068672
			2.44023055812587	-1.57458302068672
			2.44209617781862	-1.57644864037948
			2.44396179751138	-1.57644864037948
			2.44582741720414	-1.57644864037948
			2.44769303689689	-1.57644864037948
			2.44955865658965	-1.57644864037948
			2.45142427628241	-1.57644864037948
			2.45328989597516	-1.57644864037948
			2.45515551566792	-1.57644864037948
			2.45702113536068	-1.57644864037948
			2.45888675505343	-1.57644864037948
			2.46075237474619	-1.57644864037948
			2.46261799443895	-1.57644864037948
			2.4644836141317	-1.57644864037948
			2.46634923382446	-1.57644864037948
			2.46821485351722	-1.57831426007223
			2.47008047320997	-1.57831426007223
			2.47194609290273	-1.57831426007223
			2.47381171259549	-1.57831426007223
			2.47567733228824	-1.57831426007223
			2.477542951981	-1.57831426007223
			2.47940857167376	-1.57831426007223
			2.48127419136651	-1.57831426007223
			2.48313981105927	-1.57831426007223
			2.48500543075203	-1.57831426007223
			2.48687105044478	-1.58017987976499
			2.48873667013754	-1.58017987976499
			2.4906022898303	-1.58017987976499
			2.49246790952306	-1.58017987976499
			2.49433352921581	-1.58017987976499
			2.49619914890857	-1.58017987976499
			2.49806476860133	-1.58017987976499
			2.49993038829408	-1.58017987976499
			2.50179600798684	-1.58017987976499
			2.5036616276796	-1.58204549945775
			2.50552724737235	-1.58204549945775
			2.50739286706511	-1.58204549945775
			2.50925848675787	-1.58204549945775
			2.51112410645062	-1.58204549945775
			2.51298972614338	-1.58204549945775
			2.51485534583614	-1.58204549945775
			2.51672096552889	-1.58204549945775
			2.51858658522165	-1.58204549945775
			2.52045220491441	-1.5839111191505
			2.52231782460716	-1.5839111191505
			2.52418344429992	-1.5839111191505
			2.52604906399268	-1.5839111191505
			2.52791468368543	-1.5839111191505
			2.52978030337819	-1.5839111191505
			2.53164592307095	-1.5839111191505
			2.5335115427637	-1.5839111191505
			2.53537716245646	-1.5839111191505
			2.53724278214922	-1.58577673884326
			2.53910840184197	-1.58577673884326
			2.54097402153473	-1.58577673884326
			2.54283964122749	-1.58577673884326
			2.54470526092024	-1.58577673884326
			2.546570880613	-1.58577673884326
			2.54843650030576	-1.58577673884326
			2.55030211999851	-1.58764235853602
			2.55216773969127	-1.58764235853602
			2.55403335938403	-1.58764235853602
			2.55589897907679	-1.58764235853602
			2.55776459876954	-1.58764235853602
			2.5596302184623	-1.58764235853602
			2.56149583815506	-1.58764235853602
			2.56336145784781	-1.58950797822877
			2.56522707754057	-1.58950797822877
			2.56709269723333	-1.58950797822877
			2.56895831692608	-1.58950797822877
			2.57082393661884	-1.58950797822877
			2.5726895563116	-1.58950797822877
			2.57455517600435	-1.59137359792153
			2.57642079569711	-1.59137359792153
			2.57828641538987	-1.59137359792153
			2.58015203508262	-1.59137359792153
			2.58201765477538	-1.59137359792153
			2.58388327446814	-1.59323921761429
			2.58574889416089	-1.59323921761429
			2.58761451385365	-1.59323921761429
			2.58948013354641	-1.59323921761429
			2.59134575323916	-1.59323921761429
			2.59321137293192	-1.59510483730704
			2.59507699262468	-1.59510483730704
			2.59694261231743	-1.59510483730704
			2.59880823201019	-1.59510483730704
			2.60067385170295	-1.59510483730704
			2.6025394713957	-1.5969704569998
			2.60440509108846	-1.5969704569998
			2.60627071078122	-1.5969704569998
			2.60813633047398	-1.5969704569998
			2.61000195016673	-1.5969704569998
			2.61186756985949	-1.59883607669256
			2.61373318955225	-1.59883607669256
			2.615598809245	-1.59883607669256
			2.61746442893776	-1.59883607669256
			2.61933004863052	-1.60070169638532
			2.62119566832327	-1.60070169638532
			2.62306128801603	-1.60070169638532
			2.62492690770879	-1.60070169638532
			2.62679252740154	-1.60070169638532
			2.6286581470943	-1.60256731607807
			2.63052376678706	-1.60256731607807
			2.63238938647981	-1.60256731607807
			2.63425500617257	-1.60256731607807
			2.63612062586533	-1.60256731607807
			2.63798624555808	-1.60443293577083
			2.63985186525084	-1.60443293577083
			2.6417174849436	-1.60443293577083
			2.64358310463635	-1.60443293577083
			2.64544872432911	-1.60629855546359
			2.64731434402187	-1.60629855546359
			2.64917996371462	-1.60629855546359
			2.65104558340738	-1.60629855546359
			2.65291120310014	-1.60816417515634
			2.65477682279289	-1.60816417515634
			2.65664244248565	-1.60816417515634
			2.65850806217841	-1.60816417515634
			2.66037368187117	-1.6100297948491
			2.66223930156392	-1.6100297948491
			2.66410492125668	-1.6100297948491
			2.66597054094944	-1.6100297948491
			2.66783616064219	-1.61189541454186
			2.66970178033495	-1.61189541454186
			2.67156740002771	-1.61189541454186
			2.67343301972046	-1.61189541454186
			2.67529863941322	-1.61376103423461
			2.67716425910598	-1.61376103423461
			2.67902987879873	-1.61376103423461
			2.68089549849149	-1.61376103423461
			2.68276111818425	-1.61562665392737
			2.684626737877	-1.61562665392737
			2.68649235756976	-1.61562665392737
			2.68835797726252	-1.61749227362013
			2.69022359695527	-1.61749227362013
			2.69208921664803	-1.61749227362013
			2.69395483634079	-1.61749227362013
			2.69582045603354	-1.61935789331288
			2.6976860757263	-1.61935789331288
			2.69955169541906	-1.61935789331288
			2.70141731511181	-1.62122351300564
			2.70328293480457	-1.62122351300564
			2.70514855449733	-1.62122351300564
			2.70701417419008	-1.62122351300564
			2.70887979388284	-1.6230891326984
			2.7107454135756	-1.6230891326984
			2.71261103326835	-1.6230891326984
			2.71447665296111	-1.6230891326984
			2.71447665296111	-1.62495475239115
			2.71634227265387	-1.62495475239115
			2.71820789234663	-1.62495475239115
			2.72007351203938	-1.62495475239115
			2.72193913173214	-1.62495475239115
			2.72193913173214	-1.62682037208391
			2.7238047514249	-1.62682037208391
			2.72567037111765	-1.62682037208391
			2.72753599081041	-1.62682037208391
			2.72940161050317	-1.62868599177667
			2.73126723019592	-1.62868599177667
			2.73313284988868	-1.62868599177667
			2.73499846958144	-1.63055161146942
			2.73686408927419	-1.63055161146942
			2.73872970896695	-1.63055161146942
			2.74059532865971	-1.63241723116218
			2.74246094835246	-1.63241723116218
			2.74432656804522	-1.63241723116218
			2.74619218773798	-1.63241723116218
			2.74805780743073	-1.63428285085494
			2.74992342712349	-1.63428285085494
			2.75178904681625	-1.63428285085494
			2.753654666509	-1.63614847054769
			2.75552028620176	-1.63614847054769
			2.75738590589452	-1.63614847054769
			2.75925152558727	-1.63801409024045
			2.76111714528003	-1.63801409024045
			2.76298276497279	-1.63801409024045
			2.76484838466554	-1.63801409024045
			2.7667140043583	-1.63987970993321
			2.76857962405106	-1.63987970993321
			2.77044524374381	-1.63987970993321
			2.77231086343657	-1.64174532962596
			2.77417648312933	-1.64174532962596
			2.77604210282209	-1.64361094931872
			2.77604210282209	-1.64547656901148
			2.77790772251484	-1.64734218870423
			2.7797733422076	-1.64734218870423
			2.78163896190036	-1.64920780839699
			2.78350458159311	-1.65107342808975
			2.78537020128587	-1.6529390477825
			2.78723582097863	-1.65480466747526
			2.78910144067138	-1.65667028716802
			2.79096706036414	-1.65667028716802
			2.7928326800569	-1.65853590686078
			2.79469829974965	-1.66040152655353
			2.79656391944241	-1.66040152655353
			2.79842953913517	-1.66226714624629
			2.80029515882792	-1.66413276593905
			2.80216077852068	-1.66413276593905
			2.80402639821344	-1.6659983856318
			2.80589201790619	-1.6659983856318
			2.80775763759895	-1.66786400532456
			2.80962325729171	-1.66786400532456
			2.81148887698446	-1.66786400532456
			2.81335449667722	-1.66972962501732
			2.81522011636998	-1.66972962501732
			2.81708573606273	-1.66972962501732
			2.81895135575549	-1.67159524471007
			2.82081697544825	-1.67159524471007
			2.822682595141	-1.67159524471007
			2.82454821483376	-1.67346086440283
			2.82641383452652	-1.67346086440283
			2.82827945421927	-1.67346086440283
			2.83014507391203	-1.67532648409559
			2.83201069360479	-1.67532648409559
			2.83387631329755	-1.67532648409559
			2.8357419329903	-1.67532648409559
			2.83760755268306	-1.67719210378834
			2.83947317237582	-1.67719210378834
			2.84133879206857	-1.67719210378834
			2.84320441176133	-1.67719210378834
			2.84507003145409	-1.67719210378834
			2.84693565114684	-1.6790577234811
			2.8488012708396	-1.6790577234811
			2.85066689053236	-1.6790577234811
			2.85253251022511	-1.6790577234811
			2.85439812991787	-1.6790577234811
			2.85626374961063	-1.68092334317386
			2.85812936930338	-1.68092334317386
			2.85999498899614	-1.68092334317386
			2.8618606086889	-1.68092334317386
			2.86372622838165	-1.68092334317386
			2.86559184807441	-1.68092334317386
			2.86745746776717	-1.68092334317386
			2.86932308745992	-1.68092334317386
			2.87118870715268	-1.68092334317386
			2.87305432684544	-1.68278896286661
			2.87491994653819	-1.68278896286661
			2.87678556623095	-1.68278896286661
			2.87865118592371	-1.68278896286661
			2.88051680561646	-1.68278896286661
			2.88238242530922	-1.68278896286661
			2.88424804500198	-1.68278896286661
			2.88611366469474	-1.68278896286661
			2.88797928438749	-1.68278896286661
			2.88984490408025	-1.68278896286661
			2.89171052377301	-1.68278896286661
			2.89357614346576	-1.68278896286661
			2.89544176315852	-1.68278896286661
			2.89730738285128	-1.68278896286661
			2.89917300254403	-1.68278896286661
			2.90103862223679	-1.68278896286661
			2.90290424192955	-1.68278896286661
			2.9047698616223	-1.68278896286661
			2.90663548131506	-1.68278896286661
			2.90850110100782	-1.68278896286661
			2.91036672070057	-1.68278896286661
			2.91223234039333	-1.68278896286661
			2.91409796008609	-1.68278896286661
			2.91596357977884	-1.68278896286661
			2.9178291994716	-1.68278896286661
			2.91969481916436	-1.68278896286661
			2.92156043885711	-1.68278896286661
			2.92342605854987	-1.68278896286661
			2.92529167824263	-1.68278896286661
			2.92715729793538	-1.68278896286661
			2.92902291762814	-1.68278896286661
			2.9308885373209	-1.68278896286661
			2.93275415701365	-1.68278896286661
			2.93461977670641	-1.68278896286661
			2.93648539639917	-1.68278896286661
			2.93835101609193	-1.68278896286661
			2.94021663578468	-1.68278896286661
			2.94208225547744	-1.68278896286661
			2.9439478751702	-1.68092334317386
			2.94581349486295	-1.68092334317386
			2.94767911455571	-1.68092334317386
			2.94954473424847	-1.68092334317386
			2.95141035394122	-1.68092334317386
			2.95327597363398	-1.68092334317386
			2.95514159332674	-1.68092334317386
			2.95700721301949	-1.68092334317386
			2.95887283271225	-1.68092334317386
			2.96073845240501	-1.68092334317386
			2.96260407209776	-1.68092334317386
			2.96446969179052	-1.68092334317386
			2.96633531148328	-1.6790577234811
			2.96820093117603	-1.6790577234811
			2.97006655086879	-1.6790577234811
			2.97193217056155	-1.6790577234811
			2.9737977902543	-1.6790577234811
			2.97566340994706	-1.6790577234811
			2.97752902963982	-1.6790577234811
			2.97939464933257	-1.6790577234811
			2.98126026902533	-1.67719210378834
			2.98312588871809	-1.67719210378834
			2.98499150841084	-1.67719210378834
			2.9868571281036	-1.67719210378834
			2.98872274779636	-1.67719210378834
			2.99058836748911	-1.67719210378834
			2.99245398718187	-1.67719210378834
			2.99431960687463	-1.67719210378834
			2.99618522656738	-1.67719210378834
			2.99618522656738	-1.67532648409559
			2.99805084626014	-1.67532648409559
			2.9999164659529	-1.67532648409559
			3.00178208564566	-1.67532648409559
			3.00364770533841	-1.67532648409559
			3.00551332503117	-1.67532648409559
			3.00737894472393	-1.67532648409559
			3.00924456441668	-1.67532648409559
			3.00924456441668	-1.67346086440283
			3.01111018410944	-1.67346086440283
			3.0129758038022	-1.67346086440283
			3.01484142349495	-1.67346086440283
			3.01670704318771	-1.67346086440283
			3.01857266288047	-1.67346086440283
			3.02043828257322	-1.67346086440283
			3.02230390226598	-1.67159524471007
			3.02416952195874	-1.67159524471007
			3.02603514165149	-1.67159524471007
			3.02790076134425	-1.67159524471007
			3.02976638103701	-1.67159524471007
			3.03163200072976	-1.67159524471007
			3.03349762042252	-1.66972962501732
			3.03536324011528	-1.66972962501732
			3.03722885980803	-1.66972962501732
			3.03909447950079	-1.66972962501732
			3.04096009919355	-1.66972962501732
			3.0428257188863	-1.66786400532456
			3.04469133857906	-1.66786400532456
			3.04655695827182	-1.66786400532456
			3.04842257796457	-1.66786400532456
			3.05028819765733	-1.66786400532456
			3.05215381735009	-1.66786400532456
			3.05401943704285	-1.6659983856318
			3.0558850567356	-1.6659983856318
			3.05775067642836	-1.6659983856318
			3.05961629612112	-1.6659983856318
			3.06148191581387	-1.6659983856318
			3.06334753550663	-1.66413276593905
			3.06521315519939	-1.66413276593905
			3.06707877489214	-1.66413276593905
			3.0689443945849	-1.66413276593905
			3.07081001427766	-1.66413276593905
			3.07267563397041	-1.66226714624629
			3.07454125366317	-1.66226714624629
			3.07640687335593	-1.66226714624629
		</curvaD_espina_dorsal>
		<curvaI_espina_dorsal type=matrix rownames=FALSE colnames=FALSE nrow=421 ncol=2 as.numeric=TRUE >
			2.38799320672868	-1.57458302068672
			2.38985882642143	-1.57458302068672
			2.39172444611419	-1.57458302068672
			2.39359006580695	-1.57644864037948
			2.3954556854997	-1.57644864037948
			2.39732130519246	-1.57644864037948
			2.39918692488522	-1.57644864037948
			2.40105254457797	-1.57644864037948
			2.40291816427073	-1.57831426007223
			2.40478378396349	-1.57831426007223
			2.40664940365624	-1.57831426007223
			2.408515023349	-1.57831426007223
			2.41038064304176	-1.57831426007223
			2.41224626273451	-1.58017987976499
			2.41411188242727	-1.58017987976499
			2.41597750212003	-1.58017987976499
			2.41784312181278	-1.58017987976499
			2.41970874150554	-1.58017987976499
			2.4215743611983	-1.58017987976499
			2.42343998089105	-1.58204549945775
			2.42530560058381	-1.58204549945775
			2.42717122027657	-1.58204549945775
			2.42903683996932	-1.58204549945775
			2.43090245966208	-1.58204549945775
			2.43276807935484	-1.5839111191505
			2.43463369904759	-1.5839111191505
			2.43649931874035	-1.5839111191505
			2.43836493843311	-1.5839111191505
			2.44023055812587	-1.58577673884326
			2.44209617781862	-1.58577673884326
			2.44396179751138	-1.58577673884326
			2.44582741720414	-1.58577673884326
			2.44769303689689	-1.58577673884326
			2.44955865658965	-1.58764235853602
			2.45142427628241	-1.58764235853602
			2.45328989597516	-1.58764235853602
			2.45515551566792	-1.58764235853602
			2.45702113536068	-1.58764235853602
			2.45888675505343	-1.58950797822877
			2.46075237474619	-1.58950797822877
			2.46261799443895	-1.58950797822877
			2.4644836141317	-1.58950797822877
			2.46634923382446	-1.58950797822877
			2.46821485351722	-1.59137359792153
			2.47008047320997	-1.59137359792153
			2.47194609290273	-1.59137359792153
			2.47381171259549	-1.59137359792153
			2.47567733228824	-1.59323921761429
			2.477542951981	-1.59323921761429
			2.47940857167376	-1.59323921761429
			2.48127419136651	-1.59323921761429
			2.48313981105927	-1.59323921761429
			2.48500543075203	-1.59510483730704
			2.48687105044478	-1.59510483730704
			2.48873667013754	-1.59510483730704
			2.4906022898303	-1.59510483730704
			2.49246790952306	-1.5969704569998
			2.49433352921581	-1.5969704569998
			2.49619914890857	-1.5969704569998
			2.49806476860133	-1.5969704569998
			2.49993038829408	-1.5969704569998
			2.50179600798684	-1.59883607669256
			2.5036616276796	-1.59883607669256
			2.50552724737235	-1.59883607669256
			2.50739286706511	-1.59883607669256
			2.50739286706511	-1.60070169638532
			2.50925848675787	-1.60070169638532
			2.51112410645062	-1.60070169638532
			2.51298972614338	-1.60070169638532
			2.51485534583614	-1.60070169638532
			2.51672096552889	-1.60256731607807
			2.51858658522165	-1.60256731607807
			2.52045220491441	-1.60256731607807
			2.52231782460716	-1.60256731607807
			2.52418344429992	-1.60443293577083
			2.52604906399268	-1.60443293577083
			2.52791468368543	-1.60443293577083
			2.52978030337819	-1.60443293577083
			2.53164592307095	-1.60629855546359
			2.5335115427637	-1.60629855546359
			2.53537716245646	-1.60629855546359
			2.53724278214922	-1.60629855546359
			2.53910840184197	-1.60816417515634
			2.54097402153473	-1.60816417515634
			2.54283964122749	-1.60816417515634
			2.54470526092024	-1.60816417515634
			2.546570880613	-1.6100297948491
			2.54843650030576	-1.6100297948491
			2.55030211999851	-1.6100297948491
			2.55216773969127	-1.6100297948491
			2.55403335938403	-1.61189541454186
			2.55589897907679	-1.61189541454186
			2.55776459876954	-1.61189541454186
			2.5596302184623	-1.61376103423461
			2.56149583815506	-1.61376103423461
			2.56336145784781	-1.61376103423461
			2.56522707754057	-1.61376103423461
			2.56709269723333	-1.61562665392737
			2.56895831692608	-1.61562665392737
			2.57082393661884	-1.61562665392737
			2.5726895563116	-1.61562665392737
			2.57455517600435	-1.61749227362013
			2.57642079569711	-1.61749227362013
			2.57828641538987	-1.61749227362013
			2.58015203508262	-1.61935789331288
			2.58201765477538	-1.61935789331288
			2.58388327446814	-1.61935789331288
			2.58574889416089	-1.61935789331288
			2.58761451385365	-1.62122351300564
			2.58948013354641	-1.62122351300564
			2.59134575323916	-1.62122351300564
			2.59321137293192	-1.62122351300564
			2.59507699262468	-1.6230891326984
			2.59694261231743	-1.6230891326984
			2.59880823201019	-1.6230891326984
			2.60067385170295	-1.6230891326984
			2.6025394713957	-1.62495475239115
			2.60440509108846	-1.62495475239115
			2.60627071078122	-1.62495475239115
			2.60813633047398	-1.62495475239115
			2.61000195016673	-1.62682037208391
			2.61186756985949	-1.62682037208391
			2.61373318955225	-1.62682037208391
			2.615598809245	-1.62868599177667
			2.61746442893776	-1.62868599177667
			2.61933004863052	-1.62868599177667
			2.62119566832327	-1.62868599177667
			2.62306128801603	-1.63055161146942
			2.62492690770879	-1.63055161146942
			2.62679252740154	-1.63055161146942
			2.6286581470943	-1.63241723116218
			2.63052376678706	-1.63241723116218
			2.63238938647981	-1.63241723116218
			2.63425500617257	-1.63241723116218
			2.63425500617257	-1.63428285085494
			2.63612062586533	-1.63428285085494
			2.63798624555808	-1.63428285085494
			2.63985186525084	-1.63428285085494
			2.6417174849436	-1.63614847054769
			2.64358310463635	-1.63614847054769
			2.64544872432911	-1.63801409024045
			2.64731434402187	-1.63801409024045
			2.64917996371462	-1.63801409024045
			2.65104558340738	-1.63987970993321
			2.65291120310014	-1.63987970993321
			2.65477682279289	-1.64174532962596
			2.65664244248565	-1.64174532962596
			2.65850806217841	-1.64174532962596
			2.66037368187117	-1.64361094931872
			2.66223930156392	-1.64361094931872
			2.66410492125668	-1.64547656901148
			2.66597054094944	-1.64547656901148
			2.66783616064219	-1.64734218870423
			2.66970178033495	-1.64734218870423
			2.67156740002771	-1.64734218870423
			2.67343301972046	-1.64920780839699
			2.67529863941322	-1.64920780839699
			2.67716425910598	-1.65107342808975
			2.67902987879873	-1.65107342808975
			2.67902987879873	-1.6529390477825
			2.68089549849149	-1.6529390477825
			2.68276111818425	-1.65480466747526
			2.684626737877	-1.65480466747526
			2.68649235756976	-1.65667028716802
			2.68835797726252	-1.65667028716802
			2.69022359695527	-1.65853590686078
			2.69208921664803	-1.66040152655353
			2.69395483634079	-1.66040152655353
			2.69582045603354	-1.66226714624629
			2.6976860757263	-1.66413276593905
			2.69955169541906	-1.6659983856318
			2.70141731511181	-1.6659983856318
			2.70328293480457	-1.66786400532456
			2.70514855449733	-1.66972962501732
			2.70701417419008	-1.67159524471007
			2.70887979388284	-1.67346086440283
			2.7107454135756	-1.67532648409559
			2.71261103326835	-1.67719210378834
			2.71447665296111	-1.6790577234811
			2.71447665296111	-1.68092334317386
			2.71634227265387	-1.68278896286661
			2.71820789234663	-1.68465458255937
			2.71820789234663	-1.68652020225213
			2.71820789234663	-1.68838582194488
			2.71820789234663	-1.69025144163764
			2.72007351203938	-1.6921170613304
			2.72007351203938	-1.69398268102315
			2.72007351203938	-1.69584830071591
			2.72007351203938	-1.69771392040867
			2.72007351203938	-1.69957954010142
			2.72007351203938	-1.70144515979418
			2.72007351203938	-1.70331077948694
			2.72007351203938	-1.70517639917969
			2.72007351203938	-1.70704201887245
			2.72007351203938	-1.70890763856521
			2.72007351203938	-1.71077325825797
			2.72007351203938	-1.71263887795072
			2.72007351203938	-1.71450449764348
			2.72007351203938	-1.71637011733624
			2.72007351203938	-1.71823573702899
			2.72007351203938	-1.72010135672175
			2.72007351203938	-1.72196697641451
			2.72007351203938	-1.72383259610726
			2.72007351203938	-1.72569821580002
			2.72007351203938	-1.72756383549278
			2.72007351203938	-1.72942945518553
			2.72007351203938	-1.73129507487829
			2.72007351203938	-1.73316069457105
			2.72007351203938	-1.7350263142638
			2.71820789234663	-1.73689193395656
			2.71820789234663	-1.73875755364932
			2.71820789234663	-1.74062317334207
			2.71820789234663	-1.74248879303483
			2.71820789234663	-1.74435441272759
			2.71820789234663	-1.74622003242034
			2.71634227265387	-1.7480856521131
			2.71634227265387	-1.74995127180586
			2.71634227265387	-1.75181689149861
			2.71634227265387	-1.75368251119137
			2.71447665296111	-1.75554813088413
			2.71447665296111	-1.75741375057688
			2.71447665296111	-1.75927937026964
			2.71261103326835	-1.7611449899624
			2.71261103326835	-1.76301060965515
			2.71261103326835	-1.76487622934791
			2.71261103326835	-1.76674184904067
			2.7107454135756	-1.76860746873343
			2.7107454135756	-1.77047308842618
			2.7107454135756	-1.77233870811894
			2.70887979388284	-1.7742043278117
			2.70887979388284	-1.77606994750445
			2.70701417419008	-1.77793556719721
			2.70701417419008	-1.77980118688997
			2.70701417419008	-1.78166680658272
			2.70514855449733	-1.78166680658272
			2.70514855449733	-1.78353242627548
			2.70328293480457	-1.78539804596824
			2.70328293480457	-1.78726366566099
			2.70141731511181	-1.78912928535375
			2.70141731511181	-1.79099490504651
			2.69955169541906	-1.79286052473926
			2.69955169541906	-1.79472614443202
			2.6976860757263	-1.79659176412478
			2.69582045603354	-1.79845738381753
			2.69582045603354	-1.80032300351029
			2.69395483634079	-1.80218862320305
			2.69208921664803	-1.8040542428958
			2.69208921664803	-1.80591986258856
			2.69022359695527	-1.80778548228132
			2.69022359695527	-1.80965110197407
			2.68835797726252	-1.81151672166683
			2.68649235756976	-1.81338234135959
			2.684626737877	-1.81524796105234
			2.68276111818425	-1.8171135807451
			2.68276111818425	-1.81897920043786
			2.68089549849149	-1.82084482013062
			2.68089549849149	-1.82271043982337
			2.67902987879873	-1.82271043982337
			2.67716425910598	-1.82457605951613
			2.67716425910598	-1.82644167920889
			2.67529863941322	-1.82644167920889
			2.67529863941322	-1.82830729890164
			2.67343301972046	-1.8301729185944
			2.67156740002771	-1.8301729185944
			2.67156740002771	-1.83203853828716
			2.66970178033495	-1.83390415797991
			2.66783616064219	-1.83576977767267
			2.66597054094944	-1.83763539736543
			2.66410492125668	-1.83950101705818
			2.66223930156392	-1.84136663675094
			2.66037368187117	-1.84136663675094
			2.65850806217841	-1.8432322564437
			2.65850806217841	-1.84509787613645
			2.65664244248565	-1.84696349582921
			2.65477682279289	-1.84882911552197
			2.65291120310014	-1.85069473521472
			2.65104558340738	-1.85069473521472
			2.64917996371462	-1.85256035490748
			2.64731434402187	-1.85442597460024
			2.64544872432911	-1.85629159429299
			2.64358310463635	-1.85629159429299
			2.6417174849436	-1.85815721398575
			2.63985186525084	-1.86002283367851
			2.63798624555808	-1.86188845337126
			2.63612062586533	-1.86375407306402
			2.63425500617257	-1.86375407306402
			2.63238938647981	-1.86561969275678
			2.63052376678706	-1.86748531244953
			2.6286581470943	-1.86935093214229
			2.62679252740154	-1.86935093214229
			2.62492690770879	-1.87121655183505
			2.62306128801603	-1.87121655183505
			2.62306128801603	-1.8730821715278
			2.62119566832327	-1.8730821715278
			2.61933004863052	-1.87494779122056
			2.61746442893776	-1.87681341091332
			2.615598809245	-1.87681341091332
			2.61373318955225	-1.87867903060608
			2.61186756985949	-1.87867903060608
			2.61000195016673	-1.88054465029883
			2.61000195016673	-1.88241026999159
			2.60813633047398	-1.88427588968435
			2.60813633047398	-1.8861415093771
			2.60813633047398	-1.88800712906986
			2.60627071078122	-1.88987274876262
			2.60627071078122	-1.89173836845537
			2.60440509108846	-1.89360398814813
			2.60440509108846	-1.89546960784089
			2.60440509108846	-1.89733522753364
			2.6025394713957	-1.8992008472264
			2.6025394713957	-1.90106646691916
			2.6025394713957	-1.90293208661191
			2.6025394713957	-1.90479770630467
			2.60067385170295	-1.90666332599743
			2.60067385170295	-1.90852894569018
			2.60067385170295	-1.91039456538294
			2.59880823201019	-1.9122601850757
			2.59880823201019	-1.91412580476845
			2.59880823201019	-1.91599142446121
			2.59880823201019	-1.91785704415397
			2.59694261231743	-1.91972266384672
			2.59694261231743	-1.92158828353948
			2.59694261231743	-1.92345390323224
			2.59694261231743	-1.92531952292499
			2.59694261231743	-1.92718514261775
			2.59507699262468	-1.92905076231051
			2.59507699262468	-1.93091638200326
			2.59507699262468	-1.93278200169602
			2.59507699262468	-1.93464762138878
			2.59507699262468	-1.93651324108154
			2.59507699262468	-1.93837886077429
			2.59321137293192	-1.94024448046705
			2.59321137293192	-1.94211010015981
			2.59321137293192	-1.94397571985256
			2.59321137293192	-1.94584133954532
			2.59321137293192	-1.94770695923808
			2.59321137293192	-1.94957257893083
			2.59321137293192	-1.95143819862359
			2.59321137293192	-1.95330381831635
			2.59321137293192	-1.9551694380091
			2.59134575323916	-1.95703505770186
			2.59134575323916	-1.95890067739462
			2.59134575323916	-1.96076629708737
			2.59134575323916	-1.96263191678013
			2.59134575323916	-1.96449753647289
			2.59134575323916	-1.96636315616564
			2.59134575323916	-1.9682287758584
			2.59134575323916	-1.97009439555116
			2.59134575323916	-1.97196001524391
			2.59134575323916	-1.97382563493667
			2.59134575323916	-1.97569125462943
			2.59134575323916	-1.97755687432218
			2.59134575323916	-1.97942249401494
			2.59134575323916	-1.9812881137077
			2.59134575323916	-1.98315373340045
			2.59134575323916	-1.98501935309321
			2.59134575323916	-1.98688497278597
			2.59134575323916	-1.98875059247872
			2.59134575323916	-1.99061621217148
			2.59134575323916	-1.99248183186424
			2.59134575323916	-1.994347451557
			2.59134575323916	-1.99621307124975
			2.59134575323916	-1.99807869094251
			2.59134575323916	-1.99994431063527
			2.59134575323916	-2.00180993032802
			2.59134575323916	-2.00367555002078
			2.59321137293192	-2.00554116971354
			2.59321137293192	-2.00740678940629
			2.59321137293192	-2.00927240909905
			2.59321137293192	-2.01113802879181
			2.59321137293192	-2.01300364848456
			2.59321137293192	-2.01486926817732
			2.59321137293192	-2.01673488787008
			2.59321137293192	-2.01860050756283
			2.59321137293192	-2.02046612725559
			2.59321137293192	-2.02233174694835
			2.59507699262468	-2.0241973666411
			2.59507699262468	-2.02606298633386
			2.59507699262468	-2.02792860602662
			2.59507699262468	-2.02979422571937
			2.59507699262468	-2.03165984541213
			2.59507699262468	-2.03352546510489
			2.59694261231743	-2.03352546510489
			2.59694261231743	-2.03539108479764
			2.59694261231743	-2.0372567044904
			2.59694261231743	-2.03912232418316
			2.59694261231743	-2.04098794387591
			2.59694261231743	-2.04285356356867
			2.59880823201019	-2.04471918326143
			2.59880823201019	-2.04658480295419
			2.59880823201019	-2.04845042264694
			2.59880823201019	-2.0503160423397
			2.59880823201019	-2.05218166203246
			2.59880823201019	-2.05404728172521
			2.60067385170295	-2.05591290141797
			2.60067385170295	-2.05777852111073
			2.60067385170295	-2.05964414080348
			2.6025394713957	-2.06150976049624
			2.6025394713957	-2.063375380189
			2.6025394713957	-2.06524099988175
			2.6025394713957	-2.06710661957451
			2.60440509108846	-2.06897223926727
			2.60440509108846	-2.07083785896002
			2.60440509108846	-2.07270347865278
			2.60440509108846	-2.07456909834554
			2.60627071078122	-2.07643471803829
			2.60627071078122	-2.07830033773105
			2.60627071078122	-2.08016595742381
			2.60627071078122	-2.08203157711656
			2.60813633047398	-2.08389719680932
			2.60813633047398	-2.08576281650208
			2.60813633047398	-2.08762843619483
			2.60813633047398	-2.08949405588759
			2.61000195016673	-2.09135967558035
			2.61000195016673	-2.0932252952731
			2.61000195016673	-2.09509091496586
			2.61186756985949	-2.09695653465862
			2.61186756985949	-2.09882215435137
			2.61186756985949	-2.10068777404413
			2.61373318955225	-2.10255339373689
			2.61373318955225	-2.10441901342965
		</curvaI_espina_dorsal>
	</curves.scaled>
	<ruler.points type=matrix rownames=TRUE colnames=FALSE nrow=2 ncol=2 as.numeric=TRUE >
		Ruler point 1	1519	537
		Ruler point 2	2055	533
	</ruler.points>
</shapes>

