<shapes type=list>
	<ruler.pixel type=vector names=FALSE length=1 as.numeric=TRUE >539.003710562367</ruler.pixel>
	<ruler.interval type=vector names=FALSE length=1 as.numeric=TRUE >1</ruler.interval>
	<scaling.units type=vector names=FALSE length=1 as.numeric=FALSE >mm</scaling.units>
	<scaling type=vector names=FALSE length=1 as.numeric=TRUE >0.00186561969275678</scaling>
	<landmarks.pixel type=matrix rownames=TRUE colnames=FALSE nrow=3 ncol=2 as.numeric=TRUE >
		punta_espina_dorsal	1272	1026
		esq_izq_caparaza	1372	1222
		organo_dorsal	1622	1045
	</landmarks.pixel>
	<landmarks.scaled type=matrix rownames=TRUE colnames=FALSE nrow=3 ncol=2 as.numeric=TRUE >
		punta_espina_dorsal	2.37306824918662	-1.91412580476845
		esq_izq_caparaza	2.5596302184623	-2.27978726454878
		organo_dorsal	3.02603514165149	-1.94957257893083
	</landmarks.scaled>
	<curves.control type=list>
		<curvaD_espina_dorsal type=matrix rownames=FALSE colnames=FALSE nrow=7 ncol=2 as.numeric=TRUE >
			1272	1026
			1288	1022
			1345	1027
			1421	1041
			1475	1056
			1513	1087
			1622	1045
		</curvaD_espina_dorsal>
		<curvaI_espina_dorsal type=matrix rownames=FALSE colnames=FALSE nrow=9 ncol=2 as.numeric=TRUE >
			1272	1026
			1342	1040
			1375	1054
			1427	1075
			1446	1089
			1445	1130
			1410	1165
			1396	1190
			1372	1222
		</curvaI_espina_dorsal>
	</curves.control>
	<curves.pixel type=list>
		<curvaD_espina_dorsal type=matrix rownames=FALSE colnames=FALSE nrow=360 ncol=2 as.numeric=TRUE >
			1272	1026
			1273	1026
			1274	1026
			1275	1025
			1276	1025
			1277	1025
			1278	1025
			1279	1025
			1280	1025
			1281	1025
			1282	1025
			1283	1025
			1284	1024
			1285	1024
			1286	1024
			1287	1024
			1288	1024
			1289	1024
			1290	1024
			1291	1024
			1292	1024
			1293	1024
			1294	1024
			1295	1024
			1296	1024
			1297	1024
			1298	1024
			1299	1024
			1300	1024
			1301	1024
			1302	1024
			1303	1024
			1304	1024
			1305	1024
			1306	1024
			1307	1024
			1308	1025
			1309	1025
			1310	1025
			1311	1025
			1312	1025
			1313	1025
			1314	1025
			1315	1025
			1316	1025
			1317	1025
			1318	1025
			1319	1025
			1320	1025
			1321	1025
			1322	1025
			1323	1025
			1324	1025
			1325	1025
			1326	1026
			1327	1026
			1328	1026
			1329	1026
			1330	1026
			1331	1026
			1332	1026
			1333	1026
			1334	1026
			1335	1026
			1336	1026
			1337	1026
			1338	1026
			1339	1027
			1340	1027
			1341	1027
			1342	1027
			1343	1027
			1344	1027
			1345	1027
			1346	1027
			1347	1027
			1348	1027
			1348	1028
			1349	1028
			1350	1028
			1351	1028
			1352	1028
			1353	1028
			1353	1029
			1354	1029
			1355	1029
			1356	1029
			1357	1029
			1358	1029
			1358	1030
			1359	1030
			1360	1030
			1361	1030
			1362	1030
			1363	1030
			1364	1031
			1365	1031
			1366	1031
			1367	1031
			1368	1031
			1369	1032
			1370	1032
			1371	1032
			1372	1032
			1373	1032
			1374	1033
			1375	1033
			1376	1033
			1377	1033
			1378	1033
			1379	1033
			1380	1034
			1381	1034
			1382	1034
			1383	1034
			1384	1035
			1385	1035
			1386	1035
			1387	1035
			1388	1035
			1389	1036
			1390	1036
			1391	1036
			1392	1036
			1393	1036
			1394	1037
			1395	1037
			1396	1037
			1397	1037
			1398	1037
			1399	1038
			1400	1038
			1401	1038
			1402	1038
			1403	1038
			1404	1039
			1405	1039
			1406	1039
			1407	1039
			1408	1040
			1409	1040
			1410	1040
			1411	1040
			1412	1041
			1413	1041
			1414	1041
			1415	1041
			1416	1041
			1417	1042
			1418	1042
			1419	1042
			1420	1042
			1421	1042
			1422	1043
			1423	1043
			1424	1043
			1425	1043
			1426	1044
			1427	1044
			1428	1044
			1429	1044
			1430	1045
			1431	1045
			1432	1045
			1433	1045
			1434	1046
			1435	1046
			1436	1046
			1437	1046
			1438	1046
			1439	1047
			1440	1047
			1441	1047
			1442	1047
			1442	1048
			1443	1048
			1444	1048
			1445	1048
			1446	1048
			1447	1049
			1448	1049
			1449	1049
			1450	1049
			1450	1050
			1451	1050
			1452	1050
			1453	1050
			1454	1050
			1455	1051
			1456	1051
			1457	1051
			1458	1052
			1459	1052
			1460	1052
			1461	1052
			1462	1053
			1463	1053
			1464	1053
			1465	1053
			1466	1054
			1467	1054
			1468	1054
			1469	1054
			1470	1055
			1471	1055
			1472	1055
			1473	1056
			1474	1056
			1475	1056
			1476	1057
			1477	1057
			1477	1058
			1478	1058
			1479	1059
			1480	1059
			1480	1060
			1481	1060
			1482	1061
			1483	1061
			1483	1062
			1484	1062
			1485	1062
			1486	1063
			1487	1063
			1488	1063
			1488	1064
			1489	1064
			1490	1065
			1491	1065
			1492	1065
			1493	1065
			1494	1066
			1495	1066
			1496	1066
			1497	1067
			1498	1067
			1499	1067
			1500	1067
			1501	1067
			1502	1068
			1503	1068
			1504	1068
			1505	1068
			1506	1068
			1507	1068
			1508	1069
			1509	1069
			1510	1069
			1511	1069
			1512	1069
			1513	1069
			1514	1069
			1515	1069
			1516	1069
			1517	1069
			1518	1069
			1519	1069
			1520	1069
			1521	1069
			1522	1069
			1523	1069
			1524	1069
			1525	1069
			1526	1069
			1527	1069
			1528	1069
			1529	1069
			1530	1069
			1531	1069
			1532	1069
			1533	1069
			1534	1068
			1535	1068
			1536	1068
			1537	1068
			1538	1068
			1539	1068
			1540	1068
			1541	1068
			1542	1067
			1543	1067
			1544	1067
			1545	1067
			1546	1067
			1547	1067
			1548	1067
			1549	1066
			1550	1066
			1551	1066
			1552	1066
			1553	1066
			1554	1065
			1555	1065
			1556	1065
			1557	1065
			1558	1065
			1559	1064
			1560	1064
			1561	1064
			1562	1064
			1563	1064
			1564	1063
			1565	1063
			1566	1063
			1567	1063
			1568	1062
			1569	1062
			1570	1062
			1571	1062
			1572	1061
			1573	1061
			1574	1061
			1575	1061
			1576	1060
			1577	1060
			1578	1060
			1579	1060
			1580	1059
			1581	1059
			1582	1059
			1583	1058
			1584	1058
			1585	1058
			1586	1057
			1587	1057
			1588	1057
			1589	1057
			1590	1056
			1591	1056
			1592	1056
			1593	1055
			1594	1055
			1595	1055
			1596	1054
			1597	1054
			1598	1054
			1599	1053
			1600	1053
			1601	1053
			1602	1052
			1603	1052
			1604	1052
			1605	1051
			1606	1051
			1607	1051
			1608	1050
			1609	1050
			1610	1049
			1611	1049
			1612	1049
			1613	1048
			1614	1048
			1615	1047
			1616	1047
			1617	1047
			1618	1047
			1619	1046
			1620	1046
			1621	1045
			1622	1045
		</curvaD_espina_dorsal>
		<curvaI_espina_dorsal type=matrix rownames=FALSE colnames=FALSE nrow=325 ncol=2 as.numeric=TRUE >
			1272	1026
			1273	1026
			1274	1026
			1275	1027
			1276	1027
			1277	1027
			1278	1027
			1279	1027
			1280	1028
			1281	1028
			1282	1028
			1283	1028
			1284	1028
			1284	1029
			1285	1029
			1286	1029
			1287	1029
			1288	1029
			1289	1030
			1290	1030
			1291	1030
			1292	1030
			1293	1030
			1294	1031
			1295	1031
			1296	1031
			1297	1031
			1298	1032
			1299	1032
			1300	1032
			1301	1032
			1302	1032
			1303	1033
			1304	1033
			1305	1033
			1306	1033
			1307	1034
			1308	1034
			1309	1034
			1310	1034
			1311	1034
			1311	1035
			1312	1035
			1313	1035
			1314	1035
			1315	1035
			1316	1036
			1317	1036
			1318	1036
			1319	1036
			1320	1037
			1321	1037
			1322	1037
			1323	1037
			1324	1038
			1325	1038
			1326	1038
			1327	1038
			1328	1039
			1329	1039
			1330	1039
			1331	1039
			1332	1040
			1333	1040
			1334	1040
			1335	1041
			1336	1041
			1337	1041
			1338	1042
			1339	1042
			1340	1042
			1341	1042
			1342	1043
			1343	1043
			1344	1043
			1345	1043
			1346	1044
			1347	1044
			1348	1044
			1349	1045
			1350	1045
			1351	1045
			1352	1046
			1353	1046
			1354	1046
			1355	1047
			1356	1047
			1357	1047
			1358	1048
			1359	1048
			1360	1048
			1361	1049
			1362	1049
			1363	1049
			1364	1050
			1365	1050
			1366	1051
			1367	1051
			1368	1051
			1369	1052
			1370	1052
			1371	1052
			1372	1053
			1373	1053
			1374	1053
			1375	1054
			1376	1054
			1377	1055
			1378	1055
			1379	1056
			1380	1056
			1381	1057
			1382	1057
			1383	1057
			1384	1058
			1385	1058
			1386	1058
			1387	1059
			1388	1059
			1388	1060
			1389	1060
			1390	1060
			1391	1061
			1392	1061
			1393	1061
			1394	1062
			1395	1062
			1395	1063
			1396	1063
			1397	1063
			1398	1064
			1399	1064
			1400	1064
			1400	1065
			1401	1065
			1402	1065
			1403	1066
			1404	1066
			1404	1067
			1405	1067
			1406	1067
			1407	1068
			1408	1068
			1409	1069
			1410	1069
			1411	1069
			1412	1070
			1413	1070
			1413	1071
			1414	1071
			1415	1071
			1416	1072
			1417	1072
			1418	1073
			1419	1073
			1420	1074
			1421	1074
			1422	1075
			1423	1075
			1424	1076
			1425	1076
			1426	1077
			1427	1078
			1428	1078
			1429	1079
			1430	1079
			1431	1080
			1432	1080
			1433	1081
			1434	1081
			1435	1082
			1436	1082
			1437	1083
			1438	1084
			1439	1084
			1440	1085
			1441	1086
			1442	1086
			1443	1087
			1444	1087
			1444	1088
			1445	1088
			1446	1089
			1446	1090
			1446	1091
			1446	1092
			1446	1093
			1446	1094
			1446	1095
			1446	1096
			1446	1097
			1445	1098
			1445	1099
			1445	1100
			1445	1101
			1445	1102
			1445	1103
			1444	1104
			1444	1105
			1444	1106
			1444	1107
			1444	1108
			1443	1109
			1443	1110
			1443	1111
			1443	1112
			1442	1113
			1442	1114
			1442	1115
			1441	1116
			1441	1117
			1441	1118
			1441	1119
			1440	1120
			1440	1121
			1439	1122
			1439	1123
			1438	1124
			1438	1125
			1438	1126
			1437	1127
			1437	1128
			1436	1129
			1436	1130
			1435	1131
			1435	1132
			1434	1133
			1434	1134
			1433	1135
			1433	1136
			1432	1137
			1431	1138
			1431	1139
			1430	1140
			1430	1141
			1429	1142
			1429	1143
			1428	1143
			1427	1144
			1427	1145
			1426	1146
			1425	1147
			1425	1148
			1424	1149
			1423	1150
			1423	1151
			1422	1152
			1421	1153
			1420	1154
			1419	1155
			1418	1156
			1417	1157
			1417	1158
			1416	1158
			1416	1159
			1415	1160
			1414	1161
			1413	1162
			1412	1163
			1411	1164
			1410	1165
			1410	1166
			1409	1167
			1408	1168
			1408	1169
			1407	1170
			1406	1171
			1406	1172
			1405	1173
			1405	1174
			1404	1174
			1404	1175
			1404	1176
			1403	1177
			1402	1178
			1402	1179
			1401	1180
			1400	1181
			1400	1182
			1399	1183
			1399	1184
			1398	1184
			1398	1185
			1397	1186
			1397	1187
			1396	1188
			1395	1189
			1395	1190
			1394	1191
			1393	1192
			1392	1193
			1392	1194
			1391	1195
			1391	1196
			1390	1197
			1389	1198
			1389	1199
			1388	1200
			1388	1201
			1387	1201
			1386	1202
			1386	1203
			1385	1204
			1385	1205
			1384	1205
			1384	1206
			1383	1207
			1382	1208
			1382	1209
			1381	1209
			1381	1210
			1380	1211
			1379	1212
			1379	1213
			1378	1214
			1378	1215
			1377	1215
			1376	1216
			1376	1217
			1375	1218
			1374	1219
			1374	1220
			1373	1220
			1372	1221
			1372	1222
		</curvaI_espina_dorsal>
	</curves.pixel>
	<curves.scaled type=list>
		<curvaD_espina_dorsal type=matrix rownames=FALSE colnames=FALSE nrow=360 ncol=2 as.numeric=TRUE >
			2.37306824918662	-1.91412580476845
			2.37493386887938	-1.91412580476845
			2.37679948857213	-1.91412580476845
			2.37866510826489	-1.9122601850757
			2.38053072795765	-1.9122601850757
			2.38239634765041	-1.9122601850757
			2.38426196734316	-1.9122601850757
			2.38612758703592	-1.9122601850757
			2.38799320672868	-1.9122601850757
			2.38985882642143	-1.9122601850757
			2.39172444611419	-1.9122601850757
			2.39359006580695	-1.9122601850757
			2.3954556854997	-1.91039456538294
			2.39732130519246	-1.91039456538294
			2.39918692488522	-1.91039456538294
			2.40105254457797	-1.91039456538294
			2.40291816427073	-1.91039456538294
			2.40478378396349	-1.91039456538294
			2.40664940365624	-1.91039456538294
			2.408515023349	-1.91039456538294
			2.41038064304176	-1.91039456538294
			2.41224626273451	-1.91039456538294
			2.41411188242727	-1.91039456538294
			2.41597750212003	-1.91039456538294
			2.41784312181278	-1.91039456538294
			2.41970874150554	-1.91039456538294
			2.4215743611983	-1.91039456538294
			2.42343998089105	-1.91039456538294
			2.42530560058381	-1.91039456538294
			2.42717122027657	-1.91039456538294
			2.42903683996932	-1.91039456538294
			2.43090245966208	-1.91039456538294
			2.43276807935484	-1.91039456538294
			2.43463369904759	-1.91039456538294
			2.43649931874035	-1.91039456538294
			2.43836493843311	-1.91039456538294
			2.44023055812587	-1.9122601850757
			2.44209617781862	-1.9122601850757
			2.44396179751138	-1.9122601850757
			2.44582741720414	-1.9122601850757
			2.44769303689689	-1.9122601850757
			2.44955865658965	-1.9122601850757
			2.45142427628241	-1.9122601850757
			2.45328989597516	-1.9122601850757
			2.45515551566792	-1.9122601850757
			2.45702113536068	-1.9122601850757
			2.45888675505343	-1.9122601850757
			2.46075237474619	-1.9122601850757
			2.46261799443895	-1.9122601850757
			2.4644836141317	-1.9122601850757
			2.46634923382446	-1.9122601850757
			2.46821485351722	-1.9122601850757
			2.47008047320997	-1.9122601850757
			2.47194609290273	-1.9122601850757
			2.47381171259549	-1.91412580476845
			2.47567733228824	-1.91412580476845
			2.477542951981	-1.91412580476845
			2.47940857167376	-1.91412580476845
			2.48127419136651	-1.91412580476845
			2.48313981105927	-1.91412580476845
			2.48500543075203	-1.91412580476845
			2.48687105044478	-1.91412580476845
			2.48873667013754	-1.91412580476845
			2.4906022898303	-1.91412580476845
			2.49246790952306	-1.91412580476845
			2.49433352921581	-1.91412580476845
			2.49619914890857	-1.91412580476845
			2.49806476860133	-1.91599142446121
			2.49993038829408	-1.91599142446121
			2.50179600798684	-1.91599142446121
			2.5036616276796	-1.91599142446121
			2.50552724737235	-1.91599142446121
			2.50739286706511	-1.91599142446121
			2.50925848675787	-1.91599142446121
			2.51112410645062	-1.91599142446121
			2.51298972614338	-1.91599142446121
			2.51485534583614	-1.91599142446121
			2.51485534583614	-1.91785704415397
			2.51672096552889	-1.91785704415397
			2.51858658522165	-1.91785704415397
			2.52045220491441	-1.91785704415397
			2.52231782460716	-1.91785704415397
			2.52418344429992	-1.91785704415397
			2.52418344429992	-1.91972266384672
			2.52604906399268	-1.91972266384672
			2.52791468368543	-1.91972266384672
			2.52978030337819	-1.91972266384672
			2.53164592307095	-1.91972266384672
			2.5335115427637	-1.91972266384672
			2.5335115427637	-1.92158828353948
			2.53537716245646	-1.92158828353948
			2.53724278214922	-1.92158828353948
			2.53910840184197	-1.92158828353948
			2.54097402153473	-1.92158828353948
			2.54283964122749	-1.92158828353948
			2.54470526092024	-1.92345390323224
			2.546570880613	-1.92345390323224
			2.54843650030576	-1.92345390323224
			2.55030211999851	-1.92345390323224
			2.55216773969127	-1.92345390323224
			2.55403335938403	-1.92531952292499
			2.55589897907679	-1.92531952292499
			2.55776459876954	-1.92531952292499
			2.5596302184623	-1.92531952292499
			2.56149583815506	-1.92531952292499
			2.56336145784781	-1.92718514261775
			2.56522707754057	-1.92718514261775
			2.56709269723333	-1.92718514261775
			2.56895831692608	-1.92718514261775
			2.57082393661884	-1.92718514261775
			2.5726895563116	-1.92718514261775
			2.57455517600435	-1.92905076231051
			2.57642079569711	-1.92905076231051
			2.57828641538987	-1.92905076231051
			2.58015203508262	-1.92905076231051
			2.58201765477538	-1.93091638200326
			2.58388327446814	-1.93091638200326
			2.58574889416089	-1.93091638200326
			2.58761451385365	-1.93091638200326
			2.58948013354641	-1.93091638200326
			2.59134575323916	-1.93278200169602
			2.59321137293192	-1.93278200169602
			2.59507699262468	-1.93278200169602
			2.59694261231743	-1.93278200169602
			2.59880823201019	-1.93278200169602
			2.60067385170295	-1.93464762138878
			2.6025394713957	-1.93464762138878
			2.60440509108846	-1.93464762138878
			2.60627071078122	-1.93464762138878
			2.60813633047398	-1.93464762138878
			2.61000195016673	-1.93651324108154
			2.61186756985949	-1.93651324108154
			2.61373318955225	-1.93651324108154
			2.615598809245	-1.93651324108154
			2.61746442893776	-1.93651324108154
			2.61933004863052	-1.93837886077429
			2.62119566832327	-1.93837886077429
			2.62306128801603	-1.93837886077429
			2.62492690770879	-1.93837886077429
			2.62679252740154	-1.94024448046705
			2.6286581470943	-1.94024448046705
			2.63052376678706	-1.94024448046705
			2.63238938647981	-1.94024448046705
			2.63425500617257	-1.94211010015981
			2.63612062586533	-1.94211010015981
			2.63798624555808	-1.94211010015981
			2.63985186525084	-1.94211010015981
			2.6417174849436	-1.94211010015981
			2.64358310463635	-1.94397571985256
			2.64544872432911	-1.94397571985256
			2.64731434402187	-1.94397571985256
			2.64917996371462	-1.94397571985256
			2.65104558340738	-1.94397571985256
			2.65291120310014	-1.94584133954532
			2.65477682279289	-1.94584133954532
			2.65664244248565	-1.94584133954532
			2.65850806217841	-1.94584133954532
			2.66037368187117	-1.94770695923808
			2.66223930156392	-1.94770695923808
			2.66410492125668	-1.94770695923808
			2.66597054094944	-1.94770695923808
			2.66783616064219	-1.94957257893083
			2.66970178033495	-1.94957257893083
			2.67156740002771	-1.94957257893083
			2.67343301972046	-1.94957257893083
			2.67529863941322	-1.95143819862359
			2.67716425910598	-1.95143819862359
			2.67902987879873	-1.95143819862359
			2.68089549849149	-1.95143819862359
			2.68276111818425	-1.95143819862359
			2.684626737877	-1.95330381831635
			2.68649235756976	-1.95330381831635
			2.68835797726252	-1.95330381831635
			2.69022359695527	-1.95330381831635
			2.69022359695527	-1.9551694380091
			2.69208921664803	-1.9551694380091
			2.69395483634079	-1.9551694380091
			2.69582045603354	-1.9551694380091
			2.6976860757263	-1.9551694380091
			2.69955169541906	-1.95703505770186
			2.70141731511181	-1.95703505770186
			2.70328293480457	-1.95703505770186
			2.70514855449733	-1.95703505770186
			2.70514855449733	-1.95890067739462
			2.70701417419008	-1.95890067739462
			2.70887979388284	-1.95890067739462
			2.7107454135756	-1.95890067739462
			2.71261103326835	-1.95890067739462
			2.71447665296111	-1.96076629708737
			2.71634227265387	-1.96076629708737
			2.71820789234663	-1.96076629708737
			2.72007351203938	-1.96263191678013
			2.72193913173214	-1.96263191678013
			2.7238047514249	-1.96263191678013
			2.72567037111765	-1.96263191678013
			2.72753599081041	-1.96449753647289
			2.72940161050317	-1.96449753647289
			2.73126723019592	-1.96449753647289
			2.73313284988868	-1.96449753647289
			2.73499846958144	-1.96636315616564
			2.73686408927419	-1.96636315616564
			2.73872970896695	-1.96636315616564
			2.74059532865971	-1.96636315616564
			2.74246094835246	-1.9682287758584
			2.74432656804522	-1.9682287758584
			2.74619218773798	-1.9682287758584
			2.74805780743073	-1.97009439555116
			2.74992342712349	-1.97009439555116
			2.75178904681625	-1.97009439555116
			2.753654666509	-1.97196001524391
			2.75552028620176	-1.97196001524391
			2.75552028620176	-1.97382563493667
			2.75738590589452	-1.97382563493667
			2.75925152558727	-1.97569125462943
			2.76111714528003	-1.97569125462943
			2.76111714528003	-1.97755687432218
			2.76298276497279	-1.97755687432218
			2.76484838466554	-1.97942249401494
			2.7667140043583	-1.97942249401494
			2.7667140043583	-1.9812881137077
			2.76857962405106	-1.9812881137077
			2.77044524374381	-1.9812881137077
			2.77231086343657	-1.98315373340045
			2.77417648312933	-1.98315373340045
			2.77604210282209	-1.98315373340045
			2.77604210282209	-1.98501935309321
			2.77790772251484	-1.98501935309321
			2.7797733422076	-1.98688497278597
			2.78163896190036	-1.98688497278597
			2.78350458159311	-1.98688497278597
			2.78537020128587	-1.98688497278597
			2.78723582097863	-1.98875059247872
			2.78910144067138	-1.98875059247872
			2.79096706036414	-1.98875059247872
			2.7928326800569	-1.99061621217148
			2.79469829974965	-1.99061621217148
			2.79656391944241	-1.99061621217148
			2.79842953913517	-1.99061621217148
			2.80029515882792	-1.99061621217148
			2.80216077852068	-1.99248183186424
			2.80402639821344	-1.99248183186424
			2.80589201790619	-1.99248183186424
			2.80775763759895	-1.99248183186424
			2.80962325729171	-1.99248183186424
			2.81148887698446	-1.99248183186424
			2.81335449667722	-1.994347451557
			2.81522011636998	-1.994347451557
			2.81708573606273	-1.994347451557
			2.81895135575549	-1.994347451557
			2.82081697544825	-1.994347451557
			2.822682595141	-1.994347451557
			2.82454821483376	-1.994347451557
			2.82641383452652	-1.994347451557
			2.82827945421927	-1.994347451557
			2.83014507391203	-1.994347451557
			2.83201069360479	-1.994347451557
			2.83387631329755	-1.994347451557
			2.8357419329903	-1.994347451557
			2.83760755268306	-1.994347451557
			2.83947317237582	-1.994347451557
			2.84133879206857	-1.994347451557
			2.84320441176133	-1.994347451557
			2.84507003145409	-1.994347451557
			2.84693565114684	-1.994347451557
			2.8488012708396	-1.994347451557
			2.85066689053236	-1.994347451557
			2.85253251022511	-1.994347451557
			2.85439812991787	-1.994347451557
			2.85626374961063	-1.994347451557
			2.85812936930338	-1.994347451557
			2.85999498899614	-1.994347451557
			2.8618606086889	-1.99248183186424
			2.86372622838165	-1.99248183186424
			2.86559184807441	-1.99248183186424
			2.86745746776717	-1.99248183186424
			2.86932308745992	-1.99248183186424
			2.87118870715268	-1.99248183186424
			2.87305432684544	-1.99248183186424
			2.87491994653819	-1.99248183186424
			2.87678556623095	-1.99061621217148
			2.87865118592371	-1.99061621217148
			2.88051680561646	-1.99061621217148
			2.88238242530922	-1.99061621217148
			2.88424804500198	-1.99061621217148
			2.88611366469474	-1.99061621217148
			2.88797928438749	-1.99061621217148
			2.88984490408025	-1.98875059247872
			2.89171052377301	-1.98875059247872
			2.89357614346576	-1.98875059247872
			2.89544176315852	-1.98875059247872
			2.89730738285128	-1.98875059247872
			2.89917300254403	-1.98688497278597
			2.90103862223679	-1.98688497278597
			2.90290424192955	-1.98688497278597
			2.9047698616223	-1.98688497278597
			2.90663548131506	-1.98688497278597
			2.90850110100782	-1.98501935309321
			2.91036672070057	-1.98501935309321
			2.91223234039333	-1.98501935309321
			2.91409796008609	-1.98501935309321
			2.91596357977884	-1.98501935309321
			2.9178291994716	-1.98315373340045
			2.91969481916436	-1.98315373340045
			2.92156043885711	-1.98315373340045
			2.92342605854987	-1.98315373340045
			2.92529167824263	-1.9812881137077
			2.92715729793538	-1.9812881137077
			2.92902291762814	-1.9812881137077
			2.9308885373209	-1.9812881137077
			2.93275415701365	-1.97942249401494
			2.93461977670641	-1.97942249401494
			2.93648539639917	-1.97942249401494
			2.93835101609193	-1.97942249401494
			2.94021663578468	-1.97755687432218
			2.94208225547744	-1.97755687432218
			2.9439478751702	-1.97755687432218
			2.94581349486295	-1.97755687432218
			2.94767911455571	-1.97569125462943
			2.94954473424847	-1.97569125462943
			2.95141035394122	-1.97569125462943
			2.95327597363398	-1.97382563493667
			2.95514159332674	-1.97382563493667
			2.95700721301949	-1.97382563493667
			2.95887283271225	-1.97196001524391
			2.96073845240501	-1.97196001524391
			2.96260407209776	-1.97196001524391
			2.96446969179052	-1.97196001524391
			2.96633531148328	-1.97009439555116
			2.96820093117603	-1.97009439555116
			2.97006655086879	-1.97009439555116
			2.97193217056155	-1.9682287758584
			2.9737977902543	-1.9682287758584
			2.97566340994706	-1.9682287758584
			2.97752902963982	-1.96636315616564
			2.97939464933257	-1.96636315616564
			2.98126026902533	-1.96636315616564
			2.98312588871809	-1.96449753647289
			2.98499150841084	-1.96449753647289
			2.9868571281036	-1.96449753647289
			2.98872274779636	-1.96263191678013
			2.99058836748911	-1.96263191678013
			2.99245398718187	-1.96263191678013
			2.99431960687463	-1.96076629708737
			2.99618522656738	-1.96076629708737
			2.99805084626014	-1.96076629708737
			2.9999164659529	-1.95890067739462
			3.00178208564566	-1.95890067739462
			3.00364770533841	-1.95703505770186
			3.00551332503117	-1.95703505770186
			3.00737894472393	-1.95703505770186
			3.00924456441668	-1.9551694380091
			3.01111018410944	-1.9551694380091
			3.0129758038022	-1.95330381831635
			3.01484142349495	-1.95330381831635
			3.01670704318771	-1.95330381831635
			3.01857266288047	-1.95330381831635
			3.02043828257322	-1.95143819862359
			3.02230390226598	-1.95143819862359
			3.02416952195874	-1.94957257893083
			3.02603514165149	-1.94957257893083
		</curvaD_espina_dorsal>
		<curvaI_espina_dorsal type=matrix rownames=FALSE colnames=FALSE nrow=325 ncol=2 as.numeric=TRUE >
			2.37306824918662	-1.91412580476845
			2.37493386887938	-1.91412580476845
			2.37679948857213	-1.91412580476845
			2.37866510826489	-1.91599142446121
			2.38053072795765	-1.91599142446121
			2.38239634765041	-1.91599142446121
			2.38426196734316	-1.91599142446121
			2.38612758703592	-1.91599142446121
			2.38799320672868	-1.91785704415397
			2.38985882642143	-1.91785704415397
			2.39172444611419	-1.91785704415397
			2.39359006580695	-1.91785704415397
			2.3954556854997	-1.91785704415397
			2.3954556854997	-1.91972266384672
			2.39732130519246	-1.91972266384672
			2.39918692488522	-1.91972266384672
			2.40105254457797	-1.91972266384672
			2.40291816427073	-1.91972266384672
			2.40478378396349	-1.92158828353948
			2.40664940365624	-1.92158828353948
			2.408515023349	-1.92158828353948
			2.41038064304176	-1.92158828353948
			2.41224626273451	-1.92158828353948
			2.41411188242727	-1.92345390323224
			2.41597750212003	-1.92345390323224
			2.41784312181278	-1.92345390323224
			2.41970874150554	-1.92345390323224
			2.4215743611983	-1.92531952292499
			2.42343998089105	-1.92531952292499
			2.42530560058381	-1.92531952292499
			2.42717122027657	-1.92531952292499
			2.42903683996932	-1.92531952292499
			2.43090245966208	-1.92718514261775
			2.43276807935484	-1.92718514261775
			2.43463369904759	-1.92718514261775
			2.43649931874035	-1.92718514261775
			2.43836493843311	-1.92905076231051
			2.44023055812587	-1.92905076231051
			2.44209617781862	-1.92905076231051
			2.44396179751138	-1.92905076231051
			2.44582741720414	-1.92905076231051
			2.44582741720414	-1.93091638200326
			2.44769303689689	-1.93091638200326
			2.44955865658965	-1.93091638200326
			2.45142427628241	-1.93091638200326
			2.45328989597516	-1.93091638200326
			2.45515551566792	-1.93278200169602
			2.45702113536068	-1.93278200169602
			2.45888675505343	-1.93278200169602
			2.46075237474619	-1.93278200169602
			2.46261799443895	-1.93464762138878
			2.4644836141317	-1.93464762138878
			2.46634923382446	-1.93464762138878
			2.46821485351722	-1.93464762138878
			2.47008047320997	-1.93651324108154
			2.47194609290273	-1.93651324108154
			2.47381171259549	-1.93651324108154
			2.47567733228824	-1.93651324108154
			2.477542951981	-1.93837886077429
			2.47940857167376	-1.93837886077429
			2.48127419136651	-1.93837886077429
			2.48313981105927	-1.93837886077429
			2.48500543075203	-1.94024448046705
			2.48687105044478	-1.94024448046705
			2.48873667013754	-1.94024448046705
			2.4906022898303	-1.94211010015981
			2.49246790952306	-1.94211010015981
			2.49433352921581	-1.94211010015981
			2.49619914890857	-1.94397571985256
			2.49806476860133	-1.94397571985256
			2.49993038829408	-1.94397571985256
			2.50179600798684	-1.94397571985256
			2.5036616276796	-1.94584133954532
			2.50552724737235	-1.94584133954532
			2.50739286706511	-1.94584133954532
			2.50925848675787	-1.94584133954532
			2.51112410645062	-1.94770695923808
			2.51298972614338	-1.94770695923808
			2.51485534583614	-1.94770695923808
			2.51672096552889	-1.94957257893083
			2.51858658522165	-1.94957257893083
			2.52045220491441	-1.94957257893083
			2.52231782460716	-1.95143819862359
			2.52418344429992	-1.95143819862359
			2.52604906399268	-1.95143819862359
			2.52791468368543	-1.95330381831635
			2.52978030337819	-1.95330381831635
			2.53164592307095	-1.95330381831635
			2.5335115427637	-1.9551694380091
			2.53537716245646	-1.9551694380091
			2.53724278214922	-1.9551694380091
			2.53910840184197	-1.95703505770186
			2.54097402153473	-1.95703505770186
			2.54283964122749	-1.95703505770186
			2.54470526092024	-1.95890067739462
			2.546570880613	-1.95890067739462
			2.54843650030576	-1.96076629708737
			2.55030211999851	-1.96076629708737
			2.55216773969127	-1.96076629708737
			2.55403335938403	-1.96263191678013
			2.55589897907679	-1.96263191678013
			2.55776459876954	-1.96263191678013
			2.5596302184623	-1.96449753647289
			2.56149583815506	-1.96449753647289
			2.56336145784781	-1.96449753647289
			2.56522707754057	-1.96636315616564
			2.56709269723333	-1.96636315616564
			2.56895831692608	-1.9682287758584
			2.57082393661884	-1.9682287758584
			2.5726895563116	-1.97009439555116
			2.57455517600435	-1.97009439555116
			2.57642079569711	-1.97196001524391
			2.57828641538987	-1.97196001524391
			2.58015203508262	-1.97196001524391
			2.58201765477538	-1.97382563493667
			2.58388327446814	-1.97382563493667
			2.58574889416089	-1.97382563493667
			2.58761451385365	-1.97569125462943
			2.58948013354641	-1.97569125462943
			2.58948013354641	-1.97755687432218
			2.59134575323916	-1.97755687432218
			2.59321137293192	-1.97755687432218
			2.59507699262468	-1.97942249401494
			2.59694261231743	-1.97942249401494
			2.59880823201019	-1.97942249401494
			2.60067385170295	-1.9812881137077
			2.6025394713957	-1.9812881137077
			2.6025394713957	-1.98315373340045
			2.60440509108846	-1.98315373340045
			2.60627071078122	-1.98315373340045
			2.60813633047398	-1.98501935309321
			2.61000195016673	-1.98501935309321
			2.61186756985949	-1.98501935309321
			2.61186756985949	-1.98688497278597
			2.61373318955225	-1.98688497278597
			2.615598809245	-1.98688497278597
			2.61746442893776	-1.98875059247872
			2.61933004863052	-1.98875059247872
			2.61933004863052	-1.99061621217148
			2.62119566832327	-1.99061621217148
			2.62306128801603	-1.99061621217148
			2.62492690770879	-1.99248183186424
			2.62679252740154	-1.99248183186424
			2.6286581470943	-1.994347451557
			2.63052376678706	-1.994347451557
			2.63238938647981	-1.994347451557
			2.63425500617257	-1.99621307124975
			2.63612062586533	-1.99621307124975
			2.63612062586533	-1.99807869094251
			2.63798624555808	-1.99807869094251
			2.63985186525084	-1.99807869094251
			2.6417174849436	-1.99994431063527
			2.64358310463635	-1.99994431063527
			2.64544872432911	-2.00180993032802
			2.64731434402187	-2.00180993032802
			2.64917996371462	-2.00367555002078
			2.65104558340738	-2.00367555002078
			2.65291120310014	-2.00554116971354
			2.65477682279289	-2.00554116971354
			2.65664244248565	-2.00740678940629
			2.65850806217841	-2.00740678940629
			2.66037368187117	-2.00927240909905
			2.66223930156392	-2.01113802879181
			2.66410492125668	-2.01113802879181
			2.66597054094944	-2.01300364848456
			2.66783616064219	-2.01300364848456
			2.66970178033495	-2.01486926817732
			2.67156740002771	-2.01486926817732
			2.67343301972046	-2.01673488787008
			2.67529863941322	-2.01673488787008
			2.67716425910598	-2.01860050756283
			2.67902987879873	-2.01860050756283
			2.68089549849149	-2.02046612725559
			2.68276111818425	-2.02233174694835
			2.684626737877	-2.02233174694835
			2.68649235756976	-2.0241973666411
			2.68835797726252	-2.02606298633386
			2.69022359695527	-2.02606298633386
			2.69208921664803	-2.02792860602662
			2.69395483634079	-2.02792860602662
			2.69395483634079	-2.02979422571937
			2.69582045603354	-2.02979422571937
			2.6976860757263	-2.03165984541213
			2.6976860757263	-2.03352546510489
			2.6976860757263	-2.03539108479764
			2.6976860757263	-2.0372567044904
			2.6976860757263	-2.03912232418316
			2.6976860757263	-2.04098794387591
			2.6976860757263	-2.04285356356867
			2.6976860757263	-2.04471918326143
			2.6976860757263	-2.04658480295419
			2.69582045603354	-2.04845042264694
			2.69582045603354	-2.0503160423397
			2.69582045603354	-2.05218166203246
			2.69582045603354	-2.05404728172521
			2.69582045603354	-2.05591290141797
			2.69582045603354	-2.05777852111073
			2.69395483634079	-2.05964414080348
			2.69395483634079	-2.06150976049624
			2.69395483634079	-2.063375380189
			2.69395483634079	-2.06524099988175
			2.69395483634079	-2.06710661957451
			2.69208921664803	-2.06897223926727
			2.69208921664803	-2.07083785896002
			2.69208921664803	-2.07270347865278
			2.69208921664803	-2.07456909834554
			2.69022359695527	-2.07643471803829
			2.69022359695527	-2.07830033773105
			2.69022359695527	-2.08016595742381
			2.68835797726252	-2.08203157711656
			2.68835797726252	-2.08389719680932
			2.68835797726252	-2.08576281650208
			2.68835797726252	-2.08762843619483
			2.68649235756976	-2.08949405588759
			2.68649235756976	-2.09135967558035
			2.684626737877	-2.0932252952731
			2.684626737877	-2.09509091496586
			2.68276111818425	-2.09695653465862
			2.68276111818425	-2.09882215435137
			2.68276111818425	-2.10068777404413
			2.68089549849149	-2.10255339373689
			2.68089549849149	-2.10441901342965
			2.67902987879873	-2.1062846331224
			2.67902987879873	-2.10815025281516
			2.67716425910598	-2.11001587250792
			2.67716425910598	-2.11188149220067
			2.67529863941322	-2.11374711189343
			2.67529863941322	-2.11561273158619
			2.67343301972046	-2.11747835127894
			2.67343301972046	-2.1193439709717
			2.67156740002771	-2.12120959066446
			2.66970178033495	-2.12307521035721
			2.66970178033495	-2.12494083004997
			2.66783616064219	-2.12680644974273
			2.66783616064219	-2.12867206943548
			2.66597054094944	-2.13053768912824
			2.66597054094944	-2.132403308821
			2.66410492125668	-2.132403308821
			2.66223930156392	-2.13426892851375
			2.66223930156392	-2.13613454820651
			2.66037368187117	-2.13800016789927
			2.65850806217841	-2.13986578759202
			2.65850806217841	-2.14173140728478
			2.65664244248565	-2.14359702697754
			2.65477682279289	-2.14546264667029
			2.65477682279289	-2.14732826636305
			2.65291120310014	-2.14919388605581
			2.65104558340738	-2.15105950574856
			2.64917996371462	-2.15292512544132
			2.64731434402187	-2.15479074513408
			2.64544872432911	-2.15665636482683
			2.64358310463635	-2.15852198451959
			2.64358310463635	-2.16038760421235
			2.6417174849436	-2.16038760421235
			2.6417174849436	-2.16225322390511
			2.63985186525084	-2.16411884359786
			2.63798624555808	-2.16598446329062
			2.63612062586533	-2.16785008298338
			2.63425500617257	-2.16971570267613
			2.63238938647981	-2.17158132236889
			2.63052376678706	-2.17344694206165
			2.63052376678706	-2.1753125617544
			2.6286581470943	-2.17717818144716
			2.62679252740154	-2.17904380113992
			2.62679252740154	-2.18090942083267
			2.62492690770879	-2.18277504052543
			2.62306128801603	-2.18464066021819
			2.62306128801603	-2.18650627991094
			2.62119566832327	-2.1883718996037
			2.62119566832327	-2.19023751929646
			2.61933004863052	-2.19023751929646
			2.61933004863052	-2.19210313898921
			2.61933004863052	-2.19396875868197
			2.61746442893776	-2.19583437837473
			2.615598809245	-2.19769999806748
			2.615598809245	-2.19956561776024
			2.61373318955225	-2.201431237453
			2.61186756985949	-2.20329685714575
			2.61186756985949	-2.20516247683851
			2.61000195016673	-2.20702809653127
			2.61000195016673	-2.20889371622402
			2.60813633047398	-2.20889371622402
			2.60813633047398	-2.21075933591678
			2.60627071078122	-2.21262495560954
			2.60627071078122	-2.2144905753023
			2.60440509108846	-2.21635619499505
			2.6025394713957	-2.21822181468781
			2.6025394713957	-2.22008743438057
			2.60067385170295	-2.22195305407332
			2.59880823201019	-2.22381867376608
			2.59694261231743	-2.22568429345884
			2.59694261231743	-2.22754991315159
			2.59507699262468	-2.22941553284435
			2.59507699262468	-2.23128115253711
			2.59321137293192	-2.23314677222986
			2.59134575323916	-2.23501239192262
			2.59134575323916	-2.23687801161538
			2.58948013354641	-2.23874363130813
			2.58948013354641	-2.24060925100089
			2.58761451385365	-2.24060925100089
			2.58574889416089	-2.24247487069365
			2.58574889416089	-2.2443404903864
			2.58388327446814	-2.24620611007916
			2.58388327446814	-2.24807172977192
			2.58201765477538	-2.24807172977192
			2.58201765477538	-2.24993734946467
			2.58015203508262	-2.25180296915743
			2.57828641538987	-2.25366858885019
			2.57828641538987	-2.25553420854294
			2.57642079569711	-2.25553420854294
			2.57642079569711	-2.2573998282357
			2.57455517600435	-2.25926544792846
			2.5726895563116	-2.26113106762121
			2.5726895563116	-2.26299668731397
			2.57082393661884	-2.26486230700673
			2.57082393661884	-2.26672792669949
			2.56895831692608	-2.26672792669949
			2.56709269723333	-2.26859354639224
			2.56709269723333	-2.270459166085
			2.56522707754057	-2.27232478577776
			2.56336145784781	-2.27419040547051
			2.56336145784781	-2.27605602516327
			2.56149583815506	-2.27605602516327
			2.5596302184623	-2.27792164485603
			2.5596302184623	-2.27978726454878
		</curvaI_espina_dorsal>
	</curves.scaled>
	<ruler.points type=matrix rownames=TRUE colnames=FALSE nrow=2 ncol=2 as.numeric=TRUE >
		Ruler point 1	1519	537
		Ruler point 2	2055	533
	</ruler.points>
</shapes>

