<shapes type=list>
	<ruler.pixel type=vector names=FALSE length=1 as.numeric=TRUE >539.003710562367</ruler.pixel>
	<ruler.interval type=vector names=FALSE length=1 as.numeric=TRUE >1</ruler.interval>
	<scaling.units type=vector names=FALSE length=1 as.numeric=FALSE >mm</scaling.units>
	<scaling type=vector names=FALSE length=1 as.numeric=TRUE >0.00186561969275678</scaling>
	<landmarks.pixel type=matrix rownames=TRUE colnames=FALSE nrow=3 ncol=2 as.numeric=TRUE >
		punta_espina_dorsal	1118	815
		esq_izq_caparaza	1232	1036
		organo_dorsal	1482	823
	</landmarks.pixel>
	<landmarks.scaled type=matrix rownames=TRUE colnames=FALSE nrow=3 ncol=2 as.numeric=TRUE >
		punta_espina_dorsal	2.08576281650208	-1.52048004959677
		esq_izq_caparaza	2.29844346147635	-1.93278200169602
		organo_dorsal	2.76484838466554	-1.53540500713883
	</landmarks.scaled>
	<curves.control type=list>
		<curvaD_espina_dorsal type=matrix rownames=FALSE colnames=FALSE nrow=7 ncol=2 as.numeric=TRUE >
			1118	815
			1139	810
			1204	816
			1269	824
			1321	834
			1364	870
			1482	823
		</curvaD_espina_dorsal>
		<curvaI_espina_dorsal type=matrix rownames=FALSE colnames=FALSE nrow=9 ncol=2 as.numeric=TRUE >
			1118	815
			1175	821
			1241	841
			1288	855
			1307	872
			1316	917
			1253	962
			1241	1006
			1232	1036
		</curvaI_espina_dorsal>
	</curves.control>
	<curves.pixel type=list>
		<curvaD_espina_dorsal type=matrix rownames=FALSE colnames=FALSE nrow=368 ncol=2 as.numeric=TRUE >
			1118	815
			1119	815
			1120	815
			1121	814
			1122	814
			1123	814
			1124	814
			1125	814
			1126	814
			1127	814
			1128	813
			1129	813
			1130	813
			1131	813
			1132	813
			1133	813
			1134	813
			1135	813
			1136	813
			1137	813
			1138	813
			1139	813
			1140	813
			1141	813
			1142	813
			1143	813
			1144	813
			1145	813
			1146	813
			1147	813
			1148	813
			1149	813
			1150	813
			1151	813
			1152	813
			1153	813
			1154	813
			1155	813
			1156	813
			1157	813
			1158	813
			1159	813
			1160	813
			1161	813
			1162	813
			1163	813
			1164	813
			1165	813
			1166	813
			1167	813
			1168	813
			1169	813
			1170	813
			1171	814
			1172	814
			1173	814
			1174	814
			1175	814
			1176	814
			1177	814
			1178	814
			1179	814
			1180	814
			1181	814
			1182	814
			1183	814
			1184	814
			1185	814
			1186	815
			1187	815
			1188	815
			1189	815
			1190	815
			1191	815
			1192	815
			1193	815
			1194	815
			1195	815
			1196	815
			1197	815
			1198	815
			1199	816
			1200	816
			1201	816
			1202	816
			1203	816
			1204	816
			1205	816
			1206	816
			1207	816
			1208	817
			1209	817
			1210	817
			1211	817
			1212	817
			1213	817
			1214	817
			1215	817
			1216	818
			1217	818
			1218	818
			1219	818
			1220	818
			1221	818
			1222	818
			1223	818
			1224	819
			1225	819
			1226	819
			1227	819
			1228	819
			1229	819
			1230	819
			1231	819
			1232	820
			1233	820
			1234	820
			1235	820
			1236	820
			1237	820
			1238	820
			1238	821
			1239	821
			1240	821
			1241	821
			1242	821
			1243	821
			1244	821
			1245	821
			1246	822
			1247	822
			1248	822
			1249	822
			1250	822
			1251	822
			1252	822
			1253	823
			1254	823
			1255	823
			1256	823
			1257	823
			1258	823
			1259	823
			1260	824
			1261	824
			1262	824
			1263	824
			1264	824
			1265	824
			1266	825
			1267	825
			1268	825
			1269	825
			1270	825
			1271	825
			1272	825
			1272	826
			1273	826
			1274	826
			1275	826
			1276	826
			1277	826
			1278	826
			1279	827
			1280	827
			1281	827
			1282	827
			1283	827
			1284	827
			1285	828
			1286	828
			1287	828
			1288	828
			1289	828
			1290	828
			1291	829
			1292	829
			1293	829
			1294	829
			1295	829
			1296	830
			1297	830
			1298	830
			1299	830
			1300	830
			1301	830
			1302	831
			1303	831
			1304	831
			1305	831
			1306	831
			1307	831
			1308	832
			1309	832
			1310	832
			1311	832
			1312	832
			1313	833
			1314	833
			1315	833
			1316	833
			1317	833
			1318	833
			1319	834
			1320	834
			1321	834
			1322	835
			1323	836
			1324	836
			1325	837
			1326	838
			1327	838
			1327	839
			1328	839
			1329	840
			1330	840
			1331	841
			1332	841
			1333	842
			1334	842
			1335	843
			1336	843
			1337	843
			1338	844
			1339	844
			1340	845
			1341	845
			1342	845
			1343	846
			1344	846
			1345	846
			1346	846
			1347	847
			1348	847
			1349	847
			1350	848
			1351	848
			1352	848
			1353	848
			1354	848
			1355	848
			1356	848
			1357	849
			1358	849
			1359	849
			1360	849
			1361	849
			1362	849
			1363	849
			1364	849
			1365	849
			1366	849
			1367	849
			1368	850
			1369	850
			1370	850
			1371	850
			1372	850
			1373	850
			1374	850
			1375	850
			1376	850
			1377	850
			1378	849
			1379	849
			1380	849
			1381	849
			1382	849
			1383	849
			1384	849
			1385	849
			1386	849
			1387	849
			1388	849
			1389	849
			1390	849
			1391	848
			1392	848
			1393	848
			1394	848
			1395	848
			1396	848
			1397	848
			1398	848
			1399	847
			1400	847
			1401	847
			1402	847
			1403	847
			1404	847
			1405	846
			1406	846
			1407	846
			1408	846
			1409	846
			1410	845
			1411	845
			1412	845
			1413	845
			1414	845
			1415	844
			1416	844
			1417	844
			1418	844
			1419	843
			1420	843
			1421	843
			1422	843
			1423	843
			1424	842
			1425	842
			1426	842
			1427	842
			1428	841
			1429	841
			1430	841
			1431	840
			1432	840
			1433	840
			1434	840
			1435	839
			1436	839
			1437	839
			1438	838
			1439	838
			1440	838
			1441	838
			1442	837
			1443	837
			1444	837
			1445	836
			1446	836
			1447	836
			1448	835
			1449	835
			1450	835
			1451	834
			1452	834
			1453	834
			1454	833
			1455	833
			1456	833
			1457	832
			1458	832
			1459	832
			1460	831
			1461	831
			1462	831
			1463	830
			1464	830
			1465	830
			1466	829
			1467	829
			1468	828
			1469	828
			1470	828
			1471	827
			1472	827
			1473	827
			1474	826
			1475	826
			1476	825
			1477	825
			1478	825
			1479	824
			1480	824
			1481	824
			1482	823
		</curvaD_espina_dorsal>
		<curvaI_espina_dorsal type=matrix rownames=FALSE colnames=FALSE nrow=372 ncol=2 as.numeric=TRUE >
			1118	815
			1119	815
			1120	815
			1121	815
			1122	815
			1123	816
			1124	816
			1125	816
			1126	816
			1127	816
			1128	816
			1129	816
			1130	816
			1131	817
			1132	817
			1133	817
			1134	817
			1135	817
			1136	817
			1137	817
			1138	818
			1139	818
			1140	818
			1141	818
			1142	818
			1143	818
			1144	818
			1145	819
			1146	819
			1147	819
			1148	819
			1149	819
			1150	819
			1151	820
			1152	820
			1153	820
			1154	820
			1155	820
			1156	820
			1157	821
			1158	821
			1159	821
			1160	821
			1161	821
			1162	821
			1163	822
			1164	822
			1165	822
			1166	822
			1167	822
			1168	823
			1169	823
			1170	823
			1171	823
			1172	823
			1173	824
			1174	824
			1175	824
			1176	824
			1177	824
			1178	825
			1179	825
			1180	825
			1181	825
			1182	825
			1183	826
			1184	826
			1185	826
			1186	826
			1187	827
			1188	827
			1189	827
			1190	827
			1191	827
			1192	828
			1193	828
			1194	828
			1195	828
			1196	829
			1197	829
			1198	829
			1199	829
			1200	830
			1201	830
			1202	830
			1203	830
			1204	831
			1205	831
			1206	831
			1207	831
			1208	832
			1209	832
			1210	832
			1211	832
			1212	833
			1213	833
			1214	833
			1215	834
			1216	834
			1217	834
			1218	834
			1219	835
			1220	835
			1221	835
			1222	836
			1223	836
			1224	836
			1225	836
			1226	837
			1227	837
			1228	837
			1229	838
			1230	838
			1231	838
			1232	838
			1233	839
			1234	839
			1235	839
			1236	839
			1237	840
			1238	840
			1239	840
			1240	841
			1241	841
			1242	841
			1243	842
			1244	842
			1245	842
			1246	842
			1246	843
			1247	843
			1248	843
			1249	843
			1249	844
			1250	844
			1251	844
			1252	844
			1252	845
			1253	845
			1254	845
			1255	846
			1256	846
			1257	846
			1258	846
			1259	847
			1260	847
			1261	848
			1262	848
			1263	848
			1264	849
			1265	849
			1266	849
			1267	850
			1268	850
			1269	850
			1270	851
			1271	852
			1272	852
			1273	852
			1274	853
			1275	853
			1276	854
			1277	854
			1278	855
			1279	855
			1280	855
			1281	856
			1282	856
			1283	857
			1284	857
			1285	858
			1286	858
			1287	859
			1288	859
			1289	860
			1290	860
			1291	861
			1292	862
			1293	862
			1294	863
			1295	863
			1296	864
			1297	864
			1298	865
			1299	865
			1299	866
			1300	867
			1301	867
			1302	868
			1303	868
			1303	869
			1304	869
			1305	870
			1305	871
			1306	871
			1307	872
			1307	873
			1307	874
			1308	875
			1308	876
			1308	877
			1308	878
			1308	879
			1308	880
			1308	881
			1308	882
			1308	883
			1308	884
			1308	885
			1308	886
			1308	887
			1308	888
			1308	889
			1308	890
			1308	891
			1307	892
			1307	893
			1307	894
			1307	895
			1307	896
			1306	897
			1306	898
			1306	899
			1306	900
			1305	901
			1305	902
			1305	903
			1304	904
			1304	905
			1304	906
			1303	906
			1303	907
			1302	908
			1302	909
			1302	910
			1301	911
			1301	912
			1300	913
			1300	914
			1299	915
			1299	916
			1298	917
			1297	918
			1297	919
			1296	920
			1296	921
			1295	922
			1294	923
			1294	924
			1293	925
			1292	926
			1291	927
			1291	928
			1290	929
			1289	930
			1288	931
			1287	932
			1286	933
			1285	934
			1284	935
			1284	936
			1283	936
			1283	937
			1282	938
			1281	938
			1281	939
			1280	940
			1279	940
			1278	941
			1278	942
			1277	942
			1276	943
			1276	944
			1275	945
			1274	945
			1273	946
			1272	947
			1271	948
			1270	949
			1269	950
			1268	950
			1267	951
			1266	952
			1265	953
			1264	954
			1263	955
			1262	955
			1261	956
			1260	957
			1259	958
			1258	958
			1257	959
			1256	960
			1255	961
			1254	961
			1253	962
			1253	963
			1252	964
			1252	965
			1252	966
			1252	967
			1251	968
			1251	969
			1251	970
			1251	971
			1250	972
			1250	973
			1250	974
			1249	975
			1249	976
			1249	977
			1249	978
			1248	979
			1248	980
			1248	981
			1248	982
			1247	983
			1247	984
			1247	985
			1247	986
			1246	986
			1246	987
			1246	988
			1246	989
			1245	990
			1245	991
			1245	992
			1244	993
			1244	994
			1244	995
			1244	996
			1243	997
			1243	998
			1243	999
			1242	1000
			1242	1001
			1242	1002
			1242	1003
			1241	1004
			1241	1005
			1241	1006
			1240	1007
			1240	1008
			1240	1009
			1240	1010
			1239	1011
			1239	1012
			1239	1013
			1239	1014
			1238	1015
			1238	1016
			1238	1017
			1237	1018
			1237	1019
			1237	1020
			1236	1021
			1236	1022
			1236	1023
			1236	1024
			1235	1025
			1235	1026
			1235	1027
			1234	1028
			1234	1029
			1234	1030
			1233	1031
			1233	1032
			1233	1033
			1233	1034
			1232	1034
			1232	1035
			1232	1036
		</curvaI_espina_dorsal>
	</curves.pixel>
	<curves.scaled type=list>
		<curvaD_espina_dorsal type=matrix rownames=FALSE colnames=FALSE nrow=368 ncol=2 as.numeric=TRUE >
			2.08576281650208	-1.52048004959677
			2.08762843619483	-1.52048004959677
			2.08949405588759	-1.52048004959677
			2.09135967558035	-1.51861442990402
			2.0932252952731	-1.51861442990402
			2.09509091496586	-1.51861442990402
			2.09695653465862	-1.51861442990402
			2.09882215435137	-1.51861442990402
			2.10068777404413	-1.51861442990402
			2.10255339373689	-1.51861442990402
			2.10441901342965	-1.51674881021126
			2.1062846331224	-1.51674881021126
			2.10815025281516	-1.51674881021126
			2.11001587250792	-1.51674881021126
			2.11188149220067	-1.51674881021126
			2.11374711189343	-1.51674881021126
			2.11561273158619	-1.51674881021126
			2.11747835127894	-1.51674881021126
			2.1193439709717	-1.51674881021126
			2.12120959066446	-1.51674881021126
			2.12307521035721	-1.51674881021126
			2.12494083004997	-1.51674881021126
			2.12680644974273	-1.51674881021126
			2.12867206943548	-1.51674881021126
			2.13053768912824	-1.51674881021126
			2.132403308821	-1.51674881021126
			2.13426892851375	-1.51674881021126
			2.13613454820651	-1.51674881021126
			2.13800016789927	-1.51674881021126
			2.13986578759202	-1.51674881021126
			2.14173140728478	-1.51674881021126
			2.14359702697754	-1.51674881021126
			2.14546264667029	-1.51674881021126
			2.14732826636305	-1.51674881021126
			2.14919388605581	-1.51674881021126
			2.15105950574856	-1.51674881021126
			2.15292512544132	-1.51674881021126
			2.15479074513408	-1.51674881021126
			2.15665636482683	-1.51674881021126
			2.15852198451959	-1.51674881021126
			2.16038760421235	-1.51674881021126
			2.16225322390511	-1.51674881021126
			2.16411884359786	-1.51674881021126
			2.16598446329062	-1.51674881021126
			2.16785008298338	-1.51674881021126
			2.16971570267613	-1.51674881021126
			2.17158132236889	-1.51674881021126
			2.17344694206165	-1.51674881021126
			2.1753125617544	-1.51674881021126
			2.17717818144716	-1.51674881021126
			2.17904380113992	-1.51674881021126
			2.18090942083267	-1.51674881021126
			2.18277504052543	-1.51674881021126
			2.18464066021819	-1.51861442990402
			2.18650627991094	-1.51861442990402
			2.1883718996037	-1.51861442990402
			2.19023751929646	-1.51861442990402
			2.19210313898921	-1.51861442990402
			2.19396875868197	-1.51861442990402
			2.19583437837473	-1.51861442990402
			2.19769999806748	-1.51861442990402
			2.19956561776024	-1.51861442990402
			2.201431237453	-1.51861442990402
			2.20329685714575	-1.51861442990402
			2.20516247683851	-1.51861442990402
			2.20702809653127	-1.51861442990402
			2.20889371622402	-1.51861442990402
			2.21075933591678	-1.51861442990402
			2.21262495560954	-1.52048004959677
			2.2144905753023	-1.52048004959677
			2.21635619499505	-1.52048004959677
			2.21822181468781	-1.52048004959677
			2.22008743438057	-1.52048004959677
			2.22195305407332	-1.52048004959677
			2.22381867376608	-1.52048004959677
			2.22568429345884	-1.52048004959677
			2.22754991315159	-1.52048004959677
			2.22941553284435	-1.52048004959677
			2.23128115253711	-1.52048004959677
			2.23314677222986	-1.52048004959677
			2.23501239192262	-1.52048004959677
			2.23687801161538	-1.52234566928953
			2.23874363130813	-1.52234566928953
			2.24060925100089	-1.52234566928953
			2.24247487069365	-1.52234566928953
			2.2443404903864	-1.52234566928953
			2.24620611007916	-1.52234566928953
			2.24807172977192	-1.52234566928953
			2.24993734946467	-1.52234566928953
			2.25180296915743	-1.52234566928953
			2.25366858885019	-1.52421128898229
			2.25553420854294	-1.52421128898229
			2.2573998282357	-1.52421128898229
			2.25926544792846	-1.52421128898229
			2.26113106762121	-1.52421128898229
			2.26299668731397	-1.52421128898229
			2.26486230700673	-1.52421128898229
			2.26672792669949	-1.52421128898229
			2.26859354639224	-1.52607690867504
			2.270459166085	-1.52607690867504
			2.27232478577776	-1.52607690867504
			2.27419040547051	-1.52607690867504
			2.27605602516327	-1.52607690867504
			2.27792164485603	-1.52607690867504
			2.27978726454878	-1.52607690867504
			2.28165288424154	-1.52607690867504
			2.2835185039343	-1.5279425283678
			2.28538412362705	-1.5279425283678
			2.28724974331981	-1.5279425283678
			2.28911536301257	-1.5279425283678
			2.29098098270532	-1.5279425283678
			2.29284660239808	-1.5279425283678
			2.29471222209084	-1.5279425283678
			2.29657784178359	-1.5279425283678
			2.29844346147635	-1.52980814806056
			2.30030908116911	-1.52980814806056
			2.30217470086186	-1.52980814806056
			2.30404032055462	-1.52980814806056
			2.30590594024738	-1.52980814806056
			2.30777155994013	-1.52980814806056
			2.30963717963289	-1.52980814806056
			2.30963717963289	-1.53167376775331
			2.31150279932565	-1.53167376775331
			2.3133684190184	-1.53167376775331
			2.31523403871116	-1.53167376775331
			2.31709965840392	-1.53167376775331
			2.31896527809667	-1.53167376775331
			2.32083089778943	-1.53167376775331
			2.32269651748219	-1.53167376775331
			2.32456213717494	-1.53353938744607
			2.3264277568677	-1.53353938744607
			2.32829337656046	-1.53353938744607
			2.33015899625322	-1.53353938744607
			2.33202461594597	-1.53353938744607
			2.33389023563873	-1.53353938744607
			2.33575585533149	-1.53353938744607
			2.33762147502424	-1.53540500713883
			2.339487094717	-1.53540500713883
			2.34135271440976	-1.53540500713883
			2.34321833410251	-1.53540500713883
			2.34508395379527	-1.53540500713883
			2.34694957348803	-1.53540500713883
			2.34881519318078	-1.53540500713883
			2.35068081287354	-1.53727062683158
			2.3525464325663	-1.53727062683158
			2.35441205225905	-1.53727062683158
			2.35627767195181	-1.53727062683158
			2.35814329164457	-1.53727062683158
			2.36000891133732	-1.53727062683158
			2.36187453103008	-1.53913624652434
			2.36374015072284	-1.53913624652434
			2.36560577041559	-1.53913624652434
			2.36747139010835	-1.53913624652434
			2.36933700980111	-1.53913624652434
			2.37120262949386	-1.53913624652434
			2.37306824918662	-1.53913624652434
			2.37306824918662	-1.5410018662171
			2.37493386887938	-1.5410018662171
			2.37679948857213	-1.5410018662171
			2.37866510826489	-1.5410018662171
			2.38053072795765	-1.5410018662171
			2.38239634765041	-1.5410018662171
			2.38426196734316	-1.5410018662171
			2.38612758703592	-1.54286748590986
			2.38799320672868	-1.54286748590986
			2.38985882642143	-1.54286748590986
			2.39172444611419	-1.54286748590986
			2.39359006580695	-1.54286748590986
			2.3954556854997	-1.54286748590986
			2.39732130519246	-1.54473310560261
			2.39918692488522	-1.54473310560261
			2.40105254457797	-1.54473310560261
			2.40291816427073	-1.54473310560261
			2.40478378396349	-1.54473310560261
			2.40664940365624	-1.54473310560261
			2.408515023349	-1.54659872529537
			2.41038064304176	-1.54659872529537
			2.41224626273451	-1.54659872529537
			2.41411188242727	-1.54659872529537
			2.41597750212003	-1.54659872529537
			2.41784312181278	-1.54846434498813
			2.41970874150554	-1.54846434498813
			2.4215743611983	-1.54846434498813
			2.42343998089105	-1.54846434498813
			2.42530560058381	-1.54846434498813
			2.42717122027657	-1.54846434498813
			2.42903683996932	-1.55032996468088
			2.43090245966208	-1.55032996468088
			2.43276807935484	-1.55032996468088
			2.43463369904759	-1.55032996468088
			2.43649931874035	-1.55032996468088
			2.43836493843311	-1.55032996468088
			2.44023055812587	-1.55219558437364
			2.44209617781862	-1.55219558437364
			2.44396179751138	-1.55219558437364
			2.44582741720414	-1.55219558437364
			2.44769303689689	-1.55219558437364
			2.44955865658965	-1.5540612040664
			2.45142427628241	-1.5540612040664
			2.45328989597516	-1.5540612040664
			2.45515551566792	-1.5540612040664
			2.45702113536068	-1.5540612040664
			2.45888675505343	-1.5540612040664
			2.46075237474619	-1.55592682375915
			2.46261799443895	-1.55592682375915
			2.4644836141317	-1.55592682375915
			2.46634923382446	-1.55779244345191
			2.46821485351722	-1.55965806314467
			2.47008047320997	-1.55965806314467
			2.47194609290273	-1.56152368283742
			2.47381171259549	-1.56338930253018
			2.47567733228824	-1.56338930253018
			2.47567733228824	-1.56525492222294
			2.477542951981	-1.56525492222294
			2.47940857167376	-1.56712054191569
			2.48127419136651	-1.56712054191569
			2.48313981105927	-1.56898616160845
			2.48500543075203	-1.56898616160845
			2.48687105044478	-1.57085178130121
			2.48873667013754	-1.57085178130121
			2.4906022898303	-1.57271740099396
			2.49246790952306	-1.57271740099396
			2.49433352921581	-1.57271740099396
			2.49619914890857	-1.57458302068672
			2.49806476860133	-1.57458302068672
			2.49993038829408	-1.57644864037948
			2.50179600798684	-1.57644864037948
			2.5036616276796	-1.57644864037948
			2.50552724737235	-1.57831426007223
			2.50739286706511	-1.57831426007223
			2.50925848675787	-1.57831426007223
			2.51112410645062	-1.57831426007223
			2.51298972614338	-1.58017987976499
			2.51485534583614	-1.58017987976499
			2.51672096552889	-1.58017987976499
			2.51858658522165	-1.58204549945775
			2.52045220491441	-1.58204549945775
			2.52231782460716	-1.58204549945775
			2.52418344429992	-1.58204549945775
			2.52604906399268	-1.58204549945775
			2.52791468368543	-1.58204549945775
			2.52978030337819	-1.58204549945775
			2.53164592307095	-1.5839111191505
			2.5335115427637	-1.5839111191505
			2.53537716245646	-1.5839111191505
			2.53724278214922	-1.5839111191505
			2.53910840184197	-1.5839111191505
			2.54097402153473	-1.5839111191505
			2.54283964122749	-1.5839111191505
			2.54470526092024	-1.5839111191505
			2.546570880613	-1.5839111191505
			2.54843650030576	-1.5839111191505
			2.55030211999851	-1.5839111191505
			2.55216773969127	-1.58577673884326
			2.55403335938403	-1.58577673884326
			2.55589897907679	-1.58577673884326
			2.55776459876954	-1.58577673884326
			2.5596302184623	-1.58577673884326
			2.56149583815506	-1.58577673884326
			2.56336145784781	-1.58577673884326
			2.56522707754057	-1.58577673884326
			2.56709269723333	-1.58577673884326
			2.56895831692608	-1.58577673884326
			2.57082393661884	-1.5839111191505
			2.5726895563116	-1.5839111191505
			2.57455517600435	-1.5839111191505
			2.57642079569711	-1.5839111191505
			2.57828641538987	-1.5839111191505
			2.58015203508262	-1.5839111191505
			2.58201765477538	-1.5839111191505
			2.58388327446814	-1.5839111191505
			2.58574889416089	-1.5839111191505
			2.58761451385365	-1.5839111191505
			2.58948013354641	-1.5839111191505
			2.59134575323916	-1.5839111191505
			2.59321137293192	-1.5839111191505
			2.59507699262468	-1.58204549945775
			2.59694261231743	-1.58204549945775
			2.59880823201019	-1.58204549945775
			2.60067385170295	-1.58204549945775
			2.6025394713957	-1.58204549945775
			2.60440509108846	-1.58204549945775
			2.60627071078122	-1.58204549945775
			2.60813633047398	-1.58204549945775
			2.61000195016673	-1.58017987976499
			2.61186756985949	-1.58017987976499
			2.61373318955225	-1.58017987976499
			2.615598809245	-1.58017987976499
			2.61746442893776	-1.58017987976499
			2.61933004863052	-1.58017987976499
			2.62119566832327	-1.57831426007223
			2.62306128801603	-1.57831426007223
			2.62492690770879	-1.57831426007223
			2.62679252740154	-1.57831426007223
			2.6286581470943	-1.57831426007223
			2.63052376678706	-1.57644864037948
			2.63238938647981	-1.57644864037948
			2.63425500617257	-1.57644864037948
			2.63612062586533	-1.57644864037948
			2.63798624555808	-1.57644864037948
			2.63985186525084	-1.57458302068672
			2.6417174849436	-1.57458302068672
			2.64358310463635	-1.57458302068672
			2.64544872432911	-1.57458302068672
			2.64731434402187	-1.57271740099396
			2.64917996371462	-1.57271740099396
			2.65104558340738	-1.57271740099396
			2.65291120310014	-1.57271740099396
			2.65477682279289	-1.57271740099396
			2.65664244248565	-1.57085178130121
			2.65850806217841	-1.57085178130121
			2.66037368187117	-1.57085178130121
			2.66223930156392	-1.57085178130121
			2.66410492125668	-1.56898616160845
			2.66597054094944	-1.56898616160845
			2.66783616064219	-1.56898616160845
			2.66970178033495	-1.56712054191569
			2.67156740002771	-1.56712054191569
			2.67343301972046	-1.56712054191569
			2.67529863941322	-1.56712054191569
			2.67716425910598	-1.56525492222294
			2.67902987879873	-1.56525492222294
			2.68089549849149	-1.56525492222294
			2.68276111818425	-1.56338930253018
			2.684626737877	-1.56338930253018
			2.68649235756976	-1.56338930253018
			2.68835797726252	-1.56338930253018
			2.69022359695527	-1.56152368283742
			2.69208921664803	-1.56152368283742
			2.69395483634079	-1.56152368283742
			2.69582045603354	-1.55965806314467
			2.6976860757263	-1.55965806314467
			2.69955169541906	-1.55965806314467
			2.70141731511181	-1.55779244345191
			2.70328293480457	-1.55779244345191
			2.70514855449733	-1.55779244345191
			2.70701417419008	-1.55592682375915
			2.70887979388284	-1.55592682375915
			2.7107454135756	-1.55592682375915
			2.71261103326835	-1.5540612040664
			2.71447665296111	-1.5540612040664
			2.71634227265387	-1.5540612040664
			2.71820789234663	-1.55219558437364
			2.72007351203938	-1.55219558437364
			2.72193913173214	-1.55219558437364
			2.7238047514249	-1.55032996468088
			2.72567037111765	-1.55032996468088
			2.72753599081041	-1.55032996468088
			2.72940161050317	-1.54846434498813
			2.73126723019592	-1.54846434498813
			2.73313284988868	-1.54846434498813
			2.73499846958144	-1.54659872529537
			2.73686408927419	-1.54659872529537
			2.73872970896695	-1.54473310560261
			2.74059532865971	-1.54473310560261
			2.74246094835246	-1.54473310560261
			2.74432656804522	-1.54286748590986
			2.74619218773798	-1.54286748590986
			2.74805780743073	-1.54286748590986
			2.74992342712349	-1.5410018662171
			2.75178904681625	-1.5410018662171
			2.753654666509	-1.53913624652434
			2.75552028620176	-1.53913624652434
			2.75738590589452	-1.53913624652434
			2.75925152558727	-1.53727062683158
			2.76111714528003	-1.53727062683158
			2.76298276497279	-1.53727062683158
			2.76484838466554	-1.53540500713883
		</curvaD_espina_dorsal>
		<curvaI_espina_dorsal type=matrix rownames=FALSE colnames=FALSE nrow=372 ncol=2 as.numeric=TRUE >
			2.08576281650208	-1.52048004959677
			2.08762843619483	-1.52048004959677
			2.08949405588759	-1.52048004959677
			2.09135967558035	-1.52048004959677
			2.0932252952731	-1.52048004959677
			2.09509091496586	-1.52234566928953
			2.09695653465862	-1.52234566928953
			2.09882215435137	-1.52234566928953
			2.10068777404413	-1.52234566928953
			2.10255339373689	-1.52234566928953
			2.10441901342965	-1.52234566928953
			2.1062846331224	-1.52234566928953
			2.10815025281516	-1.52234566928953
			2.11001587250792	-1.52421128898229
			2.11188149220067	-1.52421128898229
			2.11374711189343	-1.52421128898229
			2.11561273158619	-1.52421128898229
			2.11747835127894	-1.52421128898229
			2.1193439709717	-1.52421128898229
			2.12120959066446	-1.52421128898229
			2.12307521035721	-1.52607690867504
			2.12494083004997	-1.52607690867504
			2.12680644974273	-1.52607690867504
			2.12867206943548	-1.52607690867504
			2.13053768912824	-1.52607690867504
			2.132403308821	-1.52607690867504
			2.13426892851375	-1.52607690867504
			2.13613454820651	-1.5279425283678
			2.13800016789927	-1.5279425283678
			2.13986578759202	-1.5279425283678
			2.14173140728478	-1.5279425283678
			2.14359702697754	-1.5279425283678
			2.14546264667029	-1.5279425283678
			2.14732826636305	-1.52980814806056
			2.14919388605581	-1.52980814806056
			2.15105950574856	-1.52980814806056
			2.15292512544132	-1.52980814806056
			2.15479074513408	-1.52980814806056
			2.15665636482683	-1.52980814806056
			2.15852198451959	-1.53167376775331
			2.16038760421235	-1.53167376775331
			2.16225322390511	-1.53167376775331
			2.16411884359786	-1.53167376775331
			2.16598446329062	-1.53167376775331
			2.16785008298338	-1.53167376775331
			2.16971570267613	-1.53353938744607
			2.17158132236889	-1.53353938744607
			2.17344694206165	-1.53353938744607
			2.1753125617544	-1.53353938744607
			2.17717818144716	-1.53353938744607
			2.17904380113992	-1.53540500713883
			2.18090942083267	-1.53540500713883
			2.18277504052543	-1.53540500713883
			2.18464066021819	-1.53540500713883
			2.18650627991094	-1.53540500713883
			2.1883718996037	-1.53727062683158
			2.19023751929646	-1.53727062683158
			2.19210313898921	-1.53727062683158
			2.19396875868197	-1.53727062683158
			2.19583437837473	-1.53727062683158
			2.19769999806748	-1.53913624652434
			2.19956561776024	-1.53913624652434
			2.201431237453	-1.53913624652434
			2.20329685714575	-1.53913624652434
			2.20516247683851	-1.53913624652434
			2.20702809653127	-1.5410018662171
			2.20889371622402	-1.5410018662171
			2.21075933591678	-1.5410018662171
			2.21262495560954	-1.5410018662171
			2.2144905753023	-1.54286748590986
			2.21635619499505	-1.54286748590986
			2.21822181468781	-1.54286748590986
			2.22008743438057	-1.54286748590986
			2.22195305407332	-1.54286748590986
			2.22381867376608	-1.54473310560261
			2.22568429345884	-1.54473310560261
			2.22754991315159	-1.54473310560261
			2.22941553284435	-1.54473310560261
			2.23128115253711	-1.54659872529537
			2.23314677222986	-1.54659872529537
			2.23501239192262	-1.54659872529537
			2.23687801161538	-1.54659872529537
			2.23874363130813	-1.54846434498813
			2.24060925100089	-1.54846434498813
			2.24247487069365	-1.54846434498813
			2.2443404903864	-1.54846434498813
			2.24620611007916	-1.55032996468088
			2.24807172977192	-1.55032996468088
			2.24993734946467	-1.55032996468088
			2.25180296915743	-1.55032996468088
			2.25366858885019	-1.55219558437364
			2.25553420854294	-1.55219558437364
			2.2573998282357	-1.55219558437364
			2.25926544792846	-1.55219558437364
			2.26113106762121	-1.5540612040664
			2.26299668731397	-1.5540612040664
			2.26486230700673	-1.5540612040664
			2.26672792669949	-1.55592682375915
			2.26859354639224	-1.55592682375915
			2.270459166085	-1.55592682375915
			2.27232478577776	-1.55592682375915
			2.27419040547051	-1.55779244345191
			2.27605602516327	-1.55779244345191
			2.27792164485603	-1.55779244345191
			2.27978726454878	-1.55965806314467
			2.28165288424154	-1.55965806314467
			2.2835185039343	-1.55965806314467
			2.28538412362705	-1.55965806314467
			2.28724974331981	-1.56152368283742
			2.28911536301257	-1.56152368283742
			2.29098098270532	-1.56152368283742
			2.29284660239808	-1.56338930253018
			2.29471222209084	-1.56338930253018
			2.29657784178359	-1.56338930253018
			2.29844346147635	-1.56338930253018
			2.30030908116911	-1.56525492222294
			2.30217470086186	-1.56525492222294
			2.30404032055462	-1.56525492222294
			2.30590594024738	-1.56525492222294
			2.30777155994013	-1.56712054191569
			2.30963717963289	-1.56712054191569
			2.31150279932565	-1.56712054191569
			2.3133684190184	-1.56898616160845
			2.31523403871116	-1.56898616160845
			2.31709965840392	-1.56898616160845
			2.31896527809667	-1.57085178130121
			2.32083089778943	-1.57085178130121
			2.32269651748219	-1.57085178130121
			2.32456213717494	-1.57085178130121
			2.32456213717494	-1.57271740099396
			2.3264277568677	-1.57271740099396
			2.32829337656046	-1.57271740099396
			2.33015899625322	-1.57271740099396
			2.33015899625322	-1.57458302068672
			2.33202461594597	-1.57458302068672
			2.33389023563873	-1.57458302068672
			2.33575585533149	-1.57458302068672
			2.33575585533149	-1.57644864037948
			2.33762147502424	-1.57644864037948
			2.339487094717	-1.57644864037948
			2.34135271440976	-1.57831426007223
			2.34321833410251	-1.57831426007223
			2.34508395379527	-1.57831426007223
			2.34694957348803	-1.57831426007223
			2.34881519318078	-1.58017987976499
			2.35068081287354	-1.58017987976499
			2.3525464325663	-1.58204549945775
			2.35441205225905	-1.58204549945775
			2.35627767195181	-1.58204549945775
			2.35814329164457	-1.5839111191505
			2.36000891133732	-1.5839111191505
			2.36187453103008	-1.5839111191505
			2.36374015072284	-1.58577673884326
			2.36560577041559	-1.58577673884326
			2.36747139010835	-1.58577673884326
			2.36933700980111	-1.58764235853602
			2.37120262949386	-1.58950797822877
			2.37306824918662	-1.58950797822877
			2.37493386887938	-1.58950797822877
			2.37679948857213	-1.59137359792153
			2.37866510826489	-1.59137359792153
			2.38053072795765	-1.59323921761429
			2.38239634765041	-1.59323921761429
			2.38426196734316	-1.59510483730704
			2.38612758703592	-1.59510483730704
			2.38799320672868	-1.59510483730704
			2.38985882642143	-1.5969704569998
			2.39172444611419	-1.5969704569998
			2.39359006580695	-1.59883607669256
			2.3954556854997	-1.59883607669256
			2.39732130519246	-1.60070169638532
			2.39918692488522	-1.60070169638532
			2.40105254457797	-1.60256731607807
			2.40291816427073	-1.60256731607807
			2.40478378396349	-1.60443293577083
			2.40664940365624	-1.60443293577083
			2.408515023349	-1.60629855546359
			2.41038064304176	-1.60816417515634
			2.41224626273451	-1.60816417515634
			2.41411188242727	-1.6100297948491
			2.41597750212003	-1.6100297948491
			2.41784312181278	-1.61189541454186
			2.41970874150554	-1.61189541454186
			2.4215743611983	-1.61376103423461
			2.42343998089105	-1.61376103423461
			2.42343998089105	-1.61562665392737
			2.42530560058381	-1.61749227362013
			2.42717122027657	-1.61749227362013
			2.42903683996932	-1.61935789331288
			2.43090245966208	-1.61935789331288
			2.43090245966208	-1.62122351300564
			2.43276807935484	-1.62122351300564
			2.43463369904759	-1.6230891326984
			2.43463369904759	-1.62495475239115
			2.43649931874035	-1.62495475239115
			2.43836493843311	-1.62682037208391
			2.43836493843311	-1.62868599177667
			2.43836493843311	-1.63055161146942
			2.44023055812587	-1.63241723116218
			2.44023055812587	-1.63428285085494
			2.44023055812587	-1.63614847054769
			2.44023055812587	-1.63801409024045
			2.44023055812587	-1.63987970993321
			2.44023055812587	-1.64174532962596
			2.44023055812587	-1.64361094931872
			2.44023055812587	-1.64547656901148
			2.44023055812587	-1.64734218870423
			2.44023055812587	-1.64920780839699
			2.44023055812587	-1.65107342808975
			2.44023055812587	-1.6529390477825
			2.44023055812587	-1.65480466747526
			2.44023055812587	-1.65667028716802
			2.44023055812587	-1.65853590686078
			2.44023055812587	-1.66040152655353
			2.44023055812587	-1.66226714624629
			2.43836493843311	-1.66413276593905
			2.43836493843311	-1.6659983856318
			2.43836493843311	-1.66786400532456
			2.43836493843311	-1.66972962501732
			2.43836493843311	-1.67159524471007
			2.43649931874035	-1.67346086440283
			2.43649931874035	-1.67532648409559
			2.43649931874035	-1.67719210378834
			2.43649931874035	-1.6790577234811
			2.43463369904759	-1.68092334317386
			2.43463369904759	-1.68278896286661
			2.43463369904759	-1.68465458255937
			2.43276807935484	-1.68652020225213
			2.43276807935484	-1.68838582194488
			2.43276807935484	-1.69025144163764
			2.43090245966208	-1.69025144163764
			2.43090245966208	-1.6921170613304
			2.42903683996932	-1.69398268102315
			2.42903683996932	-1.69584830071591
			2.42903683996932	-1.69771392040867
			2.42717122027657	-1.69957954010142
			2.42717122027657	-1.70144515979418
			2.42530560058381	-1.70331077948694
			2.42530560058381	-1.70517639917969
			2.42343998089105	-1.70704201887245
			2.42343998089105	-1.70890763856521
			2.4215743611983	-1.71077325825797
			2.41970874150554	-1.71263887795072
			2.41970874150554	-1.71450449764348
			2.41784312181278	-1.71637011733624
			2.41784312181278	-1.71823573702899
			2.41597750212003	-1.72010135672175
			2.41411188242727	-1.72196697641451
			2.41411188242727	-1.72383259610726
			2.41224626273451	-1.72569821580002
			2.41038064304176	-1.72756383549278
			2.408515023349	-1.72942945518553
			2.408515023349	-1.73129507487829
			2.40664940365624	-1.73316069457105
			2.40478378396349	-1.7350263142638
			2.40291816427073	-1.73689193395656
			2.40105254457797	-1.73875755364932
			2.39918692488522	-1.74062317334207
			2.39732130519246	-1.74248879303483
			2.3954556854997	-1.74435441272759
			2.3954556854997	-1.74622003242034
			2.39359006580695	-1.74622003242034
			2.39359006580695	-1.7480856521131
			2.39172444611419	-1.74995127180586
			2.38985882642143	-1.74995127180586
			2.38985882642143	-1.75181689149861
			2.38799320672868	-1.75368251119137
			2.38612758703592	-1.75368251119137
			2.38426196734316	-1.75554813088413
			2.38426196734316	-1.75741375057688
			2.38239634765041	-1.75741375057688
			2.38053072795765	-1.75927937026964
			2.38053072795765	-1.7611449899624
			2.37866510826489	-1.76301060965515
			2.37679948857213	-1.76301060965515
			2.37493386887938	-1.76487622934791
			2.37306824918662	-1.76674184904067
			2.37120262949386	-1.76860746873343
			2.36933700980111	-1.77047308842618
			2.36747139010835	-1.77233870811894
			2.36560577041559	-1.77233870811894
			2.36374015072284	-1.7742043278117
			2.36187453103008	-1.77606994750445
			2.36000891133732	-1.77793556719721
			2.35814329164457	-1.77980118688997
			2.35627767195181	-1.78166680658272
			2.35441205225905	-1.78166680658272
			2.3525464325663	-1.78353242627548
			2.35068081287354	-1.78539804596824
			2.34881519318078	-1.78726366566099
			2.34694957348803	-1.78726366566099
			2.34508395379527	-1.78912928535375
			2.34321833410251	-1.79099490504651
			2.34135271440976	-1.79286052473926
			2.339487094717	-1.79286052473926
			2.33762147502424	-1.79472614443202
			2.33762147502424	-1.79659176412478
			2.33575585533149	-1.79845738381753
			2.33575585533149	-1.80032300351029
			2.33575585533149	-1.80218862320305
			2.33575585533149	-1.8040542428958
			2.33389023563873	-1.80591986258856
			2.33389023563873	-1.80778548228132
			2.33389023563873	-1.80965110197407
			2.33389023563873	-1.81151672166683
			2.33202461594597	-1.81338234135959
			2.33202461594597	-1.81524796105234
			2.33202461594597	-1.8171135807451
			2.33015899625322	-1.81897920043786
			2.33015899625322	-1.82084482013062
			2.33015899625322	-1.82271043982337
			2.33015899625322	-1.82457605951613
			2.32829337656046	-1.82644167920889
			2.32829337656046	-1.82830729890164
			2.32829337656046	-1.8301729185944
			2.32829337656046	-1.83203853828716
			2.3264277568677	-1.83390415797991
			2.3264277568677	-1.83576977767267
			2.3264277568677	-1.83763539736543
			2.3264277568677	-1.83950101705818
			2.32456213717494	-1.83950101705818
			2.32456213717494	-1.84136663675094
			2.32456213717494	-1.8432322564437
			2.32456213717494	-1.84509787613645
			2.32269651748219	-1.84696349582921
			2.32269651748219	-1.84882911552197
			2.32269651748219	-1.85069473521472
			2.32083089778943	-1.85256035490748
			2.32083089778943	-1.85442597460024
			2.32083089778943	-1.85629159429299
			2.32083089778943	-1.85815721398575
			2.31896527809667	-1.86002283367851
			2.31896527809667	-1.86188845337126
			2.31896527809667	-1.86375407306402
			2.31709965840392	-1.86561969275678
			2.31709965840392	-1.86748531244953
			2.31709965840392	-1.86935093214229
			2.31709965840392	-1.87121655183505
			2.31523403871116	-1.8730821715278
			2.31523403871116	-1.87494779122056
			2.31523403871116	-1.87681341091332
			2.3133684190184	-1.87867903060608
			2.3133684190184	-1.88054465029883
			2.3133684190184	-1.88241026999159
			2.3133684190184	-1.88427588968435
			2.31150279932565	-1.8861415093771
			2.31150279932565	-1.88800712906986
			2.31150279932565	-1.88987274876262
			2.31150279932565	-1.89173836845537
			2.30963717963289	-1.89360398814813
			2.30963717963289	-1.89546960784089
			2.30963717963289	-1.89733522753364
			2.30777155994013	-1.8992008472264
			2.30777155994013	-1.90106646691916
			2.30777155994013	-1.90293208661191
			2.30590594024738	-1.90479770630467
			2.30590594024738	-1.90666332599743
			2.30590594024738	-1.90852894569018
			2.30590594024738	-1.91039456538294
			2.30404032055462	-1.9122601850757
			2.30404032055462	-1.91412580476845
			2.30404032055462	-1.91599142446121
			2.30217470086186	-1.91785704415397
			2.30217470086186	-1.91972266384672
			2.30217470086186	-1.92158828353948
			2.30030908116911	-1.92345390323224
			2.30030908116911	-1.92531952292499
			2.30030908116911	-1.92718514261775
			2.30030908116911	-1.92905076231051
			2.29844346147635	-1.92905076231051
			2.29844346147635	-1.93091638200326
			2.29844346147635	-1.93278200169602
		</curvaI_espina_dorsal>
	</curves.scaled>
	<ruler.points type=matrix rownames=TRUE colnames=FALSE nrow=2 ncol=2 as.numeric=TRUE >
		Ruler point 1	1519	537
		Ruler point 2	2055	533
	</ruler.points>
</shapes>

