<shapes type=list>
	<ruler.pixel type=vector names=FALSE length=1 as.numeric=TRUE >539.003710562367</ruler.pixel>
	<ruler.interval type=vector names=FALSE length=1 as.numeric=TRUE >1</ruler.interval>
	<scaling.units type=vector names=FALSE length=1 as.numeric=FALSE >mm</scaling.units>
	<scaling type=vector names=FALSE length=1 as.numeric=TRUE >0.00186561969275678</scaling>
	<landmarks.pixel type=matrix rownames=TRUE colnames=FALSE nrow=3 ncol=2 as.numeric=TRUE >
		punta_espina_dorsal	1734	726
		esq_izq_caparaza	1538	874
		organo_dorsal	1797	1105
	</landmarks.pixel>
	<landmarks.scaled type=matrix rownames=TRUE colnames=FALSE nrow=3 ncol=2 as.numeric=TRUE >
		punta_espina_dorsal	3.23498454724025	-1.35443989694142
		esq_izq_caparaza	2.86932308745992	-1.63055161146942
		organo_dorsal	3.35251858788393	-2.06150976049624
	</landmarks.scaled>
	<curves.control type=list>
		<curvaD_espina_dorsal type=matrix rownames=FALSE colnames=FALSE nrow=7 ncol=2 as.numeric=TRUE >
			1734	726
			1740	719
			1763	829
			1770	907
			1752	969
			1755	1021
			1797	1105
		</curvaD_espina_dorsal>
		<curvaI_espina_dorsal type=matrix rownames=FALSE colnames=FALSE nrow=9 ncol=2 as.numeric=TRUE >
			1734	726
			1734	741
			1742	811
			1749	862
			1722	928
			1669	944
			1627	884
			1580	877
			1538	874
		</curvaI_espina_dorsal>
	</curves.control>
	<curves.pixel type=list>
		<curvaD_espina_dorsal type=matrix rownames=FALSE colnames=FALSE nrow=390 ncol=2 as.numeric=TRUE >
			1734	726
			1735	726
			1736	726
			1737	727
			1737	728
			1738	729
			1738	730
			1738	731
			1739	732
			1739	733
			1740	734
			1740	735
			1740	736
			1741	737
			1741	738
			1741	739
			1742	740
			1742	741
			1742	742
			1743	743
			1743	744
			1743	745
			1744	746
			1744	747
			1744	748
			1744	749
			1745	749
			1745	750
			1745	751
			1745	752
			1746	753
			1746	754
			1746	755
			1746	756
			1747	757
			1747	758
			1747	759
			1747	760
			1748	761
			1748	762
			1748	763
			1748	764
			1749	765
			1749	766
			1749	767
			1749	768
			1750	769
			1750	770
			1750	771
			1750	772
			1751	773
			1751	774
			1751	775
			1751	776
			1752	777
			1752	778
			1752	779
			1752	780
			1752	781
			1753	781
			1753	782
			1753	783
			1753	784
			1753	785
			1754	786
			1754	787
			1754	788
			1754	789
			1755	790
			1755	791
			1755	792
			1755	793
			1755	794
			1756	795
			1756	796
			1756	797
			1756	798
			1757	799
			1757	800
			1757	801
			1757	802
			1758	803
			1758	804
			1758	805
			1758	806
			1758	807
			1759	808
			1759	809
			1759	810
			1759	811
			1759	812
			1760	813
			1760	814
			1760	815
			1760	816
			1761	817
			1761	818
			1761	819
			1761	820
			1761	821
			1762	822
			1762	823
			1762	824
			1762	825
			1762	826
			1763	827
			1763	828
			1763	829
			1763	830
			1763	831
			1763	832
			1763	833
			1763	834
			1764	835
			1764	836
			1764	837
			1764	838
			1764	839
			1764	840
			1764	841
			1764	842
			1764	843
			1764	844
			1764	845
			1764	846
			1764	847
			1764	848
			1764	849
			1764	850
			1764	851
			1765	852
			1765	853
			1765	854
			1765	855
			1765	856
			1765	857
			1765	858
			1765	859
			1765	860
			1765	861
			1765	862
			1765	863
			1765	864
			1765	865
			1765	866
			1765	867
			1765	868
			1765	869
			1765	870
			1765	871
			1765	872
			1765	873
			1765	874
			1765	875
			1765	876
			1765	877
			1765	878
			1765	879
			1765	880
			1765	881
			1765	882
			1765	883
			1765	884
			1765	885
			1765	886
			1765	887
			1765	888
			1765	889
			1765	890
			1765	891
			1764	892
			1764	893
			1764	894
			1764	895
			1764	896
			1764	897
			1764	898
			1764	899
			1764	900
			1764	901
			1764	902
			1764	903
			1764	904
			1764	905
			1763	906
			1763	907
			1763	908
			1763	909
			1763	910
			1763	911
			1763	912
			1763	913
			1763	914
			1763	915
			1762	916
			1762	917
			1762	918
			1762	919
			1762	920
			1762	921
			1762	922
			1762	923
			1762	924
			1761	924
			1761	925
			1761	926
			1761	927
			1761	928
			1761	929
			1761	930
			1760	931
			1760	932
			1760	933
			1760	934
			1760	935
			1760	936
			1760	937
			1759	938
			1759	939
			1759	940
			1759	941
			1758	942
			1758	943
			1758	944
			1758	945
			1758	946
			1757	947
			1757	948
			1757	949
			1757	950
			1757	951
			1756	952
			1756	953
			1756	954
			1756	955
			1756	956
			1755	957
			1755	958
			1755	959
			1755	960
			1754	960
			1754	961
			1754	962
			1754	963
			1753	964
			1753	965
			1753	966
			1753	967
			1752	968
			1752	969
			1752	970
			1752	971
			1752	972
			1752	973
			1752	974
			1752	975
			1753	976
			1753	977
			1753	978
			1753	979
			1753	980
			1753	981
			1753	982
			1753	983
			1754	984
			1754	985
			1754	986
			1754	987
			1754	988
			1754	989
			1754	990
			1755	991
			1755	992
			1755	993
			1755	994
			1755	995
			1756	996
			1756	997
			1756	998
			1756	999
			1757	1000
			1757	1001
			1757	1002
			1757	1003
			1758	1004
			1758	1005
			1758	1006
			1758	1007
			1759	1008
			1759	1009
			1759	1010
			1759	1011
			1760	1012
			1760	1013
			1760	1014
			1761	1015
			1761	1016
			1761	1017
			1761	1018
			1762	1019
			1762	1020
			1762	1021
			1763	1022
			1763	1023
			1763	1024
			1764	1025
			1764	1026
			1764	1027
			1765	1028
			1765	1029
			1765	1030
			1766	1031
			1766	1032
			1766	1033
			1766	1034
			1767	1034
			1767	1035
			1767	1036
			1767	1037
			1768	1038
			1768	1039
			1769	1040
			1769	1041
			1769	1042
			1770	1043
			1770	1044
			1770	1045
			1771	1046
			1771	1047
			1772	1048
			1772	1049
			1772	1050
			1773	1051
			1773	1052
			1773	1053
			1774	1054
			1774	1055
			1775	1056
			1775	1057
			1775	1058
			1776	1058
			1776	1059
			1777	1060
			1777	1061
			1777	1062
			1778	1063
			1778	1064
			1779	1065
			1779	1066
			1779	1067
			1780	1068
			1780	1069
			1781	1070
			1781	1071
			1782	1072
			1782	1073
			1783	1074
			1783	1075
			1783	1076
			1784	1077
			1784	1078
			1785	1079
			1785	1080
			1785	1081
			1786	1082
			1786	1083
			1787	1084
			1787	1085
			1788	1086
			1788	1087
			1789	1088
			1789	1089
			1789	1090
			1790	1090
			1790	1091
			1791	1092
			1791	1093
			1792	1094
			1792	1095
			1793	1096
			1793	1097
			1793	1098
			1794	1099
			1794	1100
			1795	1101
			1795	1102
			1796	1103
			1796	1104
			1797	1104
			1797	1105
		</curvaD_espina_dorsal>
		<curvaI_espina_dorsal type=matrix rownames=FALSE colnames=FALSE nrow=394 ncol=2 as.numeric=TRUE >
			1734	726
			1734	727
			1734	728
			1734	729
			1734	730
			1734	731
			1734	732
			1734	733
			1734	734
			1734	735
			1734	736
			1734	737
			1735	738
			1735	739
			1735	740
			1735	741
			1735	742
			1735	743
			1735	744
			1735	745
			1735	746
			1735	747
			1735	748
			1735	749
			1736	750
			1736	751
			1736	752
			1736	753
			1736	754
			1736	755
			1736	756
			1736	757
			1736	758
			1736	759
			1736	760
			1737	760
			1737	761
			1737	762
			1737	763
			1737	764
			1737	765
			1737	766
			1737	767
			1737	768
			1737	769
			1738	770
			1738	771
			1738	772
			1738	773
			1738	774
			1738	775
			1738	776
			1738	777
			1738	778
			1738	779
			1739	780
			1739	781
			1739	782
			1739	783
			1739	784
			1739	785
			1739	786
			1739	787
			1739	788
			1740	789
			1740	790
			1740	791
			1740	792
			1740	793
			1740	794
			1740	795
			1740	796
			1740	797
			1741	798
			1741	799
			1741	800
			1741	801
			1741	802
			1741	803
			1741	804
			1741	805
			1741	806
			1742	807
			1742	808
			1742	809
			1742	810
			1742	811
			1742	812
			1742	813
			1742	814
			1743	815
			1743	816
			1743	817
			1743	818
			1743	819
			1743	820
			1743	821
			1743	822
			1743	823
			1743	824
			1743	825
			1743	826
			1743	827
			1743	828
			1743	829
			1743	830
			1743	831
			1743	832
			1743	833
			1743	834
			1743	835
			1743	836
			1743	837
			1743	838
			1743	839
			1743	840
			1743	841
			1743	842
			1743	843
			1743	844
			1743	845
			1743	846
			1743	847
			1743	848
			1743	849
			1743	850
			1743	851
			1742	852
			1742	853
			1742	854
			1742	855
			1742	856
			1742	857
			1742	858
			1742	859
			1741	860
			1741	861
			1741	862
			1741	863
			1741	864
			1741	865
			1740	866
			1740	867
			1740	868
			1740	869
			1740	870
			1740	871
			1739	872
			1739	873
			1739	874
			1739	875
			1739	876
			1738	876
			1738	877
			1738	878
			1738	879
			1738	880
			1737	881
			1737	882
			1737	883
			1737	884
			1736	885
			1736	886
			1736	887
			1735	888
			1735	889
			1735	890
			1735	891
			1734	892
			1734	893
			1734	894
			1734	895
			1733	896
			1733	897
			1733	898
			1732	899
			1732	900
			1732	901
			1731	902
			1731	903
			1731	904
			1731	905
			1730	906
			1730	907
			1729	908
			1729	909
			1729	910
			1728	911
			1728	912
			1728	913
			1727	914
			1727	915
			1727	916
			1726	917
			1726	918
			1725	919
			1725	920
			1725	921
			1724	922
			1724	923
			1723	924
			1723	925
			1723	926
			1722	927
			1722	928
			1721	928
			1720	929
			1719	929
			1718	929
			1717	929
			1716	930
			1715	930
			1714	930
			1713	930
			1712	930
			1711	931
			1710	931
			1709	931
			1708	931
			1707	931
			1706	931
			1705	931
			1704	931
			1703	931
			1702	931
			1701	931
			1700	931
			1699	931
			1698	931
			1697	931
			1696	931
			1695	931
			1694	931
			1693	931
			1692	931
			1691	931
			1690	931
			1689	930
			1688	930
			1687	930
			1686	930
			1685	930
			1684	929
			1683	929
			1682	929
			1681	929
			1680	928
			1679	928
			1678	928
			1677	927
			1676	927
			1675	927
			1674	926
			1673	926
			1672	925
			1671	924
			1670	924
			1669	924
			1668	923
			1667	923
			1666	922
			1665	921
			1664	921
			1663	920
			1662	920
			1662	919
			1661	919
			1660	918
			1659	918
			1658	917
			1657	916
			1656	915
			1655	915
			1654	914
			1653	913
			1652	912
			1651	912
			1651	911
			1650	910
			1649	909
			1648	908
			1647	908
			1646	907
			1645	906
			1644	905
			1643	904
			1642	903
			1642	902
			1641	901
			1640	900
			1639	899
			1638	898
			1637	897
			1636	896
			1635	895
			1634	894
			1634	893
			1633	892
			1632	891
			1631	890
			1630	889
			1630	888
			1629	887
			1628	886
			1627	885
			1626	884
			1625	884
			1624	884
			1623	883
			1622	883
			1621	883
			1620	883
			1619	883
			1618	883
			1617	882
			1616	882
			1615	882
			1614	882
			1613	882
			1612	882
			1611	882
			1610	882
			1609	881
			1608	881
			1607	881
			1606	881
			1605	881
			1604	881
			1603	881
			1602	881
			1601	880
			1600	880
			1599	880
			1598	880
			1597	880
			1596	880
			1595	880
			1594	879
			1593	879
			1592	879
			1591	879
			1590	879
			1589	879
			1588	879
			1587	879
			1586	879
			1585	878
			1584	878
			1583	878
			1582	878
			1581	878
			1580	878
			1579	878
			1578	878
			1577	878
			1576	877
			1575	877
			1574	877
			1573	877
			1572	877
			1571	877
			1570	877
			1569	877
			1568	877
			1567	877
			1566	876
			1565	876
			1564	876
			1563	876
			1562	876
			1561	876
			1560	876
			1559	876
			1558	876
			1557	876
			1556	875
			1555	875
			1554	875
			1553	875
			1552	875
			1551	875
			1550	875
			1549	875
			1548	875
			1547	875
			1546	875
			1545	875
			1544	874
			1543	874
			1542	874
			1541	874
			1540	874
			1539	874
			1538	874
		</curvaI_espina_dorsal>
	</curves.pixel>
	<curves.scaled type=list>
		<curvaD_espina_dorsal type=matrix rownames=FALSE colnames=FALSE nrow=390 ncol=2 as.numeric=TRUE >
			3.23498454724025	-1.35443989694142
			3.23685016693301	-1.35443989694142
			3.23871578662577	-1.35443989694142
			3.24058140631852	-1.35630551663418
			3.24058140631852	-1.35817113632693
			3.24244702601128	-1.36003675601969
			3.24244702601128	-1.36190237571245
			3.24244702601128	-1.3637679954052
			3.24431264570404	-1.36563361509796
			3.24431264570404	-1.36749923479072
			3.24617826539679	-1.36936485448347
			3.24617826539679	-1.37123047417623
			3.24617826539679	-1.37309609386899
			3.24804388508955	-1.37496171356175
			3.24804388508955	-1.3768273332545
			3.24804388508955	-1.37869295294726
			3.24990950478231	-1.38055857264002
			3.24990950478231	-1.38242419233277
			3.24990950478231	-1.38428981202553
			3.25177512447506	-1.38615543171829
			3.25177512447506	-1.38802105141104
			3.25177512447506	-1.3898866711038
			3.25364074416782	-1.39175229079656
			3.25364074416782	-1.39361791048931
			3.25364074416782	-1.39548353018207
			3.25364074416782	-1.39734914987483
			3.25550636386058	-1.39734914987483
			3.25550636386058	-1.39921476956758
			3.25550636386058	-1.40108038926034
			3.25550636386058	-1.4029460089531
			3.25737198355333	-1.40481162864585
			3.25737198355333	-1.40667724833861
			3.25737198355333	-1.40854286803137
			3.25737198355333	-1.41040848772412
			3.25923760324609	-1.41227410741688
			3.25923760324609	-1.41413972710964
			3.25923760324609	-1.41600534680239
			3.25923760324609	-1.41787096649515
			3.26110322293885	-1.41973658618791
			3.26110322293885	-1.42160220588066
			3.26110322293885	-1.42346782557342
			3.26110322293885	-1.42533344526618
			3.2629688426316	-1.42719906495894
			3.2629688426316	-1.42906468465169
			3.2629688426316	-1.43093030434445
			3.2629688426316	-1.43279592403721
			3.26483446232436	-1.43466154372996
			3.26483446232436	-1.43652716342272
			3.26483446232436	-1.43839278311548
			3.26483446232436	-1.44025840280823
			3.26670008201712	-1.44212402250099
			3.26670008201712	-1.44398964219375
			3.26670008201712	-1.4458552618865
			3.26670008201712	-1.44772088157926
			3.26856570170987	-1.44958650127202
			3.26856570170987	-1.45145212096477
			3.26856570170987	-1.45331774065753
			3.26856570170987	-1.45518336035029
			3.26856570170987	-1.45704898004304
			3.27043132140263	-1.45704898004304
			3.27043132140263	-1.4589145997358
			3.27043132140263	-1.46078021942856
			3.27043132140263	-1.46264583912131
			3.27043132140263	-1.46451145881407
			3.27229694109539	-1.46637707850683
			3.27229694109539	-1.46824269819958
			3.27229694109539	-1.47010831789234
			3.27229694109539	-1.4719739375851
			3.27416256078814	-1.47383955727785
			3.27416256078814	-1.47570517697061
			3.27416256078814	-1.47757079666337
			3.27416256078814	-1.47943641635612
			3.27416256078814	-1.48130203604888
			3.2760281804809	-1.48316765574164
			3.2760281804809	-1.4850332754344
			3.2760281804809	-1.48689889512715
			3.2760281804809	-1.48876451481991
			3.27789380017366	-1.49063013451267
			3.27789380017366	-1.49249575420542
			3.27789380017366	-1.49436137389818
			3.27789380017366	-1.49622699359094
			3.27975941986642	-1.49809261328369
			3.27975941986642	-1.49995823297645
			3.27975941986642	-1.50182385266921
			3.27975941986642	-1.50368947236196
			3.27975941986642	-1.50555509205472
			3.28162503955917	-1.50742071174748
			3.28162503955917	-1.50928633144023
			3.28162503955917	-1.51115195113299
			3.28162503955917	-1.51301757082575
			3.28162503955917	-1.5148831905185
			3.28349065925193	-1.51674881021126
			3.28349065925193	-1.51861442990402
			3.28349065925193	-1.52048004959677
			3.28349065925193	-1.52234566928953
			3.28535627894469	-1.52421128898229
			3.28535627894469	-1.52607690867504
			3.28535627894469	-1.5279425283678
			3.28535627894469	-1.52980814806056
			3.28535627894469	-1.53167376775331
			3.28722189863744	-1.53353938744607
			3.28722189863744	-1.53540500713883
			3.28722189863744	-1.53727062683158
			3.28722189863744	-1.53913624652434
			3.28722189863744	-1.5410018662171
			3.2890875183302	-1.54286748590986
			3.2890875183302	-1.54473310560261
			3.2890875183302	-1.54659872529537
			3.2890875183302	-1.54846434498813
			3.2890875183302	-1.55032996468088
			3.2890875183302	-1.55219558437364
			3.2890875183302	-1.5540612040664
			3.2890875183302	-1.55592682375915
			3.29095313802296	-1.55779244345191
			3.29095313802296	-1.55965806314467
			3.29095313802296	-1.56152368283742
			3.29095313802296	-1.56338930253018
			3.29095313802296	-1.56525492222294
			3.29095313802296	-1.56712054191569
			3.29095313802296	-1.56898616160845
			3.29095313802296	-1.57085178130121
			3.29095313802296	-1.57271740099396
			3.29095313802296	-1.57458302068672
			3.29095313802296	-1.57644864037948
			3.29095313802296	-1.57831426007223
			3.29095313802296	-1.58017987976499
			3.29095313802296	-1.58204549945775
			3.29095313802296	-1.5839111191505
			3.29095313802296	-1.58577673884326
			3.29095313802296	-1.58764235853602
			3.29281875771571	-1.58950797822877
			3.29281875771571	-1.59137359792153
			3.29281875771571	-1.59323921761429
			3.29281875771571	-1.59510483730704
			3.29281875771571	-1.5969704569998
			3.29281875771571	-1.59883607669256
			3.29281875771571	-1.60070169638532
			3.29281875771571	-1.60256731607807
			3.29281875771571	-1.60443293577083
			3.29281875771571	-1.60629855546359
			3.29281875771571	-1.60816417515634
			3.29281875771571	-1.6100297948491
			3.29281875771571	-1.61189541454186
			3.29281875771571	-1.61376103423461
			3.29281875771571	-1.61562665392737
			3.29281875771571	-1.61749227362013
			3.29281875771571	-1.61935789331288
			3.29281875771571	-1.62122351300564
			3.29281875771571	-1.6230891326984
			3.29281875771571	-1.62495475239115
			3.29281875771571	-1.62682037208391
			3.29281875771571	-1.62868599177667
			3.29281875771571	-1.63055161146942
			3.29281875771571	-1.63241723116218
			3.29281875771571	-1.63428285085494
			3.29281875771571	-1.63614847054769
			3.29281875771571	-1.63801409024045
			3.29281875771571	-1.63987970993321
			3.29281875771571	-1.64174532962596
			3.29281875771571	-1.64361094931872
			3.29281875771571	-1.64547656901148
			3.29281875771571	-1.64734218870423
			3.29281875771571	-1.64920780839699
			3.29281875771571	-1.65107342808975
			3.29281875771571	-1.6529390477825
			3.29281875771571	-1.65480466747526
			3.29281875771571	-1.65667028716802
			3.29281875771571	-1.65853590686078
			3.29281875771571	-1.66040152655353
			3.29281875771571	-1.66226714624629
			3.29095313802296	-1.66413276593905
			3.29095313802296	-1.6659983856318
			3.29095313802296	-1.66786400532456
			3.29095313802296	-1.66972962501732
			3.29095313802296	-1.67159524471007
			3.29095313802296	-1.67346086440283
			3.29095313802296	-1.67532648409559
			3.29095313802296	-1.67719210378834
			3.29095313802296	-1.6790577234811
			3.29095313802296	-1.68092334317386
			3.29095313802296	-1.68278896286661
			3.29095313802296	-1.68465458255937
			3.29095313802296	-1.68652020225213
			3.29095313802296	-1.68838582194488
			3.2890875183302	-1.69025144163764
			3.2890875183302	-1.6921170613304
			3.2890875183302	-1.69398268102315
			3.2890875183302	-1.69584830071591
			3.2890875183302	-1.69771392040867
			3.2890875183302	-1.69957954010142
			3.2890875183302	-1.70144515979418
			3.2890875183302	-1.70331077948694
			3.2890875183302	-1.70517639917969
			3.2890875183302	-1.70704201887245
			3.28722189863744	-1.70890763856521
			3.28722189863744	-1.71077325825797
			3.28722189863744	-1.71263887795072
			3.28722189863744	-1.71450449764348
			3.28722189863744	-1.71637011733624
			3.28722189863744	-1.71823573702899
			3.28722189863744	-1.72010135672175
			3.28722189863744	-1.72196697641451
			3.28722189863744	-1.72383259610726
			3.28535627894469	-1.72383259610726
			3.28535627894469	-1.72569821580002
			3.28535627894469	-1.72756383549278
			3.28535627894469	-1.72942945518553
			3.28535627894469	-1.73129507487829
			3.28535627894469	-1.73316069457105
			3.28535627894469	-1.7350263142638
			3.28349065925193	-1.73689193395656
			3.28349065925193	-1.73875755364932
			3.28349065925193	-1.74062317334207
			3.28349065925193	-1.74248879303483
			3.28349065925193	-1.74435441272759
			3.28349065925193	-1.74622003242034
			3.28349065925193	-1.7480856521131
			3.28162503955917	-1.74995127180586
			3.28162503955917	-1.75181689149861
			3.28162503955917	-1.75368251119137
			3.28162503955917	-1.75554813088413
			3.27975941986642	-1.75741375057688
			3.27975941986642	-1.75927937026964
			3.27975941986642	-1.7611449899624
			3.27975941986642	-1.76301060965515
			3.27975941986642	-1.76487622934791
			3.27789380017366	-1.76674184904067
			3.27789380017366	-1.76860746873343
			3.27789380017366	-1.77047308842618
			3.27789380017366	-1.77233870811894
			3.27789380017366	-1.7742043278117
			3.2760281804809	-1.77606994750445
			3.2760281804809	-1.77793556719721
			3.2760281804809	-1.77980118688997
			3.2760281804809	-1.78166680658272
			3.2760281804809	-1.78353242627548
			3.27416256078814	-1.78539804596824
			3.27416256078814	-1.78726366566099
			3.27416256078814	-1.78912928535375
			3.27416256078814	-1.79099490504651
			3.27229694109539	-1.79099490504651
			3.27229694109539	-1.79286052473926
			3.27229694109539	-1.79472614443202
			3.27229694109539	-1.79659176412478
			3.27043132140263	-1.79845738381753
			3.27043132140263	-1.80032300351029
			3.27043132140263	-1.80218862320305
			3.27043132140263	-1.8040542428958
			3.26856570170987	-1.80591986258856
			3.26856570170987	-1.80778548228132
			3.26856570170987	-1.80965110197407
			3.26856570170987	-1.81151672166683
			3.26856570170987	-1.81338234135959
			3.26856570170987	-1.81524796105234
			3.26856570170987	-1.8171135807451
			3.26856570170987	-1.81897920043786
			3.27043132140263	-1.82084482013062
			3.27043132140263	-1.82271043982337
			3.27043132140263	-1.82457605951613
			3.27043132140263	-1.82644167920889
			3.27043132140263	-1.82830729890164
			3.27043132140263	-1.8301729185944
			3.27043132140263	-1.83203853828716
			3.27043132140263	-1.83390415797991
			3.27229694109539	-1.83576977767267
			3.27229694109539	-1.83763539736543
			3.27229694109539	-1.83950101705818
			3.27229694109539	-1.84136663675094
			3.27229694109539	-1.8432322564437
			3.27229694109539	-1.84509787613645
			3.27229694109539	-1.84696349582921
			3.27416256078814	-1.84882911552197
			3.27416256078814	-1.85069473521472
			3.27416256078814	-1.85256035490748
			3.27416256078814	-1.85442597460024
			3.27416256078814	-1.85629159429299
			3.2760281804809	-1.85815721398575
			3.2760281804809	-1.86002283367851
			3.2760281804809	-1.86188845337126
			3.2760281804809	-1.86375407306402
			3.27789380017366	-1.86561969275678
			3.27789380017366	-1.86748531244953
			3.27789380017366	-1.86935093214229
			3.27789380017366	-1.87121655183505
			3.27975941986642	-1.8730821715278
			3.27975941986642	-1.87494779122056
			3.27975941986642	-1.87681341091332
			3.27975941986642	-1.87867903060608
			3.28162503955917	-1.88054465029883
			3.28162503955917	-1.88241026999159
			3.28162503955917	-1.88427588968435
			3.28162503955917	-1.8861415093771
			3.28349065925193	-1.88800712906986
			3.28349065925193	-1.88987274876262
			3.28349065925193	-1.89173836845537
			3.28535627894469	-1.89360398814813
			3.28535627894469	-1.89546960784089
			3.28535627894469	-1.89733522753364
			3.28535627894469	-1.8992008472264
			3.28722189863744	-1.90106646691916
			3.28722189863744	-1.90293208661191
			3.28722189863744	-1.90479770630467
			3.2890875183302	-1.90666332599743
			3.2890875183302	-1.90852894569018
			3.2890875183302	-1.91039456538294
			3.29095313802296	-1.9122601850757
			3.29095313802296	-1.91412580476845
			3.29095313802296	-1.91599142446121
			3.29281875771571	-1.91785704415397
			3.29281875771571	-1.91972266384672
			3.29281875771571	-1.92158828353948
			3.29468437740847	-1.92345390323224
			3.29468437740847	-1.92531952292499
			3.29468437740847	-1.92718514261775
			3.29468437740847	-1.92905076231051
			3.29654999710123	-1.92905076231051
			3.29654999710123	-1.93091638200326
			3.29654999710123	-1.93278200169602
			3.29654999710123	-1.93464762138878
			3.29841561679398	-1.93651324108154
			3.29841561679398	-1.93837886077429
			3.30028123648674	-1.94024448046705
			3.30028123648674	-1.94211010015981
			3.30028123648674	-1.94397571985256
			3.3021468561795	-1.94584133954532
			3.3021468561795	-1.94770695923808
			3.3021468561795	-1.94957257893083
			3.30401247587225	-1.95143819862359
			3.30401247587225	-1.95330381831635
			3.30587809556501	-1.9551694380091
			3.30587809556501	-1.95703505770186
			3.30587809556501	-1.95890067739462
			3.30774371525777	-1.96076629708737
			3.30774371525777	-1.96263191678013
			3.30774371525777	-1.96449753647289
			3.30960933495052	-1.96636315616564
			3.30960933495052	-1.9682287758584
			3.31147495464328	-1.97009439555116
			3.31147495464328	-1.97196001524391
			3.31147495464328	-1.97382563493667
			3.31334057433604	-1.97382563493667
			3.31334057433604	-1.97569125462943
			3.31520619402879	-1.97755687432218
			3.31520619402879	-1.97942249401494
			3.31520619402879	-1.9812881137077
			3.31707181372155	-1.98315373340045
			3.31707181372155	-1.98501935309321
			3.31893743341431	-1.98688497278597
			3.31893743341431	-1.98875059247872
			3.31893743341431	-1.99061621217148
			3.32080305310706	-1.99248183186424
			3.32080305310706	-1.994347451557
			3.32266867279982	-1.99621307124975
			3.32266867279982	-1.99807869094251
			3.32453429249258	-1.99994431063527
			3.32453429249258	-2.00180993032802
			3.32639991218533	-2.00367555002078
			3.32639991218533	-2.00554116971354
			3.32639991218533	-2.00740678940629
			3.32826553187809	-2.00927240909905
			3.32826553187809	-2.01113802879181
			3.33013115157085	-2.01300364848456
			3.33013115157085	-2.01486926817732
			3.33013115157085	-2.01673488787008
			3.33199677126361	-2.01860050756283
			3.33199677126361	-2.02046612725559
			3.33386239095636	-2.02233174694835
			3.33386239095636	-2.0241973666411
			3.33572801064912	-2.02606298633386
			3.33572801064912	-2.02792860602662
			3.33759363034188	-2.02979422571937
			3.33759363034188	-2.03165984541213
			3.33759363034188	-2.03352546510489
			3.33945925003463	-2.03352546510489
			3.33945925003463	-2.03539108479764
			3.34132486972739	-2.0372567044904
			3.34132486972739	-2.03912232418316
			3.34319048942015	-2.04098794387591
			3.34319048942015	-2.04285356356867
			3.3450561091129	-2.04471918326143
			3.3450561091129	-2.04658480295419
			3.3450561091129	-2.04845042264694
			3.34692172880566	-2.0503160423397
			3.34692172880566	-2.05218166203246
			3.34878734849842	-2.05404728172521
			3.34878734849842	-2.05591290141797
			3.35065296819117	-2.05777852111073
			3.35065296819117	-2.05964414080348
			3.35251858788393	-2.05964414080348
			3.35251858788393	-2.06150976049624
		</curvaD_espina_dorsal>
		<curvaI_espina_dorsal type=matrix rownames=FALSE colnames=FALSE nrow=394 ncol=2 as.numeric=TRUE >
			3.23498454724025	-1.35443989694142
			3.23498454724025	-1.35630551663418
			3.23498454724025	-1.35817113632693
			3.23498454724025	-1.36003675601969
			3.23498454724025	-1.36190237571245
			3.23498454724025	-1.3637679954052
			3.23498454724025	-1.36563361509796
			3.23498454724025	-1.36749923479072
			3.23498454724025	-1.36936485448347
			3.23498454724025	-1.37123047417623
			3.23498454724025	-1.37309609386899
			3.23498454724025	-1.37496171356175
			3.23685016693301	-1.3768273332545
			3.23685016693301	-1.37869295294726
			3.23685016693301	-1.38055857264002
			3.23685016693301	-1.38242419233277
			3.23685016693301	-1.38428981202553
			3.23685016693301	-1.38615543171829
			3.23685016693301	-1.38802105141104
			3.23685016693301	-1.3898866711038
			3.23685016693301	-1.39175229079656
			3.23685016693301	-1.39361791048931
			3.23685016693301	-1.39548353018207
			3.23685016693301	-1.39734914987483
			3.23871578662577	-1.39921476956758
			3.23871578662577	-1.40108038926034
			3.23871578662577	-1.4029460089531
			3.23871578662577	-1.40481162864585
			3.23871578662577	-1.40667724833861
			3.23871578662577	-1.40854286803137
			3.23871578662577	-1.41040848772412
			3.23871578662577	-1.41227410741688
			3.23871578662577	-1.41413972710964
			3.23871578662577	-1.41600534680239
			3.23871578662577	-1.41787096649515
			3.24058140631852	-1.41787096649515
			3.24058140631852	-1.41973658618791
			3.24058140631852	-1.42160220588066
			3.24058140631852	-1.42346782557342
			3.24058140631852	-1.42533344526618
			3.24058140631852	-1.42719906495894
			3.24058140631852	-1.42906468465169
			3.24058140631852	-1.43093030434445
			3.24058140631852	-1.43279592403721
			3.24058140631852	-1.43466154372996
			3.24244702601128	-1.43652716342272
			3.24244702601128	-1.43839278311548
			3.24244702601128	-1.44025840280823
			3.24244702601128	-1.44212402250099
			3.24244702601128	-1.44398964219375
			3.24244702601128	-1.4458552618865
			3.24244702601128	-1.44772088157926
			3.24244702601128	-1.44958650127202
			3.24244702601128	-1.45145212096477
			3.24244702601128	-1.45331774065753
			3.24431264570404	-1.45518336035029
			3.24431264570404	-1.45704898004304
			3.24431264570404	-1.4589145997358
			3.24431264570404	-1.46078021942856
			3.24431264570404	-1.46264583912131
			3.24431264570404	-1.46451145881407
			3.24431264570404	-1.46637707850683
			3.24431264570404	-1.46824269819958
			3.24431264570404	-1.47010831789234
			3.24617826539679	-1.4719739375851
			3.24617826539679	-1.47383955727785
			3.24617826539679	-1.47570517697061
			3.24617826539679	-1.47757079666337
			3.24617826539679	-1.47943641635612
			3.24617826539679	-1.48130203604888
			3.24617826539679	-1.48316765574164
			3.24617826539679	-1.4850332754344
			3.24617826539679	-1.48689889512715
			3.24804388508955	-1.48876451481991
			3.24804388508955	-1.49063013451267
			3.24804388508955	-1.49249575420542
			3.24804388508955	-1.49436137389818
			3.24804388508955	-1.49622699359094
			3.24804388508955	-1.49809261328369
			3.24804388508955	-1.49995823297645
			3.24804388508955	-1.50182385266921
			3.24804388508955	-1.50368947236196
			3.24990950478231	-1.50555509205472
			3.24990950478231	-1.50742071174748
			3.24990950478231	-1.50928633144023
			3.24990950478231	-1.51115195113299
			3.24990950478231	-1.51301757082575
			3.24990950478231	-1.5148831905185
			3.24990950478231	-1.51674881021126
			3.24990950478231	-1.51861442990402
			3.25177512447506	-1.52048004959677
			3.25177512447506	-1.52234566928953
			3.25177512447506	-1.52421128898229
			3.25177512447506	-1.52607690867504
			3.25177512447506	-1.5279425283678
			3.25177512447506	-1.52980814806056
			3.25177512447506	-1.53167376775331
			3.25177512447506	-1.53353938744607
			3.25177512447506	-1.53540500713883
			3.25177512447506	-1.53727062683158
			3.25177512447506	-1.53913624652434
			3.25177512447506	-1.5410018662171
			3.25177512447506	-1.54286748590986
			3.25177512447506	-1.54473310560261
			3.25177512447506	-1.54659872529537
			3.25177512447506	-1.54846434498813
			3.25177512447506	-1.55032996468088
			3.25177512447506	-1.55219558437364
			3.25177512447506	-1.5540612040664
			3.25177512447506	-1.55592682375915
			3.25177512447506	-1.55779244345191
			3.25177512447506	-1.55965806314467
			3.25177512447506	-1.56152368283742
			3.25177512447506	-1.56338930253018
			3.25177512447506	-1.56525492222294
			3.25177512447506	-1.56712054191569
			3.25177512447506	-1.56898616160845
			3.25177512447506	-1.57085178130121
			3.25177512447506	-1.57271740099396
			3.25177512447506	-1.57458302068672
			3.25177512447506	-1.57644864037948
			3.25177512447506	-1.57831426007223
			3.25177512447506	-1.58017987976499
			3.25177512447506	-1.58204549945775
			3.25177512447506	-1.5839111191505
			3.25177512447506	-1.58577673884326
			3.25177512447506	-1.58764235853602
			3.24990950478231	-1.58950797822877
			3.24990950478231	-1.59137359792153
			3.24990950478231	-1.59323921761429
			3.24990950478231	-1.59510483730704
			3.24990950478231	-1.5969704569998
			3.24990950478231	-1.59883607669256
			3.24990950478231	-1.60070169638532
			3.24990950478231	-1.60256731607807
			3.24804388508955	-1.60443293577083
			3.24804388508955	-1.60629855546359
			3.24804388508955	-1.60816417515634
			3.24804388508955	-1.6100297948491
			3.24804388508955	-1.61189541454186
			3.24804388508955	-1.61376103423461
			3.24617826539679	-1.61562665392737
			3.24617826539679	-1.61749227362013
			3.24617826539679	-1.61935789331288
			3.24617826539679	-1.62122351300564
			3.24617826539679	-1.6230891326984
			3.24617826539679	-1.62495475239115
			3.24431264570404	-1.62682037208391
			3.24431264570404	-1.62868599177667
			3.24431264570404	-1.63055161146942
			3.24431264570404	-1.63241723116218
			3.24431264570404	-1.63428285085494
			3.24244702601128	-1.63428285085494
			3.24244702601128	-1.63614847054769
			3.24244702601128	-1.63801409024045
			3.24244702601128	-1.63987970993321
			3.24244702601128	-1.64174532962596
			3.24058140631852	-1.64361094931872
			3.24058140631852	-1.64547656901148
			3.24058140631852	-1.64734218870423
			3.24058140631852	-1.64920780839699
			3.23871578662577	-1.65107342808975
			3.23871578662577	-1.6529390477825
			3.23871578662577	-1.65480466747526
			3.23685016693301	-1.65667028716802
			3.23685016693301	-1.65853590686078
			3.23685016693301	-1.66040152655353
			3.23685016693301	-1.66226714624629
			3.23498454724025	-1.66413276593905
			3.23498454724025	-1.6659983856318
			3.23498454724025	-1.66786400532456
			3.23498454724025	-1.66972962501732
			3.2331189275475	-1.67159524471007
			3.2331189275475	-1.67346086440283
			3.2331189275475	-1.67532648409559
			3.23125330785474	-1.67719210378834
			3.23125330785474	-1.6790577234811
			3.23125330785474	-1.68092334317386
			3.22938768816198	-1.68278896286661
			3.22938768816198	-1.68465458255937
			3.22938768816198	-1.68652020225213
			3.22938768816198	-1.68838582194488
			3.22752206846923	-1.69025144163764
			3.22752206846923	-1.6921170613304
			3.22565644877647	-1.69398268102315
			3.22565644877647	-1.69584830071591
			3.22565644877647	-1.69771392040867
			3.22379082908371	-1.69957954010142
			3.22379082908371	-1.70144515979418
			3.22379082908371	-1.70331077948694
			3.22192520939095	-1.70517639917969
			3.22192520939095	-1.70704201887245
			3.22192520939095	-1.70890763856521
			3.2200595896982	-1.71077325825797
			3.2200595896982	-1.71263887795072
			3.21819397000544	-1.71450449764348
			3.21819397000544	-1.71637011733624
			3.21819397000544	-1.71823573702899
			3.21632835031268	-1.72010135672175
			3.21632835031268	-1.72196697641451
			3.21446273061993	-1.72383259610726
			3.21446273061993	-1.72569821580002
			3.21446273061993	-1.72756383549278
			3.21259711092717	-1.72942945518553
			3.21259711092717	-1.73129507487829
			3.21073149123441	-1.73129507487829
			3.20886587154166	-1.73316069457105
			3.2070002518489	-1.73316069457105
			3.20513463215614	-1.73316069457105
			3.20326901246339	-1.73316069457105
			3.20140339277063	-1.7350263142638
			3.19953777307787	-1.7350263142638
			3.19767215338512	-1.7350263142638
			3.19580653369236	-1.7350263142638
			3.1939409139996	-1.7350263142638
			3.19207529430685	-1.73689193395656
			3.19020967461409	-1.73689193395656
			3.18834405492133	-1.73689193395656
			3.18647843522858	-1.73689193395656
			3.18461281553582	-1.73689193395656
			3.18274719584306	-1.73689193395656
			3.18088157615031	-1.73689193395656
			3.17901595645755	-1.73689193395656
			3.17715033676479	-1.73689193395656
			3.17528471707204	-1.73689193395656
			3.17341909737928	-1.73689193395656
			3.17155347768652	-1.73689193395656
			3.16968785799377	-1.73689193395656
			3.16782223830101	-1.73689193395656
			3.16595661860825	-1.73689193395656
			3.1640909989155	-1.73689193395656
			3.16222537922274	-1.73689193395656
			3.16035975952998	-1.73689193395656
			3.15849413983722	-1.73689193395656
			3.15662852014447	-1.73689193395656
			3.15476290045171	-1.73689193395656
			3.15289728075895	-1.73689193395656
			3.1510316610662	-1.7350263142638
			3.14916604137344	-1.7350263142638
			3.14730042168068	-1.7350263142638
			3.14543480198793	-1.7350263142638
			3.14356918229517	-1.7350263142638
			3.14170356260241	-1.73316069457105
			3.13983794290966	-1.73316069457105
			3.1379723232169	-1.73316069457105
			3.13610670352414	-1.73316069457105
			3.13424108383139	-1.73129507487829
			3.13237546413863	-1.73129507487829
			3.13050984444587	-1.73129507487829
			3.12864422475312	-1.72942945518553
			3.12677860506036	-1.72942945518553
			3.1249129853676	-1.72942945518553
			3.12304736567485	-1.72756383549278
			3.12118174598209	-1.72756383549278
			3.11931612628933	-1.72569821580002
			3.11745050659658	-1.72383259610726
			3.11558488690382	-1.72383259610726
			3.11371926721106	-1.72383259610726
			3.11185364751831	-1.72196697641451
			3.10998802782555	-1.72196697641451
			3.10812240813279	-1.72010135672175
			3.10625678844003	-1.71823573702899
			3.10439116874728	-1.71823573702899
			3.10252554905452	-1.71637011733624
			3.10065992936176	-1.71637011733624
			3.10065992936176	-1.71450449764348
			3.09879430966901	-1.71450449764348
			3.09692868997625	-1.71263887795072
			3.09506307028349	-1.71263887795072
			3.09319745059074	-1.71077325825797
			3.09133183089798	-1.70890763856521
			3.08946621120522	-1.70704201887245
			3.08760059151247	-1.70704201887245
			3.08573497181971	-1.70517639917969
			3.08386935212695	-1.70331077948694
			3.0820037324342	-1.70144515979418
			3.08013811274144	-1.70144515979418
			3.08013811274144	-1.69957954010142
			3.07827249304868	-1.69771392040867
			3.07640687335593	-1.69584830071591
			3.07454125366317	-1.69398268102315
			3.07267563397041	-1.69398268102315
			3.07081001427766	-1.6921170613304
			3.0689443945849	-1.69025144163764
			3.06707877489214	-1.68838582194488
			3.06521315519939	-1.68652020225213
			3.06334753550663	-1.68465458255937
			3.06334753550663	-1.68278896286661
			3.06148191581387	-1.68092334317386
			3.05961629612112	-1.6790577234811
			3.05775067642836	-1.67719210378834
			3.0558850567356	-1.67532648409559
			3.05401943704285	-1.67346086440283
			3.05215381735009	-1.67159524471007
			3.05028819765733	-1.66972962501732
			3.04842257796457	-1.66786400532456
			3.04842257796457	-1.6659983856318
			3.04655695827182	-1.66413276593905
			3.04469133857906	-1.66226714624629
			3.0428257188863	-1.66040152655353
			3.04096009919355	-1.65853590686078
			3.04096009919355	-1.65667028716802
			3.03909447950079	-1.65480466747526
			3.03722885980803	-1.6529390477825
			3.03536324011528	-1.65107342808975
			3.03349762042252	-1.64920780839699
			3.03163200072976	-1.64920780839699
			3.02976638103701	-1.64920780839699
			3.02790076134425	-1.64734218870423
			3.02603514165149	-1.64734218870423
			3.02416952195874	-1.64734218870423
			3.02230390226598	-1.64734218870423
			3.02043828257322	-1.64734218870423
			3.01857266288047	-1.64734218870423
			3.01670704318771	-1.64547656901148
			3.01484142349495	-1.64547656901148
			3.0129758038022	-1.64547656901148
			3.01111018410944	-1.64547656901148
			3.00924456441668	-1.64547656901148
			3.00737894472393	-1.64547656901148
			3.00551332503117	-1.64547656901148
			3.00364770533841	-1.64547656901148
			3.00178208564566	-1.64361094931872
			2.9999164659529	-1.64361094931872
			2.99805084626014	-1.64361094931872
			2.99618522656738	-1.64361094931872
			2.99431960687463	-1.64361094931872
			2.99245398718187	-1.64361094931872
			2.99058836748911	-1.64361094931872
			2.98872274779636	-1.64361094931872
			2.9868571281036	-1.64174532962596
			2.98499150841084	-1.64174532962596
			2.98312588871809	-1.64174532962596
			2.98126026902533	-1.64174532962596
			2.97939464933257	-1.64174532962596
			2.97752902963982	-1.64174532962596
			2.97566340994706	-1.64174532962596
			2.9737977902543	-1.63987970993321
			2.97193217056155	-1.63987970993321
			2.97006655086879	-1.63987970993321
			2.96820093117603	-1.63987970993321
			2.96633531148328	-1.63987970993321
			2.96446969179052	-1.63987970993321
			2.96260407209776	-1.63987970993321
			2.96073845240501	-1.63987970993321
			2.95887283271225	-1.63987970993321
			2.95700721301949	-1.63801409024045
			2.95514159332674	-1.63801409024045
			2.95327597363398	-1.63801409024045
			2.95141035394122	-1.63801409024045
			2.94954473424847	-1.63801409024045
			2.94767911455571	-1.63801409024045
			2.94581349486295	-1.63801409024045
			2.9439478751702	-1.63801409024045
			2.94208225547744	-1.63801409024045
			2.94021663578468	-1.63614847054769
			2.93835101609193	-1.63614847054769
			2.93648539639917	-1.63614847054769
			2.93461977670641	-1.63614847054769
			2.93275415701365	-1.63614847054769
			2.9308885373209	-1.63614847054769
			2.92902291762814	-1.63614847054769
			2.92715729793538	-1.63614847054769
			2.92529167824263	-1.63614847054769
			2.92342605854987	-1.63614847054769
			2.92156043885711	-1.63428285085494
			2.91969481916436	-1.63428285085494
			2.9178291994716	-1.63428285085494
			2.91596357977884	-1.63428285085494
			2.91409796008609	-1.63428285085494
			2.91223234039333	-1.63428285085494
			2.91036672070057	-1.63428285085494
			2.90850110100782	-1.63428285085494
			2.90663548131506	-1.63428285085494
			2.9047698616223	-1.63428285085494
			2.90290424192955	-1.63241723116218
			2.90103862223679	-1.63241723116218
			2.89917300254403	-1.63241723116218
			2.89730738285128	-1.63241723116218
			2.89544176315852	-1.63241723116218
			2.89357614346576	-1.63241723116218
			2.89171052377301	-1.63241723116218
			2.88984490408025	-1.63241723116218
			2.88797928438749	-1.63241723116218
			2.88611366469474	-1.63241723116218
			2.88424804500198	-1.63241723116218
			2.88238242530922	-1.63241723116218
			2.88051680561646	-1.63055161146942
			2.87865118592371	-1.63055161146942
			2.87678556623095	-1.63055161146942
			2.87491994653819	-1.63055161146942
			2.87305432684544	-1.63055161146942
			2.87118870715268	-1.63055161146942
			2.86932308745992	-1.63055161146942
		</curvaI_espina_dorsal>
	</curves.scaled>
	<ruler.points type=matrix rownames=TRUE colnames=FALSE nrow=2 ncol=2 as.numeric=TRUE >
		Ruler point 1	1519	537
		Ruler point 2	2055	533
	</ruler.points>
</shapes>

