<shapes type=list>
	<ruler.pixel type=vector names=FALSE length=1 as.numeric=TRUE >539.003710562367</ruler.pixel>
	<ruler.interval type=vector names=FALSE length=1 as.numeric=TRUE >1</ruler.interval>
	<scaling.units type=vector names=FALSE length=1 as.numeric=FALSE >mm</scaling.units>
	<scaling type=vector names=FALSE length=1 as.numeric=TRUE >0.00186561969275678</scaling>
	<landmarks.pixel type=matrix rownames=TRUE colnames=FALSE nrow=3 ncol=2 as.numeric=TRUE >
		punta_espina_dorsal	1408	1094
		esq_izq_caparaza	1494	1337
		organo_dorsal	1788	1134
	</landmarks.pixel>
	<landmarks.scaled type=matrix rownames=TRUE colnames=FALSE nrow=3 ncol=2 as.numeric=TRUE >
		punta_espina_dorsal	2.62679252740154	-2.04098794387591
		esq_izq_caparaza	2.78723582097863	-2.49433352921581
		organo_dorsal	3.33572801064912	-2.11561273158619
	</landmarks.scaled>
	<curves.control type=list>
		<curvaD_espina_dorsal type=matrix rownames=FALSE colnames=FALSE nrow=7 ncol=2 as.numeric=TRUE >
			1408	1094
			1443	1086
			1484	1095
			1536	1105
			1620	1135
			1634	1160
			1788	1134
		</curvaD_espina_dorsal>
		<curvaI_espina_dorsal type=matrix rownames=FALSE colnames=FALSE nrow=9 ncol=2 as.numeric=TRUE >
			1408	1094
			1444	1095
			1474	1103
			1541	1127
			1589	1161
			1591	1197
			1546	1223
			1496	1283
			1494	1337
		</curvaI_espina_dorsal>
	</curves.control>
	<curves.pixel type=list>
		<curvaD_espina_dorsal type=matrix rownames=FALSE colnames=FALSE nrow=385 ncol=2 as.numeric=TRUE >
			1408	1094
			1409	1094
			1410	1094
			1411	1093
			1412	1093
			1413	1093
			1414	1093
			1415	1093
			1416	1092
			1417	1092
			1418	1092
			1419	1092
			1420	1092
			1421	1092
			1422	1091
			1423	1091
			1424	1091
			1425	1091
			1426	1091
			1427	1091
			1428	1091
			1429	1091
			1430	1091
			1431	1091
			1432	1091
			1433	1090
			1434	1090
			1435	1090
			1436	1090
			1437	1090
			1438	1090
			1439	1090
			1440	1090
			1441	1090
			1442	1090
			1443	1090
			1444	1090
			1445	1090
			1446	1090
			1447	1090
			1448	1090
			1449	1090
			1450	1090
			1451	1090
			1452	1091
			1453	1091
			1454	1091
			1455	1091
			1456	1091
			1457	1091
			1458	1091
			1459	1091
			1460	1091
			1461	1091
			1462	1091
			1463	1092
			1464	1092
			1465	1092
			1466	1092
			1467	1092
			1468	1092
			1469	1092
			1470	1092
			1471	1093
			1472	1093
			1473	1093
			1474	1093
			1475	1093
			1476	1093
			1477	1094
			1478	1094
			1479	1094
			1480	1094
			1481	1094
			1482	1095
			1483	1095
			1484	1095
			1485	1095
			1486	1095
			1487	1096
			1488	1096
			1489	1096
			1490	1096
			1491	1096
			1492	1097
			1493	1097
			1494	1097
			1495	1097
			1496	1098
			1497	1098
			1498	1098
			1499	1098
			1500	1098
			1501	1099
			1502	1099
			1503	1099
			1504	1099
			1505	1100
			1506	1100
			1507	1100
			1508	1100
			1509	1101
			1510	1101
			1511	1101
			1512	1101
			1513	1102
			1514	1102
			1515	1102
			1516	1102
			1517	1103
			1518	1103
			1519	1103
			1520	1103
			1521	1104
			1522	1104
			1523	1104
			1524	1104
			1525	1105
			1526	1105
			1527	1105
			1528	1105
			1529	1106
			1530	1106
			1531	1106
			1532	1107
			1533	1107
			1534	1107
			1535	1107
			1536	1108
			1537	1108
			1538	1108
			1539	1108
			1540	1109
			1541	1109
			1542	1109
			1543	1110
			1544	1110
			1545	1110
			1546	1110
			1547	1111
			1548	1111
			1549	1111
			1550	1112
			1551	1112
			1552	1112
			1553	1113
			1554	1113
			1555	1113
			1556	1114
			1557	1114
			1558	1114
			1559	1115
			1560	1115
			1561	1115
			1562	1116
			1563	1116
			1564	1116
			1565	1117
			1566	1117
			1567	1117
			1568	1117
			1569	1118
			1570	1118
			1571	1118
			1572	1119
			1573	1119
			1574	1119
			1575	1120
			1576	1120
			1577	1120
			1578	1121
			1579	1121
			1580	1121
			1581	1122
			1582	1122
			1583	1122
			1584	1123
			1585	1123
			1586	1123
			1587	1123
			1588	1124
			1589	1124
			1590	1124
			1591	1125
			1592	1125
			1593	1126
			1594	1126
			1595	1126
			1596	1127
			1597	1127
			1598	1127
			1599	1128
			1600	1128
			1601	1128
			1602	1129
			1603	1129
			1604	1129
			1605	1130
			1606	1130
			1607	1130
			1608	1131
			1609	1131
			1610	1132
			1611	1132
			1612	1132
			1613	1133
			1614	1133
			1615	1133
			1616	1133
			1616	1134
			1617	1134
			1618	1134
			1619	1135
			1620	1135
			1621	1136
			1621	1137
			1622	1137
			1622	1138
			1623	1139
			1624	1139
			1625	1140
			1626	1140
			1627	1141
			1628	1142
			1629	1142
			1630	1143
			1631	1143
			1632	1143
			1633	1144
			1634	1144
			1635	1144
			1636	1144
			1637	1145
			1638	1145
			1639	1145
			1640	1145
			1641	1145
			1642	1146
			1643	1146
			1644	1146
			1645	1146
			1646	1146
			1647	1146
			1648	1146
			1649	1146
			1650	1147
			1651	1147
			1652	1147
			1653	1147
			1654	1147
			1655	1147
			1656	1147
			1657	1147
			1658	1147
			1659	1147
			1660	1147
			1661	1147
			1662	1147
			1663	1147
			1664	1147
			1665	1147
			1666	1147
			1667	1147
			1668	1147
			1669	1147
			1670	1147
			1671	1147
			1672	1147
			1673	1147
			1674	1147
			1675	1147
			1676	1147
			1677	1147
			1678	1147
			1679	1147
			1680	1147
			1681	1147
			1682	1147
			1683	1147
			1684	1147
			1685	1147
			1686	1147
			1687	1147
			1688	1147
			1689	1147
			1690	1146
			1691	1146
			1692	1146
			1693	1146
			1694	1146
			1695	1146
			1696	1146
			1697	1146
			1698	1146
			1699	1146
			1700	1146
			1701	1146
			1702	1146
			1703	1146
			1704	1145
			1705	1145
			1706	1145
			1707	1145
			1708	1145
			1709	1145
			1710	1145
			1711	1145
			1712	1145
			1713	1145
			1714	1144
			1715	1144
			1716	1144
			1717	1144
			1718	1144
			1719	1144
			1720	1144
			1721	1144
			1722	1144
			1723	1143
			1724	1143
			1725	1143
			1726	1143
			1727	1143
			1728	1143
			1729	1143
			1730	1143
			1731	1142
			1732	1142
			1733	1142
			1734	1142
			1735	1142
			1736	1142
			1737	1142
			1738	1142
			1739	1141
			1740	1141
			1741	1141
			1742	1141
			1743	1141
			1744	1141
			1745	1141
			1746	1141
			1747	1140
			1748	1140
			1749	1140
			1750	1140
			1751	1140
			1752	1140
			1753	1139
			1754	1139
			1755	1139
			1756	1139
			1757	1139
			1758	1139
			1759	1139
			1760	1139
			1760	1138
			1761	1138
			1762	1138
			1763	1138
			1764	1138
			1765	1138
			1766	1138
			1767	1137
			1768	1137
			1769	1137
			1770	1137
			1771	1137
			1772	1137
			1773	1136
			1774	1136
			1775	1136
			1776	1136
			1777	1136
			1778	1136
			1779	1135
			1780	1135
			1781	1135
			1782	1135
			1783	1135
			1784	1135
			1785	1135
			1786	1134
			1787	1134
			1788	1134
		</curvaD_espina_dorsal>
		<curvaI_espina_dorsal type=matrix rownames=FALSE colnames=FALSE nrow=389 ncol=2 as.numeric=TRUE >
			1408	1094
			1409	1094
			1410	1094
			1411	1094
			1412	1094
			1413	1094
			1414	1094
			1415	1094
			1416	1094
			1417	1094
			1418	1094
			1419	1094
			1420	1095
			1421	1095
			1422	1095
			1423	1095
			1424	1095
			1425	1095
			1426	1095
			1427	1095
			1428	1095
			1429	1095
			1430	1095
			1431	1095
			1432	1096
			1433	1096
			1434	1096
			1435	1096
			1436	1096
			1437	1096
			1438	1096
			1439	1096
			1440	1096
			1441	1097
			1442	1097
			1443	1097
			1444	1097
			1445	1097
			1446	1097
			1447	1097
			1448	1098
			1449	1098
			1450	1098
			1451	1098
			1452	1098
			1453	1098
			1454	1099
			1455	1099
			1456	1099
			1457	1099
			1458	1099
			1459	1099
			1460	1100
			1461	1100
			1462	1100
			1463	1100
			1464	1101
			1465	1101
			1466	1101
			1467	1101
			1468	1102
			1469	1102
			1470	1102
			1471	1102
			1472	1103
			1473	1103
			1474	1103
			1475	1104
			1476	1104
			1477	1104
			1478	1104
			1478	1105
			1479	1105
			1480	1105
			1481	1105
			1481	1106
			1482	1106
			1483	1106
			1484	1107
			1485	1107
			1486	1107
			1487	1108
			1488	1108
			1489	1108
			1489	1109
			1490	1109
			1491	1109
			1492	1110
			1493	1110
			1494	1110
			1495	1111
			1496	1111
			1497	1112
			1498	1112
			1499	1113
			1500	1113
			1501	1114
			1502	1114
			1503	1114
			1504	1115
			1505	1115
			1506	1116
			1507	1116
			1508	1116
			1509	1117
			1510	1117
			1511	1118
			1512	1118
			1513	1119
			1514	1119
			1515	1119
			1516	1120
			1517	1120
			1518	1121
			1519	1121
			1520	1122
			1521	1122
			1522	1123
			1523	1123
			1524	1123
			1525	1124
			1526	1124
			1527	1125
			1528	1126
			1529	1126
			1530	1126
			1530	1127
			1531	1127
			1532	1127
			1532	1128
			1533	1128
			1534	1128
			1534	1129
			1535	1129
			1536	1129
			1536	1130
			1537	1130
			1538	1130
			1538	1131
			1539	1131
			1540	1131
			1540	1132
			1541	1132
			1542	1132
			1542	1133
			1543	1133
			1544	1133
			1544	1134
			1545	1134
			1546	1134
			1546	1135
			1547	1135
			1548	1136
			1549	1136
			1550	1137
			1551	1137
			1552	1138
			1553	1138
			1554	1139
			1555	1139
			1556	1140
			1557	1140
			1558	1141
			1559	1142
			1560	1143
			1561	1143
			1562	1144
			1563	1144
			1564	1145
			1565	1145
			1566	1146
			1567	1147
			1568	1147
			1569	1148
			1570	1149
			1571	1149
			1572	1150
			1573	1150
			1574	1151
			1575	1151
			1575	1152
			1576	1152
			1577	1153
			1578	1154
			1579	1154
			1580	1155
			1581	1155
			1581	1156
			1582	1156
			1583	1157
			1584	1157
			1585	1158
			1586	1159
			1587	1160
			1588	1160
			1589	1161
			1589	1162
			1589	1163
			1589	1164
			1589	1165
			1589	1166
			1589	1167
			1589	1168
			1589	1169
			1589	1170
			1589	1171
			1588	1172
			1588	1173
			1588	1174
			1588	1175
			1588	1176
			1587	1177
			1587	1178
			1587	1179
			1586	1180
			1586	1181
			1586	1182
			1585	1183
			1585	1184
			1585	1185
			1584	1186
			1584	1187
			1583	1188
			1583	1189
			1582	1190
			1582	1191
			1581	1192
			1580	1193
			1580	1194
			1579	1195
			1579	1196
			1578	1196
			1577	1197
			1576	1198
			1576	1199
			1575	1200
			1574	1201
			1573	1202
			1573	1203
			1572	1204
			1571	1204
			1570	1205
			1569	1206
			1568	1207
			1567	1208
			1566	1209
			1565	1210
			1564	1210
			1563	1211
			1562	1212
			1561	1213
			1560	1214
			1559	1215
			1558	1215
			1557	1216
			1556	1217
			1555	1217
			1554	1218
			1553	1218
			1553	1219
			1552	1219
			1551	1220
			1550	1220
			1550	1221
			1549	1221
			1548	1222
			1547	1222
			1547	1223
			1546	1223
			1545	1224
			1544	1225
			1543	1226
			1543	1227
			1542	1228
			1541	1229
			1540	1230
			1540	1231
			1539	1232
			1538	1233
			1537	1234
			1536	1235
			1536	1236
			1535	1237
			1534	1238
			1534	1239
			1533	1240
			1532	1240
			1532	1241
			1531	1242
			1530	1243
			1530	1244
			1529	1245
			1529	1246
			1528	1247
			1527	1248
			1527	1249
			1526	1249
			1525	1250
			1525	1251
			1524	1252
			1524	1253
			1523	1254
			1523	1255
			1522	1256
			1521	1257
			1521	1258
			1520	1258
			1520	1259
			1519	1260
			1519	1261
			1518	1262
			1518	1263
			1517	1264
			1517	1265
			1516	1266
			1515	1267
			1515	1268
			1514	1269
			1513	1270
			1513	1271
			1513	1272
			1512	1272
			1512	1273
			1512	1274
			1511	1274
			1511	1275
			1511	1276
			1510	1277
			1510	1278
			1509	1279
			1509	1280
			1508	1281
			1508	1282
			1507	1283
			1507	1284
			1506	1285
			1506	1286
			1506	1287
			1505	1288
			1505	1289
			1504	1290
			1504	1291
			1503	1292
			1503	1293
			1503	1294
			1502	1295
			1502	1296
			1502	1297
			1501	1298
			1501	1299
			1501	1300
			1500	1301
			1500	1302
			1500	1303
			1500	1304
			1499	1305
			1499	1306
			1499	1307
			1499	1308
			1498	1308
			1498	1309
			1498	1310
			1498	1311
			1497	1312
			1497	1313
			1497	1314
			1497	1315
			1497	1316
			1496	1317
			1496	1318
			1496	1319
			1496	1320
			1496	1321
			1495	1322
			1495	1323
			1495	1324
			1495	1325
			1495	1326
			1495	1327
			1495	1328
			1495	1329
			1494	1330
			1494	1331
			1494	1332
			1494	1333
			1494	1334
			1494	1335
			1494	1336
			1494	1337
		</curvaI_espina_dorsal>
	</curves.pixel>
	<curves.scaled type=list>
		<curvaD_espina_dorsal type=matrix rownames=FALSE colnames=FALSE nrow=385 ncol=2 as.numeric=TRUE >
			2.62679252740154	-2.04098794387591
			2.6286581470943	-2.04098794387591
			2.63052376678706	-2.04098794387591
			2.63238938647981	-2.03912232418316
			2.63425500617257	-2.03912232418316
			2.63612062586533	-2.03912232418316
			2.63798624555808	-2.03912232418316
			2.63985186525084	-2.03912232418316
			2.6417174849436	-2.0372567044904
			2.64358310463635	-2.0372567044904
			2.64544872432911	-2.0372567044904
			2.64731434402187	-2.0372567044904
			2.64917996371462	-2.0372567044904
			2.65104558340738	-2.0372567044904
			2.65291120310014	-2.03539108479764
			2.65477682279289	-2.03539108479764
			2.65664244248565	-2.03539108479764
			2.65850806217841	-2.03539108479764
			2.66037368187117	-2.03539108479764
			2.66223930156392	-2.03539108479764
			2.66410492125668	-2.03539108479764
			2.66597054094944	-2.03539108479764
			2.66783616064219	-2.03539108479764
			2.66970178033495	-2.03539108479764
			2.67156740002771	-2.03539108479764
			2.67343301972046	-2.03352546510489
			2.67529863941322	-2.03352546510489
			2.67716425910598	-2.03352546510489
			2.67902987879873	-2.03352546510489
			2.68089549849149	-2.03352546510489
			2.68276111818425	-2.03352546510489
			2.684626737877	-2.03352546510489
			2.68649235756976	-2.03352546510489
			2.68835797726252	-2.03352546510489
			2.69022359695527	-2.03352546510489
			2.69208921664803	-2.03352546510489
			2.69395483634079	-2.03352546510489
			2.69582045603354	-2.03352546510489
			2.6976860757263	-2.03352546510489
			2.69955169541906	-2.03352546510489
			2.70141731511181	-2.03352546510489
			2.70328293480457	-2.03352546510489
			2.70514855449733	-2.03352546510489
			2.70701417419008	-2.03352546510489
			2.70887979388284	-2.03539108479764
			2.7107454135756	-2.03539108479764
			2.71261103326835	-2.03539108479764
			2.71447665296111	-2.03539108479764
			2.71634227265387	-2.03539108479764
			2.71820789234663	-2.03539108479764
			2.72007351203938	-2.03539108479764
			2.72193913173214	-2.03539108479764
			2.7238047514249	-2.03539108479764
			2.72567037111765	-2.03539108479764
			2.72753599081041	-2.03539108479764
			2.72940161050317	-2.0372567044904
			2.73126723019592	-2.0372567044904
			2.73313284988868	-2.0372567044904
			2.73499846958144	-2.0372567044904
			2.73686408927419	-2.0372567044904
			2.73872970896695	-2.0372567044904
			2.74059532865971	-2.0372567044904
			2.74246094835246	-2.0372567044904
			2.74432656804522	-2.03912232418316
			2.74619218773798	-2.03912232418316
			2.74805780743073	-2.03912232418316
			2.74992342712349	-2.03912232418316
			2.75178904681625	-2.03912232418316
			2.753654666509	-2.03912232418316
			2.75552028620176	-2.04098794387591
			2.75738590589452	-2.04098794387591
			2.75925152558727	-2.04098794387591
			2.76111714528003	-2.04098794387591
			2.76298276497279	-2.04098794387591
			2.76484838466554	-2.04285356356867
			2.7667140043583	-2.04285356356867
			2.76857962405106	-2.04285356356867
			2.77044524374381	-2.04285356356867
			2.77231086343657	-2.04285356356867
			2.77417648312933	-2.04471918326143
			2.77604210282209	-2.04471918326143
			2.77790772251484	-2.04471918326143
			2.7797733422076	-2.04471918326143
			2.78163896190036	-2.04471918326143
			2.78350458159311	-2.04658480295419
			2.78537020128587	-2.04658480295419
			2.78723582097863	-2.04658480295419
			2.78910144067138	-2.04658480295419
			2.79096706036414	-2.04845042264694
			2.7928326800569	-2.04845042264694
			2.79469829974965	-2.04845042264694
			2.79656391944241	-2.04845042264694
			2.79842953913517	-2.04845042264694
			2.80029515882792	-2.0503160423397
			2.80216077852068	-2.0503160423397
			2.80402639821344	-2.0503160423397
			2.80589201790619	-2.0503160423397
			2.80775763759895	-2.05218166203246
			2.80962325729171	-2.05218166203246
			2.81148887698446	-2.05218166203246
			2.81335449667722	-2.05218166203246
			2.81522011636998	-2.05404728172521
			2.81708573606273	-2.05404728172521
			2.81895135575549	-2.05404728172521
			2.82081697544825	-2.05404728172521
			2.822682595141	-2.05591290141797
			2.82454821483376	-2.05591290141797
			2.82641383452652	-2.05591290141797
			2.82827945421927	-2.05591290141797
			2.83014507391203	-2.05777852111073
			2.83201069360479	-2.05777852111073
			2.83387631329755	-2.05777852111073
			2.8357419329903	-2.05777852111073
			2.83760755268306	-2.05964414080348
			2.83947317237582	-2.05964414080348
			2.84133879206857	-2.05964414080348
			2.84320441176133	-2.05964414080348
			2.84507003145409	-2.06150976049624
			2.84693565114684	-2.06150976049624
			2.8488012708396	-2.06150976049624
			2.85066689053236	-2.06150976049624
			2.85253251022511	-2.063375380189
			2.85439812991787	-2.063375380189
			2.85626374961063	-2.063375380189
			2.85812936930338	-2.06524099988175
			2.85999498899614	-2.06524099988175
			2.8618606086889	-2.06524099988175
			2.86372622838165	-2.06524099988175
			2.86559184807441	-2.06710661957451
			2.86745746776717	-2.06710661957451
			2.86932308745992	-2.06710661957451
			2.87118870715268	-2.06710661957451
			2.87305432684544	-2.06897223926727
			2.87491994653819	-2.06897223926727
			2.87678556623095	-2.06897223926727
			2.87865118592371	-2.07083785896002
			2.88051680561646	-2.07083785896002
			2.88238242530922	-2.07083785896002
			2.88424804500198	-2.07083785896002
			2.88611366469474	-2.07270347865278
			2.88797928438749	-2.07270347865278
			2.88984490408025	-2.07270347865278
			2.89171052377301	-2.07456909834554
			2.89357614346576	-2.07456909834554
			2.89544176315852	-2.07456909834554
			2.89730738285128	-2.07643471803829
			2.89917300254403	-2.07643471803829
			2.90103862223679	-2.07643471803829
			2.90290424192955	-2.07830033773105
			2.9047698616223	-2.07830033773105
			2.90663548131506	-2.07830033773105
			2.90850110100782	-2.08016595742381
			2.91036672070057	-2.08016595742381
			2.91223234039333	-2.08016595742381
			2.91409796008609	-2.08203157711656
			2.91596357977884	-2.08203157711656
			2.9178291994716	-2.08203157711656
			2.91969481916436	-2.08389719680932
			2.92156043885711	-2.08389719680932
			2.92342605854987	-2.08389719680932
			2.92529167824263	-2.08389719680932
			2.92715729793538	-2.08576281650208
			2.92902291762814	-2.08576281650208
			2.9308885373209	-2.08576281650208
			2.93275415701365	-2.08762843619483
			2.93461977670641	-2.08762843619483
			2.93648539639917	-2.08762843619483
			2.93835101609193	-2.08949405588759
			2.94021663578468	-2.08949405588759
			2.94208225547744	-2.08949405588759
			2.9439478751702	-2.09135967558035
			2.94581349486295	-2.09135967558035
			2.94767911455571	-2.09135967558035
			2.94954473424847	-2.0932252952731
			2.95141035394122	-2.0932252952731
			2.95327597363398	-2.0932252952731
			2.95514159332674	-2.09509091496586
			2.95700721301949	-2.09509091496586
			2.95887283271225	-2.09509091496586
			2.96073845240501	-2.09509091496586
			2.96260407209776	-2.09695653465862
			2.96446969179052	-2.09695653465862
			2.96633531148328	-2.09695653465862
			2.96820093117603	-2.09882215435137
			2.97006655086879	-2.09882215435137
			2.97193217056155	-2.10068777404413
			2.9737977902543	-2.10068777404413
			2.97566340994706	-2.10068777404413
			2.97752902963982	-2.10255339373689
			2.97939464933257	-2.10255339373689
			2.98126026902533	-2.10255339373689
			2.98312588871809	-2.10441901342965
			2.98499150841084	-2.10441901342965
			2.9868571281036	-2.10441901342965
			2.98872274779636	-2.1062846331224
			2.99058836748911	-2.1062846331224
			2.99245398718187	-2.1062846331224
			2.99431960687463	-2.10815025281516
			2.99618522656738	-2.10815025281516
			2.99805084626014	-2.10815025281516
			2.9999164659529	-2.11001587250792
			3.00178208564566	-2.11001587250792
			3.00364770533841	-2.11188149220067
			3.00551332503117	-2.11188149220067
			3.00737894472393	-2.11188149220067
			3.00924456441668	-2.11374711189343
			3.01111018410944	-2.11374711189343
			3.0129758038022	-2.11374711189343
			3.01484142349495	-2.11374711189343
			3.01484142349495	-2.11561273158619
			3.01670704318771	-2.11561273158619
			3.01857266288047	-2.11561273158619
			3.02043828257322	-2.11747835127894
			3.02230390226598	-2.11747835127894
			3.02416952195874	-2.1193439709717
			3.02416952195874	-2.12120959066446
			3.02603514165149	-2.12120959066446
			3.02603514165149	-2.12307521035721
			3.02790076134425	-2.12494083004997
			3.02976638103701	-2.12494083004997
			3.03163200072976	-2.12680644974273
			3.03349762042252	-2.12680644974273
			3.03536324011528	-2.12867206943548
			3.03722885980803	-2.13053768912824
			3.03909447950079	-2.13053768912824
			3.04096009919355	-2.132403308821
			3.0428257188863	-2.132403308821
			3.04469133857906	-2.132403308821
			3.04655695827182	-2.13426892851375
			3.04842257796457	-2.13426892851375
			3.05028819765733	-2.13426892851375
			3.05215381735009	-2.13426892851375
			3.05401943704285	-2.13613454820651
			3.0558850567356	-2.13613454820651
			3.05775067642836	-2.13613454820651
			3.05961629612112	-2.13613454820651
			3.06148191581387	-2.13613454820651
			3.06334753550663	-2.13800016789927
			3.06521315519939	-2.13800016789927
			3.06707877489214	-2.13800016789927
			3.0689443945849	-2.13800016789927
			3.07081001427766	-2.13800016789927
			3.07267563397041	-2.13800016789927
			3.07454125366317	-2.13800016789927
			3.07640687335593	-2.13800016789927
			3.07827249304868	-2.13986578759202
			3.08013811274144	-2.13986578759202
			3.0820037324342	-2.13986578759202
			3.08386935212695	-2.13986578759202
			3.08573497181971	-2.13986578759202
			3.08760059151247	-2.13986578759202
			3.08946621120522	-2.13986578759202
			3.09133183089798	-2.13986578759202
			3.09319745059074	-2.13986578759202
			3.09506307028349	-2.13986578759202
			3.09692868997625	-2.13986578759202
			3.09879430966901	-2.13986578759202
			3.10065992936176	-2.13986578759202
			3.10252554905452	-2.13986578759202
			3.10439116874728	-2.13986578759202
			3.10625678844003	-2.13986578759202
			3.10812240813279	-2.13986578759202
			3.10998802782555	-2.13986578759202
			3.11185364751831	-2.13986578759202
			3.11371926721106	-2.13986578759202
			3.11558488690382	-2.13986578759202
			3.11745050659658	-2.13986578759202
			3.11931612628933	-2.13986578759202
			3.12118174598209	-2.13986578759202
			3.12304736567485	-2.13986578759202
			3.1249129853676	-2.13986578759202
			3.12677860506036	-2.13986578759202
			3.12864422475312	-2.13986578759202
			3.13050984444587	-2.13986578759202
			3.13237546413863	-2.13986578759202
			3.13424108383139	-2.13986578759202
			3.13610670352414	-2.13986578759202
			3.1379723232169	-2.13986578759202
			3.13983794290966	-2.13986578759202
			3.14170356260241	-2.13986578759202
			3.14356918229517	-2.13986578759202
			3.14543480198793	-2.13986578759202
			3.14730042168068	-2.13986578759202
			3.14916604137344	-2.13986578759202
			3.1510316610662	-2.13986578759202
			3.15289728075895	-2.13800016789927
			3.15476290045171	-2.13800016789927
			3.15662852014447	-2.13800016789927
			3.15849413983722	-2.13800016789927
			3.16035975952998	-2.13800016789927
			3.16222537922274	-2.13800016789927
			3.1640909989155	-2.13800016789927
			3.16595661860825	-2.13800016789927
			3.16782223830101	-2.13800016789927
			3.16968785799377	-2.13800016789927
			3.17155347768652	-2.13800016789927
			3.17341909737928	-2.13800016789927
			3.17528471707204	-2.13800016789927
			3.17715033676479	-2.13800016789927
			3.17901595645755	-2.13613454820651
			3.18088157615031	-2.13613454820651
			3.18274719584306	-2.13613454820651
			3.18461281553582	-2.13613454820651
			3.18647843522858	-2.13613454820651
			3.18834405492133	-2.13613454820651
			3.19020967461409	-2.13613454820651
			3.19207529430685	-2.13613454820651
			3.1939409139996	-2.13613454820651
			3.19580653369236	-2.13613454820651
			3.19767215338512	-2.13426892851375
			3.19953777307787	-2.13426892851375
			3.20140339277063	-2.13426892851375
			3.20326901246339	-2.13426892851375
			3.20513463215614	-2.13426892851375
			3.2070002518489	-2.13426892851375
			3.20886587154166	-2.13426892851375
			3.21073149123441	-2.13426892851375
			3.21259711092717	-2.13426892851375
			3.21446273061993	-2.132403308821
			3.21632835031268	-2.132403308821
			3.21819397000544	-2.132403308821
			3.2200595896982	-2.132403308821
			3.22192520939095	-2.132403308821
			3.22379082908371	-2.132403308821
			3.22565644877647	-2.132403308821
			3.22752206846923	-2.132403308821
			3.22938768816198	-2.13053768912824
			3.23125330785474	-2.13053768912824
			3.2331189275475	-2.13053768912824
			3.23498454724025	-2.13053768912824
			3.23685016693301	-2.13053768912824
			3.23871578662577	-2.13053768912824
			3.24058140631852	-2.13053768912824
			3.24244702601128	-2.13053768912824
			3.24431264570404	-2.12867206943548
			3.24617826539679	-2.12867206943548
			3.24804388508955	-2.12867206943548
			3.24990950478231	-2.12867206943548
			3.25177512447506	-2.12867206943548
			3.25364074416782	-2.12867206943548
			3.25550636386058	-2.12867206943548
			3.25737198355333	-2.12867206943548
			3.25923760324609	-2.12680644974273
			3.26110322293885	-2.12680644974273
			3.2629688426316	-2.12680644974273
			3.26483446232436	-2.12680644974273
			3.26670008201712	-2.12680644974273
			3.26856570170987	-2.12680644974273
			3.27043132140263	-2.12494083004997
			3.27229694109539	-2.12494083004997
			3.27416256078814	-2.12494083004997
			3.2760281804809	-2.12494083004997
			3.27789380017366	-2.12494083004997
			3.27975941986642	-2.12494083004997
			3.28162503955917	-2.12494083004997
			3.28349065925193	-2.12494083004997
			3.28349065925193	-2.12307521035721
			3.28535627894469	-2.12307521035721
			3.28722189863744	-2.12307521035721
			3.2890875183302	-2.12307521035721
			3.29095313802296	-2.12307521035721
			3.29281875771571	-2.12307521035721
			3.29468437740847	-2.12307521035721
			3.29654999710123	-2.12120959066446
			3.29841561679398	-2.12120959066446
			3.30028123648674	-2.12120959066446
			3.3021468561795	-2.12120959066446
			3.30401247587225	-2.12120959066446
			3.30587809556501	-2.12120959066446
			3.30774371525777	-2.1193439709717
			3.30960933495052	-2.1193439709717
			3.31147495464328	-2.1193439709717
			3.31334057433604	-2.1193439709717
			3.31520619402879	-2.1193439709717
			3.31707181372155	-2.1193439709717
			3.31893743341431	-2.11747835127894
			3.32080305310706	-2.11747835127894
			3.32266867279982	-2.11747835127894
			3.32453429249258	-2.11747835127894
			3.32639991218533	-2.11747835127894
			3.32826553187809	-2.11747835127894
			3.33013115157085	-2.11747835127894
			3.33199677126361	-2.11561273158619
			3.33386239095636	-2.11561273158619
			3.33572801064912	-2.11561273158619
		</curvaD_espina_dorsal>
		<curvaI_espina_dorsal type=matrix rownames=FALSE colnames=FALSE nrow=389 ncol=2 as.numeric=TRUE >
			2.62679252740154	-2.04098794387591
			2.6286581470943	-2.04098794387591
			2.63052376678706	-2.04098794387591
			2.63238938647981	-2.04098794387591
			2.63425500617257	-2.04098794387591
			2.63612062586533	-2.04098794387591
			2.63798624555808	-2.04098794387591
			2.63985186525084	-2.04098794387591
			2.6417174849436	-2.04098794387591
			2.64358310463635	-2.04098794387591
			2.64544872432911	-2.04098794387591
			2.64731434402187	-2.04098794387591
			2.64917996371462	-2.04285356356867
			2.65104558340738	-2.04285356356867
			2.65291120310014	-2.04285356356867
			2.65477682279289	-2.04285356356867
			2.65664244248565	-2.04285356356867
			2.65850806217841	-2.04285356356867
			2.66037368187117	-2.04285356356867
			2.66223930156392	-2.04285356356867
			2.66410492125668	-2.04285356356867
			2.66597054094944	-2.04285356356867
			2.66783616064219	-2.04285356356867
			2.66970178033495	-2.04285356356867
			2.67156740002771	-2.04471918326143
			2.67343301972046	-2.04471918326143
			2.67529863941322	-2.04471918326143
			2.67716425910598	-2.04471918326143
			2.67902987879873	-2.04471918326143
			2.68089549849149	-2.04471918326143
			2.68276111818425	-2.04471918326143
			2.684626737877	-2.04471918326143
			2.68649235756976	-2.04471918326143
			2.68835797726252	-2.04658480295419
			2.69022359695527	-2.04658480295419
			2.69208921664803	-2.04658480295419
			2.69395483634079	-2.04658480295419
			2.69582045603354	-2.04658480295419
			2.6976860757263	-2.04658480295419
			2.69955169541906	-2.04658480295419
			2.70141731511181	-2.04845042264694
			2.70328293480457	-2.04845042264694
			2.70514855449733	-2.04845042264694
			2.70701417419008	-2.04845042264694
			2.70887979388284	-2.04845042264694
			2.7107454135756	-2.04845042264694
			2.71261103326835	-2.0503160423397
			2.71447665296111	-2.0503160423397
			2.71634227265387	-2.0503160423397
			2.71820789234663	-2.0503160423397
			2.72007351203938	-2.0503160423397
			2.72193913173214	-2.0503160423397
			2.7238047514249	-2.05218166203246
			2.72567037111765	-2.05218166203246
			2.72753599081041	-2.05218166203246
			2.72940161050317	-2.05218166203246
			2.73126723019592	-2.05404728172521
			2.73313284988868	-2.05404728172521
			2.73499846958144	-2.05404728172521
			2.73686408927419	-2.05404728172521
			2.73872970896695	-2.05591290141797
			2.74059532865971	-2.05591290141797
			2.74246094835246	-2.05591290141797
			2.74432656804522	-2.05591290141797
			2.74619218773798	-2.05777852111073
			2.74805780743073	-2.05777852111073
			2.74992342712349	-2.05777852111073
			2.75178904681625	-2.05964414080348
			2.753654666509	-2.05964414080348
			2.75552028620176	-2.05964414080348
			2.75738590589452	-2.05964414080348
			2.75738590589452	-2.06150976049624
			2.75925152558727	-2.06150976049624
			2.76111714528003	-2.06150976049624
			2.76298276497279	-2.06150976049624
			2.76298276497279	-2.063375380189
			2.76484838466554	-2.063375380189
			2.7667140043583	-2.063375380189
			2.76857962405106	-2.06524099988175
			2.77044524374381	-2.06524099988175
			2.77231086343657	-2.06524099988175
			2.77417648312933	-2.06710661957451
			2.77604210282209	-2.06710661957451
			2.77790772251484	-2.06710661957451
			2.77790772251484	-2.06897223926727
			2.7797733422076	-2.06897223926727
			2.78163896190036	-2.06897223926727
			2.78350458159311	-2.07083785896002
			2.78537020128587	-2.07083785896002
			2.78723582097863	-2.07083785896002
			2.78910144067138	-2.07270347865278
			2.79096706036414	-2.07270347865278
			2.7928326800569	-2.07456909834554
			2.79469829974965	-2.07456909834554
			2.79656391944241	-2.07643471803829
			2.79842953913517	-2.07643471803829
			2.80029515882792	-2.07830033773105
			2.80216077852068	-2.07830033773105
			2.80402639821344	-2.07830033773105
			2.80589201790619	-2.08016595742381
			2.80775763759895	-2.08016595742381
			2.80962325729171	-2.08203157711656
			2.81148887698446	-2.08203157711656
			2.81335449667722	-2.08203157711656
			2.81522011636998	-2.08389719680932
			2.81708573606273	-2.08389719680932
			2.81895135575549	-2.08576281650208
			2.82081697544825	-2.08576281650208
			2.822682595141	-2.08762843619483
			2.82454821483376	-2.08762843619483
			2.82641383452652	-2.08762843619483
			2.82827945421927	-2.08949405588759
			2.83014507391203	-2.08949405588759
			2.83201069360479	-2.09135967558035
			2.83387631329755	-2.09135967558035
			2.8357419329903	-2.0932252952731
			2.83760755268306	-2.0932252952731
			2.83947317237582	-2.09509091496586
			2.84133879206857	-2.09509091496586
			2.84320441176133	-2.09509091496586
			2.84507003145409	-2.09695653465862
			2.84693565114684	-2.09695653465862
			2.8488012708396	-2.09882215435137
			2.85066689053236	-2.10068777404413
			2.85253251022511	-2.10068777404413
			2.85439812991787	-2.10068777404413
			2.85439812991787	-2.10255339373689
			2.85626374961063	-2.10255339373689
			2.85812936930338	-2.10255339373689
			2.85812936930338	-2.10441901342965
			2.85999498899614	-2.10441901342965
			2.8618606086889	-2.10441901342965
			2.8618606086889	-2.1062846331224
			2.86372622838165	-2.1062846331224
			2.86559184807441	-2.1062846331224
			2.86559184807441	-2.10815025281516
			2.86745746776717	-2.10815025281516
			2.86932308745992	-2.10815025281516
			2.86932308745992	-2.11001587250792
			2.87118870715268	-2.11001587250792
			2.87305432684544	-2.11001587250792
			2.87305432684544	-2.11188149220067
			2.87491994653819	-2.11188149220067
			2.87678556623095	-2.11188149220067
			2.87678556623095	-2.11374711189343
			2.87865118592371	-2.11374711189343
			2.88051680561646	-2.11374711189343
			2.88051680561646	-2.11561273158619
			2.88238242530922	-2.11561273158619
			2.88424804500198	-2.11561273158619
			2.88424804500198	-2.11747835127894
			2.88611366469474	-2.11747835127894
			2.88797928438749	-2.1193439709717
			2.88984490408025	-2.1193439709717
			2.89171052377301	-2.12120959066446
			2.89357614346576	-2.12120959066446
			2.89544176315852	-2.12307521035721
			2.89730738285128	-2.12307521035721
			2.89917300254403	-2.12494083004997
			2.90103862223679	-2.12494083004997
			2.90290424192955	-2.12680644974273
			2.9047698616223	-2.12680644974273
			2.90663548131506	-2.12867206943548
			2.90850110100782	-2.13053768912824
			2.91036672070057	-2.132403308821
			2.91223234039333	-2.132403308821
			2.91409796008609	-2.13426892851375
			2.91596357977884	-2.13426892851375
			2.9178291994716	-2.13613454820651
			2.91969481916436	-2.13613454820651
			2.92156043885711	-2.13800016789927
			2.92342605854987	-2.13986578759202
			2.92529167824263	-2.13986578759202
			2.92715729793538	-2.14173140728478
			2.92902291762814	-2.14359702697754
			2.9308885373209	-2.14359702697754
			2.93275415701365	-2.14546264667029
			2.93461977670641	-2.14546264667029
			2.93648539639917	-2.14732826636305
			2.93835101609193	-2.14732826636305
			2.93835101609193	-2.14919388605581
			2.94021663578468	-2.14919388605581
			2.94208225547744	-2.15105950574856
			2.9439478751702	-2.15292512544132
			2.94581349486295	-2.15292512544132
			2.94767911455571	-2.15479074513408
			2.94954473424847	-2.15479074513408
			2.94954473424847	-2.15665636482683
			2.95141035394122	-2.15665636482683
			2.95327597363398	-2.15852198451959
			2.95514159332674	-2.15852198451959
			2.95700721301949	-2.16038760421235
			2.95887283271225	-2.16225322390511
			2.96073845240501	-2.16411884359786
			2.96260407209776	-2.16411884359786
			2.96446969179052	-2.16598446329062
			2.96446969179052	-2.16785008298338
			2.96446969179052	-2.16971570267613
			2.96446969179052	-2.17158132236889
			2.96446969179052	-2.17344694206165
			2.96446969179052	-2.1753125617544
			2.96446969179052	-2.17717818144716
			2.96446969179052	-2.17904380113992
			2.96446969179052	-2.18090942083267
			2.96446969179052	-2.18277504052543
			2.96446969179052	-2.18464066021819
			2.96260407209776	-2.18650627991094
			2.96260407209776	-2.1883718996037
			2.96260407209776	-2.19023751929646
			2.96260407209776	-2.19210313898921
			2.96260407209776	-2.19396875868197
			2.96073845240501	-2.19583437837473
			2.96073845240501	-2.19769999806748
			2.96073845240501	-2.19956561776024
			2.95887283271225	-2.201431237453
			2.95887283271225	-2.20329685714575
			2.95887283271225	-2.20516247683851
			2.95700721301949	-2.20702809653127
			2.95700721301949	-2.20889371622402
			2.95700721301949	-2.21075933591678
			2.95514159332674	-2.21262495560954
			2.95514159332674	-2.2144905753023
			2.95327597363398	-2.21635619499505
			2.95327597363398	-2.21822181468781
			2.95141035394122	-2.22008743438057
			2.95141035394122	-2.22195305407332
			2.94954473424847	-2.22381867376608
			2.94767911455571	-2.22568429345884
			2.94767911455571	-2.22754991315159
			2.94581349486295	-2.22941553284435
			2.94581349486295	-2.23128115253711
			2.9439478751702	-2.23128115253711
			2.94208225547744	-2.23314677222986
			2.94021663578468	-2.23501239192262
			2.94021663578468	-2.23687801161538
			2.93835101609193	-2.23874363130813
			2.93648539639917	-2.24060925100089
			2.93461977670641	-2.24247487069365
			2.93461977670641	-2.2443404903864
			2.93275415701365	-2.24620611007916
			2.9308885373209	-2.24620611007916
			2.92902291762814	-2.24807172977192
			2.92715729793538	-2.24993734946467
			2.92529167824263	-2.25180296915743
			2.92342605854987	-2.25366858885019
			2.92156043885711	-2.25553420854294
			2.91969481916436	-2.2573998282357
			2.9178291994716	-2.2573998282357
			2.91596357977884	-2.25926544792846
			2.91409796008609	-2.26113106762121
			2.91223234039333	-2.26299668731397
			2.91036672070057	-2.26486230700673
			2.90850110100782	-2.26672792669949
			2.90663548131506	-2.26672792669949
			2.9047698616223	-2.26859354639224
			2.90290424192955	-2.270459166085
			2.90103862223679	-2.270459166085
			2.89917300254403	-2.27232478577776
			2.89730738285128	-2.27232478577776
			2.89730738285128	-2.27419040547051
			2.89544176315852	-2.27419040547051
			2.89357614346576	-2.27605602516327
			2.89171052377301	-2.27605602516327
			2.89171052377301	-2.27792164485603
			2.88984490408025	-2.27792164485603
			2.88797928438749	-2.27978726454878
			2.88611366469474	-2.27978726454878
			2.88611366469474	-2.28165288424154
			2.88424804500198	-2.28165288424154
			2.88238242530922	-2.2835185039343
			2.88051680561646	-2.28538412362705
			2.87865118592371	-2.28724974331981
			2.87865118592371	-2.28911536301257
			2.87678556623095	-2.29098098270532
			2.87491994653819	-2.29284660239808
			2.87305432684544	-2.29471222209084
			2.87305432684544	-2.29657784178359
			2.87118870715268	-2.29844346147635
			2.86932308745992	-2.30030908116911
			2.86745746776717	-2.30217470086186
			2.86559184807441	-2.30404032055462
			2.86559184807441	-2.30590594024738
			2.86372622838165	-2.30777155994013
			2.8618606086889	-2.30963717963289
			2.8618606086889	-2.31150279932565
			2.85999498899614	-2.3133684190184
			2.85812936930338	-2.3133684190184
			2.85812936930338	-2.31523403871116
			2.85626374961063	-2.31709965840392
			2.85439812991787	-2.31896527809667
			2.85439812991787	-2.32083089778943
			2.85253251022511	-2.32269651748219
			2.85253251022511	-2.32456213717494
			2.85066689053236	-2.3264277568677
			2.8488012708396	-2.32829337656046
			2.8488012708396	-2.33015899625322
			2.84693565114684	-2.33015899625322
			2.84507003145409	-2.33202461594597
			2.84507003145409	-2.33389023563873
			2.84320441176133	-2.33575585533149
			2.84320441176133	-2.33762147502424
			2.84133879206857	-2.339487094717
			2.84133879206857	-2.34135271440976
			2.83947317237582	-2.34321833410251
			2.83760755268306	-2.34508395379527
			2.83760755268306	-2.34694957348803
			2.8357419329903	-2.34694957348803
			2.8357419329903	-2.34881519318078
			2.83387631329755	-2.35068081287354
			2.83387631329755	-2.3525464325663
			2.83201069360479	-2.35441205225905
			2.83201069360479	-2.35627767195181
			2.83014507391203	-2.35814329164457
			2.83014507391203	-2.36000891133732
			2.82827945421927	-2.36187453103008
			2.82641383452652	-2.36374015072284
			2.82641383452652	-2.36560577041559
			2.82454821483376	-2.36747139010835
			2.822682595141	-2.36933700980111
			2.822682595141	-2.37120262949386
			2.822682595141	-2.37306824918662
			2.82081697544825	-2.37306824918662
			2.82081697544825	-2.37493386887938
			2.82081697544825	-2.37679948857213
			2.81895135575549	-2.37679948857213
			2.81895135575549	-2.37866510826489
			2.81895135575549	-2.38053072795765
			2.81708573606273	-2.38239634765041
			2.81708573606273	-2.38426196734316
			2.81522011636998	-2.38612758703592
			2.81522011636998	-2.38799320672868
			2.81335449667722	-2.38985882642143
			2.81335449667722	-2.39172444611419
			2.81148887698446	-2.39359006580695
			2.81148887698446	-2.3954556854997
			2.80962325729171	-2.39732130519246
			2.80962325729171	-2.39918692488522
			2.80962325729171	-2.40105254457797
			2.80775763759895	-2.40291816427073
			2.80775763759895	-2.40478378396349
			2.80589201790619	-2.40664940365624
			2.80589201790619	-2.408515023349
			2.80402639821344	-2.41038064304176
			2.80402639821344	-2.41224626273451
			2.80402639821344	-2.41411188242727
			2.80216077852068	-2.41597750212003
			2.80216077852068	-2.41784312181278
			2.80216077852068	-2.41970874150554
			2.80029515882792	-2.4215743611983
			2.80029515882792	-2.42343998089105
			2.80029515882792	-2.42530560058381
			2.79842953913517	-2.42717122027657
			2.79842953913517	-2.42903683996932
			2.79842953913517	-2.43090245966208
			2.79842953913517	-2.43276807935484
			2.79656391944241	-2.43463369904759
			2.79656391944241	-2.43649931874035
			2.79656391944241	-2.43836493843311
			2.79656391944241	-2.44023055812587
			2.79469829974965	-2.44023055812587
			2.79469829974965	-2.44209617781862
			2.79469829974965	-2.44396179751138
			2.79469829974965	-2.44582741720414
			2.7928326800569	-2.44769303689689
			2.7928326800569	-2.44955865658965
			2.7928326800569	-2.45142427628241
			2.7928326800569	-2.45328989597516
			2.7928326800569	-2.45515551566792
			2.79096706036414	-2.45702113536068
			2.79096706036414	-2.45888675505343
			2.79096706036414	-2.46075237474619
			2.79096706036414	-2.46261799443895
			2.79096706036414	-2.4644836141317
			2.78910144067138	-2.46634923382446
			2.78910144067138	-2.46821485351722
			2.78910144067138	-2.47008047320997
			2.78910144067138	-2.47194609290273
			2.78910144067138	-2.47381171259549
			2.78910144067138	-2.47567733228824
			2.78910144067138	-2.477542951981
			2.78910144067138	-2.47940857167376
			2.78723582097863	-2.48127419136651
			2.78723582097863	-2.48313981105927
			2.78723582097863	-2.48500543075203
			2.78723582097863	-2.48687105044478
			2.78723582097863	-2.48873667013754
			2.78723582097863	-2.4906022898303
			2.78723582097863	-2.49246790952306
			2.78723582097863	-2.49433352921581
		</curvaI_espina_dorsal>
	</curves.scaled>
	<ruler.points type=matrix rownames=TRUE colnames=FALSE nrow=2 ncol=2 as.numeric=TRUE >
		Ruler point 1	1519	537
		Ruler point 2	2055	533
	</ruler.points>
</shapes>

