<shapes type=list>
	<ruler.pixel type=vector names=FALSE length=1 as.numeric=TRUE >539.003710562367</ruler.pixel>
	<ruler.interval type=vector names=FALSE length=1 as.numeric=TRUE >1</ruler.interval>
	<scaling.units type=vector names=FALSE length=1 as.numeric=FALSE >mm</scaling.units>
	<scaling type=vector names=FALSE length=1 as.numeric=TRUE >0.00186561969275678</scaling>
	<landmarks.pixel type=matrix rownames=TRUE colnames=FALSE nrow=3 ncol=2 as.numeric=TRUE >
		punta_espina_dorsal	1374	967
		esq_izq_caparaza	1357	1190
		organo_dorsal	1656	1176
	</landmarks.pixel>
	<landmarks.scaled type=matrix rownames=TRUE colnames=FALSE nrow=3 ncol=2 as.numeric=TRUE >
		punta_espina_dorsal	2.56336145784781	-1.8040542428958
		esq_izq_caparaza	2.53164592307095	-2.22008743438057
		organo_dorsal	3.08946621120522	-2.19396875868197
	</landmarks.scaled>
	<curves.control type=list>
		<curvaD_espina_dorsal type=matrix rownames=FALSE colnames=FALSE nrow=7 ncol=2 as.numeric=TRUE >
			1374	967
			1383	964
			1430	1002
			1493	1061
			1533	1110
			1557	1163
			1656	1176
		</curvaD_espina_dorsal>
		<curvaI_espina_dorsal type=matrix rownames=FALSE colnames=FALSE nrow=9 ncol=2 as.numeric=TRUE >
			1374	967
			1401	992
			1453	1054
			1477	1087
			1488	1115
			1476	1149
			1398	1169
			1377	1181
			1357	1190
		</curvaI_espina_dorsal>
	</curves.control>
	<curves.pixel type=list>
		<curvaD_espina_dorsal type=matrix rownames=FALSE colnames=FALSE nrow=321 ncol=2 as.numeric=TRUE >
			1374	967
			1375	967
			1376	967
			1377	967
			1378	967
			1379	967
			1380	968
			1381	968
			1382	968
			1383	969
			1384	969
			1385	970
			1386	970
			1387	971
			1388	972
			1389	972
			1390	973
			1391	973
			1392	974
			1393	975
			1394	975
			1395	976
			1396	977
			1397	977
			1398	978
			1399	979
			1400	979
			1401	980
			1402	981
			1403	981
			1404	982
			1405	982
			1405	983
			1406	984
			1407	984
			1408	985
			1409	986
			1410	986
			1411	987
			1412	988
			1413	989
			1414	989
			1415	990
			1416	991
			1417	992
			1418	992
			1419	993
			1420	994
			1421	995
			1422	996
			1423	997
			1424	997
			1425	998
			1426	999
			1427	999
			1427	1000
			1428	1000
			1429	1001
			1429	1002
			1430	1002
			1431	1003
			1432	1004
			1433	1005
			1434	1006
			1435	1007
			1436	1007
			1437	1008
			1438	1009
			1439	1010
			1439	1011
			1440	1012
			1441	1013
			1442	1014
			1443	1014
			1444	1015
			1445	1016
			1446	1017
			1447	1018
			1448	1019
			1448	1020
			1449	1020
			1450	1021
			1451	1022
			1452	1023
			1453	1024
			1454	1025
			1455	1025
			1455	1026
			1456	1027
			1457	1028
			1458	1029
			1459	1030
			1460	1031
			1461	1031
			1461	1032
			1462	1033
			1463	1034
			1464	1035
			1465	1036
			1466	1036
			1466	1037
			1467	1038
			1468	1039
			1469	1040
			1470	1041
			1471	1041
			1471	1042
			1472	1043
			1473	1044
			1474	1045
			1475	1045
			1475	1046
			1476	1047
			1477	1048
			1478	1049
			1479	1050
			1480	1051
			1481	1052
			1482	1053
			1483	1054
			1484	1055
			1485	1056
			1486	1057
			1487	1058
			1488	1059
			1489	1060
			1489	1061
			1490	1062
			1491	1063
			1492	1064
			1493	1065
			1494	1066
			1495	1067
			1496	1067
			1497	1068
			1497	1069
			1498	1070
			1499	1071
			1500	1072
			1501	1073
			1502	1074
			1503	1075
			1504	1076
			1504	1077
			1505	1078
			1506	1079
			1507	1080
			1508	1081
			1509	1082
			1510	1083
			1511	1084
			1512	1085
			1512	1086
			1513	1086
			1514	1087
			1514	1088
			1515	1088
			1515	1089
			1516	1090
			1517	1091
			1518	1092
			1519	1093
			1519	1094
			1520	1095
			1521	1095
			1521	1096
			1522	1097
			1523	1098
			1523	1099
			1524	1099
			1525	1100
			1525	1101
			1526	1102
			1527	1102
			1527	1103
			1528	1104
			1529	1105
			1530	1106
			1531	1107
			1531	1108
			1532	1109
			1533	1110
			1533	1111
			1534	1112
			1534	1113
			1535	1114
			1535	1115
			1536	1116
			1536	1117
			1537	1117
			1537	1118
			1538	1119
			1539	1120
			1539	1121
			1540	1122
			1540	1123
			1541	1124
			1542	1125
			1542	1126
			1543	1126
			1544	1127
			1544	1128
			1545	1129
			1546	1130
			1546	1131
			1547	1131
			1548	1132
			1549	1133
			1550	1134
			1550	1135
			1551	1135
			1552	1136
			1553	1137
			1554	1138
			1555	1139
			1556	1140
			1557	1141
			1558	1142
			1559	1142
			1559	1143
			1560	1143
			1561	1144
			1562	1144
			1562	1145
			1563	1145
			1564	1146
			1565	1147
			1566	1147
			1567	1148
			1568	1148
			1569	1149
			1570	1149
			1570	1150
			1571	1151
			1572	1151
			1573	1152
			1574	1152
			1575	1153
			1576	1153
			1577	1154
			1578	1154
			1579	1155
			1580	1155
			1581	1156
			1582	1156
			1583	1157
			1584	1157
			1585	1158
			1586	1158
			1587	1158
			1587	1159
			1588	1159
			1589	1159
			1590	1160
			1591	1160
			1592	1161
			1593	1161
			1594	1161
			1595	1162
			1596	1162
			1597	1162
			1598	1163
			1599	1163
			1600	1164
			1601	1164
			1602	1164
			1603	1165
			1604	1165
			1605	1165
			1606	1165
			1606	1166
			1607	1166
			1608	1166
			1609	1166
			1610	1167
			1611	1167
			1612	1167
			1613	1167
			1614	1168
			1615	1168
			1616	1168
			1617	1169
			1618	1169
			1619	1169
			1620	1169
			1621	1170
			1622	1170
			1623	1170
			1624	1170
			1625	1171
			1626	1171
			1627	1171
			1628	1171
			1629	1171
			1630	1172
			1631	1172
			1632	1172
			1633	1172
			1634	1172
			1635	1173
			1636	1173
			1637	1173
			1638	1173
			1639	1173
			1640	1174
			1641	1174
			1642	1174
			1643	1174
			1644	1174
			1645	1174
			1646	1175
			1647	1175
			1648	1175
			1649	1175
			1650	1175
			1651	1175
			1652	1175
			1653	1176
			1654	1176
			1655	1176
			1656	1176
		</curvaD_espina_dorsal>
		<curvaI_espina_dorsal type=matrix rownames=FALSE colnames=FALSE nrow=305 ncol=2 as.numeric=TRUE >
			1374	967
			1375	968
			1376	969
			1377	970
			1378	971
			1379	972
			1380	972
			1381	973
			1381	974
			1382	975
			1383	976
			1384	977
			1385	977
			1386	978
			1387	979
			1388	980
			1388	981
			1389	982
			1390	983
			1391	984
			1392	985
			1393	986
			1394	987
			1395	988
			1396	989
			1397	990
			1398	991
			1399	992
			1400	993
			1400	994
			1401	994
			1402	995
			1402	996
			1403	997
			1404	997
			1404	998
			1405	999
			1406	999
			1406	1000
			1407	1001
			1408	1002
			1409	1003
			1410	1004
			1410	1005
			1411	1006
			1412	1007
			1413	1008
			1414	1009
			1415	1009
			1415	1010
			1416	1011
			1417	1012
			1418	1013
			1419	1014
			1420	1015
			1421	1016
			1422	1017
			1422	1018
			1423	1019
			1424	1020
			1425	1021
			1426	1022
			1427	1023
			1428	1024
			1428	1025
			1429	1026
			1430	1026
			1430	1027
			1431	1028
			1432	1029
			1433	1030
			1434	1031
			1434	1032
			1435	1033
			1436	1034
			1437	1035
			1438	1036
			1439	1037
			1440	1038
			1440	1039
			1441	1040
			1442	1041
			1443	1042
			1444	1043
			1445	1044
			1446	1045
			1446	1046
			1447	1047
			1448	1048
			1449	1049
			1450	1050
			1451	1051
			1451	1052
			1452	1053
			1453	1053
			1453	1054
			1454	1055
			1455	1056
			1455	1057
			1456	1058
			1457	1059
			1457	1060
			1458	1061
			1458	1062
			1459	1062
			1459	1063
			1460	1064
			1461	1065
			1461	1066
			1462	1066
			1462	1067
			1463	1068
			1463	1069
			1464	1070
			1465	1071
			1465	1072
			1466	1073
			1467	1074
			1467	1075
			1468	1076
			1468	1077
			1469	1078
			1470	1079
			1470	1080
			1471	1081
			1471	1082
			1472	1082
			1472	1083
			1473	1084
			1473	1085
			1474	1086
			1475	1087
			1475	1088
			1476	1089
			1476	1090
			1477	1091
			1477	1092
			1478	1093
			1478	1094
			1479	1095
			1480	1096
			1480	1097
			1480	1098
			1481	1098
			1481	1099
			1481	1100
			1482	1100
			1482	1101
			1482	1102
			1483	1103
			1483	1104
			1484	1105
			1484	1106
			1485	1107
			1485	1108
			1486	1109
			1486	1110
			1486	1111
			1487	1112
			1487	1113
			1488	1114
			1488	1115
			1488	1116
			1487	1117
			1487	1118
			1486	1119
			1486	1120
			1485	1121
			1485	1122
			1484	1122
			1484	1123
			1483	1124
			1483	1125
			1482	1126
			1482	1127
			1481	1128
			1480	1128
			1480	1129
			1479	1130
			1478	1131
			1477	1132
			1476	1133
			1475	1134
			1474	1135
			1473	1136
			1472	1137
			1471	1138
			1470	1138
			1469	1139
			1468	1140
			1467	1141
			1466	1141
			1465	1142
			1464	1142
			1463	1143
			1462	1144
			1461	1144
			1460	1145
			1459	1146
			1458	1146
			1457	1147
			1456	1148
			1455	1148
			1454	1149
			1453	1149
			1452	1150
			1451	1150
			1450	1150
			1450	1151
			1449	1151
			1448	1152
			1447	1152
			1446	1153
			1445	1153
			1444	1153
			1443	1154
			1442	1154
			1441	1155
			1440	1155
			1439	1156
			1438	1156
			1437	1156
			1436	1157
			1435	1157
			1434	1158
			1433	1158
			1432	1158
			1431	1159
			1430	1159
			1429	1160
			1428	1160
			1427	1160
			1426	1161
			1425	1161
			1424	1161
			1423	1162
			1422	1162
			1421	1162
			1420	1163
			1419	1163
			1418	1163
			1417	1164
			1416	1164
			1415	1164
			1414	1165
			1413	1165
			1412	1165
			1411	1166
			1410	1166
			1409	1166
			1408	1166
			1407	1167
			1406	1167
			1405	1167
			1404	1167
			1404	1168
			1403	1168
			1402	1168
			1401	1168
			1400	1168
			1400	1169
			1399	1169
			1398	1169
			1397	1170
			1396	1170
			1395	1170
			1394	1171
			1393	1172
			1392	1173
			1391	1173
			1390	1174
			1389	1174
			1388	1175
			1387	1175
			1386	1176
			1385	1176
			1384	1177
			1383	1177
			1382	1178
			1381	1178
			1380	1179
			1379	1179
			1378	1180
			1377	1180
			1376	1181
			1375	1181
			1374	1182
			1373	1183
			1372	1183
			1371	1184
			1370	1184
			1369	1184
			1369	1185
			1368	1185
			1367	1185
			1366	1186
			1365	1186
			1364	1187
			1363	1187
			1362	1188
			1361	1188
			1360	1189
			1359	1189
			1358	1190
			1357	1190
		</curvaI_espina_dorsal>
	</curves.pixel>
	<curves.scaled type=list>
		<curvaD_espina_dorsal type=matrix rownames=FALSE colnames=FALSE nrow=321 ncol=2 as.numeric=TRUE >
			2.56336145784781	-1.8040542428958
			2.56522707754057	-1.8040542428958
			2.56709269723333	-1.8040542428958
			2.56895831692608	-1.8040542428958
			2.57082393661884	-1.8040542428958
			2.5726895563116	-1.8040542428958
			2.57455517600435	-1.80591986258856
			2.57642079569711	-1.80591986258856
			2.57828641538987	-1.80591986258856
			2.58015203508262	-1.80778548228132
			2.58201765477538	-1.80778548228132
			2.58388327446814	-1.80965110197407
			2.58574889416089	-1.80965110197407
			2.58761451385365	-1.81151672166683
			2.58948013354641	-1.81338234135959
			2.59134575323916	-1.81338234135959
			2.59321137293192	-1.81524796105234
			2.59507699262468	-1.81524796105234
			2.59694261231743	-1.8171135807451
			2.59880823201019	-1.81897920043786
			2.60067385170295	-1.81897920043786
			2.6025394713957	-1.82084482013062
			2.60440509108846	-1.82271043982337
			2.60627071078122	-1.82271043982337
			2.60813633047398	-1.82457605951613
			2.61000195016673	-1.82644167920889
			2.61186756985949	-1.82644167920889
			2.61373318955225	-1.82830729890164
			2.615598809245	-1.8301729185944
			2.61746442893776	-1.8301729185944
			2.61933004863052	-1.83203853828716
			2.62119566832327	-1.83203853828716
			2.62119566832327	-1.83390415797991
			2.62306128801603	-1.83576977767267
			2.62492690770879	-1.83576977767267
			2.62679252740154	-1.83763539736543
			2.6286581470943	-1.83950101705818
			2.63052376678706	-1.83950101705818
			2.63238938647981	-1.84136663675094
			2.63425500617257	-1.8432322564437
			2.63612062586533	-1.84509787613645
			2.63798624555808	-1.84509787613645
			2.63985186525084	-1.84696349582921
			2.6417174849436	-1.84882911552197
			2.64358310463635	-1.85069473521472
			2.64544872432911	-1.85069473521472
			2.64731434402187	-1.85256035490748
			2.64917996371462	-1.85442597460024
			2.65104558340738	-1.85629159429299
			2.65291120310014	-1.85815721398575
			2.65477682279289	-1.86002283367851
			2.65664244248565	-1.86002283367851
			2.65850806217841	-1.86188845337126
			2.66037368187117	-1.86375407306402
			2.66223930156392	-1.86375407306402
			2.66223930156392	-1.86561969275678
			2.66410492125668	-1.86561969275678
			2.66597054094944	-1.86748531244953
			2.66597054094944	-1.86935093214229
			2.66783616064219	-1.86935093214229
			2.66970178033495	-1.87121655183505
			2.67156740002771	-1.8730821715278
			2.67343301972046	-1.87494779122056
			2.67529863941322	-1.87681341091332
			2.67716425910598	-1.87867903060608
			2.67902987879873	-1.87867903060608
			2.68089549849149	-1.88054465029883
			2.68276111818425	-1.88241026999159
			2.684626737877	-1.88427588968435
			2.684626737877	-1.8861415093771
			2.68649235756976	-1.88800712906986
			2.68835797726252	-1.88987274876262
			2.69022359695527	-1.89173836845537
			2.69208921664803	-1.89173836845537
			2.69395483634079	-1.89360398814813
			2.69582045603354	-1.89546960784089
			2.6976860757263	-1.89733522753364
			2.69955169541906	-1.8992008472264
			2.70141731511181	-1.90106646691916
			2.70141731511181	-1.90293208661191
			2.70328293480457	-1.90293208661191
			2.70514855449733	-1.90479770630467
			2.70701417419008	-1.90666332599743
			2.70887979388284	-1.90852894569018
			2.7107454135756	-1.91039456538294
			2.71261103326835	-1.9122601850757
			2.71447665296111	-1.9122601850757
			2.71447665296111	-1.91412580476845
			2.71634227265387	-1.91599142446121
			2.71820789234663	-1.91785704415397
			2.72007351203938	-1.91972266384672
			2.72193913173214	-1.92158828353948
			2.7238047514249	-1.92345390323224
			2.72567037111765	-1.92345390323224
			2.72567037111765	-1.92531952292499
			2.72753599081041	-1.92718514261775
			2.72940161050317	-1.92905076231051
			2.73126723019592	-1.93091638200326
			2.73313284988868	-1.93278200169602
			2.73499846958144	-1.93278200169602
			2.73499846958144	-1.93464762138878
			2.73686408927419	-1.93651324108154
			2.73872970896695	-1.93837886077429
			2.74059532865971	-1.94024448046705
			2.74246094835246	-1.94211010015981
			2.74432656804522	-1.94211010015981
			2.74432656804522	-1.94397571985256
			2.74619218773798	-1.94584133954532
			2.74805780743073	-1.94770695923808
			2.74992342712349	-1.94957257893083
			2.75178904681625	-1.94957257893083
			2.75178904681625	-1.95143819862359
			2.753654666509	-1.95330381831635
			2.75552028620176	-1.9551694380091
			2.75738590589452	-1.95703505770186
			2.75925152558727	-1.95890067739462
			2.76111714528003	-1.96076629708737
			2.76298276497279	-1.96263191678013
			2.76484838466554	-1.96449753647289
			2.7667140043583	-1.96636315616564
			2.76857962405106	-1.9682287758584
			2.77044524374381	-1.97009439555116
			2.77231086343657	-1.97196001524391
			2.77417648312933	-1.97382563493667
			2.77604210282209	-1.97569125462943
			2.77790772251484	-1.97755687432218
			2.77790772251484	-1.97942249401494
			2.7797733422076	-1.9812881137077
			2.78163896190036	-1.98315373340045
			2.78350458159311	-1.98501935309321
			2.78537020128587	-1.98688497278597
			2.78723582097863	-1.98875059247872
			2.78910144067138	-1.99061621217148
			2.79096706036414	-1.99061621217148
			2.7928326800569	-1.99248183186424
			2.7928326800569	-1.994347451557
			2.79469829974965	-1.99621307124975
			2.79656391944241	-1.99807869094251
			2.79842953913517	-1.99994431063527
			2.80029515882792	-2.00180993032802
			2.80216077852068	-2.00367555002078
			2.80402639821344	-2.00554116971354
			2.80589201790619	-2.00740678940629
			2.80589201790619	-2.00927240909905
			2.80775763759895	-2.01113802879181
			2.80962325729171	-2.01300364848456
			2.81148887698446	-2.01486926817732
			2.81335449667722	-2.01673488787008
			2.81522011636998	-2.01860050756283
			2.81708573606273	-2.02046612725559
			2.81895135575549	-2.02233174694835
			2.82081697544825	-2.0241973666411
			2.82081697544825	-2.02606298633386
			2.822682595141	-2.02606298633386
			2.82454821483376	-2.02792860602662
			2.82454821483376	-2.02979422571937
			2.82641383452652	-2.02979422571937
			2.82641383452652	-2.03165984541213
			2.82827945421927	-2.03352546510489
			2.83014507391203	-2.03539108479764
			2.83201069360479	-2.0372567044904
			2.83387631329755	-2.03912232418316
			2.83387631329755	-2.04098794387591
			2.8357419329903	-2.04285356356867
			2.83760755268306	-2.04285356356867
			2.83760755268306	-2.04471918326143
			2.83947317237582	-2.04658480295419
			2.84133879206857	-2.04845042264694
			2.84133879206857	-2.0503160423397
			2.84320441176133	-2.0503160423397
			2.84507003145409	-2.05218166203246
			2.84507003145409	-2.05404728172521
			2.84693565114684	-2.05591290141797
			2.8488012708396	-2.05591290141797
			2.8488012708396	-2.05777852111073
			2.85066689053236	-2.05964414080348
			2.85253251022511	-2.06150976049624
			2.85439812991787	-2.063375380189
			2.85626374961063	-2.06524099988175
			2.85626374961063	-2.06710661957451
			2.85812936930338	-2.06897223926727
			2.85999498899614	-2.07083785896002
			2.85999498899614	-2.07270347865278
			2.8618606086889	-2.07456909834554
			2.8618606086889	-2.07643471803829
			2.86372622838165	-2.07830033773105
			2.86372622838165	-2.08016595742381
			2.86559184807441	-2.08203157711656
			2.86559184807441	-2.08389719680932
			2.86745746776717	-2.08389719680932
			2.86745746776717	-2.08576281650208
			2.86932308745992	-2.08762843619483
			2.87118870715268	-2.08949405588759
			2.87118870715268	-2.09135967558035
			2.87305432684544	-2.0932252952731
			2.87305432684544	-2.09509091496586
			2.87491994653819	-2.09695653465862
			2.87678556623095	-2.09882215435137
			2.87678556623095	-2.10068777404413
			2.87865118592371	-2.10068777404413
			2.88051680561646	-2.10255339373689
			2.88051680561646	-2.10441901342965
			2.88238242530922	-2.1062846331224
			2.88424804500198	-2.10815025281516
			2.88424804500198	-2.11001587250792
			2.88611366469474	-2.11001587250792
			2.88797928438749	-2.11188149220067
			2.88984490408025	-2.11374711189343
			2.89171052377301	-2.11561273158619
			2.89171052377301	-2.11747835127894
			2.89357614346576	-2.11747835127894
			2.89544176315852	-2.1193439709717
			2.89730738285128	-2.12120959066446
			2.89917300254403	-2.12307521035721
			2.90103862223679	-2.12494083004997
			2.90290424192955	-2.12680644974273
			2.9047698616223	-2.12867206943548
			2.90663548131506	-2.13053768912824
			2.90850110100782	-2.13053768912824
			2.90850110100782	-2.132403308821
			2.91036672070057	-2.132403308821
			2.91223234039333	-2.13426892851375
			2.91409796008609	-2.13426892851375
			2.91409796008609	-2.13613454820651
			2.91596357977884	-2.13613454820651
			2.9178291994716	-2.13800016789927
			2.91969481916436	-2.13986578759202
			2.92156043885711	-2.13986578759202
			2.92342605854987	-2.14173140728478
			2.92529167824263	-2.14173140728478
			2.92715729793538	-2.14359702697754
			2.92902291762814	-2.14359702697754
			2.92902291762814	-2.14546264667029
			2.9308885373209	-2.14732826636305
			2.93275415701365	-2.14732826636305
			2.93461977670641	-2.14919388605581
			2.93648539639917	-2.14919388605581
			2.93835101609193	-2.15105950574856
			2.94021663578468	-2.15105950574856
			2.94208225547744	-2.15292512544132
			2.9439478751702	-2.15292512544132
			2.94581349486295	-2.15479074513408
			2.94767911455571	-2.15479074513408
			2.94954473424847	-2.15665636482683
			2.95141035394122	-2.15665636482683
			2.95327597363398	-2.15852198451959
			2.95514159332674	-2.15852198451959
			2.95700721301949	-2.16038760421235
			2.95887283271225	-2.16038760421235
			2.96073845240501	-2.16038760421235
			2.96073845240501	-2.16225322390511
			2.96260407209776	-2.16225322390511
			2.96446969179052	-2.16225322390511
			2.96633531148328	-2.16411884359786
			2.96820093117603	-2.16411884359786
			2.97006655086879	-2.16598446329062
			2.97193217056155	-2.16598446329062
			2.9737977902543	-2.16598446329062
			2.97566340994706	-2.16785008298338
			2.97752902963982	-2.16785008298338
			2.97939464933257	-2.16785008298338
			2.98126026902533	-2.16971570267613
			2.98312588871809	-2.16971570267613
			2.98499150841084	-2.17158132236889
			2.9868571281036	-2.17158132236889
			2.98872274779636	-2.17158132236889
			2.99058836748911	-2.17344694206165
			2.99245398718187	-2.17344694206165
			2.99431960687463	-2.17344694206165
			2.99618522656738	-2.17344694206165
			2.99618522656738	-2.1753125617544
			2.99805084626014	-2.1753125617544
			2.9999164659529	-2.1753125617544
			3.00178208564566	-2.1753125617544
			3.00364770533841	-2.17717818144716
			3.00551332503117	-2.17717818144716
			3.00737894472393	-2.17717818144716
			3.00924456441668	-2.17717818144716
			3.01111018410944	-2.17904380113992
			3.0129758038022	-2.17904380113992
			3.01484142349495	-2.17904380113992
			3.01670704318771	-2.18090942083267
			3.01857266288047	-2.18090942083267
			3.02043828257322	-2.18090942083267
			3.02230390226598	-2.18090942083267
			3.02416952195874	-2.18277504052543
			3.02603514165149	-2.18277504052543
			3.02790076134425	-2.18277504052543
			3.02976638103701	-2.18277504052543
			3.03163200072976	-2.18464066021819
			3.03349762042252	-2.18464066021819
			3.03536324011528	-2.18464066021819
			3.03722885980803	-2.18464066021819
			3.03909447950079	-2.18464066021819
			3.04096009919355	-2.18650627991094
			3.0428257188863	-2.18650627991094
			3.04469133857906	-2.18650627991094
			3.04655695827182	-2.18650627991094
			3.04842257796457	-2.18650627991094
			3.05028819765733	-2.1883718996037
			3.05215381735009	-2.1883718996037
			3.05401943704285	-2.1883718996037
			3.0558850567356	-2.1883718996037
			3.05775067642836	-2.1883718996037
			3.05961629612112	-2.19023751929646
			3.06148191581387	-2.19023751929646
			3.06334753550663	-2.19023751929646
			3.06521315519939	-2.19023751929646
			3.06707877489214	-2.19023751929646
			3.0689443945849	-2.19023751929646
			3.07081001427766	-2.19210313898921
			3.07267563397041	-2.19210313898921
			3.07454125366317	-2.19210313898921
			3.07640687335593	-2.19210313898921
			3.07827249304868	-2.19210313898921
			3.08013811274144	-2.19210313898921
			3.0820037324342	-2.19210313898921
			3.08386935212695	-2.19396875868197
			3.08573497181971	-2.19396875868197
			3.08760059151247	-2.19396875868197
			3.08946621120522	-2.19396875868197
		</curvaD_espina_dorsal>
		<curvaI_espina_dorsal type=matrix rownames=FALSE colnames=FALSE nrow=305 ncol=2 as.numeric=TRUE >
			2.56336145784781	-1.8040542428958
			2.56522707754057	-1.80591986258856
			2.56709269723333	-1.80778548228132
			2.56895831692608	-1.80965110197407
			2.57082393661884	-1.81151672166683
			2.5726895563116	-1.81338234135959
			2.57455517600435	-1.81338234135959
			2.57642079569711	-1.81524796105234
			2.57642079569711	-1.8171135807451
			2.57828641538987	-1.81897920043786
			2.58015203508262	-1.82084482013062
			2.58201765477538	-1.82271043982337
			2.58388327446814	-1.82271043982337
			2.58574889416089	-1.82457605951613
			2.58761451385365	-1.82644167920889
			2.58948013354641	-1.82830729890164
			2.58948013354641	-1.8301729185944
			2.59134575323916	-1.83203853828716
			2.59321137293192	-1.83390415797991
			2.59507699262468	-1.83576977767267
			2.59694261231743	-1.83763539736543
			2.59880823201019	-1.83950101705818
			2.60067385170295	-1.84136663675094
			2.6025394713957	-1.8432322564437
			2.60440509108846	-1.84509787613645
			2.60627071078122	-1.84696349582921
			2.60813633047398	-1.84882911552197
			2.61000195016673	-1.85069473521472
			2.61186756985949	-1.85256035490748
			2.61186756985949	-1.85442597460024
			2.61373318955225	-1.85442597460024
			2.615598809245	-1.85629159429299
			2.615598809245	-1.85815721398575
			2.61746442893776	-1.86002283367851
			2.61933004863052	-1.86002283367851
			2.61933004863052	-1.86188845337126
			2.62119566832327	-1.86375407306402
			2.62306128801603	-1.86375407306402
			2.62306128801603	-1.86561969275678
			2.62492690770879	-1.86748531244953
			2.62679252740154	-1.86935093214229
			2.6286581470943	-1.87121655183505
			2.63052376678706	-1.8730821715278
			2.63052376678706	-1.87494779122056
			2.63238938647981	-1.87681341091332
			2.63425500617257	-1.87867903060608
			2.63612062586533	-1.88054465029883
			2.63798624555808	-1.88241026999159
			2.63985186525084	-1.88241026999159
			2.63985186525084	-1.88427588968435
			2.6417174849436	-1.8861415093771
			2.64358310463635	-1.88800712906986
			2.64544872432911	-1.88987274876262
			2.64731434402187	-1.89173836845537
			2.64917996371462	-1.89360398814813
			2.65104558340738	-1.89546960784089
			2.65291120310014	-1.89733522753364
			2.65291120310014	-1.8992008472264
			2.65477682279289	-1.90106646691916
			2.65664244248565	-1.90293208661191
			2.65850806217841	-1.90479770630467
			2.66037368187117	-1.90666332599743
			2.66223930156392	-1.90852894569018
			2.66410492125668	-1.91039456538294
			2.66410492125668	-1.9122601850757
			2.66597054094944	-1.91412580476845
			2.66783616064219	-1.91412580476845
			2.66783616064219	-1.91599142446121
			2.66970178033495	-1.91785704415397
			2.67156740002771	-1.91972266384672
			2.67343301972046	-1.92158828353948
			2.67529863941322	-1.92345390323224
			2.67529863941322	-1.92531952292499
			2.67716425910598	-1.92718514261775
			2.67902987879873	-1.92905076231051
			2.68089549849149	-1.93091638200326
			2.68276111818425	-1.93278200169602
			2.684626737877	-1.93464762138878
			2.68649235756976	-1.93651324108154
			2.68649235756976	-1.93837886077429
			2.68835797726252	-1.94024448046705
			2.69022359695527	-1.94211010015981
			2.69208921664803	-1.94397571985256
			2.69395483634079	-1.94584133954532
			2.69582045603354	-1.94770695923808
			2.6976860757263	-1.94957257893083
			2.6976860757263	-1.95143819862359
			2.69955169541906	-1.95330381831635
			2.70141731511181	-1.9551694380091
			2.70328293480457	-1.95703505770186
			2.70514855449733	-1.95890067739462
			2.70701417419008	-1.96076629708737
			2.70701417419008	-1.96263191678013
			2.70887979388284	-1.96449753647289
			2.7107454135756	-1.96449753647289
			2.7107454135756	-1.96636315616564
			2.71261103326835	-1.9682287758584
			2.71447665296111	-1.97009439555116
			2.71447665296111	-1.97196001524391
			2.71634227265387	-1.97382563493667
			2.71820789234663	-1.97569125462943
			2.71820789234663	-1.97755687432218
			2.72007351203938	-1.97942249401494
			2.72007351203938	-1.9812881137077
			2.72193913173214	-1.9812881137077
			2.72193913173214	-1.98315373340045
			2.7238047514249	-1.98501935309321
			2.72567037111765	-1.98688497278597
			2.72567037111765	-1.98875059247872
			2.72753599081041	-1.98875059247872
			2.72753599081041	-1.99061621217148
			2.72940161050317	-1.99248183186424
			2.72940161050317	-1.994347451557
			2.73126723019592	-1.99621307124975
			2.73313284988868	-1.99807869094251
			2.73313284988868	-1.99994431063527
			2.73499846958144	-2.00180993032802
			2.73686408927419	-2.00367555002078
			2.73686408927419	-2.00554116971354
			2.73872970896695	-2.00740678940629
			2.73872970896695	-2.00927240909905
			2.74059532865971	-2.01113802879181
			2.74246094835246	-2.01300364848456
			2.74246094835246	-2.01486926817732
			2.74432656804522	-2.01673488787008
			2.74432656804522	-2.01860050756283
			2.74619218773798	-2.01860050756283
			2.74619218773798	-2.02046612725559
			2.74805780743073	-2.02233174694835
			2.74805780743073	-2.0241973666411
			2.74992342712349	-2.02606298633386
			2.75178904681625	-2.02792860602662
			2.75178904681625	-2.02979422571937
			2.753654666509	-2.03165984541213
			2.753654666509	-2.03352546510489
			2.75552028620176	-2.03539108479764
			2.75552028620176	-2.0372567044904
			2.75738590589452	-2.03912232418316
			2.75738590589452	-2.04098794387591
			2.75925152558727	-2.04285356356867
			2.76111714528003	-2.04471918326143
			2.76111714528003	-2.04658480295419
			2.76111714528003	-2.04845042264694
			2.76298276497279	-2.04845042264694
			2.76298276497279	-2.0503160423397
			2.76298276497279	-2.05218166203246
			2.76484838466554	-2.05218166203246
			2.76484838466554	-2.05404728172521
			2.76484838466554	-2.05591290141797
			2.7667140043583	-2.05777852111073
			2.7667140043583	-2.05964414080348
			2.76857962405106	-2.06150976049624
			2.76857962405106	-2.063375380189
			2.77044524374381	-2.06524099988175
			2.77044524374381	-2.06710661957451
			2.77231086343657	-2.06897223926727
			2.77231086343657	-2.07083785896002
			2.77231086343657	-2.07270347865278
			2.77417648312933	-2.07456909834554
			2.77417648312933	-2.07643471803829
			2.77604210282209	-2.07830033773105
			2.77604210282209	-2.08016595742381
			2.77604210282209	-2.08203157711656
			2.77417648312933	-2.08389719680932
			2.77417648312933	-2.08576281650208
			2.77231086343657	-2.08762843619483
			2.77231086343657	-2.08949405588759
			2.77044524374381	-2.09135967558035
			2.77044524374381	-2.0932252952731
			2.76857962405106	-2.0932252952731
			2.76857962405106	-2.09509091496586
			2.7667140043583	-2.09695653465862
			2.7667140043583	-2.09882215435137
			2.76484838466554	-2.10068777404413
			2.76484838466554	-2.10255339373689
			2.76298276497279	-2.10441901342965
			2.76111714528003	-2.10441901342965
			2.76111714528003	-2.1062846331224
			2.75925152558727	-2.10815025281516
			2.75738590589452	-2.11001587250792
			2.75552028620176	-2.11188149220067
			2.753654666509	-2.11374711189343
			2.75178904681625	-2.11561273158619
			2.74992342712349	-2.11747835127894
			2.74805780743073	-2.1193439709717
			2.74619218773798	-2.12120959066446
			2.74432656804522	-2.12307521035721
			2.74246094835246	-2.12307521035721
			2.74059532865971	-2.12494083004997
			2.73872970896695	-2.12680644974273
			2.73686408927419	-2.12867206943548
			2.73499846958144	-2.12867206943548
			2.73313284988868	-2.13053768912824
			2.73126723019592	-2.13053768912824
			2.72940161050317	-2.132403308821
			2.72753599081041	-2.13426892851375
			2.72567037111765	-2.13426892851375
			2.7238047514249	-2.13613454820651
			2.72193913173214	-2.13800016789927
			2.72007351203938	-2.13800016789927
			2.71820789234663	-2.13986578759202
			2.71634227265387	-2.14173140728478
			2.71447665296111	-2.14173140728478
			2.71261103326835	-2.14359702697754
			2.7107454135756	-2.14359702697754
			2.70887979388284	-2.14546264667029
			2.70701417419008	-2.14546264667029
			2.70514855449733	-2.14546264667029
			2.70514855449733	-2.14732826636305
			2.70328293480457	-2.14732826636305
			2.70141731511181	-2.14919388605581
			2.69955169541906	-2.14919388605581
			2.6976860757263	-2.15105950574856
			2.69582045603354	-2.15105950574856
			2.69395483634079	-2.15105950574856
			2.69208921664803	-2.15292512544132
			2.69022359695527	-2.15292512544132
			2.68835797726252	-2.15479074513408
			2.68649235756976	-2.15479074513408
			2.684626737877	-2.15665636482683
			2.68276111818425	-2.15665636482683
			2.68089549849149	-2.15665636482683
			2.67902987879873	-2.15852198451959
			2.67716425910598	-2.15852198451959
			2.67529863941322	-2.16038760421235
			2.67343301972046	-2.16038760421235
			2.67156740002771	-2.16038760421235
			2.66970178033495	-2.16225322390511
			2.66783616064219	-2.16225322390511
			2.66597054094944	-2.16411884359786
			2.66410492125668	-2.16411884359786
			2.66223930156392	-2.16411884359786
			2.66037368187117	-2.16598446329062
			2.65850806217841	-2.16598446329062
			2.65664244248565	-2.16598446329062
			2.65477682279289	-2.16785008298338
			2.65291120310014	-2.16785008298338
			2.65104558340738	-2.16785008298338
			2.64917996371462	-2.16971570267613
			2.64731434402187	-2.16971570267613
			2.64544872432911	-2.16971570267613
			2.64358310463635	-2.17158132236889
			2.6417174849436	-2.17158132236889
			2.63985186525084	-2.17158132236889
			2.63798624555808	-2.17344694206165
			2.63612062586533	-2.17344694206165
			2.63425500617257	-2.17344694206165
			2.63238938647981	-2.1753125617544
			2.63052376678706	-2.1753125617544
			2.6286581470943	-2.1753125617544
			2.62679252740154	-2.1753125617544
			2.62492690770879	-2.17717818144716
			2.62306128801603	-2.17717818144716
			2.62119566832327	-2.17717818144716
			2.61933004863052	-2.17717818144716
			2.61933004863052	-2.17904380113992
			2.61746442893776	-2.17904380113992
			2.615598809245	-2.17904380113992
			2.61373318955225	-2.17904380113992
			2.61186756985949	-2.17904380113992
			2.61186756985949	-2.18090942083267
			2.61000195016673	-2.18090942083267
			2.60813633047398	-2.18090942083267
			2.60627071078122	-2.18277504052543
			2.60440509108846	-2.18277504052543
			2.6025394713957	-2.18277504052543
			2.60067385170295	-2.18464066021819
			2.59880823201019	-2.18650627991094
			2.59694261231743	-2.1883718996037
			2.59507699262468	-2.1883718996037
			2.59321137293192	-2.19023751929646
			2.59134575323916	-2.19023751929646
			2.58948013354641	-2.19210313898921
			2.58761451385365	-2.19210313898921
			2.58574889416089	-2.19396875868197
			2.58388327446814	-2.19396875868197
			2.58201765477538	-2.19583437837473
			2.58015203508262	-2.19583437837473
			2.57828641538987	-2.19769999806748
			2.57642079569711	-2.19769999806748
			2.57455517600435	-2.19956561776024
			2.5726895563116	-2.19956561776024
			2.57082393661884	-2.201431237453
			2.56895831692608	-2.201431237453
			2.56709269723333	-2.20329685714575
			2.56522707754057	-2.20329685714575
			2.56336145784781	-2.20516247683851
			2.56149583815506	-2.20702809653127
			2.5596302184623	-2.20702809653127
			2.55776459876954	-2.20889371622402
			2.55589897907679	-2.20889371622402
			2.55403335938403	-2.20889371622402
			2.55403335938403	-2.21075933591678
			2.55216773969127	-2.21075933591678
			2.55030211999851	-2.21075933591678
			2.54843650030576	-2.21262495560954
			2.546570880613	-2.21262495560954
			2.54470526092024	-2.2144905753023
			2.54283964122749	-2.2144905753023
			2.54097402153473	-2.21635619499505
			2.53910840184197	-2.21635619499505
			2.53724278214922	-2.21822181468781
			2.53537716245646	-2.21822181468781
			2.5335115427637	-2.22008743438057
			2.53164592307095	-2.22008743438057
		</curvaI_espina_dorsal>
	</curves.scaled>
	<ruler.points type=matrix rownames=TRUE colnames=FALSE nrow=2 ncol=2 as.numeric=TRUE >
		Ruler point 1	1519	537
		Ruler point 2	2055	533
	</ruler.points>
</shapes>

