<shapes type=list>
	<ruler.pixel type=vector names=FALSE length=1 as.numeric=TRUE >539.003710562367</ruler.pixel>
	<ruler.interval type=vector names=FALSE length=1 as.numeric=TRUE >1</ruler.interval>
	<scaling.units type=vector names=FALSE length=1 as.numeric=FALSE >mm</scaling.units>
	<scaling type=vector names=FALSE length=1 as.numeric=TRUE >0.00186561969275678</scaling>
	<landmarks.pixel type=matrix rownames=TRUE colnames=FALSE nrow=3 ncol=2 as.numeric=TRUE >
		punta_espina_dorsal	1732	764
		esq_izq_caparaza	1575	963
		organo_dorsal	1844	1105
	</landmarks.pixel>
	<landmarks.scaled type=matrix rownames=TRUE colnames=FALSE nrow=3 ncol=2 as.numeric=TRUE >
		punta_espina_dorsal	3.23125330785474	-1.42533344526618
		esq_izq_caparaza	2.93835101609193	-1.79659176412478
		organo_dorsal	3.4402027134435	-2.06150976049624
	</landmarks.scaled>
	<curves.control type=list>
		<curvaD_espina_dorsal type=matrix rownames=FALSE colnames=FALSE nrow=7 ncol=2 as.numeric=TRUE >
			1732	764
			1751	786
			1759	829
			1773	911
			1786	980
			1764	1030
			1844	1105
		</curvaD_espina_dorsal>
		<curvaI_espina_dorsal type=matrix rownames=FALSE colnames=FALSE nrow=9 ncol=2 as.numeric=TRUE >
			1732	764
			1744	791
			1747	827
			1752	903
			1745	971
			1702	988
			1636	954
			1604	957
			1575	963
		</curvaI_espina_dorsal>
	</curves.control>
	<curves.pixel type=list>
		<curvaD_espina_dorsal type=matrix rownames=FALSE colnames=FALSE nrow=356 ncol=2 as.numeric=TRUE >
			1732	764
			1733	765
			1734	766
			1735	767
			1735	768
			1736	769
			1737	770
			1737	771
			1738	772
			1739	773
			1739	774
			1740	775
			1741	776
			1741	777
			1742	778
			1742	779
			1743	780
			1744	781
			1744	782
			1744	783
			1745	783
			1745	784
			1745	785
			1746	786
			1746	787
			1747	788
			1747	789
			1748	790
			1748	791
			1749	792
			1749	793
			1749	794
			1750	795
			1750	796
			1750	797
			1751	798
			1751	799
			1751	800
			1752	801
			1752	802
			1752	803
			1753	804
			1753	805
			1753	806
			1754	807
			1754	808
			1754	809
			1755	810
			1755	811
			1755	812
			1755	813
			1756	814
			1756	815
			1756	816
			1757	817
			1757	818
			1757	819
			1757	820
			1757	821
			1758	822
			1758	823
			1758	824
			1758	825
			1758	826
			1759	826
			1759	827
			1759	828
			1759	829
			1759	830
			1759	831
			1760	832
			1760	833
			1760	834
			1760	835
			1760	836
			1760	837
			1761	838
			1761	839
			1761	840
			1761	841
			1761	842
			1761	843
			1762	844
			1762	845
			1762	846
			1762	847
			1762	848
			1762	849
			1763	850
			1763	851
			1763	852
			1763	853
			1763	854
			1763	855
			1764	855
			1764	856
			1764	857
			1764	858
			1764	859
			1764	860
			1765	861
			1765	862
			1765	863
			1765	864
			1765	865
			1765	866
			1766	867
			1766	868
			1766	869
			1766	870
			1766	871
			1766	872
			1767	873
			1767	874
			1767	875
			1767	876
			1767	877
			1767	878
			1768	879
			1768	880
			1768	881
			1768	882
			1768	883
			1769	884
			1769	885
			1769	886
			1769	887
			1769	888
			1769	889
			1770	890
			1770	891
			1770	892
			1770	893
			1770	894
			1770	895
			1771	896
			1771	897
			1771	898
			1771	899
			1771	900
			1771	901
			1772	902
			1772	903
			1772	904
			1772	905
			1772	906
			1773	907
			1773	908
			1773	909
			1773	910
			1773	911
			1774	912
			1774	913
			1774	914
			1774	915
			1774	916
			1774	917
			1775	918
			1775	919
			1775	920
			1775	921
			1775	922
			1775	923
			1776	924
			1776	925
			1776	926
			1776	927
			1776	928
			1777	929
			1777	930
			1777	931
			1777	932
			1777	933
			1777	934
			1778	934
			1778	935
			1778	936
			1778	937
			1778	938
			1778	939
			1779	940
			1779	941
			1779	942
			1779	943
			1779	944
			1780	945
			1780	946
			1780	947
			1780	948
			1780	949
			1780	950
			1781	951
			1781	952
			1781	953
			1781	954
			1781	955
			1781	956
			1782	957
			1782	958
			1782	959
			1782	960
			1782	961
			1783	961
			1783	962
			1783	963
			1783	964
			1783	965
			1783	966
			1784	967
			1784	968
			1784	969
			1784	970
			1784	971
			1784	972
			1785	973
			1785	974
			1785	975
			1785	976
			1785	977
			1786	977
			1786	978
			1786	979
			1786	980
			1786	981
			1785	982
			1785	983
			1784	984
			1784	985
			1784	986
			1784	987
			1783	988
			1783	989
			1783	990
			1782	991
			1782	992
			1782	993
			1782	994
			1782	995
			1782	996
			1782	997
			1781	998
			1781	999
			1781	1000
			1781	1001
			1781	1002
			1781	1003
			1781	1004
			1781	1005
			1781	1006
			1781	1007
			1781	1008
			1782	1009
			1782	1010
			1782	1011
			1782	1012
			1782	1013
			1782	1014
			1782	1015
			1783	1016
			1783	1017
			1783	1018
			1783	1019
			1784	1020
			1784	1021
			1784	1022
			1784	1023
			1785	1023
			1785	1024
			1785	1025
			1785	1026
			1786	1027
			1786	1028
			1787	1029
			1787	1030
			1787	1031
			1788	1032
			1788	1033
			1788	1034
			1789	1035
			1789	1036
			1790	1036
			1790	1037
			1790	1038
			1791	1039
			1791	1040
			1792	1041
			1792	1042
			1793	1043
			1793	1044
			1794	1045
			1794	1046
			1795	1047
			1795	1048
			1796	1048
			1797	1049
			1797	1050
			1798	1051
			1798	1052
			1799	1053
			1800	1054
			1800	1055
			1801	1056
			1801	1057
			1802	1058
			1803	1059
			1804	1060
			1804	1061
			1805	1062
			1806	1063
			1806	1064
			1807	1065
			1808	1066
			1809	1067
			1809	1068
			1810	1069
			1811	1070
			1812	1071
			1813	1072
			1813	1073
			1814	1074
			1815	1075
			1816	1076
			1817	1077
			1818	1078
			1819	1079
			1819	1080
			1820	1081
			1821	1082
			1822	1083
			1823	1084
			1824	1085
			1825	1086
			1826	1087
			1827	1088
			1828	1089
			1829	1090
			1830	1091
			1831	1092
			1832	1093
			1833	1094
			1834	1095
			1835	1096
			1835	1097
			1836	1097
			1837	1098
			1837	1099
			1838	1099
			1839	1100
			1839	1101
			1840	1101
			1841	1102
			1841	1103
			1842	1103
			1843	1104
			1843	1105
			1844	1105
		</curvaD_espina_dorsal>
		<curvaI_espina_dorsal type=matrix rownames=FALSE colnames=FALSE nrow=383 ncol=2 as.numeric=TRUE >
			1732	764
			1732	765
			1733	766
			1733	767
			1734	768
			1734	769
			1735	770
			1735	771
			1735	772
			1736	773
			1736	774
			1736	775
			1737	776
			1737	777
			1737	778
			1738	779
			1738	780
			1738	781
			1739	782
			1739	783
			1739	784
			1740	785
			1740	786
			1740	787
			1740	788
			1741	788
			1741	789
			1741	790
			1741	791
			1742	792
			1742	793
			1742	794
			1742	795
			1742	796
			1743	797
			1743	798
			1743	799
			1743	800
			1743	801
			1744	802
			1744	803
			1744	804
			1744	805
			1744	806
			1745	807
			1745	808
			1745	809
			1745	810
			1745	811
			1745	812
			1745	813
			1746	814
			1746	815
			1746	816
			1746	817
			1746	818
			1746	819
			1746	820
			1746	821
			1747	822
			1747	823
			1747	824
			1747	825
			1747	826
			1747	827
			1747	828
			1747	829
			1747	830
			1747	831
			1747	832
			1747	833
			1747	834
			1747	835
			1748	836
			1748	837
			1748	838
			1748	839
			1748	840
			1748	841
			1748	842
			1748	843
			1748	844
			1748	845
			1748	846
			1748	847
			1748	848
			1748	849
			1748	850
			1748	851
			1748	852
			1748	853
			1748	854
			1748	855
			1748	856
			1749	857
			1749	858
			1749	859
			1749	860
			1749	861
			1749	862
			1749	863
			1749	864
			1749	865
			1749	866
			1749	867
			1749	868
			1749	869
			1749	870
			1749	871
			1749	872
			1749	873
			1749	874
			1749	875
			1749	876
			1749	877
			1749	878
			1749	879
			1749	880
			1749	881
			1749	882
			1749	883
			1749	884
			1749	885
			1749	886
			1749	887
			1749	888
			1749	889
			1749	890
			1749	891
			1749	892
			1749	893
			1749	894
			1749	895
			1749	896
			1749	897
			1749	898
			1749	899
			1749	900
			1749	901
			1749	902
			1749	903
			1749	904
			1749	905
			1749	906
			1749	907
			1749	908
			1749	909
			1749	910
			1749	911
			1749	912
			1749	913
			1749	914
			1749	915
			1749	916
			1749	917
			1749	918
			1749	919
			1749	920
			1749	921
			1748	921
			1748	922
			1748	923
			1748	924
			1748	925
			1748	926
			1748	927
			1748	928
			1748	929
			1748	930
			1748	931
			1748	932
			1748	933
			1748	934
			1748	935
			1748	936
			1748	937
			1748	938
			1748	939
			1748	940
			1747	941
			1747	942
			1747	943
			1747	944
			1747	945
			1747	946
			1747	947
			1747	948
			1747	949
			1747	950
			1747	951
			1747	952
			1747	953
			1747	954
			1746	955
			1746	956
			1746	957
			1746	958
			1746	959
			1746	960
			1746	961
			1746	962
			1746	963
			1746	964
			1746	965
			1745	966
			1745	967
			1745	968
			1745	969
			1745	970
			1745	971
			1744	971
			1743	972
			1742	972
			1741	972
			1740	973
			1739	973
			1738	973
			1737	974
			1736	974
			1735	974
			1734	975
			1733	975
			1732	975
			1731	975
			1730	975
			1729	975
			1728	976
			1727	976
			1726	976
			1725	976
			1724	976
			1723	976
			1722	976
			1721	976
			1720	976
			1719	977
			1718	977
			1717	977
			1716	977
			1715	977
			1714	977
			1713	977
			1712	977
			1711	977
			1710	977
			1709	977
			1708	977
			1707	976
			1706	976
			1705	976
			1704	976
			1703	976
			1702	976
			1701	976
			1700	976
			1699	976
			1698	976
			1697	975
			1696	975
			1695	975
			1694	975
			1693	975
			1692	975
			1691	974
			1690	974
			1689	974
			1688	974
			1687	974
			1686	973
			1685	973
			1684	973
			1683	973
			1682	972
			1681	972
			1680	972
			1679	971
			1678	971
			1677	971
			1676	971
			1675	970
			1674	970
			1673	970
			1672	969
			1671	969
			1670	969
			1669	968
			1668	968
			1667	968
			1667	967
			1666	967
			1665	967
			1664	967
			1663	966
			1662	966
			1661	965
			1660	965
			1659	965
			1659	964
			1658	964
			1657	964
			1656	963
			1655	963
			1654	962
			1653	962
			1652	962
			1651	961
			1650	961
			1649	960
			1648	960
			1647	959
			1646	959
			1645	958
			1644	958
			1643	957
			1642	957
			1641	957
			1640	956
			1639	956
			1638	955
			1637	954
			1636	954
			1635	954
			1634	954
			1633	954
			1632	954
			1631	955
			1630	955
			1629	955
			1628	955
			1627	955
			1626	955
			1625	955
			1624	955
			1623	955
			1622	955
			1622	956
			1621	956
			1620	956
			1619	956
			1618	956
			1617	956
			1616	956
			1615	956
			1614	957
			1613	957
			1612	957
			1611	957
			1610	957
			1609	957
			1608	957
			1607	957
			1606	958
			1605	958
			1604	958
			1603	958
			1602	958
			1601	958
			1600	958
			1599	959
			1598	959
			1597	959
			1596	959
			1595	959
			1594	959
			1593	960
			1592	960
			1591	960
			1590	960
			1589	960
			1588	960
			1587	961
			1586	961
			1585	961
			1584	961
			1583	961
			1582	962
			1581	962
			1580	962
			1579	962
			1578	962
			1577	963
			1576	963
			1575	963
		</curvaI_espina_dorsal>
	</curves.pixel>
	<curves.scaled type=list>
		<curvaD_espina_dorsal type=matrix rownames=FALSE colnames=FALSE nrow=356 ncol=2 as.numeric=TRUE >
			3.23125330785474	-1.42533344526618
			3.2331189275475	-1.42719906495894
			3.23498454724025	-1.42906468465169
			3.23685016693301	-1.43093030434445
			3.23685016693301	-1.43279592403721
			3.23871578662577	-1.43466154372996
			3.24058140631852	-1.43652716342272
			3.24058140631852	-1.43839278311548
			3.24244702601128	-1.44025840280823
			3.24431264570404	-1.44212402250099
			3.24431264570404	-1.44398964219375
			3.24617826539679	-1.4458552618865
			3.24804388508955	-1.44772088157926
			3.24804388508955	-1.44958650127202
			3.24990950478231	-1.45145212096477
			3.24990950478231	-1.45331774065753
			3.25177512447506	-1.45518336035029
			3.25364074416782	-1.45704898004304
			3.25364074416782	-1.4589145997358
			3.25364074416782	-1.46078021942856
			3.25550636386058	-1.46078021942856
			3.25550636386058	-1.46264583912131
			3.25550636386058	-1.46451145881407
			3.25737198355333	-1.46637707850683
			3.25737198355333	-1.46824269819958
			3.25923760324609	-1.47010831789234
			3.25923760324609	-1.4719739375851
			3.26110322293885	-1.47383955727785
			3.26110322293885	-1.47570517697061
			3.2629688426316	-1.47757079666337
			3.2629688426316	-1.47943641635612
			3.2629688426316	-1.48130203604888
			3.26483446232436	-1.48316765574164
			3.26483446232436	-1.4850332754344
			3.26483446232436	-1.48689889512715
			3.26670008201712	-1.48876451481991
			3.26670008201712	-1.49063013451267
			3.26670008201712	-1.49249575420542
			3.26856570170987	-1.49436137389818
			3.26856570170987	-1.49622699359094
			3.26856570170987	-1.49809261328369
			3.27043132140263	-1.49995823297645
			3.27043132140263	-1.50182385266921
			3.27043132140263	-1.50368947236196
			3.27229694109539	-1.50555509205472
			3.27229694109539	-1.50742071174748
			3.27229694109539	-1.50928633144023
			3.27416256078814	-1.51115195113299
			3.27416256078814	-1.51301757082575
			3.27416256078814	-1.5148831905185
			3.27416256078814	-1.51674881021126
			3.2760281804809	-1.51861442990402
			3.2760281804809	-1.52048004959677
			3.2760281804809	-1.52234566928953
			3.27789380017366	-1.52421128898229
			3.27789380017366	-1.52607690867504
			3.27789380017366	-1.5279425283678
			3.27789380017366	-1.52980814806056
			3.27789380017366	-1.53167376775331
			3.27975941986642	-1.53353938744607
			3.27975941986642	-1.53540500713883
			3.27975941986642	-1.53727062683158
			3.27975941986642	-1.53913624652434
			3.27975941986642	-1.5410018662171
			3.28162503955917	-1.5410018662171
			3.28162503955917	-1.54286748590986
			3.28162503955917	-1.54473310560261
			3.28162503955917	-1.54659872529537
			3.28162503955917	-1.54846434498813
			3.28162503955917	-1.55032996468088
			3.28349065925193	-1.55219558437364
			3.28349065925193	-1.5540612040664
			3.28349065925193	-1.55592682375915
			3.28349065925193	-1.55779244345191
			3.28349065925193	-1.55965806314467
			3.28349065925193	-1.56152368283742
			3.28535627894469	-1.56338930253018
			3.28535627894469	-1.56525492222294
			3.28535627894469	-1.56712054191569
			3.28535627894469	-1.56898616160845
			3.28535627894469	-1.57085178130121
			3.28535627894469	-1.57271740099396
			3.28722189863744	-1.57458302068672
			3.28722189863744	-1.57644864037948
			3.28722189863744	-1.57831426007223
			3.28722189863744	-1.58017987976499
			3.28722189863744	-1.58204549945775
			3.28722189863744	-1.5839111191505
			3.2890875183302	-1.58577673884326
			3.2890875183302	-1.58764235853602
			3.2890875183302	-1.58950797822877
			3.2890875183302	-1.59137359792153
			3.2890875183302	-1.59323921761429
			3.2890875183302	-1.59510483730704
			3.29095313802296	-1.59510483730704
			3.29095313802296	-1.5969704569998
			3.29095313802296	-1.59883607669256
			3.29095313802296	-1.60070169638532
			3.29095313802296	-1.60256731607807
			3.29095313802296	-1.60443293577083
			3.29281875771571	-1.60629855546359
			3.29281875771571	-1.60816417515634
			3.29281875771571	-1.6100297948491
			3.29281875771571	-1.61189541454186
			3.29281875771571	-1.61376103423461
			3.29281875771571	-1.61562665392737
			3.29468437740847	-1.61749227362013
			3.29468437740847	-1.61935789331288
			3.29468437740847	-1.62122351300564
			3.29468437740847	-1.6230891326984
			3.29468437740847	-1.62495475239115
			3.29468437740847	-1.62682037208391
			3.29654999710123	-1.62868599177667
			3.29654999710123	-1.63055161146942
			3.29654999710123	-1.63241723116218
			3.29654999710123	-1.63428285085494
			3.29654999710123	-1.63614847054769
			3.29654999710123	-1.63801409024045
			3.29841561679398	-1.63987970993321
			3.29841561679398	-1.64174532962596
			3.29841561679398	-1.64361094931872
			3.29841561679398	-1.64547656901148
			3.29841561679398	-1.64734218870423
			3.30028123648674	-1.64920780839699
			3.30028123648674	-1.65107342808975
			3.30028123648674	-1.6529390477825
			3.30028123648674	-1.65480466747526
			3.30028123648674	-1.65667028716802
			3.30028123648674	-1.65853590686078
			3.3021468561795	-1.66040152655353
			3.3021468561795	-1.66226714624629
			3.3021468561795	-1.66413276593905
			3.3021468561795	-1.6659983856318
			3.3021468561795	-1.66786400532456
			3.3021468561795	-1.66972962501732
			3.30401247587225	-1.67159524471007
			3.30401247587225	-1.67346086440283
			3.30401247587225	-1.67532648409559
			3.30401247587225	-1.67719210378834
			3.30401247587225	-1.6790577234811
			3.30401247587225	-1.68092334317386
			3.30587809556501	-1.68278896286661
			3.30587809556501	-1.68465458255937
			3.30587809556501	-1.68652020225213
			3.30587809556501	-1.68838582194488
			3.30587809556501	-1.69025144163764
			3.30774371525777	-1.6921170613304
			3.30774371525777	-1.69398268102315
			3.30774371525777	-1.69584830071591
			3.30774371525777	-1.69771392040867
			3.30774371525777	-1.69957954010142
			3.30960933495052	-1.70144515979418
			3.30960933495052	-1.70331077948694
			3.30960933495052	-1.70517639917969
			3.30960933495052	-1.70704201887245
			3.30960933495052	-1.70890763856521
			3.30960933495052	-1.71077325825797
			3.31147495464328	-1.71263887795072
			3.31147495464328	-1.71450449764348
			3.31147495464328	-1.71637011733624
			3.31147495464328	-1.71823573702899
			3.31147495464328	-1.72010135672175
			3.31147495464328	-1.72196697641451
			3.31334057433604	-1.72383259610726
			3.31334057433604	-1.72569821580002
			3.31334057433604	-1.72756383549278
			3.31334057433604	-1.72942945518553
			3.31334057433604	-1.73129507487829
			3.31520619402879	-1.73316069457105
			3.31520619402879	-1.7350263142638
			3.31520619402879	-1.73689193395656
			3.31520619402879	-1.73875755364932
			3.31520619402879	-1.74062317334207
			3.31520619402879	-1.74248879303483
			3.31707181372155	-1.74248879303483
			3.31707181372155	-1.74435441272759
			3.31707181372155	-1.74622003242034
			3.31707181372155	-1.7480856521131
			3.31707181372155	-1.74995127180586
			3.31707181372155	-1.75181689149861
			3.31893743341431	-1.75368251119137
			3.31893743341431	-1.75554813088413
			3.31893743341431	-1.75741375057688
			3.31893743341431	-1.75927937026964
			3.31893743341431	-1.7611449899624
			3.32080305310706	-1.76301060965515
			3.32080305310706	-1.76487622934791
			3.32080305310706	-1.76674184904067
			3.32080305310706	-1.76860746873343
			3.32080305310706	-1.77047308842618
			3.32080305310706	-1.77233870811894
			3.32266867279982	-1.7742043278117
			3.32266867279982	-1.77606994750445
			3.32266867279982	-1.77793556719721
			3.32266867279982	-1.77980118688997
			3.32266867279982	-1.78166680658272
			3.32266867279982	-1.78353242627548
			3.32453429249258	-1.78539804596824
			3.32453429249258	-1.78726366566099
			3.32453429249258	-1.78912928535375
			3.32453429249258	-1.79099490504651
			3.32453429249258	-1.79286052473926
			3.32639991218533	-1.79286052473926
			3.32639991218533	-1.79472614443202
			3.32639991218533	-1.79659176412478
			3.32639991218533	-1.79845738381753
			3.32639991218533	-1.80032300351029
			3.32639991218533	-1.80218862320305
			3.32826553187809	-1.8040542428958
			3.32826553187809	-1.80591986258856
			3.32826553187809	-1.80778548228132
			3.32826553187809	-1.80965110197407
			3.32826553187809	-1.81151672166683
			3.32826553187809	-1.81338234135959
			3.33013115157085	-1.81524796105234
			3.33013115157085	-1.8171135807451
			3.33013115157085	-1.81897920043786
			3.33013115157085	-1.82084482013062
			3.33013115157085	-1.82271043982337
			3.33199677126361	-1.82271043982337
			3.33199677126361	-1.82457605951613
			3.33199677126361	-1.82644167920889
			3.33199677126361	-1.82830729890164
			3.33199677126361	-1.8301729185944
			3.33013115157085	-1.83203853828716
			3.33013115157085	-1.83390415797991
			3.32826553187809	-1.83576977767267
			3.32826553187809	-1.83763539736543
			3.32826553187809	-1.83950101705818
			3.32826553187809	-1.84136663675094
			3.32639991218533	-1.8432322564437
			3.32639991218533	-1.84509787613645
			3.32639991218533	-1.84696349582921
			3.32453429249258	-1.84882911552197
			3.32453429249258	-1.85069473521472
			3.32453429249258	-1.85256035490748
			3.32453429249258	-1.85442597460024
			3.32453429249258	-1.85629159429299
			3.32453429249258	-1.85815721398575
			3.32453429249258	-1.86002283367851
			3.32266867279982	-1.86188845337126
			3.32266867279982	-1.86375407306402
			3.32266867279982	-1.86561969275678
			3.32266867279982	-1.86748531244953
			3.32266867279982	-1.86935093214229
			3.32266867279982	-1.87121655183505
			3.32266867279982	-1.8730821715278
			3.32266867279982	-1.87494779122056
			3.32266867279982	-1.87681341091332
			3.32266867279982	-1.87867903060608
			3.32266867279982	-1.88054465029883
			3.32453429249258	-1.88241026999159
			3.32453429249258	-1.88427588968435
			3.32453429249258	-1.8861415093771
			3.32453429249258	-1.88800712906986
			3.32453429249258	-1.88987274876262
			3.32453429249258	-1.89173836845537
			3.32453429249258	-1.89360398814813
			3.32639991218533	-1.89546960784089
			3.32639991218533	-1.89733522753364
			3.32639991218533	-1.8992008472264
			3.32639991218533	-1.90106646691916
			3.32826553187809	-1.90293208661191
			3.32826553187809	-1.90479770630467
			3.32826553187809	-1.90666332599743
			3.32826553187809	-1.90852894569018
			3.33013115157085	-1.90852894569018
			3.33013115157085	-1.91039456538294
			3.33013115157085	-1.9122601850757
			3.33013115157085	-1.91412580476845
			3.33199677126361	-1.91599142446121
			3.33199677126361	-1.91785704415397
			3.33386239095636	-1.91972266384672
			3.33386239095636	-1.92158828353948
			3.33386239095636	-1.92345390323224
			3.33572801064912	-1.92531952292499
			3.33572801064912	-1.92718514261775
			3.33572801064912	-1.92905076231051
			3.33759363034188	-1.93091638200326
			3.33759363034188	-1.93278200169602
			3.33945925003463	-1.93278200169602
			3.33945925003463	-1.93464762138878
			3.33945925003463	-1.93651324108154
			3.34132486972739	-1.93837886077429
			3.34132486972739	-1.94024448046705
			3.34319048942015	-1.94211010015981
			3.34319048942015	-1.94397571985256
			3.3450561091129	-1.94584133954532
			3.3450561091129	-1.94770695923808
			3.34692172880566	-1.94957257893083
			3.34692172880566	-1.95143819862359
			3.34878734849842	-1.95330381831635
			3.34878734849842	-1.9551694380091
			3.35065296819117	-1.9551694380091
			3.35251858788393	-1.95703505770186
			3.35251858788393	-1.95890067739462
			3.35438420757669	-1.96076629708737
			3.35438420757669	-1.96263191678013
			3.35624982726944	-1.96449753647289
			3.3581154469622	-1.96636315616564
			3.3581154469622	-1.9682287758584
			3.35998106665496	-1.97009439555116
			3.35998106665496	-1.97196001524391
			3.36184668634771	-1.97382563493667
			3.36371230604047	-1.97569125462943
			3.36557792573323	-1.97755687432218
			3.36557792573323	-1.97942249401494
			3.36744354542598	-1.9812881137077
			3.36930916511874	-1.98315373340045
			3.36930916511874	-1.98501935309321
			3.3711747848115	-1.98688497278597
			3.37304040450425	-1.98875059247872
			3.37490602419701	-1.99061621217148
			3.37490602419701	-1.99248183186424
			3.37677164388977	-1.994347451557
			3.37863726358252	-1.99621307124975
			3.38050288327528	-1.99807869094251
			3.38236850296804	-1.99994431063527
			3.38236850296804	-2.00180993032802
			3.38423412266079	-2.00367555002078
			3.38609974235355	-2.00554116971354
			3.38796536204631	-2.00740678940629
			3.38983098173907	-2.00927240909905
			3.39169660143182	-2.01113802879181
			3.39356222112458	-2.01300364848456
			3.39356222112458	-2.01486926817732
			3.39542784081734	-2.01673488787008
			3.39729346051009	-2.01860050756283
			3.39915908020285	-2.02046612725559
			3.40102469989561	-2.02233174694835
			3.40289031958836	-2.0241973666411
			3.40475593928112	-2.02606298633386
			3.40662155897388	-2.02792860602662
			3.40848717866663	-2.02979422571937
			3.41035279835939	-2.03165984541213
			3.41221841805215	-2.03352546510489
			3.4140840377449	-2.03539108479764
			3.41594965743766	-2.0372567044904
			3.41781527713042	-2.03912232418316
			3.41968089682317	-2.04098794387591
			3.42154651651593	-2.04285356356867
			3.42341213620869	-2.04471918326143
			3.42341213620869	-2.04658480295419
			3.42527775590144	-2.04658480295419
			3.4271433755942	-2.04845042264694
			3.4271433755942	-2.0503160423397
			3.42900899528696	-2.0503160423397
			3.43087461497971	-2.05218166203246
			3.43087461497971	-2.05404728172521
			3.43274023467247	-2.05404728172521
			3.43460585436523	-2.05591290141797
			3.43460585436523	-2.05777852111073
			3.43647147405798	-2.05777852111073
			3.43833709375074	-2.05964414080348
			3.43833709375074	-2.06150976049624
			3.4402027134435	-2.06150976049624
		</curvaD_espina_dorsal>
		<curvaI_espina_dorsal type=matrix rownames=FALSE colnames=FALSE nrow=383 ncol=2 as.numeric=TRUE >
			3.23125330785474	-1.42533344526618
			3.23125330785474	-1.42719906495894
			3.2331189275475	-1.42906468465169
			3.2331189275475	-1.43093030434445
			3.23498454724025	-1.43279592403721
			3.23498454724025	-1.43466154372996
			3.23685016693301	-1.43652716342272
			3.23685016693301	-1.43839278311548
			3.23685016693301	-1.44025840280823
			3.23871578662577	-1.44212402250099
			3.23871578662577	-1.44398964219375
			3.23871578662577	-1.4458552618865
			3.24058140631852	-1.44772088157926
			3.24058140631852	-1.44958650127202
			3.24058140631852	-1.45145212096477
			3.24244702601128	-1.45331774065753
			3.24244702601128	-1.45518336035029
			3.24244702601128	-1.45704898004304
			3.24431264570404	-1.4589145997358
			3.24431264570404	-1.46078021942856
			3.24431264570404	-1.46264583912131
			3.24617826539679	-1.46451145881407
			3.24617826539679	-1.46637707850683
			3.24617826539679	-1.46824269819958
			3.24617826539679	-1.47010831789234
			3.24804388508955	-1.47010831789234
			3.24804388508955	-1.4719739375851
			3.24804388508955	-1.47383955727785
			3.24804388508955	-1.47570517697061
			3.24990950478231	-1.47757079666337
			3.24990950478231	-1.47943641635612
			3.24990950478231	-1.48130203604888
			3.24990950478231	-1.48316765574164
			3.24990950478231	-1.4850332754344
			3.25177512447506	-1.48689889512715
			3.25177512447506	-1.48876451481991
			3.25177512447506	-1.49063013451267
			3.25177512447506	-1.49249575420542
			3.25177512447506	-1.49436137389818
			3.25364074416782	-1.49622699359094
			3.25364074416782	-1.49809261328369
			3.25364074416782	-1.49995823297645
			3.25364074416782	-1.50182385266921
			3.25364074416782	-1.50368947236196
			3.25550636386058	-1.50555509205472
			3.25550636386058	-1.50742071174748
			3.25550636386058	-1.50928633144023
			3.25550636386058	-1.51115195113299
			3.25550636386058	-1.51301757082575
			3.25550636386058	-1.5148831905185
			3.25550636386058	-1.51674881021126
			3.25737198355333	-1.51861442990402
			3.25737198355333	-1.52048004959677
			3.25737198355333	-1.52234566928953
			3.25737198355333	-1.52421128898229
			3.25737198355333	-1.52607690867504
			3.25737198355333	-1.5279425283678
			3.25737198355333	-1.52980814806056
			3.25737198355333	-1.53167376775331
			3.25923760324609	-1.53353938744607
			3.25923760324609	-1.53540500713883
			3.25923760324609	-1.53727062683158
			3.25923760324609	-1.53913624652434
			3.25923760324609	-1.5410018662171
			3.25923760324609	-1.54286748590986
			3.25923760324609	-1.54473310560261
			3.25923760324609	-1.54659872529537
			3.25923760324609	-1.54846434498813
			3.25923760324609	-1.55032996468088
			3.25923760324609	-1.55219558437364
			3.25923760324609	-1.5540612040664
			3.25923760324609	-1.55592682375915
			3.25923760324609	-1.55779244345191
			3.26110322293885	-1.55965806314467
			3.26110322293885	-1.56152368283742
			3.26110322293885	-1.56338930253018
			3.26110322293885	-1.56525492222294
			3.26110322293885	-1.56712054191569
			3.26110322293885	-1.56898616160845
			3.26110322293885	-1.57085178130121
			3.26110322293885	-1.57271740099396
			3.26110322293885	-1.57458302068672
			3.26110322293885	-1.57644864037948
			3.26110322293885	-1.57831426007223
			3.26110322293885	-1.58017987976499
			3.26110322293885	-1.58204549945775
			3.26110322293885	-1.5839111191505
			3.26110322293885	-1.58577673884326
			3.26110322293885	-1.58764235853602
			3.26110322293885	-1.58950797822877
			3.26110322293885	-1.59137359792153
			3.26110322293885	-1.59323921761429
			3.26110322293885	-1.59510483730704
			3.26110322293885	-1.5969704569998
			3.2629688426316	-1.59883607669256
			3.2629688426316	-1.60070169638532
			3.2629688426316	-1.60256731607807
			3.2629688426316	-1.60443293577083
			3.2629688426316	-1.60629855546359
			3.2629688426316	-1.60816417515634
			3.2629688426316	-1.6100297948491
			3.2629688426316	-1.61189541454186
			3.2629688426316	-1.61376103423461
			3.2629688426316	-1.61562665392737
			3.2629688426316	-1.61749227362013
			3.2629688426316	-1.61935789331288
			3.2629688426316	-1.62122351300564
			3.2629688426316	-1.6230891326984
			3.2629688426316	-1.62495475239115
			3.2629688426316	-1.62682037208391
			3.2629688426316	-1.62868599177667
			3.2629688426316	-1.63055161146942
			3.2629688426316	-1.63241723116218
			3.2629688426316	-1.63428285085494
			3.2629688426316	-1.63614847054769
			3.2629688426316	-1.63801409024045
			3.2629688426316	-1.63987970993321
			3.2629688426316	-1.64174532962596
			3.2629688426316	-1.64361094931872
			3.2629688426316	-1.64547656901148
			3.2629688426316	-1.64734218870423
			3.2629688426316	-1.64920780839699
			3.2629688426316	-1.65107342808975
			3.2629688426316	-1.6529390477825
			3.2629688426316	-1.65480466747526
			3.2629688426316	-1.65667028716802
			3.2629688426316	-1.65853590686078
			3.2629688426316	-1.66040152655353
			3.2629688426316	-1.66226714624629
			3.2629688426316	-1.66413276593905
			3.2629688426316	-1.6659983856318
			3.2629688426316	-1.66786400532456
			3.2629688426316	-1.66972962501732
			3.2629688426316	-1.67159524471007
			3.2629688426316	-1.67346086440283
			3.2629688426316	-1.67532648409559
			3.2629688426316	-1.67719210378834
			3.2629688426316	-1.6790577234811
			3.2629688426316	-1.68092334317386
			3.2629688426316	-1.68278896286661
			3.2629688426316	-1.68465458255937
			3.2629688426316	-1.68652020225213
			3.2629688426316	-1.68838582194488
			3.2629688426316	-1.69025144163764
			3.2629688426316	-1.6921170613304
			3.2629688426316	-1.69398268102315
			3.2629688426316	-1.69584830071591
			3.2629688426316	-1.69771392040867
			3.2629688426316	-1.69957954010142
			3.2629688426316	-1.70144515979418
			3.2629688426316	-1.70331077948694
			3.2629688426316	-1.70517639917969
			3.2629688426316	-1.70704201887245
			3.2629688426316	-1.70890763856521
			3.2629688426316	-1.71077325825797
			3.2629688426316	-1.71263887795072
			3.2629688426316	-1.71450449764348
			3.2629688426316	-1.71637011733624
			3.2629688426316	-1.71823573702899
			3.26110322293885	-1.71823573702899
			3.26110322293885	-1.72010135672175
			3.26110322293885	-1.72196697641451
			3.26110322293885	-1.72383259610726
			3.26110322293885	-1.72569821580002
			3.26110322293885	-1.72756383549278
			3.26110322293885	-1.72942945518553
			3.26110322293885	-1.73129507487829
			3.26110322293885	-1.73316069457105
			3.26110322293885	-1.7350263142638
			3.26110322293885	-1.73689193395656
			3.26110322293885	-1.73875755364932
			3.26110322293885	-1.74062317334207
			3.26110322293885	-1.74248879303483
			3.26110322293885	-1.74435441272759
			3.26110322293885	-1.74622003242034
			3.26110322293885	-1.7480856521131
			3.26110322293885	-1.74995127180586
			3.26110322293885	-1.75181689149861
			3.26110322293885	-1.75368251119137
			3.25923760324609	-1.75554813088413
			3.25923760324609	-1.75741375057688
			3.25923760324609	-1.75927937026964
			3.25923760324609	-1.7611449899624
			3.25923760324609	-1.76301060965515
			3.25923760324609	-1.76487622934791
			3.25923760324609	-1.76674184904067
			3.25923760324609	-1.76860746873343
			3.25923760324609	-1.77047308842618
			3.25923760324609	-1.77233870811894
			3.25923760324609	-1.7742043278117
			3.25923760324609	-1.77606994750445
			3.25923760324609	-1.77793556719721
			3.25923760324609	-1.77980118688997
			3.25737198355333	-1.78166680658272
			3.25737198355333	-1.78353242627548
			3.25737198355333	-1.78539804596824
			3.25737198355333	-1.78726366566099
			3.25737198355333	-1.78912928535375
			3.25737198355333	-1.79099490504651
			3.25737198355333	-1.79286052473926
			3.25737198355333	-1.79472614443202
			3.25737198355333	-1.79659176412478
			3.25737198355333	-1.79845738381753
			3.25737198355333	-1.80032300351029
			3.25550636386058	-1.80218862320305
			3.25550636386058	-1.8040542428958
			3.25550636386058	-1.80591986258856
			3.25550636386058	-1.80778548228132
			3.25550636386058	-1.80965110197407
			3.25550636386058	-1.81151672166683
			3.25364074416782	-1.81151672166683
			3.25177512447506	-1.81338234135959
			3.24990950478231	-1.81338234135959
			3.24804388508955	-1.81338234135959
			3.24617826539679	-1.81524796105234
			3.24431264570404	-1.81524796105234
			3.24244702601128	-1.81524796105234
			3.24058140631852	-1.8171135807451
			3.23871578662577	-1.8171135807451
			3.23685016693301	-1.8171135807451
			3.23498454724025	-1.81897920043786
			3.2331189275475	-1.81897920043786
			3.23125330785474	-1.81897920043786
			3.22938768816198	-1.81897920043786
			3.22752206846923	-1.81897920043786
			3.22565644877647	-1.81897920043786
			3.22379082908371	-1.82084482013062
			3.22192520939095	-1.82084482013062
			3.2200595896982	-1.82084482013062
			3.21819397000544	-1.82084482013062
			3.21632835031268	-1.82084482013062
			3.21446273061993	-1.82084482013062
			3.21259711092717	-1.82084482013062
			3.21073149123441	-1.82084482013062
			3.20886587154166	-1.82084482013062
			3.2070002518489	-1.82271043982337
			3.20513463215614	-1.82271043982337
			3.20326901246339	-1.82271043982337
			3.20140339277063	-1.82271043982337
			3.19953777307787	-1.82271043982337
			3.19767215338512	-1.82271043982337
			3.19580653369236	-1.82271043982337
			3.1939409139996	-1.82271043982337
			3.19207529430685	-1.82271043982337
			3.19020967461409	-1.82271043982337
			3.18834405492133	-1.82271043982337
			3.18647843522858	-1.82271043982337
			3.18461281553582	-1.82084482013062
			3.18274719584306	-1.82084482013062
			3.18088157615031	-1.82084482013062
			3.17901595645755	-1.82084482013062
			3.17715033676479	-1.82084482013062
			3.17528471707204	-1.82084482013062
			3.17341909737928	-1.82084482013062
			3.17155347768652	-1.82084482013062
			3.16968785799377	-1.82084482013062
			3.16782223830101	-1.82084482013062
			3.16595661860825	-1.81897920043786
			3.1640909989155	-1.81897920043786
			3.16222537922274	-1.81897920043786
			3.16035975952998	-1.81897920043786
			3.15849413983722	-1.81897920043786
			3.15662852014447	-1.81897920043786
			3.15476290045171	-1.8171135807451
			3.15289728075895	-1.8171135807451
			3.1510316610662	-1.8171135807451
			3.14916604137344	-1.8171135807451
			3.14730042168068	-1.8171135807451
			3.14543480198793	-1.81524796105234
			3.14356918229517	-1.81524796105234
			3.14170356260241	-1.81524796105234
			3.13983794290966	-1.81524796105234
			3.1379723232169	-1.81338234135959
			3.13610670352414	-1.81338234135959
			3.13424108383139	-1.81338234135959
			3.13237546413863	-1.81151672166683
			3.13050984444587	-1.81151672166683
			3.12864422475312	-1.81151672166683
			3.12677860506036	-1.81151672166683
			3.1249129853676	-1.80965110197407
			3.12304736567485	-1.80965110197407
			3.12118174598209	-1.80965110197407
			3.11931612628933	-1.80778548228132
			3.11745050659658	-1.80778548228132
			3.11558488690382	-1.80778548228132
			3.11371926721106	-1.80591986258856
			3.11185364751831	-1.80591986258856
			3.10998802782555	-1.80591986258856
			3.10998802782555	-1.8040542428958
			3.10812240813279	-1.8040542428958
			3.10625678844003	-1.8040542428958
			3.10439116874728	-1.8040542428958
			3.10252554905452	-1.80218862320305
			3.10065992936176	-1.80218862320305
			3.09879430966901	-1.80032300351029
			3.09692868997625	-1.80032300351029
			3.09506307028349	-1.80032300351029
			3.09506307028349	-1.79845738381753
			3.09319745059074	-1.79845738381753
			3.09133183089798	-1.79845738381753
			3.08946621120522	-1.79659176412478
			3.08760059151247	-1.79659176412478
			3.08573497181971	-1.79472614443202
			3.08386935212695	-1.79472614443202
			3.0820037324342	-1.79472614443202
			3.08013811274144	-1.79286052473926
			3.07827249304868	-1.79286052473926
			3.07640687335593	-1.79099490504651
			3.07454125366317	-1.79099490504651
			3.07267563397041	-1.78912928535375
			3.07081001427766	-1.78912928535375
			3.0689443945849	-1.78726366566099
			3.06707877489214	-1.78726366566099
			3.06521315519939	-1.78539804596824
			3.06334753550663	-1.78539804596824
			3.06148191581387	-1.78539804596824
			3.05961629612112	-1.78353242627548
			3.05775067642836	-1.78353242627548
			3.0558850567356	-1.78166680658272
			3.05401943704285	-1.77980118688997
			3.05215381735009	-1.77980118688997
			3.05028819765733	-1.77980118688997
			3.04842257796457	-1.77980118688997
			3.04655695827182	-1.77980118688997
			3.04469133857906	-1.77980118688997
			3.0428257188863	-1.78166680658272
			3.04096009919355	-1.78166680658272
			3.03909447950079	-1.78166680658272
			3.03722885980803	-1.78166680658272
			3.03536324011528	-1.78166680658272
			3.03349762042252	-1.78166680658272
			3.03163200072976	-1.78166680658272
			3.02976638103701	-1.78166680658272
			3.02790076134425	-1.78166680658272
			3.02603514165149	-1.78166680658272
			3.02603514165149	-1.78353242627548
			3.02416952195874	-1.78353242627548
			3.02230390226598	-1.78353242627548
			3.02043828257322	-1.78353242627548
			3.01857266288047	-1.78353242627548
			3.01670704318771	-1.78353242627548
			3.01484142349495	-1.78353242627548
			3.0129758038022	-1.78353242627548
			3.01111018410944	-1.78539804596824
			3.00924456441668	-1.78539804596824
			3.00737894472393	-1.78539804596824
			3.00551332503117	-1.78539804596824
			3.00364770533841	-1.78539804596824
			3.00178208564566	-1.78539804596824
			2.9999164659529	-1.78539804596824
			2.99805084626014	-1.78539804596824
			2.99618522656738	-1.78726366566099
			2.99431960687463	-1.78726366566099
			2.99245398718187	-1.78726366566099
			2.99058836748911	-1.78726366566099
			2.98872274779636	-1.78726366566099
			2.9868571281036	-1.78726366566099
			2.98499150841084	-1.78726366566099
			2.98312588871809	-1.78912928535375
			2.98126026902533	-1.78912928535375
			2.97939464933257	-1.78912928535375
			2.97752902963982	-1.78912928535375
			2.97566340994706	-1.78912928535375
			2.9737977902543	-1.78912928535375
			2.97193217056155	-1.79099490504651
			2.97006655086879	-1.79099490504651
			2.96820093117603	-1.79099490504651
			2.96633531148328	-1.79099490504651
			2.96446969179052	-1.79099490504651
			2.96260407209776	-1.79099490504651
			2.96073845240501	-1.79286052473926
			2.95887283271225	-1.79286052473926
			2.95700721301949	-1.79286052473926
			2.95514159332674	-1.79286052473926
			2.95327597363398	-1.79286052473926
			2.95141035394122	-1.79472614443202
			2.94954473424847	-1.79472614443202
			2.94767911455571	-1.79472614443202
			2.94581349486295	-1.79472614443202
			2.9439478751702	-1.79472614443202
			2.94208225547744	-1.79659176412478
			2.94021663578468	-1.79659176412478
			2.93835101609193	-1.79659176412478
		</curvaI_espina_dorsal>
	</curves.scaled>
	<ruler.points type=matrix rownames=TRUE colnames=FALSE nrow=2 ncol=2 as.numeric=TRUE >
		Ruler point 1	1519	537
		Ruler point 2	2055	533
	</ruler.points>
</shapes>

