<shapes type=list>
	<ruler.pixel type=vector names=FALSE length=1 as.numeric=TRUE >539.003710562367</ruler.pixel>
	<ruler.interval type=vector names=FALSE length=1 as.numeric=TRUE >1</ruler.interval>
	<scaling.units type=vector names=FALSE length=1 as.numeric=FALSE >mm</scaling.units>
	<scaling type=vector names=FALSE length=1 as.numeric=TRUE >0.00186561969275678</scaling>
	<landmarks.pixel type=matrix rownames=TRUE colnames=FALSE nrow=3 ncol=2 as.numeric=TRUE >
		punta_espina_dorsal	1518	732
		esq_izq_caparaza	1487	975
		organo_dorsal	1797	961
	</landmarks.pixel>
	<landmarks.scaled type=matrix rownames=TRUE colnames=FALSE nrow=3 ncol=2 as.numeric=TRUE >
		punta_espina_dorsal	2.83201069360479	-1.36563361509796
		esq_izq_caparaza	2.77417648312933	-1.81897920043786
		organo_dorsal	3.35251858788393	-1.79286052473926
	</landmarks.scaled>
	<curves.control type=list>
		<curvaD_espina_dorsal type=matrix rownames=FALSE colnames=FALSE nrow=7 ncol=2 as.numeric=TRUE >
			1518	732
			1541	743
			1560	768
			1614	819
			1667	884
			1671	928
			1797	961
		</curvaD_espina_dorsal>
		<curvaI_espina_dorsal type=matrix rownames=FALSE colnames=FALSE nrow=9 ncol=2 as.numeric=TRUE >
			1518	732
			1537	756
			1554	777
			1592	830
			1629	893
			1600	934
			1528	940
			1505	959
			1487	975
		</curvaI_espina_dorsal>
	</curves.control>
	<curves.pixel type=list>
		<curvaD_espina_dorsal type=matrix rownames=FALSE colnames=FALSE nrow=325 ncol=2 as.numeric=TRUE >
			1518	732
			1519	732
			1519	733
			1520	733
			1521	733
			1522	734
			1523	735
			1524	735
			1525	736
			1526	736
			1527	737
			1528	738
			1529	738
			1530	739
			1531	740
			1532	741
			1533	741
			1534	742
			1535	743
			1536	744
			1537	744
			1538	745
			1539	746
			1540	747
			1541	748
			1542	749
			1543	749
			1544	750
			1545	751
			1546	752
			1547	753
			1548	754
			1549	755
			1550	756
			1551	757
			1552	758
			1553	759
			1554	760
			1554	761
			1555	762
			1556	763
			1557	764
			1558	765
			1558	766
			1559	766
			1559	767
			1560	768
			1561	769
			1562	770
			1563	771
			1564	772
			1565	772
			1566	773
			1567	774
			1567	775
			1568	776
			1569	777
			1570	778
			1571	779
			1572	779
			1573	780
			1574	781
			1575	782
			1576	783
			1576	784
			1577	785
			1578	786
			1579	787
			1580	787
			1581	788
			1582	789
			1583	790
			1584	791
			1585	792
			1585	793
			1586	794
			1587	795
			1588	796
			1589	796
			1590	797
			1591	798
			1592	799
			1593	800
			1594	801
			1594	802
			1595	803
			1596	804
			1597	805
			1598	806
			1599	807
			1600	808
			1601	809
			1602	810
			1603	811
			1604	812
			1605	813
			1606	814
			1607	815
			1608	816
			1608	817
			1609	817
			1610	818
			1611	819
			1611	820
			1612	821
			1613	822
			1614	822
			1614	823
			1615	824
			1616	825
			1617	826
			1618	827
			1618	828
			1619	828
			1620	829
			1621	830
			1621	831
			1622	832
			1623	833
			1624	833
			1625	834
			1625	835
			1626	836
			1627	837
			1628	838
			1628	839
			1629	840
			1630	840
			1631	841
			1631	842
			1632	843
			1633	844
			1634	845
			1635	846
			1635	847
			1636	847
			1637	848
			1638	849
			1638	850
			1639	851
			1640	852
			1641	853
			1641	854
			1642	854
			1643	855
			1644	856
			1645	857
			1645	858
			1646	859
			1647	860
			1648	861
			1648	862
			1649	863
			1650	863
			1651	864
			1651	865
			1652	866
			1653	867
			1654	868
			1655	869
			1655	870
			1656	871
			1657	872
			1658	873
			1658	874
			1659	874
			1660	875
			1661	876
			1661	877
			1662	878
			1663	879
			1664	880
			1665	881
			1665	882
			1666	883
			1667	884
			1667	885
			1667	886
			1667	887
			1668	888
			1668	889
			1668	890
			1668	891
			1669	892
			1669	893
			1669	894
			1670	895
			1670	896
			1671	896
			1671	897
			1672	898
			1672	899
			1673	900
			1673	901
			1674	902
			1674	903
			1675	903
			1676	904
			1676	905
			1677	906
			1678	907
			1679	908
			1680	909
			1681	910
			1682	911
			1683	912
			1684	913
			1685	913
			1685	914
			1686	915
			1687	915
			1688	916
			1689	917
			1690	918
			1691	918
			1692	919
			1693	920
			1694	921
			1695	921
			1696	922
			1697	923
			1698	923
			1699	924
			1700	924
			1700	925
			1701	925
			1702	925
			1703	926
			1704	927
			1705	927
			1706	928
			1707	928
			1708	929
			1709	929
			1709	930
			1710	930
			1711	931
			1712	931
			1713	932
			1714	932
			1715	933
			1716	933
			1717	934
			1718	934
			1719	935
			1720	935
			1721	935
			1722	936
			1723	936
			1724	937
			1725	937
			1726	938
			1727	938
			1728	938
			1729	939
			1730	939
			1731	940
			1732	940
			1733	941
			1734	941
			1735	941
			1736	942
			1737	942
			1738	943
			1739	943
			1740	943
			1741	944
			1742	944
			1743	944
			1744	945
			1745	945
			1746	945
			1747	946
			1748	946
			1749	947
			1750	947
			1751	947
			1752	948
			1753	948
			1754	948
			1755	949
			1756	949
			1757	949
			1758	950
			1759	950
			1760	950
			1761	951
			1762	951
			1763	951
			1764	952
			1765	952
			1766	952
			1767	952
			1767	953
			1768	953
			1769	953
			1770	953
			1771	954
			1772	954
			1773	954
			1774	954
			1774	955
			1775	955
			1776	955
			1777	955
			1778	956
			1779	956
			1780	956
			1781	957
			1782	957
			1783	957
			1784	958
			1785	958
			1786	958
			1787	958
			1788	959
			1789	959
			1790	959
			1791	959
			1792	960
			1793	960
			1794	960
			1795	961
			1796	961
			1797	961
		</curvaD_espina_dorsal>
		<curvaI_espina_dorsal type=matrix rownames=FALSE colnames=FALSE nrow=326 ncol=2 as.numeric=TRUE >
			1518	732
			1518	733
			1519	733
			1519	734
			1520	734
			1520	735
			1521	736
			1522	737
			1523	738
			1523	739
			1524	740
			1525	741
			1526	742
			1527	743
			1527	744
			1528	745
			1529	746
			1530	747
			1531	748
			1531	749
			1532	750
			1533	751
			1534	752
			1535	753
			1535	754
			1536	755
			1537	756
			1538	757
			1539	758
			1539	759
			1540	760
			1541	761
			1542	762
			1543	763
			1543	764
			1544	765
			1545	766
			1546	767
			1546	768
			1547	768
			1548	769
			1549	770
			1549	771
			1550	772
			1551	773
			1552	774
			1552	775
			1553	776
			1554	777
			1555	778
			1555	779
			1556	780
			1557	781
			1557	782
			1558	782
			1558	783
			1559	784
			1560	785
			1560	786
			1561	787
			1562	788
			1563	789
			1563	790
			1564	791
			1565	792
			1566	793
			1566	794
			1567	795
			1567	796
			1568	796
			1568	797
			1568	798
			1569	798
			1569	799
			1570	799
			1570	800
			1571	801
			1571	802
			1572	803
			1573	804
			1573	805
			1574	806
			1575	807
			1576	808
			1576	809
			1577	810
			1577	811
			1578	812
			1579	813
			1580	814
			1581	815
			1581	816
			1581	817
			1582	817
			1582	818
			1583	819
			1583	820
			1584	820
			1584	821
			1585	822
			1585	823
			1586	824
			1587	825
			1587	826
			1588	827
			1589	828
			1590	829
			1590	830
			1591	831
			1592	832
			1592	833
			1593	834
			1593	835
			1594	836
			1595	837
			1595	838
			1596	839
			1597	840
			1597	841
			1598	842
			1599	843
			1599	844
			1600	845
			1600	846
			1601	847
			1602	848
			1602	849
			1603	850
			1604	851
			1604	852
			1605	853
			1606	854
			1606	855
			1607	856
			1607	857
			1608	858
			1609	859
			1609	860
			1610	861
			1611	862
			1611	863
			1612	864
			1612	865
			1613	866
			1613	867
			1614	868
			1615	869
			1615	870
			1616	871
			1617	872
			1617	873
			1618	874
			1618	875
			1619	876
			1620	877
			1620	878
			1621	879
			1621	880
			1622	881
			1622	882
			1623	882
			1623	883
			1624	884
			1624	885
			1625	886
			1625	887
			1626	888
			1627	889
			1627	890
			1628	891
			1628	892
			1629	893
			1628	894
			1627	895
			1627	896
			1626	897
			1625	898
			1625	899
			1624	899
			1623	900
			1623	901
			1622	901
			1622	902
			1621	903
			1620	903
			1620	904
			1619	905
			1618	906
			1617	907
			1616	908
			1615	909
			1614	909
			1613	910
			1613	911
			1612	911
			1611	912
			1610	913
			1609	913
			1608	914
			1607	915
			1606	916
			1605	917
			1604	917
			1603	918
			1602	918
			1601	919
			1600	920
			1599	920
			1598	921
			1597	921
			1596	922
			1595	922
			1595	923
			1594	923
			1593	924
			1592	924
			1591	924
			1590	925
			1589	925
			1588	926
			1587	926
			1586	927
			1585	927
			1584	927
			1583	928
			1582	928
			1582	929
			1581	929
			1580	929
			1579	930
			1578	930
			1577	930
			1576	931
			1575	931
			1574	931
			1573	932
			1572	932
			1571	932
			1570	933
			1569	933
			1568	933
			1567	933
			1566	934
			1565	934
			1564	934
			1563	934
			1562	935
			1561	935
			1560	935
			1559	935
			1558	936
			1557	936
			1556	936
			1555	936
			1554	936
			1553	937
			1552	937
			1551	937
			1550	937
			1549	937
			1548	938
			1547	938
			1546	938
			1545	938
			1544	938
			1543	938
			1542	938
			1541	939
			1540	939
			1539	939
			1538	939
			1537	939
			1536	939
			1535	939
			1534	939
			1533	940
			1532	940
			1531	940
			1530	940
			1529	940
			1528	940
			1527	941
			1526	942
			1525	943
			1524	944
			1523	944
			1522	945
			1521	945
			1521	946
			1520	947
			1519	947
			1519	948
			1518	948
			1517	949
			1516	950
			1515	951
			1514	952
			1513	953
			1512	953
			1511	954
			1510	955
			1509	956
			1508	957
			1507	958
			1506	959
			1505	959
			1504	960
			1503	961
			1502	962
			1501	963
			1500	963
			1499	964
			1498	965
			1497	966
			1497	967
			1496	967
			1495	968
			1494	969
			1493	970
			1492	971
			1491	971
			1490	972
			1489	973
			1489	974
			1488	974
			1487	975
		</curvaI_espina_dorsal>
	</curves.pixel>
	<curves.scaled type=list>
		<curvaD_espina_dorsal type=matrix rownames=FALSE colnames=FALSE nrow=325 ncol=2 as.numeric=TRUE >
			2.83201069360479	-1.36563361509796
			2.83387631329755	-1.36563361509796
			2.83387631329755	-1.36749923479072
			2.8357419329903	-1.36749923479072
			2.83760755268306	-1.36749923479072
			2.83947317237582	-1.36936485448347
			2.84133879206857	-1.37123047417623
			2.84320441176133	-1.37123047417623
			2.84507003145409	-1.37309609386899
			2.84693565114684	-1.37309609386899
			2.8488012708396	-1.37496171356175
			2.85066689053236	-1.3768273332545
			2.85253251022511	-1.3768273332545
			2.85439812991787	-1.37869295294726
			2.85626374961063	-1.38055857264002
			2.85812936930338	-1.38242419233277
			2.85999498899614	-1.38242419233277
			2.8618606086889	-1.38428981202553
			2.86372622838165	-1.38615543171829
			2.86559184807441	-1.38802105141104
			2.86745746776717	-1.38802105141104
			2.86932308745992	-1.3898866711038
			2.87118870715268	-1.39175229079656
			2.87305432684544	-1.39361791048931
			2.87491994653819	-1.39548353018207
			2.87678556623095	-1.39734914987483
			2.87865118592371	-1.39734914987483
			2.88051680561646	-1.39921476956758
			2.88238242530922	-1.40108038926034
			2.88424804500198	-1.4029460089531
			2.88611366469474	-1.40481162864585
			2.88797928438749	-1.40667724833861
			2.88984490408025	-1.40854286803137
			2.89171052377301	-1.41040848772412
			2.89357614346576	-1.41227410741688
			2.89544176315852	-1.41413972710964
			2.89730738285128	-1.41600534680239
			2.89917300254403	-1.41787096649515
			2.89917300254403	-1.41973658618791
			2.90103862223679	-1.42160220588066
			2.90290424192955	-1.42346782557342
			2.9047698616223	-1.42533344526618
			2.90663548131506	-1.42719906495894
			2.90663548131506	-1.42906468465169
			2.90850110100782	-1.42906468465169
			2.90850110100782	-1.43093030434445
			2.91036672070057	-1.43279592403721
			2.91223234039333	-1.43466154372996
			2.91409796008609	-1.43652716342272
			2.91596357977884	-1.43839278311548
			2.9178291994716	-1.44025840280823
			2.91969481916436	-1.44025840280823
			2.92156043885711	-1.44212402250099
			2.92342605854987	-1.44398964219375
			2.92342605854987	-1.4458552618865
			2.92529167824263	-1.44772088157926
			2.92715729793538	-1.44958650127202
			2.92902291762814	-1.45145212096477
			2.9308885373209	-1.45331774065753
			2.93275415701365	-1.45331774065753
			2.93461977670641	-1.45518336035029
			2.93648539639917	-1.45704898004304
			2.93835101609193	-1.4589145997358
			2.94021663578468	-1.46078021942856
			2.94021663578468	-1.46264583912131
			2.94208225547744	-1.46451145881407
			2.9439478751702	-1.46637707850683
			2.94581349486295	-1.46824269819958
			2.94767911455571	-1.46824269819958
			2.94954473424847	-1.47010831789234
			2.95141035394122	-1.4719739375851
			2.95327597363398	-1.47383955727785
			2.95514159332674	-1.47570517697061
			2.95700721301949	-1.47757079666337
			2.95700721301949	-1.47943641635612
			2.95887283271225	-1.48130203604888
			2.96073845240501	-1.48316765574164
			2.96260407209776	-1.4850332754344
			2.96446969179052	-1.4850332754344
			2.96633531148328	-1.48689889512715
			2.96820093117603	-1.48876451481991
			2.97006655086879	-1.49063013451267
			2.97193217056155	-1.49249575420542
			2.9737977902543	-1.49436137389818
			2.9737977902543	-1.49622699359094
			2.97566340994706	-1.49809261328369
			2.97752902963982	-1.49995823297645
			2.97939464933257	-1.50182385266921
			2.98126026902533	-1.50368947236196
			2.98312588871809	-1.50555509205472
			2.98499150841084	-1.50742071174748
			2.9868571281036	-1.50928633144023
			2.98872274779636	-1.51115195113299
			2.99058836748911	-1.51301757082575
			2.99245398718187	-1.5148831905185
			2.99431960687463	-1.51674881021126
			2.99618522656738	-1.51861442990402
			2.99805084626014	-1.52048004959677
			2.9999164659529	-1.52234566928953
			2.9999164659529	-1.52421128898229
			3.00178208564566	-1.52421128898229
			3.00364770533841	-1.52607690867504
			3.00551332503117	-1.5279425283678
			3.00551332503117	-1.52980814806056
			3.00737894472393	-1.53167376775331
			3.00924456441668	-1.53353938744607
			3.01111018410944	-1.53353938744607
			3.01111018410944	-1.53540500713883
			3.0129758038022	-1.53727062683158
			3.01484142349495	-1.53913624652434
			3.01670704318771	-1.5410018662171
			3.01857266288047	-1.54286748590986
			3.01857266288047	-1.54473310560261
			3.02043828257322	-1.54473310560261
			3.02230390226598	-1.54659872529537
			3.02416952195874	-1.54846434498813
			3.02416952195874	-1.55032996468088
			3.02603514165149	-1.55219558437364
			3.02790076134425	-1.5540612040664
			3.02976638103701	-1.5540612040664
			3.03163200072976	-1.55592682375915
			3.03163200072976	-1.55779244345191
			3.03349762042252	-1.55965806314467
			3.03536324011528	-1.56152368283742
			3.03722885980803	-1.56338930253018
			3.03722885980803	-1.56525492222294
			3.03909447950079	-1.56712054191569
			3.04096009919355	-1.56712054191569
			3.0428257188863	-1.56898616160845
			3.0428257188863	-1.57085178130121
			3.04469133857906	-1.57271740099396
			3.04655695827182	-1.57458302068672
			3.04842257796457	-1.57644864037948
			3.05028819765733	-1.57831426007223
			3.05028819765733	-1.58017987976499
			3.05215381735009	-1.58017987976499
			3.05401943704285	-1.58204549945775
			3.0558850567356	-1.5839111191505
			3.0558850567356	-1.58577673884326
			3.05775067642836	-1.58764235853602
			3.05961629612112	-1.58950797822877
			3.06148191581387	-1.59137359792153
			3.06148191581387	-1.59323921761429
			3.06334753550663	-1.59323921761429
			3.06521315519939	-1.59510483730704
			3.06707877489214	-1.5969704569998
			3.0689443945849	-1.59883607669256
			3.0689443945849	-1.60070169638532
			3.07081001427766	-1.60256731607807
			3.07267563397041	-1.60443293577083
			3.07454125366317	-1.60629855546359
			3.07454125366317	-1.60816417515634
			3.07640687335593	-1.6100297948491
			3.07827249304868	-1.6100297948491
			3.08013811274144	-1.61189541454186
			3.08013811274144	-1.61376103423461
			3.0820037324342	-1.61562665392737
			3.08386935212695	-1.61749227362013
			3.08573497181971	-1.61935789331288
			3.08760059151247	-1.62122351300564
			3.08760059151247	-1.6230891326984
			3.08946621120522	-1.62495475239115
			3.09133183089798	-1.62682037208391
			3.09319745059074	-1.62868599177667
			3.09319745059074	-1.63055161146942
			3.09506307028349	-1.63055161146942
			3.09692868997625	-1.63241723116218
			3.09879430966901	-1.63428285085494
			3.09879430966901	-1.63614847054769
			3.10065992936176	-1.63801409024045
			3.10252554905452	-1.63987970993321
			3.10439116874728	-1.64174532962596
			3.10625678844003	-1.64361094931872
			3.10625678844003	-1.64547656901148
			3.10812240813279	-1.64734218870423
			3.10998802782555	-1.64920780839699
			3.10998802782555	-1.65107342808975
			3.10998802782555	-1.6529390477825
			3.10998802782555	-1.65480466747526
			3.11185364751831	-1.65667028716802
			3.11185364751831	-1.65853590686078
			3.11185364751831	-1.66040152655353
			3.11185364751831	-1.66226714624629
			3.11371926721106	-1.66413276593905
			3.11371926721106	-1.6659983856318
			3.11371926721106	-1.66786400532456
			3.11558488690382	-1.66972962501732
			3.11558488690382	-1.67159524471007
			3.11745050659658	-1.67159524471007
			3.11745050659658	-1.67346086440283
			3.11931612628933	-1.67532648409559
			3.11931612628933	-1.67719210378834
			3.12118174598209	-1.6790577234811
			3.12118174598209	-1.68092334317386
			3.12304736567485	-1.68278896286661
			3.12304736567485	-1.68465458255937
			3.1249129853676	-1.68465458255937
			3.12677860506036	-1.68652020225213
			3.12677860506036	-1.68838582194488
			3.12864422475312	-1.69025144163764
			3.13050984444587	-1.6921170613304
			3.13237546413863	-1.69398268102315
			3.13424108383139	-1.69584830071591
			3.13610670352414	-1.69771392040867
			3.1379723232169	-1.69957954010142
			3.13983794290966	-1.70144515979418
			3.14170356260241	-1.70331077948694
			3.14356918229517	-1.70331077948694
			3.14356918229517	-1.70517639917969
			3.14543480198793	-1.70704201887245
			3.14730042168068	-1.70704201887245
			3.14916604137344	-1.70890763856521
			3.1510316610662	-1.71077325825797
			3.15289728075895	-1.71263887795072
			3.15476290045171	-1.71263887795072
			3.15662852014447	-1.71450449764348
			3.15849413983722	-1.71637011733624
			3.16035975952998	-1.71823573702899
			3.16222537922274	-1.71823573702899
			3.1640909989155	-1.72010135672175
			3.16595661860825	-1.72196697641451
			3.16782223830101	-1.72196697641451
			3.16968785799377	-1.72383259610726
			3.17155347768652	-1.72383259610726
			3.17155347768652	-1.72569821580002
			3.17341909737928	-1.72569821580002
			3.17528471707204	-1.72569821580002
			3.17715033676479	-1.72756383549278
			3.17901595645755	-1.72942945518553
			3.18088157615031	-1.72942945518553
			3.18274719584306	-1.73129507487829
			3.18461281553582	-1.73129507487829
			3.18647843522858	-1.73316069457105
			3.18834405492133	-1.73316069457105
			3.18834405492133	-1.7350263142638
			3.19020967461409	-1.7350263142638
			3.19207529430685	-1.73689193395656
			3.1939409139996	-1.73689193395656
			3.19580653369236	-1.73875755364932
			3.19767215338512	-1.73875755364932
			3.19953777307787	-1.74062317334207
			3.20140339277063	-1.74062317334207
			3.20326901246339	-1.74248879303483
			3.20513463215614	-1.74248879303483
			3.2070002518489	-1.74435441272759
			3.20886587154166	-1.74435441272759
			3.21073149123441	-1.74435441272759
			3.21259711092717	-1.74622003242034
			3.21446273061993	-1.74622003242034
			3.21632835031268	-1.7480856521131
			3.21819397000544	-1.7480856521131
			3.2200595896982	-1.74995127180586
			3.22192520939095	-1.74995127180586
			3.22379082908371	-1.74995127180586
			3.22565644877647	-1.75181689149861
			3.22752206846923	-1.75181689149861
			3.22938768816198	-1.75368251119137
			3.23125330785474	-1.75368251119137
			3.2331189275475	-1.75554813088413
			3.23498454724025	-1.75554813088413
			3.23685016693301	-1.75554813088413
			3.23871578662577	-1.75741375057688
			3.24058140631852	-1.75741375057688
			3.24244702601128	-1.75927937026964
			3.24431264570404	-1.75927937026964
			3.24617826539679	-1.75927937026964
			3.24804388508955	-1.7611449899624
			3.24990950478231	-1.7611449899624
			3.25177512447506	-1.7611449899624
			3.25364074416782	-1.76301060965515
			3.25550636386058	-1.76301060965515
			3.25737198355333	-1.76301060965515
			3.25923760324609	-1.76487622934791
			3.26110322293885	-1.76487622934791
			3.2629688426316	-1.76674184904067
			3.26483446232436	-1.76674184904067
			3.26670008201712	-1.76674184904067
			3.26856570170987	-1.76860746873343
			3.27043132140263	-1.76860746873343
			3.27229694109539	-1.76860746873343
			3.27416256078814	-1.77047308842618
			3.2760281804809	-1.77047308842618
			3.27789380017366	-1.77047308842618
			3.27975941986642	-1.77233870811894
			3.28162503955917	-1.77233870811894
			3.28349065925193	-1.77233870811894
			3.28535627894469	-1.7742043278117
			3.28722189863744	-1.7742043278117
			3.2890875183302	-1.7742043278117
			3.29095313802296	-1.77606994750445
			3.29281875771571	-1.77606994750445
			3.29468437740847	-1.77606994750445
			3.29654999710123	-1.77606994750445
			3.29654999710123	-1.77793556719721
			3.29841561679398	-1.77793556719721
			3.30028123648674	-1.77793556719721
			3.3021468561795	-1.77793556719721
			3.30401247587225	-1.77980118688997
			3.30587809556501	-1.77980118688997
			3.30774371525777	-1.77980118688997
			3.30960933495052	-1.77980118688997
			3.30960933495052	-1.78166680658272
			3.31147495464328	-1.78166680658272
			3.31334057433604	-1.78166680658272
			3.31520619402879	-1.78166680658272
			3.31707181372155	-1.78353242627548
			3.31893743341431	-1.78353242627548
			3.32080305310706	-1.78353242627548
			3.32266867279982	-1.78539804596824
			3.32453429249258	-1.78539804596824
			3.32639991218533	-1.78539804596824
			3.32826553187809	-1.78726366566099
			3.33013115157085	-1.78726366566099
			3.33199677126361	-1.78726366566099
			3.33386239095636	-1.78726366566099
			3.33572801064912	-1.78912928535375
			3.33759363034188	-1.78912928535375
			3.33945925003463	-1.78912928535375
			3.34132486972739	-1.78912928535375
			3.34319048942015	-1.79099490504651
			3.3450561091129	-1.79099490504651
			3.34692172880566	-1.79099490504651
			3.34878734849842	-1.79286052473926
			3.35065296819117	-1.79286052473926
			3.35251858788393	-1.79286052473926
		</curvaD_espina_dorsal>
		<curvaI_espina_dorsal type=matrix rownames=FALSE colnames=FALSE nrow=326 ncol=2 as.numeric=TRUE >
			2.83201069360479	-1.36563361509796
			2.83201069360479	-1.36749923479072
			2.83387631329755	-1.36749923479072
			2.83387631329755	-1.36936485448347
			2.8357419329903	-1.36936485448347
			2.8357419329903	-1.37123047417623
			2.83760755268306	-1.37309609386899
			2.83947317237582	-1.37496171356175
			2.84133879206857	-1.3768273332545
			2.84133879206857	-1.37869295294726
			2.84320441176133	-1.38055857264002
			2.84507003145409	-1.38242419233277
			2.84693565114684	-1.38428981202553
			2.8488012708396	-1.38615543171829
			2.8488012708396	-1.38802105141104
			2.85066689053236	-1.3898866711038
			2.85253251022511	-1.39175229079656
			2.85439812991787	-1.39361791048931
			2.85626374961063	-1.39548353018207
			2.85626374961063	-1.39734914987483
			2.85812936930338	-1.39921476956758
			2.85999498899614	-1.40108038926034
			2.8618606086889	-1.4029460089531
			2.86372622838165	-1.40481162864585
			2.86372622838165	-1.40667724833861
			2.86559184807441	-1.40854286803137
			2.86745746776717	-1.41040848772412
			2.86932308745992	-1.41227410741688
			2.87118870715268	-1.41413972710964
			2.87118870715268	-1.41600534680239
			2.87305432684544	-1.41787096649515
			2.87491994653819	-1.41973658618791
			2.87678556623095	-1.42160220588066
			2.87865118592371	-1.42346782557342
			2.87865118592371	-1.42533344526618
			2.88051680561646	-1.42719906495894
			2.88238242530922	-1.42906468465169
			2.88424804500198	-1.43093030434445
			2.88424804500198	-1.43279592403721
			2.88611366469474	-1.43279592403721
			2.88797928438749	-1.43466154372996
			2.88984490408025	-1.43652716342272
			2.88984490408025	-1.43839278311548
			2.89171052377301	-1.44025840280823
			2.89357614346576	-1.44212402250099
			2.89544176315852	-1.44398964219375
			2.89544176315852	-1.4458552618865
			2.89730738285128	-1.44772088157926
			2.89917300254403	-1.44958650127202
			2.90103862223679	-1.45145212096477
			2.90103862223679	-1.45331774065753
			2.90290424192955	-1.45518336035029
			2.9047698616223	-1.45704898004304
			2.9047698616223	-1.4589145997358
			2.90663548131506	-1.4589145997358
			2.90663548131506	-1.46078021942856
			2.90850110100782	-1.46264583912131
			2.91036672070057	-1.46451145881407
			2.91036672070057	-1.46637707850683
			2.91223234039333	-1.46824269819958
			2.91409796008609	-1.47010831789234
			2.91596357977884	-1.4719739375851
			2.91596357977884	-1.47383955727785
			2.9178291994716	-1.47570517697061
			2.91969481916436	-1.47757079666337
			2.92156043885711	-1.47943641635612
			2.92156043885711	-1.48130203604888
			2.92342605854987	-1.48316765574164
			2.92342605854987	-1.4850332754344
			2.92529167824263	-1.4850332754344
			2.92529167824263	-1.48689889512715
			2.92529167824263	-1.48876451481991
			2.92715729793538	-1.48876451481991
			2.92715729793538	-1.49063013451267
			2.92902291762814	-1.49063013451267
			2.92902291762814	-1.49249575420542
			2.9308885373209	-1.49436137389818
			2.9308885373209	-1.49622699359094
			2.93275415701365	-1.49809261328369
			2.93461977670641	-1.49995823297645
			2.93461977670641	-1.50182385266921
			2.93648539639917	-1.50368947236196
			2.93835101609193	-1.50555509205472
			2.94021663578468	-1.50742071174748
			2.94021663578468	-1.50928633144023
			2.94208225547744	-1.51115195113299
			2.94208225547744	-1.51301757082575
			2.9439478751702	-1.5148831905185
			2.94581349486295	-1.51674881021126
			2.94767911455571	-1.51861442990402
			2.94954473424847	-1.52048004959677
			2.94954473424847	-1.52234566928953
			2.94954473424847	-1.52421128898229
			2.95141035394122	-1.52421128898229
			2.95141035394122	-1.52607690867504
			2.95327597363398	-1.5279425283678
			2.95327597363398	-1.52980814806056
			2.95514159332674	-1.52980814806056
			2.95514159332674	-1.53167376775331
			2.95700721301949	-1.53353938744607
			2.95700721301949	-1.53540500713883
			2.95887283271225	-1.53727062683158
			2.96073845240501	-1.53913624652434
			2.96073845240501	-1.5410018662171
			2.96260407209776	-1.54286748590986
			2.96446969179052	-1.54473310560261
			2.96633531148328	-1.54659872529537
			2.96633531148328	-1.54846434498813
			2.96820093117603	-1.55032996468088
			2.97006655086879	-1.55219558437364
			2.97006655086879	-1.5540612040664
			2.97193217056155	-1.55592682375915
			2.97193217056155	-1.55779244345191
			2.9737977902543	-1.55965806314467
			2.97566340994706	-1.56152368283742
			2.97566340994706	-1.56338930253018
			2.97752902963982	-1.56525492222294
			2.97939464933257	-1.56712054191569
			2.97939464933257	-1.56898616160845
			2.98126026902533	-1.57085178130121
			2.98312588871809	-1.57271740099396
			2.98312588871809	-1.57458302068672
			2.98499150841084	-1.57644864037948
			2.98499150841084	-1.57831426007223
			2.9868571281036	-1.58017987976499
			2.98872274779636	-1.58204549945775
			2.98872274779636	-1.5839111191505
			2.99058836748911	-1.58577673884326
			2.99245398718187	-1.58764235853602
			2.99245398718187	-1.58950797822877
			2.99431960687463	-1.59137359792153
			2.99618522656738	-1.59323921761429
			2.99618522656738	-1.59510483730704
			2.99805084626014	-1.5969704569998
			2.99805084626014	-1.59883607669256
			2.9999164659529	-1.60070169638532
			3.00178208564566	-1.60256731607807
			3.00178208564566	-1.60443293577083
			3.00364770533841	-1.60629855546359
			3.00551332503117	-1.60816417515634
			3.00551332503117	-1.6100297948491
			3.00737894472393	-1.61189541454186
			3.00737894472393	-1.61376103423461
			3.00924456441668	-1.61562665392737
			3.00924456441668	-1.61749227362013
			3.01111018410944	-1.61935789331288
			3.0129758038022	-1.62122351300564
			3.0129758038022	-1.6230891326984
			3.01484142349495	-1.62495475239115
			3.01670704318771	-1.62682037208391
			3.01670704318771	-1.62868599177667
			3.01857266288047	-1.63055161146942
			3.01857266288047	-1.63241723116218
			3.02043828257322	-1.63428285085494
			3.02230390226598	-1.63614847054769
			3.02230390226598	-1.63801409024045
			3.02416952195874	-1.63987970993321
			3.02416952195874	-1.64174532962596
			3.02603514165149	-1.64361094931872
			3.02603514165149	-1.64547656901148
			3.02790076134425	-1.64547656901148
			3.02790076134425	-1.64734218870423
			3.02976638103701	-1.64920780839699
			3.02976638103701	-1.65107342808975
			3.03163200072976	-1.6529390477825
			3.03163200072976	-1.65480466747526
			3.03349762042252	-1.65667028716802
			3.03536324011528	-1.65853590686078
			3.03536324011528	-1.66040152655353
			3.03722885980803	-1.66226714624629
			3.03722885980803	-1.66413276593905
			3.03909447950079	-1.6659983856318
			3.03722885980803	-1.66786400532456
			3.03536324011528	-1.66972962501732
			3.03536324011528	-1.67159524471007
			3.03349762042252	-1.67346086440283
			3.03163200072976	-1.67532648409559
			3.03163200072976	-1.67719210378834
			3.02976638103701	-1.67719210378834
			3.02790076134425	-1.6790577234811
			3.02790076134425	-1.68092334317386
			3.02603514165149	-1.68092334317386
			3.02603514165149	-1.68278896286661
			3.02416952195874	-1.68465458255937
			3.02230390226598	-1.68465458255937
			3.02230390226598	-1.68652020225213
			3.02043828257322	-1.68838582194488
			3.01857266288047	-1.69025144163764
			3.01670704318771	-1.6921170613304
			3.01484142349495	-1.69398268102315
			3.0129758038022	-1.69584830071591
			3.01111018410944	-1.69584830071591
			3.00924456441668	-1.69771392040867
			3.00924456441668	-1.69957954010142
			3.00737894472393	-1.69957954010142
			3.00551332503117	-1.70144515979418
			3.00364770533841	-1.70331077948694
			3.00178208564566	-1.70331077948694
			2.9999164659529	-1.70517639917969
			2.99805084626014	-1.70704201887245
			2.99618522656738	-1.70890763856521
			2.99431960687463	-1.71077325825797
			2.99245398718187	-1.71077325825797
			2.99058836748911	-1.71263887795072
			2.98872274779636	-1.71263887795072
			2.9868571281036	-1.71450449764348
			2.98499150841084	-1.71637011733624
			2.98312588871809	-1.71637011733624
			2.98126026902533	-1.71823573702899
			2.97939464933257	-1.71823573702899
			2.97752902963982	-1.72010135672175
			2.97566340994706	-1.72010135672175
			2.97566340994706	-1.72196697641451
			2.9737977902543	-1.72196697641451
			2.97193217056155	-1.72383259610726
			2.97006655086879	-1.72383259610726
			2.96820093117603	-1.72383259610726
			2.96633531148328	-1.72569821580002
			2.96446969179052	-1.72569821580002
			2.96260407209776	-1.72756383549278
			2.96073845240501	-1.72756383549278
			2.95887283271225	-1.72942945518553
			2.95700721301949	-1.72942945518553
			2.95514159332674	-1.72942945518553
			2.95327597363398	-1.73129507487829
			2.95141035394122	-1.73129507487829
			2.95141035394122	-1.73316069457105
			2.94954473424847	-1.73316069457105
			2.94767911455571	-1.73316069457105
			2.94581349486295	-1.7350263142638
			2.9439478751702	-1.7350263142638
			2.94208225547744	-1.7350263142638
			2.94021663578468	-1.73689193395656
			2.93835101609193	-1.73689193395656
			2.93648539639917	-1.73689193395656
			2.93461977670641	-1.73875755364932
			2.93275415701365	-1.73875755364932
			2.9308885373209	-1.73875755364932
			2.92902291762814	-1.74062317334207
			2.92715729793538	-1.74062317334207
			2.92529167824263	-1.74062317334207
			2.92342605854987	-1.74062317334207
			2.92156043885711	-1.74248879303483
			2.91969481916436	-1.74248879303483
			2.9178291994716	-1.74248879303483
			2.91596357977884	-1.74248879303483
			2.91409796008609	-1.74435441272759
			2.91223234039333	-1.74435441272759
			2.91036672070057	-1.74435441272759
			2.90850110100782	-1.74435441272759
			2.90663548131506	-1.74622003242034
			2.9047698616223	-1.74622003242034
			2.90290424192955	-1.74622003242034
			2.90103862223679	-1.74622003242034
			2.89917300254403	-1.74622003242034
			2.89730738285128	-1.7480856521131
			2.89544176315852	-1.7480856521131
			2.89357614346576	-1.7480856521131
			2.89171052377301	-1.7480856521131
			2.88984490408025	-1.7480856521131
			2.88797928438749	-1.74995127180586
			2.88611366469474	-1.74995127180586
			2.88424804500198	-1.74995127180586
			2.88238242530922	-1.74995127180586
			2.88051680561646	-1.74995127180586
			2.87865118592371	-1.74995127180586
			2.87678556623095	-1.74995127180586
			2.87491994653819	-1.75181689149861
			2.87305432684544	-1.75181689149861
			2.87118870715268	-1.75181689149861
			2.86932308745992	-1.75181689149861
			2.86745746776717	-1.75181689149861
			2.86559184807441	-1.75181689149861
			2.86372622838165	-1.75181689149861
			2.8618606086889	-1.75181689149861
			2.85999498899614	-1.75368251119137
			2.85812936930338	-1.75368251119137
			2.85626374961063	-1.75368251119137
			2.85439812991787	-1.75368251119137
			2.85253251022511	-1.75368251119137
			2.85066689053236	-1.75368251119137
			2.8488012708396	-1.75554813088413
			2.84693565114684	-1.75741375057688
			2.84507003145409	-1.75927937026964
			2.84320441176133	-1.7611449899624
			2.84133879206857	-1.7611449899624
			2.83947317237582	-1.76301060965515
			2.83760755268306	-1.76301060965515
			2.83760755268306	-1.76487622934791
			2.8357419329903	-1.76674184904067
			2.83387631329755	-1.76674184904067
			2.83387631329755	-1.76860746873343
			2.83201069360479	-1.76860746873343
			2.83014507391203	-1.77047308842618
			2.82827945421927	-1.77233870811894
			2.82641383452652	-1.7742043278117
			2.82454821483376	-1.77606994750445
			2.822682595141	-1.77793556719721
			2.82081697544825	-1.77793556719721
			2.81895135575549	-1.77980118688997
			2.81708573606273	-1.78166680658272
			2.81522011636998	-1.78353242627548
			2.81335449667722	-1.78539804596824
			2.81148887698446	-1.78726366566099
			2.80962325729171	-1.78912928535375
			2.80775763759895	-1.78912928535375
			2.80589201790619	-1.79099490504651
			2.80402639821344	-1.79286052473926
			2.80216077852068	-1.79472614443202
			2.80029515882792	-1.79659176412478
			2.79842953913517	-1.79659176412478
			2.79656391944241	-1.79845738381753
			2.79469829974965	-1.80032300351029
			2.7928326800569	-1.80218862320305
			2.7928326800569	-1.8040542428958
			2.79096706036414	-1.8040542428958
			2.78910144067138	-1.80591986258856
			2.78723582097863	-1.80778548228132
			2.78537020128587	-1.80965110197407
			2.78350458159311	-1.81151672166683
			2.78163896190036	-1.81151672166683
			2.7797733422076	-1.81338234135959
			2.77790772251484	-1.81524796105234
			2.77790772251484	-1.8171135807451
			2.77604210282209	-1.8171135807451
			2.77417648312933	-1.81897920043786
		</curvaI_espina_dorsal>
	</curves.scaled>
	<ruler.points type=matrix rownames=TRUE colnames=FALSE nrow=2 ncol=2 as.numeric=TRUE >
		Ruler point 1	1519	537
		Ruler point 2	2055	533
	</ruler.points>
</shapes>

