<shapes type=list>
	<ruler.pixel type=vector names=FALSE length=1 as.numeric=TRUE >539.003710562367</ruler.pixel>
	<ruler.interval type=vector names=FALSE length=1 as.numeric=TRUE >1</ruler.interval>
	<scaling.units type=vector names=FALSE length=1 as.numeric=FALSE >mm</scaling.units>
	<scaling type=vector names=FALSE length=1 as.numeric=TRUE >0.00186561969275678</scaling>
	<landmarks.pixel type=matrix rownames=TRUE colnames=FALSE nrow=3 ncol=2 as.numeric=TRUE >
		punta_espina_dorsal	1323	768
		esq_izq_caparaza	1417	999
		organo_dorsal	1691	781
	</landmarks.pixel>
	<landmarks.scaled type=matrix rownames=TRUE colnames=FALSE nrow=3 ncol=2 as.numeric=TRUE >
		punta_espina_dorsal	2.46821485351722	-1.43279592403721
		esq_izq_caparaza	2.64358310463635	-1.86375407306402
		organo_dorsal	3.15476290045171	-1.45704898004304
	</landmarks.scaled>
	<curves.control type=list>
		<curvaD_espina_dorsal type=matrix rownames=FALSE colnames=FALSE nrow=7 ncol=2 as.numeric=TRUE >
			1323	768
			1360	754
			1427	765
			1494	769
			1556	806
			1621	802
			1691	781
		</curvaD_espina_dorsal>
		<curvaI_espina_dorsal type=matrix rownames=FALSE colnames=FALSE nrow=9 ncol=2 as.numeric=TRUE >
			1323	768
			1379	769
			1426	786
			1486	804
			1507	826
			1512	874
			1445	915
			1414	948
			1417	999
		</curvaI_espina_dorsal>
	</curves.control>
	<curves.pixel type=list>
		<curvaD_espina_dorsal type=matrix rownames=FALSE colnames=FALSE nrow=372 ncol=2 as.numeric=TRUE >
			1323	768
			1324	768
			1325	767
			1326	767
			1327	767
			1328	766
			1329	766
			1330	766
			1331	765
			1332	765
			1333	765
			1334	765
			1335	764
			1336	764
			1337	764
			1338	764
			1339	763
			1340	763
			1341	763
			1342	763
			1343	763
			1344	762
			1345	762
			1346	762
			1347	762
			1348	762
			1349	762
			1350	762
			1351	761
			1352	761
			1353	761
			1354	761
			1355	761
			1356	761
			1357	761
			1358	761
			1359	761
			1360	761
			1361	761
			1362	760
			1363	760
			1364	760
			1365	760
			1366	760
			1367	760
			1368	760
			1369	760
			1370	760
			1371	760
			1372	760
			1373	760
			1374	760
			1375	760
			1376	760
			1377	760
			1378	760
			1379	760
			1380	760
			1381	760
			1382	760
			1383	760
			1384	760
			1385	760
			1386	760
			1387	761
			1388	761
			1389	761
			1390	761
			1391	761
			1392	761
			1393	761
			1394	761
			1395	761
			1396	761
			1397	761
			1398	761
			1399	761
			1400	761
			1401	762
			1402	762
			1403	762
			1404	762
			1405	762
			1406	762
			1407	762
			1408	762
			1409	762
			1410	763
			1411	763
			1412	763
			1413	763
			1414	763
			1415	763
			1416	763
			1417	763
			1418	764
			1419	764
			1420	764
			1421	764
			1422	764
			1423	764
			1424	765
			1425	765
			1426	765
			1427	765
			1428	765
			1429	765
			1430	765
			1431	765
			1432	765
			1433	765
			1434	765
			1435	766
			1436	766
			1437	766
			1438	766
			1439	766
			1440	766
			1441	766
			1442	766
			1443	766
			1444	766
			1444	767
			1445	767
			1446	767
			1447	767
			1448	767
			1449	767
			1450	767
			1451	768
			1452	768
			1453	768
			1454	768
			1455	768
			1456	768
			1457	769
			1458	769
			1459	769
			1460	769
			1461	769
			1462	769
			1463	770
			1464	770
			1465	770
			1466	770
			1467	770
			1468	771
			1469	771
			1470	771
			1471	771
			1472	771
			1473	772
			1474	772
			1475	772
			1476	772
			1477	773
			1478	773
			1479	773
			1480	774
			1481	774
			1482	774
			1483	774
			1484	775
			1485	775
			1486	775
			1487	776
			1488	776
			1489	776
			1490	776
			1491	777
			1492	777
			1493	777
			1494	778
			1495	778
			1496	778
			1497	779
			1498	779
			1499	779
			1500	780
			1501	780
			1502	780
			1503	781
			1504	781
			1505	781
			1506	782
			1507	782
			1508	782
			1509	783
			1510	783
			1511	784
			1512	784
			1513	784
			1514	785
			1515	785
			1515	786
			1516	786
			1517	786
			1518	787
			1519	787
			1520	788
			1521	788
			1522	788
			1523	789
			1524	789
			1525	790
			1526	790
			1527	791
			1528	791
			1529	792
			1530	792
			1531	792
			1532	793
			1533	793
			1534	794
			1535	794
			1536	795
			1537	795
			1538	796
			1539	796
			1540	797
			1541	798
			1542	798
			1543	799
			1544	799
			1545	800
			1546	800
			1547	801
			1548	802
			1549	802
			1550	803
			1551	803
			1552	804
			1553	804
			1554	805
			1555	805
			1556	806
			1557	806
			1558	806
			1559	806
			1560	806
			1561	806
			1562	806
			1563	805
			1564	805
			1565	805
			1566	805
			1567	805
			1568	805
			1569	805
			1570	805
			1571	805
			1572	805
			1573	805
			1574	805
			1575	805
			1575	804
			1576	804
			1577	804
			1578	804
			1579	804
			1580	804
			1581	804
			1582	804
			1583	804
			1584	804
			1585	803
			1586	803
			1587	803
			1588	803
			1589	803
			1590	803
			1591	803
			1592	803
			1593	802
			1594	802
			1595	802
			1596	802
			1597	802
			1598	802
			1599	802
			1600	801
			1601	801
			1602	801
			1603	801
			1604	801
			1605	801
			1606	801
			1607	800
			1608	800
			1609	800
			1610	800
			1611	800
			1612	800
			1613	799
			1614	799
			1615	799
			1616	799
			1617	799
			1618	798
			1619	798
			1620	798
			1621	798
			1622	798
			1623	798
			1624	797
			1625	797
			1626	797
			1627	797
			1628	797
			1629	796
			1630	796
			1631	796
			1632	796
			1633	796
			1634	795
			1635	795
			1636	795
			1637	795
			1638	795
			1639	794
			1640	794
			1641	794
			1642	794
			1643	794
			1644	793
			1645	793
			1646	793
			1647	793
			1648	792
			1649	792
			1650	792
			1651	792
			1652	791
			1653	791
			1654	791
			1655	791
			1656	790
			1657	790
			1658	790
			1659	790
			1660	789
			1661	789
			1662	789
			1663	789
			1664	788
			1665	788
			1666	788
			1667	788
			1668	787
			1669	787
			1670	787
			1671	787
			1672	786
			1673	786
			1674	786
			1675	785
			1676	785
			1677	785
			1678	785
			1679	784
			1680	784
			1681	784
			1682	784
			1683	783
			1684	783
			1685	783
			1686	783
			1687	782
			1688	782
			1689	782
			1690	781
			1691	781
		</curvaD_espina_dorsal>
		<curvaI_espina_dorsal type=matrix rownames=FALSE colnames=FALSE nrow=383 ncol=2 as.numeric=TRUE >
			1323	768
			1324	768
			1325	768
			1326	768
			1327	768
			1328	768
			1329	768
			1330	768
			1331	768
			1332	768
			1333	768
			1334	768
			1335	768
			1336	768
			1337	769
			1338	769
			1339	769
			1340	769
			1341	769
			1342	769
			1343	769
			1344	769
			1345	769
			1346	769
			1347	769
			1348	769
			1349	769
			1350	769
			1351	770
			1352	770
			1353	770
			1354	770
			1355	770
			1356	770
			1357	770
			1358	770
			1359	770
			1360	771
			1361	771
			1362	771
			1363	771
			1364	771
			1365	771
			1366	771
			1367	771
			1367	772
			1368	772
			1369	772
			1370	772
			1371	772
			1372	772
			1373	772
			1374	773
			1375	773
			1376	773
			1377	773
			1378	773
			1379	773
			1380	774
			1381	774
			1382	774
			1383	774
			1384	774
			1385	775
			1386	775
			1387	775
			1388	775
			1389	775
			1390	776
			1391	776
			1392	776
			1393	776
			1394	776
			1395	777
			1396	777
			1397	777
			1398	778
			1399	778
			1400	778
			1401	778
			1402	779
			1403	779
			1404	779
			1405	779
			1406	780
			1407	780
			1408	780
			1409	780
			1410	781
			1411	781
			1412	781
			1413	782
			1414	782
			1415	782
			1416	783
			1417	783
			1418	783
			1419	784
			1420	784
			1421	784
			1422	785
			1423	785
			1424	785
			1425	786
			1426	786
			1427	786
			1428	787
			1429	787
			1430	787
			1431	788
			1432	788
			1433	788
			1434	788
			1434	789
			1435	789
			1436	789
			1437	789
			1438	790
			1439	790
			1440	790
			1441	791
			1442	791
			1443	791
			1444	792
			1445	792
			1446	792
			1447	793
			1448	793
			1449	794
			1450	794
			1451	794
			1452	795
			1453	795
			1454	795
			1454	796
			1455	796
			1456	796
			1457	796
			1458	797
			1459	797
			1460	798
			1461	798
			1462	798
			1462	799
			1463	799
			1464	799
			1465	800
			1466	800
			1467	801
			1468	801
			1469	801
			1470	802
			1471	803
			1472	803
			1473	803
			1474	804
			1475	804
			1476	805
			1477	806
			1478	806
			1479	807
			1480	807
			1481	808
			1482	808
			1483	809
			1484	809
			1485	810
			1486	810
			1487	811
			1488	811
			1489	812
			1490	812
			1490	813
			1491	813
			1492	814
			1493	814
			1494	815
			1494	816
			1495	816
			1496	817
			1497	817
			1497	818
			1498	818
			1499	819
			1500	819
			1500	820
			1501	820
			1502	821
			1502	822
			1503	822
			1504	823
			1505	824
			1506	825
			1507	826
			1507	827
			1507	828
			1507	829
			1507	830
			1507	831
			1507	832
			1507	833
			1507	834
			1507	835
			1507	836
			1507	837
			1507	838
			1507	839
			1507	840
			1507	841
			1507	842
			1506	843
			1506	844
			1506	845
			1506	846
			1506	847
			1505	848
			1505	849
			1505	850
			1505	851
			1504	851
			1504	852
			1504	853
			1504	854
			1503	855
			1503	856
			1503	857
			1502	858
			1502	859
			1501	859
			1501	860
			1501	861
			1500	862
			1500	863
			1499	864
			1499	865
			1498	865
			1498	866
			1497	867
			1497	868
			1496	869
			1496	870
			1495	871
			1494	872
			1493	873
			1493	874
			1492	875
			1491	876
			1490	877
			1489	878
			1489	879
			1488	880
			1487	881
			1486	882
			1485	883
			1484	884
			1483	885
			1482	886
			1481	887
			1480	888
			1479	889
			1478	890
			1477	891
			1476	892
			1475	893
			1474	894
			1473	895
			1472	896
			1471	896
			1470	897
			1470	898
			1469	898
			1468	899
			1467	900
			1466	901
			1465	901
			1464	902
			1463	903
			1462	903
			1461	904
			1460	905
			1459	906
			1458	906
			1457	907
			1456	908
			1455	908
			1454	909
			1453	910
			1452	910
			1451	911
			1450	912
			1449	912
			1448	913
			1447	914
			1446	914
			1445	915
			1444	916
			1443	917
			1442	918
			1441	919
			1440	920
			1440	921
			1439	922
			1438	923
			1438	924
			1437	924
			1437	925
			1436	926
			1436	927
			1435	927
			1435	928
			1434	929
			1434	930
			1433	930
			1433	931
			1432	932
			1431	933
			1431	934
			1430	935
			1430	936
			1429	937
			1429	938
			1428	939
			1428	940
			1427	941
			1426	942
			1426	943
			1426	944
			1425	945
			1425	946
			1425	947
			1424	948
			1424	949
			1423	950
			1423	951
			1423	952
			1422	953
			1422	954
			1422	955
			1421	956
			1421	957
			1421	958
			1421	959
			1420	960
			1420	961
			1420	962
			1420	963
			1419	963
			1419	964
			1419	965
			1419	966
			1419	967
			1419	968
			1418	969
			1418	970
			1418	971
			1418	972
			1418	973
			1418	974
			1418	975
			1417	976
			1417	977
			1417	978
			1417	979
			1417	980
			1417	981
			1417	982
			1417	983
			1417	984
			1417	985
			1417	986
			1417	987
			1417	988
			1417	989
			1417	990
			1417	991
			1417	992
			1417	993
			1417	994
			1417	995
			1417	996
			1417	997
			1417	998
			1417	999
		</curvaI_espina_dorsal>
	</curves.pixel>
	<curves.scaled type=list>
		<curvaD_espina_dorsal type=matrix rownames=FALSE colnames=FALSE nrow=372 ncol=2 as.numeric=TRUE >
			2.46821485351722	-1.43279592403721
			2.47008047320997	-1.43279592403721
			2.47194609290273	-1.43093030434445
			2.47381171259549	-1.43093030434445
			2.47567733228824	-1.43093030434445
			2.477542951981	-1.42906468465169
			2.47940857167376	-1.42906468465169
			2.48127419136651	-1.42906468465169
			2.48313981105927	-1.42719906495894
			2.48500543075203	-1.42719906495894
			2.48687105044478	-1.42719906495894
			2.48873667013754	-1.42719906495894
			2.4906022898303	-1.42533344526618
			2.49246790952306	-1.42533344526618
			2.49433352921581	-1.42533344526618
			2.49619914890857	-1.42533344526618
			2.49806476860133	-1.42346782557342
			2.49993038829408	-1.42346782557342
			2.50179600798684	-1.42346782557342
			2.5036616276796	-1.42346782557342
			2.50552724737235	-1.42346782557342
			2.50739286706511	-1.42160220588066
			2.50925848675787	-1.42160220588066
			2.51112410645062	-1.42160220588066
			2.51298972614338	-1.42160220588066
			2.51485534583614	-1.42160220588066
			2.51672096552889	-1.42160220588066
			2.51858658522165	-1.42160220588066
			2.52045220491441	-1.41973658618791
			2.52231782460716	-1.41973658618791
			2.52418344429992	-1.41973658618791
			2.52604906399268	-1.41973658618791
			2.52791468368543	-1.41973658618791
			2.52978030337819	-1.41973658618791
			2.53164592307095	-1.41973658618791
			2.5335115427637	-1.41973658618791
			2.53537716245646	-1.41973658618791
			2.53724278214922	-1.41973658618791
			2.53910840184197	-1.41973658618791
			2.54097402153473	-1.41787096649515
			2.54283964122749	-1.41787096649515
			2.54470526092024	-1.41787096649515
			2.546570880613	-1.41787096649515
			2.54843650030576	-1.41787096649515
			2.55030211999851	-1.41787096649515
			2.55216773969127	-1.41787096649515
			2.55403335938403	-1.41787096649515
			2.55589897907679	-1.41787096649515
			2.55776459876954	-1.41787096649515
			2.5596302184623	-1.41787096649515
			2.56149583815506	-1.41787096649515
			2.56336145784781	-1.41787096649515
			2.56522707754057	-1.41787096649515
			2.56709269723333	-1.41787096649515
			2.56895831692608	-1.41787096649515
			2.57082393661884	-1.41787096649515
			2.5726895563116	-1.41787096649515
			2.57455517600435	-1.41787096649515
			2.57642079569711	-1.41787096649515
			2.57828641538987	-1.41787096649515
			2.58015203508262	-1.41787096649515
			2.58201765477538	-1.41787096649515
			2.58388327446814	-1.41787096649515
			2.58574889416089	-1.41787096649515
			2.58761451385365	-1.41973658618791
			2.58948013354641	-1.41973658618791
			2.59134575323916	-1.41973658618791
			2.59321137293192	-1.41973658618791
			2.59507699262468	-1.41973658618791
			2.59694261231743	-1.41973658618791
			2.59880823201019	-1.41973658618791
			2.60067385170295	-1.41973658618791
			2.6025394713957	-1.41973658618791
			2.60440509108846	-1.41973658618791
			2.60627071078122	-1.41973658618791
			2.60813633047398	-1.41973658618791
			2.61000195016673	-1.41973658618791
			2.61186756985949	-1.41973658618791
			2.61373318955225	-1.42160220588066
			2.615598809245	-1.42160220588066
			2.61746442893776	-1.42160220588066
			2.61933004863052	-1.42160220588066
			2.62119566832327	-1.42160220588066
			2.62306128801603	-1.42160220588066
			2.62492690770879	-1.42160220588066
			2.62679252740154	-1.42160220588066
			2.6286581470943	-1.42160220588066
			2.63052376678706	-1.42346782557342
			2.63238938647981	-1.42346782557342
			2.63425500617257	-1.42346782557342
			2.63612062586533	-1.42346782557342
			2.63798624555808	-1.42346782557342
			2.63985186525084	-1.42346782557342
			2.6417174849436	-1.42346782557342
			2.64358310463635	-1.42346782557342
			2.64544872432911	-1.42533344526618
			2.64731434402187	-1.42533344526618
			2.64917996371462	-1.42533344526618
			2.65104558340738	-1.42533344526618
			2.65291120310014	-1.42533344526618
			2.65477682279289	-1.42533344526618
			2.65664244248565	-1.42719906495894
			2.65850806217841	-1.42719906495894
			2.66037368187117	-1.42719906495894
			2.66223930156392	-1.42719906495894
			2.66410492125668	-1.42719906495894
			2.66597054094944	-1.42719906495894
			2.66783616064219	-1.42719906495894
			2.66970178033495	-1.42719906495894
			2.67156740002771	-1.42719906495894
			2.67343301972046	-1.42719906495894
			2.67529863941322	-1.42719906495894
			2.67716425910598	-1.42906468465169
			2.67902987879873	-1.42906468465169
			2.68089549849149	-1.42906468465169
			2.68276111818425	-1.42906468465169
			2.684626737877	-1.42906468465169
			2.68649235756976	-1.42906468465169
			2.68835797726252	-1.42906468465169
			2.69022359695527	-1.42906468465169
			2.69208921664803	-1.42906468465169
			2.69395483634079	-1.42906468465169
			2.69395483634079	-1.43093030434445
			2.69582045603354	-1.43093030434445
			2.6976860757263	-1.43093030434445
			2.69955169541906	-1.43093030434445
			2.70141731511181	-1.43093030434445
			2.70328293480457	-1.43093030434445
			2.70514855449733	-1.43093030434445
			2.70701417419008	-1.43279592403721
			2.70887979388284	-1.43279592403721
			2.7107454135756	-1.43279592403721
			2.71261103326835	-1.43279592403721
			2.71447665296111	-1.43279592403721
			2.71634227265387	-1.43279592403721
			2.71820789234663	-1.43466154372996
			2.72007351203938	-1.43466154372996
			2.72193913173214	-1.43466154372996
			2.7238047514249	-1.43466154372996
			2.72567037111765	-1.43466154372996
			2.72753599081041	-1.43466154372996
			2.72940161050317	-1.43652716342272
			2.73126723019592	-1.43652716342272
			2.73313284988868	-1.43652716342272
			2.73499846958144	-1.43652716342272
			2.73686408927419	-1.43652716342272
			2.73872970896695	-1.43839278311548
			2.74059532865971	-1.43839278311548
			2.74246094835246	-1.43839278311548
			2.74432656804522	-1.43839278311548
			2.74619218773798	-1.43839278311548
			2.74805780743073	-1.44025840280823
			2.74992342712349	-1.44025840280823
			2.75178904681625	-1.44025840280823
			2.753654666509	-1.44025840280823
			2.75552028620176	-1.44212402250099
			2.75738590589452	-1.44212402250099
			2.75925152558727	-1.44212402250099
			2.76111714528003	-1.44398964219375
			2.76298276497279	-1.44398964219375
			2.76484838466554	-1.44398964219375
			2.7667140043583	-1.44398964219375
			2.76857962405106	-1.4458552618865
			2.77044524374381	-1.4458552618865
			2.77231086343657	-1.4458552618865
			2.77417648312933	-1.44772088157926
			2.77604210282209	-1.44772088157926
			2.77790772251484	-1.44772088157926
			2.7797733422076	-1.44772088157926
			2.78163896190036	-1.44958650127202
			2.78350458159311	-1.44958650127202
			2.78537020128587	-1.44958650127202
			2.78723582097863	-1.45145212096477
			2.78910144067138	-1.45145212096477
			2.79096706036414	-1.45145212096477
			2.7928326800569	-1.45331774065753
			2.79469829974965	-1.45331774065753
			2.79656391944241	-1.45331774065753
			2.79842953913517	-1.45518336035029
			2.80029515882792	-1.45518336035029
			2.80216077852068	-1.45518336035029
			2.80402639821344	-1.45704898004304
			2.80589201790619	-1.45704898004304
			2.80775763759895	-1.45704898004304
			2.80962325729171	-1.4589145997358
			2.81148887698446	-1.4589145997358
			2.81335449667722	-1.4589145997358
			2.81522011636998	-1.46078021942856
			2.81708573606273	-1.46078021942856
			2.81895135575549	-1.46264583912131
			2.82081697544825	-1.46264583912131
			2.822682595141	-1.46264583912131
			2.82454821483376	-1.46451145881407
			2.82641383452652	-1.46451145881407
			2.82641383452652	-1.46637707850683
			2.82827945421927	-1.46637707850683
			2.83014507391203	-1.46637707850683
			2.83201069360479	-1.46824269819958
			2.83387631329755	-1.46824269819958
			2.8357419329903	-1.47010831789234
			2.83760755268306	-1.47010831789234
			2.83947317237582	-1.47010831789234
			2.84133879206857	-1.4719739375851
			2.84320441176133	-1.4719739375851
			2.84507003145409	-1.47383955727785
			2.84693565114684	-1.47383955727785
			2.8488012708396	-1.47570517697061
			2.85066689053236	-1.47570517697061
			2.85253251022511	-1.47757079666337
			2.85439812991787	-1.47757079666337
			2.85626374961063	-1.47757079666337
			2.85812936930338	-1.47943641635612
			2.85999498899614	-1.47943641635612
			2.8618606086889	-1.48130203604888
			2.86372622838165	-1.48130203604888
			2.86559184807441	-1.48316765574164
			2.86745746776717	-1.48316765574164
			2.86932308745992	-1.4850332754344
			2.87118870715268	-1.4850332754344
			2.87305432684544	-1.48689889512715
			2.87491994653819	-1.48876451481991
			2.87678556623095	-1.48876451481991
			2.87865118592371	-1.49063013451267
			2.88051680561646	-1.49063013451267
			2.88238242530922	-1.49249575420542
			2.88424804500198	-1.49249575420542
			2.88611366469474	-1.49436137389818
			2.88797928438749	-1.49622699359094
			2.88984490408025	-1.49622699359094
			2.89171052377301	-1.49809261328369
			2.89357614346576	-1.49809261328369
			2.89544176315852	-1.49995823297645
			2.89730738285128	-1.49995823297645
			2.89917300254403	-1.50182385266921
			2.90103862223679	-1.50182385266921
			2.90290424192955	-1.50368947236196
			2.9047698616223	-1.50368947236196
			2.90663548131506	-1.50368947236196
			2.90850110100782	-1.50368947236196
			2.91036672070057	-1.50368947236196
			2.91223234039333	-1.50368947236196
			2.91409796008609	-1.50368947236196
			2.91596357977884	-1.50182385266921
			2.9178291994716	-1.50182385266921
			2.91969481916436	-1.50182385266921
			2.92156043885711	-1.50182385266921
			2.92342605854987	-1.50182385266921
			2.92529167824263	-1.50182385266921
			2.92715729793538	-1.50182385266921
			2.92902291762814	-1.50182385266921
			2.9308885373209	-1.50182385266921
			2.93275415701365	-1.50182385266921
			2.93461977670641	-1.50182385266921
			2.93648539639917	-1.50182385266921
			2.93835101609193	-1.50182385266921
			2.93835101609193	-1.49995823297645
			2.94021663578468	-1.49995823297645
			2.94208225547744	-1.49995823297645
			2.9439478751702	-1.49995823297645
			2.94581349486295	-1.49995823297645
			2.94767911455571	-1.49995823297645
			2.94954473424847	-1.49995823297645
			2.95141035394122	-1.49995823297645
			2.95327597363398	-1.49995823297645
			2.95514159332674	-1.49995823297645
			2.95700721301949	-1.49809261328369
			2.95887283271225	-1.49809261328369
			2.96073845240501	-1.49809261328369
			2.96260407209776	-1.49809261328369
			2.96446969179052	-1.49809261328369
			2.96633531148328	-1.49809261328369
			2.96820093117603	-1.49809261328369
			2.97006655086879	-1.49809261328369
			2.97193217056155	-1.49622699359094
			2.9737977902543	-1.49622699359094
			2.97566340994706	-1.49622699359094
			2.97752902963982	-1.49622699359094
			2.97939464933257	-1.49622699359094
			2.98126026902533	-1.49622699359094
			2.98312588871809	-1.49622699359094
			2.98499150841084	-1.49436137389818
			2.9868571281036	-1.49436137389818
			2.98872274779636	-1.49436137389818
			2.99058836748911	-1.49436137389818
			2.99245398718187	-1.49436137389818
			2.99431960687463	-1.49436137389818
			2.99618522656738	-1.49436137389818
			2.99805084626014	-1.49249575420542
			2.9999164659529	-1.49249575420542
			3.00178208564566	-1.49249575420542
			3.00364770533841	-1.49249575420542
			3.00551332503117	-1.49249575420542
			3.00737894472393	-1.49249575420542
			3.00924456441668	-1.49063013451267
			3.01111018410944	-1.49063013451267
			3.0129758038022	-1.49063013451267
			3.01484142349495	-1.49063013451267
			3.01670704318771	-1.49063013451267
			3.01857266288047	-1.48876451481991
			3.02043828257322	-1.48876451481991
			3.02230390226598	-1.48876451481991
			3.02416952195874	-1.48876451481991
			3.02603514165149	-1.48876451481991
			3.02790076134425	-1.48876451481991
			3.02976638103701	-1.48689889512715
			3.03163200072976	-1.48689889512715
			3.03349762042252	-1.48689889512715
			3.03536324011528	-1.48689889512715
			3.03722885980803	-1.48689889512715
			3.03909447950079	-1.4850332754344
			3.04096009919355	-1.4850332754344
			3.0428257188863	-1.4850332754344
			3.04469133857906	-1.4850332754344
			3.04655695827182	-1.4850332754344
			3.04842257796457	-1.48316765574164
			3.05028819765733	-1.48316765574164
			3.05215381735009	-1.48316765574164
			3.05401943704285	-1.48316765574164
			3.0558850567356	-1.48316765574164
			3.05775067642836	-1.48130203604888
			3.05961629612112	-1.48130203604888
			3.06148191581387	-1.48130203604888
			3.06334753550663	-1.48130203604888
			3.06521315519939	-1.48130203604888
			3.06707877489214	-1.47943641635612
			3.0689443945849	-1.47943641635612
			3.07081001427766	-1.47943641635612
			3.07267563397041	-1.47943641635612
			3.07454125366317	-1.47757079666337
			3.07640687335593	-1.47757079666337
			3.07827249304868	-1.47757079666337
			3.08013811274144	-1.47757079666337
			3.0820037324342	-1.47570517697061
			3.08386935212695	-1.47570517697061
			3.08573497181971	-1.47570517697061
			3.08760059151247	-1.47570517697061
			3.08946621120522	-1.47383955727785
			3.09133183089798	-1.47383955727785
			3.09319745059074	-1.47383955727785
			3.09506307028349	-1.47383955727785
			3.09692868997625	-1.4719739375851
			3.09879430966901	-1.4719739375851
			3.10065992936176	-1.4719739375851
			3.10252554905452	-1.4719739375851
			3.10439116874728	-1.47010831789234
			3.10625678844003	-1.47010831789234
			3.10812240813279	-1.47010831789234
			3.10998802782555	-1.47010831789234
			3.11185364751831	-1.46824269819958
			3.11371926721106	-1.46824269819958
			3.11558488690382	-1.46824269819958
			3.11745050659658	-1.46824269819958
			3.11931612628933	-1.46637707850683
			3.12118174598209	-1.46637707850683
			3.12304736567485	-1.46637707850683
			3.1249129853676	-1.46451145881407
			3.12677860506036	-1.46451145881407
			3.12864422475312	-1.46451145881407
			3.13050984444587	-1.46451145881407
			3.13237546413863	-1.46264583912131
			3.13424108383139	-1.46264583912131
			3.13610670352414	-1.46264583912131
			3.1379723232169	-1.46264583912131
			3.13983794290966	-1.46078021942856
			3.14170356260241	-1.46078021942856
			3.14356918229517	-1.46078021942856
			3.14543480198793	-1.46078021942856
			3.14730042168068	-1.4589145997358
			3.14916604137344	-1.4589145997358
			3.1510316610662	-1.4589145997358
			3.15289728075895	-1.45704898004304
			3.15476290045171	-1.45704898004304
		</curvaD_espina_dorsal>
		<curvaI_espina_dorsal type=matrix rownames=FALSE colnames=FALSE nrow=383 ncol=2 as.numeric=TRUE >
			2.46821485351722	-1.43279592403721
			2.47008047320997	-1.43279592403721
			2.47194609290273	-1.43279592403721
			2.47381171259549	-1.43279592403721
			2.47567733228824	-1.43279592403721
			2.477542951981	-1.43279592403721
			2.47940857167376	-1.43279592403721
			2.48127419136651	-1.43279592403721
			2.48313981105927	-1.43279592403721
			2.48500543075203	-1.43279592403721
			2.48687105044478	-1.43279592403721
			2.48873667013754	-1.43279592403721
			2.4906022898303	-1.43279592403721
			2.49246790952306	-1.43279592403721
			2.49433352921581	-1.43466154372996
			2.49619914890857	-1.43466154372996
			2.49806476860133	-1.43466154372996
			2.49993038829408	-1.43466154372996
			2.50179600798684	-1.43466154372996
			2.5036616276796	-1.43466154372996
			2.50552724737235	-1.43466154372996
			2.50739286706511	-1.43466154372996
			2.50925848675787	-1.43466154372996
			2.51112410645062	-1.43466154372996
			2.51298972614338	-1.43466154372996
			2.51485534583614	-1.43466154372996
			2.51672096552889	-1.43466154372996
			2.51858658522165	-1.43466154372996
			2.52045220491441	-1.43652716342272
			2.52231782460716	-1.43652716342272
			2.52418344429992	-1.43652716342272
			2.52604906399268	-1.43652716342272
			2.52791468368543	-1.43652716342272
			2.52978030337819	-1.43652716342272
			2.53164592307095	-1.43652716342272
			2.5335115427637	-1.43652716342272
			2.53537716245646	-1.43652716342272
			2.53724278214922	-1.43839278311548
			2.53910840184197	-1.43839278311548
			2.54097402153473	-1.43839278311548
			2.54283964122749	-1.43839278311548
			2.54470526092024	-1.43839278311548
			2.546570880613	-1.43839278311548
			2.54843650030576	-1.43839278311548
			2.55030211999851	-1.43839278311548
			2.55030211999851	-1.44025840280823
			2.55216773969127	-1.44025840280823
			2.55403335938403	-1.44025840280823
			2.55589897907679	-1.44025840280823
			2.55776459876954	-1.44025840280823
			2.5596302184623	-1.44025840280823
			2.56149583815506	-1.44025840280823
			2.56336145784781	-1.44212402250099
			2.56522707754057	-1.44212402250099
			2.56709269723333	-1.44212402250099
			2.56895831692608	-1.44212402250099
			2.57082393661884	-1.44212402250099
			2.5726895563116	-1.44212402250099
			2.57455517600435	-1.44398964219375
			2.57642079569711	-1.44398964219375
			2.57828641538987	-1.44398964219375
			2.58015203508262	-1.44398964219375
			2.58201765477538	-1.44398964219375
			2.58388327446814	-1.4458552618865
			2.58574889416089	-1.4458552618865
			2.58761451385365	-1.4458552618865
			2.58948013354641	-1.4458552618865
			2.59134575323916	-1.4458552618865
			2.59321137293192	-1.44772088157926
			2.59507699262468	-1.44772088157926
			2.59694261231743	-1.44772088157926
			2.59880823201019	-1.44772088157926
			2.60067385170295	-1.44772088157926
			2.6025394713957	-1.44958650127202
			2.60440509108846	-1.44958650127202
			2.60627071078122	-1.44958650127202
			2.60813633047398	-1.45145212096477
			2.61000195016673	-1.45145212096477
			2.61186756985949	-1.45145212096477
			2.61373318955225	-1.45145212096477
			2.615598809245	-1.45331774065753
			2.61746442893776	-1.45331774065753
			2.61933004863052	-1.45331774065753
			2.62119566832327	-1.45331774065753
			2.62306128801603	-1.45518336035029
			2.62492690770879	-1.45518336035029
			2.62679252740154	-1.45518336035029
			2.6286581470943	-1.45518336035029
			2.63052376678706	-1.45704898004304
			2.63238938647981	-1.45704898004304
			2.63425500617257	-1.45704898004304
			2.63612062586533	-1.4589145997358
			2.63798624555808	-1.4589145997358
			2.63985186525084	-1.4589145997358
			2.6417174849436	-1.46078021942856
			2.64358310463635	-1.46078021942856
			2.64544872432911	-1.46078021942856
			2.64731434402187	-1.46264583912131
			2.64917996371462	-1.46264583912131
			2.65104558340738	-1.46264583912131
			2.65291120310014	-1.46451145881407
			2.65477682279289	-1.46451145881407
			2.65664244248565	-1.46451145881407
			2.65850806217841	-1.46637707850683
			2.66037368187117	-1.46637707850683
			2.66223930156392	-1.46637707850683
			2.66410492125668	-1.46824269819958
			2.66597054094944	-1.46824269819958
			2.66783616064219	-1.46824269819958
			2.66970178033495	-1.47010831789234
			2.67156740002771	-1.47010831789234
			2.67343301972046	-1.47010831789234
			2.67529863941322	-1.47010831789234
			2.67529863941322	-1.4719739375851
			2.67716425910598	-1.4719739375851
			2.67902987879873	-1.4719739375851
			2.68089549849149	-1.4719739375851
			2.68276111818425	-1.47383955727785
			2.684626737877	-1.47383955727785
			2.68649235756976	-1.47383955727785
			2.68835797726252	-1.47570517697061
			2.69022359695527	-1.47570517697061
			2.69208921664803	-1.47570517697061
			2.69395483634079	-1.47757079666337
			2.69582045603354	-1.47757079666337
			2.6976860757263	-1.47757079666337
			2.69955169541906	-1.47943641635612
			2.70141731511181	-1.47943641635612
			2.70328293480457	-1.48130203604888
			2.70514855449733	-1.48130203604888
			2.70701417419008	-1.48130203604888
			2.70887979388284	-1.48316765574164
			2.7107454135756	-1.48316765574164
			2.71261103326835	-1.48316765574164
			2.71261103326835	-1.4850332754344
			2.71447665296111	-1.4850332754344
			2.71634227265387	-1.4850332754344
			2.71820789234663	-1.4850332754344
			2.72007351203938	-1.48689889512715
			2.72193913173214	-1.48689889512715
			2.7238047514249	-1.48876451481991
			2.72567037111765	-1.48876451481991
			2.72753599081041	-1.48876451481991
			2.72753599081041	-1.49063013451267
			2.72940161050317	-1.49063013451267
			2.73126723019592	-1.49063013451267
			2.73313284988868	-1.49249575420542
			2.73499846958144	-1.49249575420542
			2.73686408927419	-1.49436137389818
			2.73872970896695	-1.49436137389818
			2.74059532865971	-1.49436137389818
			2.74246094835246	-1.49622699359094
			2.74432656804522	-1.49809261328369
			2.74619218773798	-1.49809261328369
			2.74805780743073	-1.49809261328369
			2.74992342712349	-1.49995823297645
			2.75178904681625	-1.49995823297645
			2.753654666509	-1.50182385266921
			2.75552028620176	-1.50368947236196
			2.75738590589452	-1.50368947236196
			2.75925152558727	-1.50555509205472
			2.76111714528003	-1.50555509205472
			2.76298276497279	-1.50742071174748
			2.76484838466554	-1.50742071174748
			2.7667140043583	-1.50928633144023
			2.76857962405106	-1.50928633144023
			2.77044524374381	-1.51115195113299
			2.77231086343657	-1.51115195113299
			2.77417648312933	-1.51301757082575
			2.77604210282209	-1.51301757082575
			2.77790772251484	-1.5148831905185
			2.7797733422076	-1.5148831905185
			2.7797733422076	-1.51674881021126
			2.78163896190036	-1.51674881021126
			2.78350458159311	-1.51861442990402
			2.78537020128587	-1.51861442990402
			2.78723582097863	-1.52048004959677
			2.78723582097863	-1.52234566928953
			2.78910144067138	-1.52234566928953
			2.79096706036414	-1.52421128898229
			2.7928326800569	-1.52421128898229
			2.7928326800569	-1.52607690867504
			2.79469829974965	-1.52607690867504
			2.79656391944241	-1.5279425283678
			2.79842953913517	-1.5279425283678
			2.79842953913517	-1.52980814806056
			2.80029515882792	-1.52980814806056
			2.80216077852068	-1.53167376775331
			2.80216077852068	-1.53353938744607
			2.80402639821344	-1.53353938744607
			2.80589201790619	-1.53540500713883
			2.80775763759895	-1.53727062683158
			2.80962325729171	-1.53913624652434
			2.81148887698446	-1.5410018662171
			2.81148887698446	-1.54286748590986
			2.81148887698446	-1.54473310560261
			2.81148887698446	-1.54659872529537
			2.81148887698446	-1.54846434498813
			2.81148887698446	-1.55032996468088
			2.81148887698446	-1.55219558437364
			2.81148887698446	-1.5540612040664
			2.81148887698446	-1.55592682375915
			2.81148887698446	-1.55779244345191
			2.81148887698446	-1.55965806314467
			2.81148887698446	-1.56152368283742
			2.81148887698446	-1.56338930253018
			2.81148887698446	-1.56525492222294
			2.81148887698446	-1.56712054191569
			2.81148887698446	-1.56898616160845
			2.81148887698446	-1.57085178130121
			2.80962325729171	-1.57271740099396
			2.80962325729171	-1.57458302068672
			2.80962325729171	-1.57644864037948
			2.80962325729171	-1.57831426007223
			2.80962325729171	-1.58017987976499
			2.80775763759895	-1.58204549945775
			2.80775763759895	-1.5839111191505
			2.80775763759895	-1.58577673884326
			2.80775763759895	-1.58764235853602
			2.80589201790619	-1.58764235853602
			2.80589201790619	-1.58950797822877
			2.80589201790619	-1.59137359792153
			2.80589201790619	-1.59323921761429
			2.80402639821344	-1.59510483730704
			2.80402639821344	-1.5969704569998
			2.80402639821344	-1.59883607669256
			2.80216077852068	-1.60070169638532
			2.80216077852068	-1.60256731607807
			2.80029515882792	-1.60256731607807
			2.80029515882792	-1.60443293577083
			2.80029515882792	-1.60629855546359
			2.79842953913517	-1.60816417515634
			2.79842953913517	-1.6100297948491
			2.79656391944241	-1.61189541454186
			2.79656391944241	-1.61376103423461
			2.79469829974965	-1.61376103423461
			2.79469829974965	-1.61562665392737
			2.7928326800569	-1.61749227362013
			2.7928326800569	-1.61935789331288
			2.79096706036414	-1.62122351300564
			2.79096706036414	-1.6230891326984
			2.78910144067138	-1.62495475239115
			2.78723582097863	-1.62682037208391
			2.78537020128587	-1.62868599177667
			2.78537020128587	-1.63055161146942
			2.78350458159311	-1.63241723116218
			2.78163896190036	-1.63428285085494
			2.7797733422076	-1.63614847054769
			2.77790772251484	-1.63801409024045
			2.77790772251484	-1.63987970993321
			2.77604210282209	-1.64174532962596
			2.77417648312933	-1.64361094931872
			2.77231086343657	-1.64547656901148
			2.77044524374381	-1.64734218870423
			2.76857962405106	-1.64920780839699
			2.7667140043583	-1.65107342808975
			2.76484838466554	-1.6529390477825
			2.76298276497279	-1.65480466747526
			2.76111714528003	-1.65667028716802
			2.75925152558727	-1.65853590686078
			2.75738590589452	-1.66040152655353
			2.75552028620176	-1.66226714624629
			2.753654666509	-1.66413276593905
			2.75178904681625	-1.6659983856318
			2.74992342712349	-1.66786400532456
			2.74805780743073	-1.66972962501732
			2.74619218773798	-1.67159524471007
			2.74432656804522	-1.67159524471007
			2.74246094835246	-1.67346086440283
			2.74246094835246	-1.67532648409559
			2.74059532865971	-1.67532648409559
			2.73872970896695	-1.67719210378834
			2.73686408927419	-1.6790577234811
			2.73499846958144	-1.68092334317386
			2.73313284988868	-1.68092334317386
			2.73126723019592	-1.68278896286661
			2.72940161050317	-1.68465458255937
			2.72753599081041	-1.68465458255937
			2.72567037111765	-1.68652020225213
			2.7238047514249	-1.68838582194488
			2.72193913173214	-1.69025144163764
			2.72007351203938	-1.69025144163764
			2.71820789234663	-1.6921170613304
			2.71634227265387	-1.69398268102315
			2.71447665296111	-1.69398268102315
			2.71261103326835	-1.69584830071591
			2.7107454135756	-1.69771392040867
			2.70887979388284	-1.69771392040867
			2.70701417419008	-1.69957954010142
			2.70514855449733	-1.70144515979418
			2.70328293480457	-1.70144515979418
			2.70141731511181	-1.70331077948694
			2.69955169541906	-1.70517639917969
			2.6976860757263	-1.70517639917969
			2.69582045603354	-1.70704201887245
			2.69395483634079	-1.70890763856521
			2.69208921664803	-1.71077325825797
			2.69022359695527	-1.71263887795072
			2.68835797726252	-1.71450449764348
			2.68649235756976	-1.71637011733624
			2.68649235756976	-1.71823573702899
			2.684626737877	-1.72010135672175
			2.68276111818425	-1.72196697641451
			2.68276111818425	-1.72383259610726
			2.68089549849149	-1.72383259610726
			2.68089549849149	-1.72569821580002
			2.67902987879873	-1.72756383549278
			2.67902987879873	-1.72942945518553
			2.67716425910598	-1.72942945518553
			2.67716425910598	-1.73129507487829
			2.67529863941322	-1.73316069457105
			2.67529863941322	-1.7350263142638
			2.67343301972046	-1.7350263142638
			2.67343301972046	-1.73689193395656
			2.67156740002771	-1.73875755364932
			2.66970178033495	-1.74062317334207
			2.66970178033495	-1.74248879303483
			2.66783616064219	-1.74435441272759
			2.66783616064219	-1.74622003242034
			2.66597054094944	-1.7480856521131
			2.66597054094944	-1.74995127180586
			2.66410492125668	-1.75181689149861
			2.66410492125668	-1.75368251119137
			2.66223930156392	-1.75554813088413
			2.66037368187117	-1.75741375057688
			2.66037368187117	-1.75927937026964
			2.66037368187117	-1.7611449899624
			2.65850806217841	-1.76301060965515
			2.65850806217841	-1.76487622934791
			2.65850806217841	-1.76674184904067
			2.65664244248565	-1.76860746873343
			2.65664244248565	-1.77047308842618
			2.65477682279289	-1.77233870811894
			2.65477682279289	-1.7742043278117
			2.65477682279289	-1.77606994750445
			2.65291120310014	-1.77793556719721
			2.65291120310014	-1.77980118688997
			2.65291120310014	-1.78166680658272
			2.65104558340738	-1.78353242627548
			2.65104558340738	-1.78539804596824
			2.65104558340738	-1.78726366566099
			2.65104558340738	-1.78912928535375
			2.64917996371462	-1.79099490504651
			2.64917996371462	-1.79286052473926
			2.64917996371462	-1.79472614443202
			2.64917996371462	-1.79659176412478
			2.64731434402187	-1.79659176412478
			2.64731434402187	-1.79845738381753
			2.64731434402187	-1.80032300351029
			2.64731434402187	-1.80218862320305
			2.64731434402187	-1.8040542428958
			2.64731434402187	-1.80591986258856
			2.64544872432911	-1.80778548228132
			2.64544872432911	-1.80965110197407
			2.64544872432911	-1.81151672166683
			2.64544872432911	-1.81338234135959
			2.64544872432911	-1.81524796105234
			2.64544872432911	-1.8171135807451
			2.64544872432911	-1.81897920043786
			2.64358310463635	-1.82084482013062
			2.64358310463635	-1.82271043982337
			2.64358310463635	-1.82457605951613
			2.64358310463635	-1.82644167920889
			2.64358310463635	-1.82830729890164
			2.64358310463635	-1.8301729185944
			2.64358310463635	-1.83203853828716
			2.64358310463635	-1.83390415797991
			2.64358310463635	-1.83576977767267
			2.64358310463635	-1.83763539736543
			2.64358310463635	-1.83950101705818
			2.64358310463635	-1.84136663675094
			2.64358310463635	-1.8432322564437
			2.64358310463635	-1.84509787613645
			2.64358310463635	-1.84696349582921
			2.64358310463635	-1.84882911552197
			2.64358310463635	-1.85069473521472
			2.64358310463635	-1.85256035490748
			2.64358310463635	-1.85442597460024
			2.64358310463635	-1.85629159429299
			2.64358310463635	-1.85815721398575
			2.64358310463635	-1.86002283367851
			2.64358310463635	-1.86188845337126
			2.64358310463635	-1.86375407306402
		</curvaI_espina_dorsal>
	</curves.scaled>
	<ruler.points type=matrix rownames=TRUE colnames=FALSE nrow=2 ncol=2 as.numeric=TRUE >
		Ruler point 1	1519	537
		Ruler point 2	2055	533
	</ruler.points>
</shapes>

