<shapes type=list>
	<ruler.pixel type=vector names=FALSE length=1 as.numeric=TRUE >539.000927642987</ruler.pixel>
	<ruler.interval type=vector names=FALSE length=1 as.numeric=TRUE >1</ruler.interval>
	<scaling.units type=vector names=FALSE length=1 as.numeric=FALSE >mm</scaling.units>
	<scaling type=vector names=FALSE length=1 as.numeric=TRUE >0.00185873284861451</scaling>
	<landmarks.pixel type=matrix rownames=TRUE colnames=FALSE nrow=3 ncol=2 as.numeric=TRUE >
		punta_espina_dorsal	1277	955
		esq_izq_caparaza	1365	1181
		organo_dorsal	1635	1009
	</landmarks.pixel>
	<landmarks.scaled type=matrix rownames=TRUE colnames=FALSE nrow=3 ncol=2 as.numeric=TRUE >
		punta_espina_dorsal	2.37360184768073	-1.77508987042686
		esq_izq_caparaza	2.53717033835881	-2.19516349421374
		organo_dorsal	3.03902820748472	-1.87546144425204
	</landmarks.scaled>
	<curves.control type=list>
		<curvaD_espina_dorsal type=matrix rownames=FALSE colnames=FALSE nrow=7 ncol=2 as.numeric=TRUE >
			1277	955
			1323	953
			1384	968
			1434	977
			1477	994
			1521	1035
			1635	1009
		</curvaD_espina_dorsal>
		<curvaI_espina_dorsal type=matrix rownames=FALSE colnames=FALSE nrow=9 ncol=2 as.numeric=TRUE >
			1277	955
			1348	969
			1383	984
			1428	999
			1460	1022
			1465	1074
			1390	1108
			1373	1137
			1365	1181
		</curvaI_espina_dorsal>
	</curves.control>
	<curves.pixel type=list>
		<curvaD_espina_dorsal type=matrix rownames=FALSE colnames=FALSE nrow=364 ncol=2 as.numeric=TRUE >
			1277	955
			1278	955
			1279	955
			1280	955
			1281	955
			1282	955
			1283	955
			1284	955
			1285	955
			1286	955
			1287	955
			1288	955
			1289	955
			1290	955
			1291	955
			1292	955
			1293	955
			1294	955
			1295	955
			1296	955
			1297	955
			1298	955
			1299	955
			1300	955
			1301	955
			1302	955
			1303	955
			1304	955
			1305	955
			1306	955
			1307	955
			1308	955
			1309	956
			1310	956
			1311	956
			1312	956
			1313	956
			1314	956
			1315	956
			1316	956
			1317	956
			1318	956
			1319	956
			1320	956
			1321	957
			1322	957
			1323	957
			1324	957
			1325	957
			1326	957
			1327	957
			1328	957
			1329	958
			1330	958
			1331	958
			1332	958
			1333	958
			1334	958
			1335	958
			1336	958
			1337	959
			1338	959
			1339	959
			1340	959
			1341	959
			1342	959
			1343	960
			1344	960
			1345	960
			1346	960
			1347	960
			1348	960
			1349	961
			1350	961
			1351	961
			1352	961
			1353	961
			1354	962
			1355	962
			1356	962
			1357	962
			1358	962
			1359	962
			1360	963
			1361	963
			1362	963
			1363	963
			1364	963
			1365	964
			1366	964
			1367	964
			1368	964
			1369	964
			1369	965
			1370	965
			1371	965
			1372	965
			1373	965
			1374	966
			1375	966
			1376	966
			1377	966
			1378	967
			1379	967
			1380	967
			1381	967
			1382	967
			1383	968
			1384	968
			1385	968
			1386	968
			1387	969
			1388	969
			1389	969
			1390	969
			1391	969
			1392	969
			1393	970
			1394	970
			1395	970
			1396	970
			1397	970
			1397	971
			1398	971
			1399	971
			1400	971
			1401	971
			1402	972
			1403	972
			1404	972
			1405	972
			1406	972
			1407	973
			1408	973
			1409	973
			1410	973
			1411	974
			1412	974
			1413	974
			1414	974
			1415	974
			1415	975
			1416	975
			1417	975
			1418	975
			1419	976
			1420	976
			1421	976
			1422	976
			1423	976
			1424	977
			1425	977
			1426	977
			1427	977
			1427	978
			1428	978
			1429	978
			1430	978
			1431	979
			1432	979
			1433	979
			1434	979
			1435	980
			1436	980
			1437	980
			1438	981
			1439	981
			1440	981
			1441	982
			1442	982
			1443	982
			1444	982
			1445	983
			1446	983
			1447	983
			1448	984
			1449	984
			1450	984
			1451	985
			1452	985
			1453	985
			1454	986
			1455	986
			1456	986
			1457	987
			1458	987
			1459	987
			1460	988
			1461	988
			1462	988
			1463	989
			1464	989
			1465	990
			1466	990
			1467	990
			1468	991
			1469	991
			1470	991
			1471	992
			1472	992
			1473	993
			1474	993
			1475	993
			1476	994
			1477	994
			1478	995
			1479	996
			1480	997
			1481	997
			1482	998
			1483	999
			1484	1000
			1485	1001
			1486	1001
			1487	1002
			1488	1003
			1489	1003
			1490	1004
			1491	1004
			1492	1005
			1493	1005
			1494	1006
			1495	1006
			1495	1007
			1496	1007
			1497	1008
			1498	1008
			1499	1008
			1500	1009
			1501	1009
			1502	1010
			1503	1010
			1504	1010
			1505	1011
			1506	1011
			1507	1012
			1508	1012
			1509	1012
			1510	1013
			1511	1013
			1512	1013
			1513	1014
			1514	1014
			1515	1014
			1516	1014
			1517	1015
			1518	1015
			1519	1015
			1520	1015
			1521	1016
			1522	1016
			1523	1016
			1524	1016
			1525	1016
			1526	1017
			1527	1017
			1528	1017
			1529	1017
			1530	1017
			1531	1017
			1532	1018
			1533	1018
			1534	1018
			1535	1018
			1536	1018
			1537	1018
			1538	1018
			1539	1018
			1540	1018
			1541	1018
			1542	1019
			1543	1019
			1544	1019
			1545	1019
			1546	1019
			1547	1019
			1548	1019
			1549	1019
			1550	1019
			1551	1019
			1552	1019
			1553	1019
			1554	1019
			1555	1019
			1556	1019
			1557	1019
			1558	1019
			1559	1019
			1560	1019
			1561	1019
			1562	1019
			1563	1019
			1564	1019
			1565	1019
			1566	1019
			1567	1019
			1568	1019
			1569	1019
			1570	1019
			1571	1019
			1572	1019
			1573	1019
			1574	1018
			1575	1018
			1576	1018
			1577	1018
			1578	1018
			1579	1018
			1580	1018
			1581	1018
			1582	1018
			1583	1018
			1584	1018
			1585	1018
			1586	1017
			1587	1017
			1588	1017
			1589	1017
			1590	1017
			1591	1017
			1592	1017
			1593	1017
			1594	1016
			1595	1016
			1596	1016
			1597	1016
			1598	1016
			1599	1016
			1600	1016
			1601	1015
			1602	1015
			1603	1015
			1604	1015
			1605	1015
			1606	1015
			1607	1014
			1608	1014
			1609	1014
			1610	1014
			1611	1014
			1612	1014
			1613	1014
			1614	1013
			1615	1013
			1616	1013
			1617	1013
			1618	1013
			1619	1012
			1620	1012
			1621	1012
			1622	1012
			1623	1012
			1624	1011
			1625	1011
			1626	1011
			1627	1011
			1628	1011
			1629	1010
			1630	1010
			1631	1010
			1632	1010
			1633	1009
			1634	1009
			1635	1009
		</curvaD_espina_dorsal>
		<curvaI_espina_dorsal type=matrix rownames=FALSE colnames=FALSE nrow=368 ncol=2 as.numeric=TRUE >
			1277	955
			1278	955
			1279	955
			1280	956
			1281	956
			1282	956
			1283	956
			1284	956
			1285	957
			1286	957
			1287	957
			1288	957
			1289	957
			1290	958
			1291	958
			1292	958
			1293	958
			1294	959
			1295	959
			1296	959
			1297	959
			1298	959
			1299	960
			1300	960
			1301	960
			1302	960
			1303	960
			1304	961
			1305	961
			1306	961
			1307	961
			1308	962
			1309	962
			1310	962
			1311	962
			1312	962
			1313	963
			1314	963
			1315	963
			1316	963
			1316	964
			1317	964
			1318	964
			1319	964
			1320	964
			1321	965
			1322	965
			1323	965
			1324	965
			1325	966
			1326	966
			1327	966
			1328	966
			1329	967
			1330	967
			1331	967
			1332	967
			1333	968
			1334	968
			1335	968
			1336	969
			1337	969
			1338	969
			1339	969
			1340	970
			1341	970
			1342	970
			1343	970
			1344	971
			1345	971
			1346	971
			1347	971
			1348	972
			1349	972
			1350	973
			1351	973
			1352	973
			1353	973
			1354	974
			1355	974
			1356	974
			1357	975
			1358	975
			1359	975
			1360	976
			1361	976
			1362	976
			1363	976
			1363	977
			1364	977
			1365	977
			1366	977
			1367	978
			1368	978
			1369	979
			1370	979
			1371	979
			1372	980
			1373	980
			1374	980
			1375	981
			1376	981
			1377	982
			1378	982
			1379	982
			1380	983
			1381	983
			1382	984
			1383	984
			1384	984
			1385	985
			1386	985
			1387	985
			1388	986
			1389	986
			1390	986
			1391	987
			1392	987
			1393	988
			1394	988
			1395	988
			1396	989
			1397	989
			1398	989
			1399	990
			1400	990
			1401	991
			1402	991
			1403	991
			1404	992
			1405	992
			1406	993
			1407	993
			1408	993
			1409	994
			1410	994
			1411	995
			1412	995
			1413	996
			1414	996
			1415	996
			1416	997
			1417	997
			1418	998
			1419	998
			1420	999
			1421	999
			1422	1000
			1423	1000
			1424	1001
			1425	1001
			1426	1002
			1427	1002
			1428	1003
			1429	1003
			1430	1003
			1430	1004
			1431	1004
			1432	1005
			1433	1005
			1434	1006
			1435	1006
			1436	1007
			1437	1007
			1438	1008
			1439	1008
			1440	1009
			1441	1010
			1442	1010
			1443	1011
			1444	1012
			1445	1012
			1446	1013
			1447	1014
			1448	1014
			1449	1015
			1450	1016
			1451	1016
			1452	1017
			1453	1017
			1454	1018
			1455	1019
			1456	1019
			1457	1020
			1458	1021
			1459	1021
			1460	1022
			1460	1023
			1460	1024
			1460	1025
			1460	1026
			1460	1027
			1460	1028
			1460	1029
			1460	1030
			1460	1031
			1460	1032
			1460	1033
			1460	1034
			1460	1035
			1460	1036
			1460	1037
			1460	1038
			1459	1039
			1459	1040
			1459	1041
			1459	1042
			1459	1043
			1458	1044
			1458	1045
			1458	1046
			1457	1047
			1457	1048
			1457	1049
			1456	1050
			1456	1051
			1456	1052
			1455	1053
			1455	1054
			1454	1055
			1454	1056
			1453	1057
			1453	1058
			1452	1059
			1452	1060
			1451	1061
			1451	1062
			1450	1062
			1450	1063
			1449	1064
			1448	1065
			1448	1066
			1447	1067
			1446	1068
			1445	1069
			1444	1070
			1444	1071
			1443	1072
			1442	1073
			1441	1074
			1440	1075
			1439	1076
			1438	1077
			1437	1078
			1436	1079
			1435	1080
			1434	1081
			1433	1082
			1432	1082
			1431	1083
			1430	1084
			1429	1085
			1428	1086
			1427	1087
			1426	1087
			1425	1088
			1424	1089
			1423	1090
			1422	1090
			1421	1091
			1420	1091
			1419	1092
			1418	1093
			1417	1093
			1416	1094
			1415	1095
			1414	1095
			1413	1096
			1412	1096
			1411	1097
			1410	1098
			1409	1098
			1408	1099
			1407	1099
			1406	1100
			1405	1101
			1404	1101
			1403	1102
			1402	1102
			1401	1103
			1400	1103
			1399	1104
			1398	1104
			1397	1104
			1397	1105
			1396	1105
			1395	1105
			1395	1106
			1394	1106
			1393	1106
			1393	1107
			1392	1107
			1391	1108
			1390	1108
			1389	1109
			1389	1110
			1388	1111
			1387	1112
			1387	1113
			1387	1114
			1386	1115
			1386	1116
			1385	1117
			1385	1118
			1384	1119
			1384	1120
			1383	1121
			1383	1122
			1382	1123
			1382	1124
			1381	1125
			1381	1126
			1381	1127
			1380	1128
			1380	1129
			1379	1129
			1379	1130
			1379	1131
			1378	1132
			1378	1133
			1378	1134
			1377	1135
			1377	1136
			1376	1137
			1376	1138
			1376	1139
			1375	1140
			1375	1141
			1375	1142
			1374	1143
			1374	1144
			1374	1145
			1374	1146
			1373	1147
			1373	1148
			1373	1149
			1372	1150
			1372	1151
			1372	1152
			1371	1153
			1371	1154
			1371	1155
			1371	1156
			1370	1157
			1370	1158
			1370	1159
			1370	1160
			1369	1161
			1369	1162
			1369	1163
			1368	1164
			1368	1165
			1368	1166
			1368	1167
			1368	1168
			1367	1169
			1367	1170
			1367	1171
			1367	1172
			1367	1173
			1366	1174
			1366	1175
			1366	1176
			1366	1177
			1366	1178
			1365	1179
			1365	1180
			1365	1181
		</curvaI_espina_dorsal>
	</curves.pixel>
	<curves.scaled type=list>
		<curvaD_espina_dorsal type=matrix rownames=FALSE colnames=FALSE nrow=364 ncol=2 as.numeric=TRUE >
			2.37360184768073	-1.77508987042686
			2.37546058052934	-1.77508987042686
			2.37731931337796	-1.77508987042686
			2.37917804622657	-1.77508987042686
			2.38103677907519	-1.77508987042686
			2.3828955119238	-1.77508987042686
			2.38475424477242	-1.77508987042686
			2.38661297762103	-1.77508987042686
			2.38847171046965	-1.77508987042686
			2.39033044331826	-1.77508987042686
			2.39218917616687	-1.77508987042686
			2.39404790901549	-1.77508987042686
			2.3959066418641	-1.77508987042686
			2.39776537471272	-1.77508987042686
			2.39962410756133	-1.77508987042686
			2.40148284040995	-1.77508987042686
			2.40334157325856	-1.77508987042686
			2.40520030610718	-1.77508987042686
			2.40705903895579	-1.77508987042686
			2.40891777180441	-1.77508987042686
			2.41077650465302	-1.77508987042686
			2.41263523750163	-1.77508987042686
			2.41449397035025	-1.77508987042686
			2.41635270319886	-1.77508987042686
			2.41821143604748	-1.77508987042686
			2.42007016889609	-1.77508987042686
			2.42192890174471	-1.77508987042686
			2.42378763459332	-1.77508987042686
			2.42564636744194	-1.77508987042686
			2.42750510029055	-1.77508987042686
			2.42936383313917	-1.77508987042686
			2.43122256598778	-1.77508987042686
			2.43308129883639	-1.77694860327547
			2.43494003168501	-1.77694860327547
			2.43679876453362	-1.77694860327547
			2.43865749738224	-1.77694860327547
			2.44051623023085	-1.77694860327547
			2.44237496307947	-1.77694860327547
			2.44423369592808	-1.77694860327547
			2.4460924287767	-1.77694860327547
			2.44795116162531	-1.77694860327547
			2.44980989447392	-1.77694860327547
			2.45166862732254	-1.77694860327547
			2.45352736017115	-1.77694860327547
			2.45538609301977	-1.77880733612409
			2.45724482586838	-1.77880733612409
			2.459103558717	-1.77880733612409
			2.46096229156561	-1.77880733612409
			2.46282102441423	-1.77880733612409
			2.46467975726284	-1.77880733612409
			2.46653849011146	-1.77880733612409
			2.46839722296007	-1.77880733612409
			2.47025595580868	-1.7806660689727
			2.4721146886573	-1.7806660689727
			2.47397342150591	-1.7806660689727
			2.47583215435453	-1.7806660689727
			2.47769088720314	-1.7806660689727
			2.47954962005176	-1.7806660689727
			2.48140835290037	-1.7806660689727
			2.48326708574899	-1.7806660689727
			2.4851258185976	-1.78252480182132
			2.48698455144621	-1.78252480182132
			2.48884328429483	-1.78252480182132
			2.49070201714344	-1.78252480182132
			2.49256074999206	-1.78252480182132
			2.49441948284067	-1.78252480182132
			2.49627821568929	-1.78438353466993
			2.4981369485379	-1.78438353466993
			2.49999568138652	-1.78438353466993
			2.50185441423513	-1.78438353466993
			2.50371314708375	-1.78438353466993
			2.50557187993236	-1.78438353466993
			2.50743061278097	-1.78624226751854
			2.50928934562959	-1.78624226751854
			2.5111480784782	-1.78624226751854
			2.51300681132682	-1.78624226751854
			2.51486554417543	-1.78624226751854
			2.51672427702405	-1.78810100036716
			2.51858300987266	-1.78810100036716
			2.52044174272128	-1.78810100036716
			2.52230047556989	-1.78810100036716
			2.52415920841851	-1.78810100036716
			2.52601794126712	-1.78810100036716
			2.52787667411573	-1.78995973321577
			2.52973540696435	-1.78995973321577
			2.53159413981296	-1.78995973321577
			2.53345287266158	-1.78995973321577
			2.53531160551019	-1.78995973321577
			2.53717033835881	-1.79181846606439
			2.53902907120742	-1.79181846606439
			2.54088780405604	-1.79181846606439
			2.54274653690465	-1.79181846606439
			2.54460526975326	-1.79181846606439
			2.54460526975326	-1.793677198913
			2.54646400260188	-1.793677198913
			2.54832273545049	-1.793677198913
			2.55018146829911	-1.793677198913
			2.55204020114772	-1.793677198913
			2.55389893399634	-1.79553593176162
			2.55575766684495	-1.79553593176162
			2.55761639969357	-1.79553593176162
			2.55947513254218	-1.79553593176162
			2.5613338653908	-1.79739466461023
			2.56319259823941	-1.79739466461023
			2.56505133108802	-1.79739466461023
			2.56691006393664	-1.79739466461023
			2.56876879678525	-1.79739466461023
			2.57062752963387	-1.79925339745885
			2.57248626248248	-1.79925339745885
			2.5743449953311	-1.79925339745885
			2.57620372817971	-1.79925339745885
			2.57806246102833	-1.80111213030746
			2.57992119387694	-1.80111213030746
			2.58177992672556	-1.80111213030746
			2.58363865957417	-1.80111213030746
			2.58549739242278	-1.80111213030746
			2.5873561252714	-1.80111213030746
			2.58921485812001	-1.80297086315608
			2.59107359096863	-1.80297086315608
			2.59293232381724	-1.80297086315608
			2.59479105666586	-1.80297086315608
			2.59664978951447	-1.80297086315608
			2.59664978951447	-1.80482959600469
			2.59850852236309	-1.80482959600469
			2.6003672552117	-1.80482959600469
			2.60222598806031	-1.80482959600469
			2.60408472090893	-1.80482959600469
			2.60594345375754	-1.8066883288533
			2.60780218660616	-1.8066883288533
			2.60966091945477	-1.8066883288533
			2.61151965230339	-1.8066883288533
			2.613378385152	-1.8066883288533
			2.61523711800062	-1.80854706170192
			2.61709585084923	-1.80854706170192
			2.61895458369785	-1.80854706170192
			2.62081331654646	-1.80854706170192
			2.62267204939507	-1.81040579455053
			2.62453078224369	-1.81040579455053
			2.6263895150923	-1.81040579455053
			2.62824824794092	-1.81040579455053
			2.63010698078953	-1.81040579455053
			2.63010698078953	-1.81226452739915
			2.63196571363815	-1.81226452739915
			2.63382444648676	-1.81226452739915
			2.63568317933538	-1.81226452739915
			2.63754191218399	-1.81412326024776
			2.6394006450326	-1.81412326024776
			2.64125937788122	-1.81412326024776
			2.64311811072983	-1.81412326024776
			2.64497684357845	-1.81412326024776
			2.64683557642706	-1.81598199309638
			2.64869430927568	-1.81598199309638
			2.65055304212429	-1.81598199309638
			2.65241177497291	-1.81598199309638
			2.65241177497291	-1.81784072594499
			2.65427050782152	-1.81784072594499
			2.65612924067014	-1.81784072594499
			2.65798797351875	-1.81784072594499
			2.65984670636736	-1.81969945879361
			2.66170543921598	-1.81969945879361
			2.66356417206459	-1.81969945879361
			2.66542290491321	-1.81969945879361
			2.66728163776182	-1.82155819164222
			2.66914037061044	-1.82155819164222
			2.67099910345905	-1.82155819164222
			2.67285783630767	-1.82341692449083
			2.67471656915628	-1.82341692449083
			2.6765753020049	-1.82341692449083
			2.67843403485351	-1.82527565733945
			2.68029276770212	-1.82527565733945
			2.68215150055074	-1.82527565733945
			2.68401023339935	-1.82527565733945
			2.68586896624797	-1.82713439018806
			2.68772769909658	-1.82713439018806
			2.6895864319452	-1.82713439018806
			2.69144516479381	-1.82899312303668
			2.69330389764243	-1.82899312303668
			2.69516263049104	-1.82899312303668
			2.69702136333965	-1.83085185588529
			2.69888009618827	-1.83085185588529
			2.70073882903688	-1.83085185588529
			2.7025975618855	-1.83271058873391
			2.70445629473411	-1.83271058873391
			2.70631502758273	-1.83271058873391
			2.70817376043134	-1.83456932158252
			2.71003249327996	-1.83456932158252
			2.71189122612857	-1.83456932158252
			2.71374995897719	-1.83642805443114
			2.7156086918258	-1.83642805443114
			2.71746742467441	-1.83642805443114
			2.71932615752303	-1.83828678727975
			2.72118489037164	-1.83828678727975
			2.72304362322026	-1.84014552012837
			2.72490235606887	-1.84014552012837
			2.72676108891749	-1.84014552012837
			2.7286198217661	-1.84200425297698
			2.73047855461472	-1.84200425297698
			2.73233728746333	-1.84200425297698
			2.73419602031194	-1.84386298582559
			2.73605475316056	-1.84386298582559
			2.73791348600917	-1.84572171867421
			2.73977221885779	-1.84572171867421
			2.7416309517064	-1.84572171867421
			2.74348968455502	-1.84758045152282
			2.74534841740363	-1.84758045152282
			2.74720715025225	-1.84943918437144
			2.74906588310086	-1.85129791722005
			2.75092461594948	-1.85315665006867
			2.75278334879809	-1.85315665006867
			2.7546420816467	-1.85501538291728
			2.75650081449532	-1.8568741157659
			2.75835954734393	-1.85873284861451
			2.76021828019255	-1.86059158146313
			2.76207701304116	-1.86059158146313
			2.76393574588978	-1.86245031431174
			2.76579447873839	-1.86430904716035
			2.76765321158701	-1.86430904716035
			2.76951194443562	-1.86616778000897
			2.77137067728424	-1.86616778000897
			2.77322941013285	-1.86802651285758
			2.77508814298146	-1.86802651285758
			2.77694687583008	-1.8698852457062
			2.77880560867869	-1.8698852457062
			2.77880560867869	-1.87174397855481
			2.78066434152731	-1.87174397855481
			2.78252307437592	-1.87360271140343
			2.78438180722454	-1.87360271140343
			2.78624054007315	-1.87360271140343
			2.78809927292177	-1.87546144425204
			2.78995800577038	-1.87546144425204
			2.79181673861899	-1.87732017710066
			2.79367547146761	-1.87732017710066
			2.79553420431622	-1.87732017710066
			2.79739293716484	-1.87917890994927
			2.79925167001345	-1.87917890994927
			2.80111040286207	-1.88103764279788
			2.80296913571068	-1.88103764279788
			2.8048278685593	-1.88103764279788
			2.80668660140791	-1.8828963756465
			2.80854533425653	-1.8828963756465
			2.81040406710514	-1.8828963756465
			2.81226279995375	-1.88475510849511
			2.81412153280237	-1.88475510849511
			2.81598026565098	-1.88475510849511
			2.8178389984996	-1.88475510849511
			2.81969773134821	-1.88661384134373
			2.82155646419683	-1.88661384134373
			2.82341519704544	-1.88661384134373
			2.82527392989406	-1.88661384134373
			2.82713266274267	-1.88847257419234
			2.82899139559128	-1.88847257419234
			2.8308501284399	-1.88847257419234
			2.83270886128851	-1.88847257419234
			2.83456759413713	-1.88847257419234
			2.83642632698574	-1.89033130704096
			2.83828505983436	-1.89033130704096
			2.84014379268297	-1.89033130704096
			2.84200252553159	-1.89033130704096
			2.8438612583802	-1.89033130704096
			2.84571999122882	-1.89033130704096
			2.84757872407743	-1.89219003988957
			2.84943745692604	-1.89219003988957
			2.85129618977466	-1.89219003988957
			2.85315492262327	-1.89219003988957
			2.85501365547189	-1.89219003988957
			2.8568723883205	-1.89219003988957
			2.85873112116912	-1.89219003988957
			2.86058985401773	-1.89219003988957
			2.86244858686635	-1.89219003988957
			2.86430731971496	-1.89219003988957
			2.86616605256358	-1.89404877273819
			2.86802478541219	-1.89404877273819
			2.8698835182608	-1.89404877273819
			2.87174225110942	-1.89404877273819
			2.87360098395803	-1.89404877273819
			2.87545971680665	-1.89404877273819
			2.87731844965526	-1.89404877273819
			2.87917718250388	-1.89404877273819
			2.88103591535249	-1.89404877273819
			2.88289464820111	-1.89404877273819
			2.88475338104972	-1.89404877273819
			2.88661211389833	-1.89404877273819
			2.88847084674695	-1.89404877273819
			2.89032957959556	-1.89404877273819
			2.89218831244418	-1.89404877273819
			2.89404704529279	-1.89404877273819
			2.89590577814141	-1.89404877273819
			2.89776451099002	-1.89404877273819
			2.89962324383864	-1.89404877273819
			2.90148197668725	-1.89404877273819
			2.90334070953587	-1.89404877273819
			2.90519944238448	-1.89404877273819
			2.90705817523309	-1.89404877273819
			2.90891690808171	-1.89404877273819
			2.91077564093032	-1.89404877273819
			2.91263437377894	-1.89404877273819
			2.91449310662755	-1.89404877273819
			2.91635183947617	-1.89404877273819
			2.91821057232478	-1.89404877273819
			2.9200693051734	-1.89404877273819
			2.92192803802201	-1.89404877273819
			2.92378677087063	-1.89404877273819
			2.92564550371924	-1.89219003988957
			2.92750423656785	-1.89219003988957
			2.92936296941647	-1.89219003988957
			2.93122170226508	-1.89219003988957
			2.9330804351137	-1.89219003988957
			2.93493916796231	-1.89219003988957
			2.93679790081093	-1.89219003988957
			2.93865663365954	-1.89219003988957
			2.94051536650816	-1.89219003988957
			2.94237409935677	-1.89219003988957
			2.94423283220538	-1.89219003988957
			2.946091565054	-1.89219003988957
			2.94795029790261	-1.89033130704096
			2.94980903075123	-1.89033130704096
			2.95166776359984	-1.89033130704096
			2.95352649644846	-1.89033130704096
			2.95538522929707	-1.89033130704096
			2.95724396214569	-1.89033130704096
			2.9591026949943	-1.89033130704096
			2.96096142784292	-1.89033130704096
			2.96282016069153	-1.88847257419234
			2.96467889354014	-1.88847257419234
			2.96653762638876	-1.88847257419234
			2.96839635923737	-1.88847257419234
			2.97025509208599	-1.88847257419234
			2.9721138249346	-1.88847257419234
			2.97397255778322	-1.88847257419234
			2.97583129063183	-1.88661384134373
			2.97769002348045	-1.88661384134373
			2.97954875632906	-1.88661384134373
			2.98140748917768	-1.88661384134373
			2.98326622202629	-1.88661384134373
			2.9851249548749	-1.88661384134373
			2.98698368772352	-1.88475510849511
			2.98884242057213	-1.88475510849511
			2.99070115342075	-1.88475510849511
			2.99255988626936	-1.88475510849511
			2.99441861911798	-1.88475510849511
			2.99627735196659	-1.88475510849511
			2.99813608481521	-1.88475510849511
			2.99999481766382	-1.8828963756465
			3.00185355051243	-1.8828963756465
			3.00371228336105	-1.8828963756465
			3.00557101620966	-1.8828963756465
			3.00742974905828	-1.8828963756465
			3.00928848190689	-1.88103764279788
			3.01114721475551	-1.88103764279788
			3.01300594760412	-1.88103764279788
			3.01486468045274	-1.88103764279788
			3.01672341330135	-1.88103764279788
			3.01858214614997	-1.87917890994927
			3.02044087899858	-1.87917890994927
			3.02229961184719	-1.87917890994927
			3.02415834469581	-1.87917890994927
			3.02601707754442	-1.87917890994927
			3.02787581039304	-1.87732017710066
			3.02973454324165	-1.87732017710066
			3.03159327609027	-1.87732017710066
			3.03345200893888	-1.87732017710066
			3.0353107417875	-1.87546144425204
			3.03716947463611	-1.87546144425204
			3.03902820748472	-1.87546144425204
		</curvaD_espina_dorsal>
		<curvaI_espina_dorsal type=matrix rownames=FALSE colnames=FALSE nrow=368 ncol=2 as.numeric=TRUE >
			2.37360184768073	-1.77508987042686
			2.37546058052934	-1.77508987042686
			2.37731931337796	-1.77508987042686
			2.37917804622657	-1.77694860327547
			2.38103677907519	-1.77694860327547
			2.3828955119238	-1.77694860327547
			2.38475424477242	-1.77694860327547
			2.38661297762103	-1.77694860327547
			2.38847171046965	-1.77880733612409
			2.39033044331826	-1.77880733612409
			2.39218917616687	-1.77880733612409
			2.39404790901549	-1.77880733612409
			2.3959066418641	-1.77880733612409
			2.39776537471272	-1.7806660689727
			2.39962410756133	-1.7806660689727
			2.40148284040995	-1.7806660689727
			2.40334157325856	-1.7806660689727
			2.40520030610718	-1.78252480182132
			2.40705903895579	-1.78252480182132
			2.40891777180441	-1.78252480182132
			2.41077650465302	-1.78252480182132
			2.41263523750163	-1.78252480182132
			2.41449397035025	-1.78438353466993
			2.41635270319886	-1.78438353466993
			2.41821143604748	-1.78438353466993
			2.42007016889609	-1.78438353466993
			2.42192890174471	-1.78438353466993
			2.42378763459332	-1.78624226751854
			2.42564636744194	-1.78624226751854
			2.42750510029055	-1.78624226751854
			2.42936383313917	-1.78624226751854
			2.43122256598778	-1.78810100036716
			2.43308129883639	-1.78810100036716
			2.43494003168501	-1.78810100036716
			2.43679876453362	-1.78810100036716
			2.43865749738224	-1.78810100036716
			2.44051623023085	-1.78995973321577
			2.44237496307947	-1.78995973321577
			2.44423369592808	-1.78995973321577
			2.4460924287767	-1.78995973321577
			2.4460924287767	-1.79181846606439
			2.44795116162531	-1.79181846606439
			2.44980989447392	-1.79181846606439
			2.45166862732254	-1.79181846606439
			2.45352736017115	-1.79181846606439
			2.45538609301977	-1.793677198913
			2.45724482586838	-1.793677198913
			2.459103558717	-1.793677198913
			2.46096229156561	-1.793677198913
			2.46282102441423	-1.79553593176162
			2.46467975726284	-1.79553593176162
			2.46653849011146	-1.79553593176162
			2.46839722296007	-1.79553593176162
			2.47025595580868	-1.79739466461023
			2.4721146886573	-1.79739466461023
			2.47397342150591	-1.79739466461023
			2.47583215435453	-1.79739466461023
			2.47769088720314	-1.79925339745885
			2.47954962005176	-1.79925339745885
			2.48140835290037	-1.79925339745885
			2.48326708574899	-1.80111213030746
			2.4851258185976	-1.80111213030746
			2.48698455144621	-1.80111213030746
			2.48884328429483	-1.80111213030746
			2.49070201714344	-1.80297086315608
			2.49256074999206	-1.80297086315608
			2.49441948284067	-1.80297086315608
			2.49627821568929	-1.80297086315608
			2.4981369485379	-1.80482959600469
			2.49999568138652	-1.80482959600469
			2.50185441423513	-1.80482959600469
			2.50371314708375	-1.80482959600469
			2.50557187993236	-1.8066883288533
			2.50743061278097	-1.8066883288533
			2.50928934562959	-1.80854706170192
			2.5111480784782	-1.80854706170192
			2.51300681132682	-1.80854706170192
			2.51486554417543	-1.80854706170192
			2.51672427702405	-1.81040579455053
			2.51858300987266	-1.81040579455053
			2.52044174272128	-1.81040579455053
			2.52230047556989	-1.81226452739915
			2.52415920841851	-1.81226452739915
			2.52601794126712	-1.81226452739915
			2.52787667411573	-1.81412326024776
			2.52973540696435	-1.81412326024776
			2.53159413981296	-1.81412326024776
			2.53345287266158	-1.81412326024776
			2.53345287266158	-1.81598199309638
			2.53531160551019	-1.81598199309638
			2.53717033835881	-1.81598199309638
			2.53902907120742	-1.81598199309638
			2.54088780405604	-1.81784072594499
			2.54274653690465	-1.81784072594499
			2.54460526975326	-1.81969945879361
			2.54646400260188	-1.81969945879361
			2.54832273545049	-1.81969945879361
			2.55018146829911	-1.82155819164222
			2.55204020114772	-1.82155819164222
			2.55389893399634	-1.82155819164222
			2.55575766684495	-1.82341692449083
			2.55761639969357	-1.82341692449083
			2.55947513254218	-1.82527565733945
			2.5613338653908	-1.82527565733945
			2.56319259823941	-1.82527565733945
			2.56505133108802	-1.82713439018806
			2.56691006393664	-1.82713439018806
			2.56876879678525	-1.82899312303668
			2.57062752963387	-1.82899312303668
			2.57248626248248	-1.82899312303668
			2.5743449953311	-1.83085185588529
			2.57620372817971	-1.83085185588529
			2.57806246102833	-1.83085185588529
			2.57992119387694	-1.83271058873391
			2.58177992672556	-1.83271058873391
			2.58363865957417	-1.83271058873391
			2.58549739242278	-1.83456932158252
			2.5873561252714	-1.83456932158252
			2.58921485812001	-1.83642805443114
			2.59107359096863	-1.83642805443114
			2.59293232381724	-1.83642805443114
			2.59479105666586	-1.83828678727975
			2.59664978951447	-1.83828678727975
			2.59850852236309	-1.83828678727975
			2.6003672552117	-1.84014552012837
			2.60222598806031	-1.84014552012837
			2.60408472090893	-1.84200425297698
			2.60594345375754	-1.84200425297698
			2.60780218660616	-1.84200425297698
			2.60966091945477	-1.84386298582559
			2.61151965230339	-1.84386298582559
			2.613378385152	-1.84572171867421
			2.61523711800062	-1.84572171867421
			2.61709585084923	-1.84572171867421
			2.61895458369785	-1.84758045152282
			2.62081331654646	-1.84758045152282
			2.62267204939507	-1.84943918437144
			2.62453078224369	-1.84943918437144
			2.6263895150923	-1.85129791722005
			2.62824824794092	-1.85129791722005
			2.63010698078953	-1.85129791722005
			2.63196571363815	-1.85315665006867
			2.63382444648676	-1.85315665006867
			2.63568317933538	-1.85501538291728
			2.63754191218399	-1.85501538291728
			2.6394006450326	-1.8568741157659
			2.64125937788122	-1.8568741157659
			2.64311811072983	-1.85873284861451
			2.64497684357845	-1.85873284861451
			2.64683557642706	-1.86059158146313
			2.64869430927568	-1.86059158146313
			2.65055304212429	-1.86245031431174
			2.65241177497291	-1.86245031431174
			2.65427050782152	-1.86430904716035
			2.65612924067014	-1.86430904716035
			2.65798797351875	-1.86430904716035
			2.65798797351875	-1.86616778000897
			2.65984670636736	-1.86616778000897
			2.66170543921598	-1.86802651285758
			2.66356417206459	-1.86802651285758
			2.66542290491321	-1.8698852457062
			2.66728163776182	-1.8698852457062
			2.66914037061044	-1.87174397855481
			2.67099910345905	-1.87174397855481
			2.67285783630767	-1.87360271140343
			2.67471656915628	-1.87360271140343
			2.6765753020049	-1.87546144425204
			2.67843403485351	-1.87732017710066
			2.68029276770212	-1.87732017710066
			2.68215150055074	-1.87917890994927
			2.68401023339935	-1.88103764279788
			2.68586896624797	-1.88103764279788
			2.68772769909658	-1.8828963756465
			2.6895864319452	-1.88475510849511
			2.69144516479381	-1.88475510849511
			2.69330389764243	-1.88661384134373
			2.69516263049104	-1.88847257419234
			2.69702136333965	-1.88847257419234
			2.69888009618827	-1.89033130704096
			2.70073882903688	-1.89033130704096
			2.7025975618855	-1.89219003988957
			2.70445629473411	-1.89404877273819
			2.70631502758273	-1.89404877273819
			2.70817376043134	-1.8959075055868
			2.71003249327996	-1.89776623843542
			2.71189122612857	-1.89776623843542
			2.71374995897719	-1.89962497128403
			2.71374995897719	-1.90148370413264
			2.71374995897719	-1.90334243698126
			2.71374995897719	-1.90520116982987
			2.71374995897719	-1.90705990267849
			2.71374995897719	-1.9089186355271
			2.71374995897719	-1.91077736837572
			2.71374995897719	-1.91263610122433
			2.71374995897719	-1.91449483407295
			2.71374995897719	-1.91635356692156
			2.71374995897719	-1.91821229977017
			2.71374995897719	-1.92007103261879
			2.71374995897719	-1.9219297654674
			2.71374995897719	-1.92378849831602
			2.71374995897719	-1.92564723116463
			2.71374995897719	-1.92750596401325
			2.71374995897719	-1.92936469686186
			2.71189122612857	-1.93122342971048
			2.71189122612857	-1.93308216255909
			2.71189122612857	-1.93494089540771
			2.71189122612857	-1.93679962825632
			2.71189122612857	-1.93865836110493
			2.71003249327996	-1.94051709395355
			2.71003249327996	-1.94237582680216
			2.71003249327996	-1.94423455965078
			2.70817376043134	-1.94609329249939
			2.70817376043134	-1.94795202534801
			2.70817376043134	-1.94981075819662
			2.70631502758273	-1.95166949104524
			2.70631502758273	-1.95352822389385
			2.70631502758273	-1.95538695674247
			2.70445629473411	-1.95724568959108
			2.70445629473411	-1.95910442243969
			2.7025975618855	-1.96096315528831
			2.7025975618855	-1.96282188813692
			2.70073882903688	-1.96468062098554
			2.70073882903688	-1.96653935383415
			2.69888009618827	-1.96839808668277
			2.69888009618827	-1.97025681953138
			2.69702136333965	-1.97211555238
			2.69702136333965	-1.97397428522861
			2.69516263049104	-1.97397428522861
			2.69516263049104	-1.97583301807722
			2.69330389764243	-1.97769175092584
			2.69144516479381	-1.97955048377445
			2.69144516479381	-1.98140921662307
			2.6895864319452	-1.98326794947168
			2.68772769909658	-1.9851266823203
			2.68586896624797	-1.98698541516891
			2.68401023339935	-1.98884414801753
			2.68401023339935	-1.99070288086614
			2.68215150055074	-1.99256161371476
			2.68029276770212	-1.99442034656337
			2.67843403485351	-1.99627907941198
			2.6765753020049	-1.9981378122606
			2.67471656915628	-1.99999654510921
			2.67285783630767	-2.00185527795783
			2.67099910345905	-2.00371401080644
			2.66914037061044	-2.00557274365506
			2.66728163776182	-2.00743147650367
			2.66542290491321	-2.00929020935229
			2.66356417206459	-2.0111489422009
			2.66170543921598	-2.0111489422009
			2.65984670636736	-2.01300767504951
			2.65798797351875	-2.01486640789813
			2.65612924067014	-2.01672514074674
			2.65427050782152	-2.01858387359536
			2.65241177497291	-2.02044260644397
			2.65055304212429	-2.02044260644397
			2.64869430927568	-2.02230133929259
			2.64683557642706	-2.0241600721412
			2.64497684357845	-2.02601880498982
			2.64311811072983	-2.02601880498982
			2.64125937788122	-2.02787753783843
			2.6394006450326	-2.02787753783843
			2.63754191218399	-2.02973627068705
			2.63568317933538	-2.03159500353566
			2.63382444648676	-2.03159500353566
			2.63196571363815	-2.03345373638427
			2.63010698078953	-2.03531246923289
			2.62824824794092	-2.03531246923289
			2.6263895150923	-2.0371712020815
			2.62453078224369	-2.0371712020815
			2.62267204939507	-2.03902993493012
			2.62081331654646	-2.04088866777873
			2.61895458369785	-2.04088866777873
			2.61709585084923	-2.04274740062735
			2.61523711800062	-2.04274740062735
			2.613378385152	-2.04460613347596
			2.61151965230339	-2.04646486632458
			2.60966091945477	-2.04646486632458
			2.60780218660616	-2.04832359917319
			2.60594345375754	-2.04832359917319
			2.60408472090893	-2.05018233202181
			2.60222598806031	-2.05018233202181
			2.6003672552117	-2.05204106487042
			2.59850852236309	-2.05204106487042
			2.59664978951447	-2.05204106487042
			2.59664978951447	-2.05389979771903
			2.59479105666586	-2.05389979771903
			2.59293232381724	-2.05389979771903
			2.59293232381724	-2.05575853056765
			2.59107359096863	-2.05575853056765
			2.58921485812001	-2.05575853056765
			2.58921485812001	-2.05761726341626
			2.5873561252714	-2.05761726341626
			2.58549739242278	-2.05947599626488
			2.58363865957417	-2.05947599626488
			2.58177992672556	-2.06133472911349
			2.58177992672556	-2.06319346196211
			2.57992119387694	-2.06505219481072
			2.57806246102833	-2.06691092765934
			2.57806246102833	-2.06876966050795
			2.57806246102833	-2.07062839335656
			2.57620372817971	-2.07248712620518
			2.57620372817971	-2.07434585905379
			2.5743449953311	-2.07620459190241
			2.5743449953311	-2.07806332475102
			2.57248626248248	-2.07992205759964
			2.57248626248248	-2.08178079044825
			2.57062752963387	-2.08363952329687
			2.57062752963387	-2.08549825614548
			2.56876879678525	-2.0873569889941
			2.56876879678525	-2.08921572184271
			2.56691006393664	-2.09107445469132
			2.56691006393664	-2.09293318753994
			2.56691006393664	-2.09479192038855
			2.56505133108802	-2.09665065323717
			2.56505133108802	-2.09850938608578
			2.56319259823941	-2.09850938608578
			2.56319259823941	-2.1003681189344
			2.56319259823941	-2.10222685178301
			2.5613338653908	-2.10408558463163
			2.5613338653908	-2.10594431748024
			2.5613338653908	-2.10780305032885
			2.55947513254218	-2.10966178317747
			2.55947513254218	-2.11152051602608
			2.55761639969357	-2.1133792488747
			2.55761639969357	-2.11523798172331
			2.55761639969357	-2.11709671457193
			2.55575766684495	-2.11895544742054
			2.55575766684495	-2.12081418026916
			2.55575766684495	-2.12267291311777
			2.55389893399634	-2.12453164596639
			2.55389893399634	-2.126390378815
			2.55389893399634	-2.12824911166361
			2.55389893399634	-2.13010784451223
			2.55204020114772	-2.13196657736084
			2.55204020114772	-2.13382531020946
			2.55204020114772	-2.13568404305807
			2.55018146829911	-2.13754277590669
			2.55018146829911	-2.1394015087553
			2.55018146829911	-2.14126024160392
			2.54832273545049	-2.14311897445253
			2.54832273545049	-2.14497770730115
			2.54832273545049	-2.14683644014976
			2.54832273545049	-2.14869517299837
			2.54646400260188	-2.15055390584699
			2.54646400260188	-2.1524126386956
			2.54646400260188	-2.15427137154422
			2.54646400260188	-2.15613010439283
			2.54460526975326	-2.15798883724145
			2.54460526975326	-2.15984757009006
			2.54460526975326	-2.16170630293868
			2.54274653690465	-2.16356503578729
			2.54274653690465	-2.1654237686359
			2.54274653690465	-2.16728250148452
			2.54274653690465	-2.16914123433313
			2.54274653690465	-2.17099996718175
			2.54088780405604	-2.17285870003036
			2.54088780405604	-2.17471743287898
			2.54088780405604	-2.17657616572759
			2.54088780405604	-2.17843489857621
			2.54088780405604	-2.18029363142482
			2.53902907120742	-2.18215236427344
			2.53902907120742	-2.18401109712205
			2.53902907120742	-2.18586982997066
			2.53902907120742	-2.18772856281928
			2.53902907120742	-2.18958729566789
			2.53717033835881	-2.19144602851651
			2.53717033835881	-2.19330476136512
			2.53717033835881	-2.19516349421374
		</curvaI_espina_dorsal>
	</curves.scaled>
	<ruler.points type=matrix rownames=TRUE colnames=FALSE nrow=2 ncol=2 as.numeric=TRUE >
		Ruler point 1	1607	568
		Ruler point 2	2145	567
	</ruler.points>
</shapes>

