<shapes type=list>
	<ruler.pixel type=vector names=FALSE length=1 as.numeric=TRUE >539.000927642987</ruler.pixel>
	<ruler.interval type=vector names=FALSE length=1 as.numeric=TRUE >1</ruler.interval>
	<scaling.units type=vector names=FALSE length=1 as.numeric=FALSE >mm</scaling.units>
	<scaling type=vector names=FALSE length=1 as.numeric=TRUE >0.00185873284861451</scaling>
	<landmarks.pixel type=matrix rownames=TRUE colnames=FALSE nrow=3 ncol=2 as.numeric=TRUE >
		punta_espina_dorsal	1533	774
		esq_izq_caparaza	1426	1005
		organo_dorsal	1730	1074
	</landmarks.pixel>
	<landmarks.scaled type=matrix rownames=TRUE colnames=FALSE nrow=3 ncol=2 as.numeric=TRUE >
		punta_espina_dorsal	2.84943745692604	-1.43865922482763
		esq_izq_caparaza	2.65055304212429	-1.86802651285758
		organo_dorsal	3.2156078281031	-1.99627907941198
	</landmarks.scaled>
	<curves.control type=list>
		<curvaD_espina_dorsal type=matrix rownames=FALSE colnames=FALSE nrow=7 ncol=2 as.numeric=TRUE >
			1533	774
			1566	818
			1589	863
			1611	912
			1631	953
			1636	1025
			1730	1074
		</curvaD_espina_dorsal>
		<curvaI_espina_dorsal type=matrix rownames=FALSE colnames=FALSE nrow=9 ncol=2 as.numeric=TRUE >
			1533	774
			1555	823
			1561	840
			1601	951
			1594	955
			1569	999
			1481	981
			1448	987
			1426	1005
		</curvaI_espina_dorsal>
	</curves.control>
	<curves.pixel type=list>
		<curvaD_espina_dorsal type=matrix rownames=FALSE colnames=FALSE nrow=342 ncol=2 as.numeric=TRUE >
			1533	774
			1534	775
			1535	776
			1535	777
			1536	778
			1537	779
			1537	780
			1538	780
			1538	781
			1539	782
			1540	783
			1540	784
			1541	785
			1542	786
			1543	787
			1544	788
			1544	789
			1545	790
			1545	791
			1546	792
			1547	793
			1548	794
			1548	795
			1549	796
			1549	797
			1550	798
			1551	798
			1551	799
			1552	800
			1552	801
			1553	801
			1553	802
			1554	803
			1554	804
			1555	804
			1555	805
			1556	806
			1556	807
			1557	807
			1557	808
			1558	809
			1558	810
			1559	811
			1560	812
			1560	813
			1561	814
			1561	815
			1562	816
			1562	817
			1563	817
			1564	818
			1564	819
			1565	820
			1565	821
			1566	822
			1566	823
			1567	824
			1568	825
			1568	826
			1569	827
			1570	828
			1570	829
			1571	830
			1571	831
			1572	832
			1573	833
			1573	834
			1574	835
			1574	836
			1575	837
			1575	838
			1576	838
			1576	839
			1576	840
			1577	841
			1578	842
			1578	843
			1579	844
			1579	845
			1580	846
			1580	847
			1581	848
			1581	849
			1582	850
			1583	851
			1583	852
			1584	853
			1584	854
			1585	854
			1585	855
			1586	856
			1586	857
			1587	858
			1587	859
			1588	860
			1588	861
			1589	862
			1589	863
			1589	864
			1590	865
			1590	866
			1591	867
			1591	868
			1592	869
			1592	870
			1593	871
			1593	872
			1594	873
			1594	874
			1595	875
			1595	876
			1595	877
			1596	878
			1596	879
			1597	880
			1597	881
			1598	882
			1598	883
			1599	884
			1599	885
			1600	886
			1600	887
			1600	888
			1601	889
			1601	890
			1602	891
			1602	892
			1603	893
			1603	894
			1604	895
			1604	896
			1604	897
			1605	898
			1605	899
			1606	900
			1606	901
			1607	902
			1607	903
			1608	904
			1608	905
			1608	906
			1609	907
			1609	908
			1610	908
			1610	909
			1611	910
			1611	911
			1612	912
			1612	913
			1612	914
			1613	915
			1613	916
			1614	917
			1614	918
			1615	919
			1615	920
			1616	921
			1616	922
			1616	923
			1617	923
			1617	924
			1618	925
			1618	926
			1619	927
			1619	928
			1619	929
			1620	930
			1620	931
			1621	932
			1621	933
			1622	933
			1622	934
			1622	935
			1623	936
			1623	937
			1624	938
			1624	939
			1625	940
			1625	941
			1626	942
			1626	943
			1627	944
			1627	945
			1627	946
			1628	946
			1628	947
			1628	948
			1629	948
			1629	949
			1629	950
			1630	950
			1630	951
			1631	952
			1631	953
			1631	954
			1631	955
			1631	956
			1631	957
			1631	958
			1632	959
			1632	960
			1632	961
			1632	962
			1632	963
			1632	964
			1632	965
			1633	966
			1633	967
			1633	968
			1633	969
			1633	970
			1634	970
			1634	971
			1634	972
			1634	973
			1635	974
			1635	975
			1635	976
			1635	977
			1636	978
			1636	979
			1636	980
			1637	981
			1637	982
			1637	983
			1638	984
			1638	985
			1639	986
			1639	987
			1639	988
			1640	989
			1640	990
			1641	991
			1641	992
			1642	993
			1642	994
			1642	995
			1643	995
			1643	996
			1643	997
			1644	998
			1645	999
			1645	1000
			1646	1001
			1646	1002
			1647	1003
			1647	1004
			1648	1005
			1649	1006
			1650	1007
			1650	1008
			1651	1009
			1651	1010
			1652	1011
			1653	1012
			1654	1013
			1655	1014
			1655	1015
			1656	1016
			1656	1017
			1657	1017
			1657	1018
			1658	1019
			1659	1020
			1660	1021
			1661	1022
			1661	1023
			1662	1024
			1663	1025
			1664	1025
			1664	1026
			1665	1027
			1666	1028
			1667	1029
			1668	1030
			1669	1031
			1670	1032
			1671	1033
			1672	1034
			1673	1035
			1674	1036
			1675	1037
			1676	1038
			1677	1039
			1678	1040
			1679	1040
			1680	1041
			1681	1042
			1682	1042
			1682	1043
			1683	1044
			1684	1045
			1685	1045
			1686	1046
			1687	1047
			1688	1047
			1689	1048
			1689	1049
			1690	1049
			1691	1050
			1692	1051
			1693	1051
			1694	1052
			1695	1053
			1696	1054
			1697	1054
			1698	1055
			1699	1056
			1700	1056
			1701	1057
			1702	1058
			1703	1058
			1704	1059
			1705	1060
			1706	1060
			1707	1061
			1708	1061
			1709	1062
			1710	1063
			1711	1063
			1712	1064
			1713	1065
			1714	1065
			1715	1066
			1716	1066
			1716	1067
			1717	1067
			1718	1067
			1718	1068
			1719	1068
			1720	1068
			1720	1069
			1721	1069
			1722	1070
			1723	1070
			1724	1071
			1725	1072
			1726	1072
			1727	1072
			1728	1073
			1729	1073
			1730	1074
		</curvaD_espina_dorsal>
		<curvaI_espina_dorsal type=matrix rownames=FALSE colnames=FALSE nrow=363 ncol=2 as.numeric=TRUE >
			1533	774
			1533	775
			1534	776
			1534	777
			1535	778
			1535	779
			1536	780
			1536	781
			1537	782
			1537	783
			1537	784
			1538	785
			1538	786
			1539	787
			1539	788
			1540	789
			1540	790
			1540	791
			1541	792
			1542	793
			1542	794
			1543	795
			1543	796
			1543	797
			1544	798
			1544	799
			1545	800
			1545	801
			1545	802
			1546	803
			1546	804
			1547	805
			1547	806
			1548	807
			1548	808
			1548	809
			1549	809
			1549	810
			1549	811
			1550	812
			1550	813
			1551	814
			1551	815
			1551	816
			1552	817
			1552	818
			1553	819
			1553	820
			1554	821
			1554	822
			1554	823
			1555	824
			1555	825
			1555	826
			1556	827
			1556	828
			1557	829
			1557	830
			1558	831
			1558	832
			1558	833
			1559	834
			1559	835
			1560	836
			1560	837
			1560	838
			1561	839
			1561	840
			1561	841
			1562	842
			1562	843
			1562	844
			1563	845
			1563	846
			1564	847
			1564	848
			1564	849
			1565	850
			1565	851
			1565	852
			1566	853
			1566	854
			1566	855
			1567	856
			1567	857
			1567	858
			1568	859
			1568	860
			1568	861
			1569	862
			1569	863
			1570	864
			1570	865
			1570	866
			1570	867
			1571	867
			1571	868
			1571	869
			1572	870
			1572	871
			1572	872
			1573	873
			1573	874
			1573	875
			1574	876
			1574	877
			1574	878
			1575	879
			1575	880
			1575	881
			1576	882
			1576	883
			1577	884
			1577	885
			1577	886
			1577	887
			1578	888
			1578	889
			1579	890
			1579	891
			1579	892
			1579	893
			1580	894
			1580	895
			1581	896
			1581	897
			1581	898
			1581	899
			1582	900
			1582	901
			1582	902
			1583	903
			1583	904
			1583	905
			1584	906
			1584	907
			1584	908
			1585	909
			1585	910
			1585	911
			1586	912
			1586	913
			1586	914
			1587	915
			1587	916
			1587	917
			1588	918
			1588	919
			1588	920
			1588	921
			1589	922
			1589	923
			1589	924
			1589	925
			1590	926
			1590	927
			1590	928
			1591	929
			1591	930
			1591	931
			1591	932
			1592	933
			1592	934
			1592	935
			1592	936
			1593	937
			1593	938
			1593	939
			1593	940
			1594	941
			1594	942
			1594	943
			1594	944
			1594	945
			1595	946
			1595	947
			1595	948
			1595	949
			1595	950
			1595	951
			1595	952
			1595	953
			1595	954
			1594	955
			1593	956
			1593	957
			1592	958
			1592	959
			1591	960
			1590	961
			1590	962
			1589	963
			1588	963
			1587	964
			1587	965
			1586	966
			1585	967
			1584	968
			1583	969
			1582	970
			1581	971
			1580	972
			1579	972
			1578	973
			1577	973
			1577	974
			1576	974
			1575	975
			1574	975
			1574	976
			1573	976
			1572	976
			1572	977
			1571	977
			1570	978
			1569	978
			1568	978
			1568	979
			1567	979
			1566	979
			1565	980
			1564	980
			1563	981
			1562	981
			1561	981
			1560	982
			1559	982
			1558	982
			1557	983
			1556	983
			1555	983
			1554	983
			1553	984
			1552	984
			1551	984
			1550	984
			1549	984
			1548	985
			1547	985
			1546	985
			1545	985
			1544	985
			1543	985
			1542	985
			1541	985
			1541	986
			1540	986
			1539	986
			1538	986
			1537	986
			1536	986
			1535	986
			1534	986
			1533	986
			1532	986
			1531	986
			1530	986
			1529	986
			1528	986
			1527	986
			1526	986
			1525	986
			1524	986
			1523	986
			1522	986
			1521	986
			1520	986
			1519	986
			1518	986
			1517	986
			1516	986
			1515	986
			1514	986
			1513	986
			1512	986
			1511	985
			1510	985
			1509	985
			1508	985
			1507	985
			1506	985
			1505	985
			1504	985
			1503	985
			1502	985
			1501	984
			1500	984
			1499	984
			1498	984
			1497	984
			1496	984
			1495	983
			1494	983
			1493	983
			1492	983
			1491	983
			1490	983
			1489	983
			1488	982
			1487	982
			1486	982
			1485	982
			1484	982
			1483	981
			1482	981
			1481	981
			1480	981
			1479	981
			1478	982
			1477	982
			1476	982
			1475	982
			1474	983
			1473	983
			1472	983
			1471	983
			1470	983
			1469	984
			1468	984
			1467	984
			1466	985
			1465	985
			1464	985
			1463	985
			1462	986
			1461	986
			1460	986
			1459	987
			1458	987
			1457	987
			1457	988
			1456	988
			1455	988
			1454	989
			1453	989
			1452	989
			1451	990
			1450	990
			1449	991
			1448	991
			1447	992
			1446	992
			1445	993
			1444	993
			1443	994
			1442	994
			1441	995
			1440	995
			1439	996
			1438	997
			1437	997
			1436	998
			1435	998
			1434	999
			1433	1000
			1432	1000
			1432	1001
			1431	1001
			1430	1002
			1429	1003
			1428	1003
			1427	1004
			1426	1005
		</curvaI_espina_dorsal>
	</curves.pixel>
	<curves.scaled type=list>
		<curvaD_espina_dorsal type=matrix rownames=FALSE colnames=FALSE nrow=342 ncol=2 as.numeric=TRUE >
			2.84943745692604	-1.43865922482763
			2.85129618977466	-1.44051795767625
			2.85315492262327	-1.44237669052486
			2.85315492262327	-1.44423542337347
			2.85501365547189	-1.44609415622209
			2.8568723883205	-1.4479528890707
			2.8568723883205	-1.44981162191932
			2.85873112116912	-1.44981162191932
			2.85873112116912	-1.45167035476793
			2.86058985401773	-1.45352908761655
			2.86244858686635	-1.45538782046516
			2.86244858686635	-1.45724655331378
			2.86430731971496	-1.45910528616239
			2.86616605256358	-1.46096401901101
			2.86802478541219	-1.46282275185962
			2.8698835182608	-1.46468148470823
			2.8698835182608	-1.46654021755685
			2.87174225110942	-1.46839895040546
			2.87174225110942	-1.47025768325408
			2.87360098395803	-1.47211641610269
			2.87545971680665	-1.47397514895131
			2.87731844965526	-1.47583388179992
			2.87731844965526	-1.47769261464854
			2.87917718250388	-1.47955134749715
			2.87917718250388	-1.48141008034576
			2.88103591535249	-1.48326881319438
			2.88289464820111	-1.48326881319438
			2.88289464820111	-1.48512754604299
			2.88475338104972	-1.48698627889161
			2.88475338104972	-1.48884501174022
			2.88661211389833	-1.48884501174022
			2.88661211389833	-1.49070374458884
			2.88847084674695	-1.49256247743745
			2.88847084674695	-1.49442121028607
			2.89032957959556	-1.49442121028607
			2.89032957959556	-1.49627994313468
			2.89218831244418	-1.4981386759833
			2.89218831244418	-1.49999740883191
			2.89404704529279	-1.49999740883191
			2.89404704529279	-1.50185614168052
			2.89590577814141	-1.50371487452914
			2.89590577814141	-1.50557360737775
			2.89776451099002	-1.50743234022637
			2.89962324383864	-1.50929107307498
			2.89962324383864	-1.5111498059236
			2.90148197668725	-1.51300853877221
			2.90148197668725	-1.51486727162083
			2.90334070953587	-1.51672600446944
			2.90334070953587	-1.51858473731806
			2.90519944238448	-1.51858473731806
			2.90705817523309	-1.52044347016667
			2.90705817523309	-1.52230220301528
			2.90891690808171	-1.5241609358639
			2.90891690808171	-1.52601966871251
			2.91077564093032	-1.52787840156113
			2.91077564093032	-1.52973713440974
			2.91263437377894	-1.53159586725836
			2.91449310662755	-1.53345460010697
			2.91449310662755	-1.53531333295559
			2.91635183947617	-1.5371720658042
			2.91821057232478	-1.53903079865281
			2.91821057232478	-1.54088953150143
			2.9200693051734	-1.54274826435004
			2.9200693051734	-1.54460699719866
			2.92192803802201	-1.54646573004727
			2.92378677087063	-1.54832446289589
			2.92378677087063	-1.5501831957445
			2.92564550371924	-1.55204192859312
			2.92564550371924	-1.55390066144173
			2.92750423656785	-1.55575939429035
			2.92750423656785	-1.55761812713896
			2.92936296941647	-1.55761812713896
			2.92936296941647	-1.55947685998757
			2.92936296941647	-1.56133559283619
			2.93122170226508	-1.5631943256848
			2.9330804351137	-1.56505305853342
			2.9330804351137	-1.56691179138203
			2.93493916796231	-1.56877052423065
			2.93493916796231	-1.57062925707926
			2.93679790081093	-1.57248798992788
			2.93679790081093	-1.57434672277649
			2.93865663365954	-1.57620545562511
			2.93865663365954	-1.57806418847372
			2.94051536650816	-1.57992292132233
			2.94237409935677	-1.58178165417095
			2.94237409935677	-1.58364038701956
			2.94423283220538	-1.58549911986818
			2.94423283220538	-1.58735785271679
			2.946091565054	-1.58735785271679
			2.946091565054	-1.58921658556541
			2.94795029790261	-1.59107531841402
			2.94795029790261	-1.59293405126264
			2.94980903075123	-1.59479278411125
			2.94980903075123	-1.59665151695986
			2.95166776359984	-1.59851024980848
			2.95166776359984	-1.60036898265709
			2.95352649644846	-1.60222771550571
			2.95352649644846	-1.60408644835432
			2.95352649644846	-1.60594518120294
			2.95538522929707	-1.60780391405155
			2.95538522929707	-1.60966264690017
			2.95724396214569	-1.61152137974878
			2.95724396214569	-1.6133801125974
			2.9591026949943	-1.61523884544601
			2.9591026949943	-1.61709757829462
			2.96096142784292	-1.61895631114324
			2.96096142784292	-1.62081504399185
			2.96282016069153	-1.62267377684047
			2.96282016069153	-1.62453250968908
			2.96467889354014	-1.6263912425377
			2.96467889354014	-1.62824997538631
			2.96467889354014	-1.63010870823493
			2.96653762638876	-1.63196744108354
			2.96653762638876	-1.63382617393215
			2.96839635923737	-1.63568490678077
			2.96839635923737	-1.63754363962938
			2.97025509208599	-1.639402372478
			2.97025509208599	-1.64126110532661
			2.9721138249346	-1.64311983817523
			2.9721138249346	-1.64497857102384
			2.97397255778322	-1.64683730387246
			2.97397255778322	-1.64869603672107
			2.97397255778322	-1.65055476956969
			2.97583129063183	-1.6524135024183
			2.97583129063183	-1.65427223526691
			2.97769002348045	-1.65613096811553
			2.97769002348045	-1.65798970096414
			2.97954875632906	-1.65984843381276
			2.97954875632906	-1.66170716666137
			2.98140748917768	-1.66356589950999
			2.98140748917768	-1.6654246323586
			2.98140748917768	-1.66728336520722
			2.98326622202629	-1.66914209805583
			2.98326622202629	-1.67100083090445
			2.9851249548749	-1.67285956375306
			2.9851249548749	-1.67471829660167
			2.98698368772352	-1.67657702945029
			2.98698368772352	-1.6784357622989
			2.98884242057213	-1.68029449514752
			2.98884242057213	-1.68215322799613
			2.98884242057213	-1.68401196084475
			2.99070115342075	-1.68587069369336
			2.99070115342075	-1.68772942654198
			2.99255988626936	-1.68772942654198
			2.99255988626936	-1.68958815939059
			2.99441861911798	-1.6914468922392
			2.99441861911798	-1.69330562508782
			2.99627735196659	-1.69516435793643
			2.99627735196659	-1.69702309078505
			2.99627735196659	-1.69888182363366
			2.99813608481521	-1.70074055648228
			2.99813608481521	-1.70259928933089
			2.99999481766382	-1.70445802217951
			2.99999481766382	-1.70631675502812
			3.00185355051243	-1.70817548787674
			3.00185355051243	-1.71003422072535
			3.00371228336105	-1.71189295357396
			3.00371228336105	-1.71375168642258
			3.00371228336105	-1.71561041927119
			3.00557101620966	-1.71561041927119
			3.00557101620966	-1.71746915211981
			3.00742974905828	-1.71932788496842
			3.00742974905828	-1.72118661781704
			3.00928848190689	-1.72304535066565
			3.00928848190689	-1.72490408351427
			3.00928848190689	-1.72676281636288
			3.01114721475551	-1.72862154921149
			3.01114721475551	-1.73048028206011
			3.01300594760412	-1.73233901490872
			3.01300594760412	-1.73419774775734
			3.01486468045274	-1.73419774775734
			3.01486468045274	-1.73605648060595
			3.01486468045274	-1.73791521345457
			3.01672341330135	-1.73977394630318
			3.01672341330135	-1.7416326791518
			3.01858214614997	-1.74349141200041
			3.01858214614997	-1.74535014484903
			3.02044087899858	-1.74720887769764
			3.02044087899858	-1.74906761054625
			3.02229961184719	-1.75092634339487
			3.02229961184719	-1.75278507624348
			3.02415834469581	-1.7546438090921
			3.02415834469581	-1.75650254194071
			3.02415834469581	-1.75836127478933
			3.02601707754442	-1.75836127478933
			3.02601707754442	-1.76022000763794
			3.02601707754442	-1.76207874048656
			3.02787581039304	-1.76207874048656
			3.02787581039304	-1.76393747333517
			3.02787581039304	-1.76579620618379
			3.02973454324165	-1.76579620618379
			3.02973454324165	-1.7676549390324
			3.03159327609027	-1.76951367188101
			3.03159327609027	-1.77137240472963
			3.03159327609027	-1.77323113757824
			3.03159327609027	-1.77508987042686
			3.03159327609027	-1.77694860327547
			3.03159327609027	-1.77880733612409
			3.03159327609027	-1.7806660689727
			3.03345200893888	-1.78252480182132
			3.03345200893888	-1.78438353466993
			3.03345200893888	-1.78624226751854
			3.03345200893888	-1.78810100036716
			3.03345200893888	-1.78995973321577
			3.03345200893888	-1.79181846606439
			3.03345200893888	-1.793677198913
			3.0353107417875	-1.79553593176162
			3.0353107417875	-1.79739466461023
			3.0353107417875	-1.79925339745885
			3.0353107417875	-1.80111213030746
			3.0353107417875	-1.80297086315608
			3.03716947463611	-1.80297086315608
			3.03716947463611	-1.80482959600469
			3.03716947463611	-1.8066883288533
			3.03716947463611	-1.80854706170192
			3.03902820748472	-1.81040579455053
			3.03902820748472	-1.81226452739915
			3.03902820748472	-1.81412326024776
			3.03902820748472	-1.81598199309638
			3.04088694033334	-1.81784072594499
			3.04088694033334	-1.81969945879361
			3.04088694033334	-1.82155819164222
			3.04274567318195	-1.82341692449083
			3.04274567318195	-1.82527565733945
			3.04274567318195	-1.82713439018806
			3.04460440603057	-1.82899312303668
			3.04460440603057	-1.83085185588529
			3.04646313887918	-1.83271058873391
			3.04646313887918	-1.83456932158252
			3.04646313887918	-1.83642805443114
			3.0483218717278	-1.83828678727975
			3.0483218717278	-1.84014552012837
			3.05018060457641	-1.84200425297698
			3.05018060457641	-1.84386298582559
			3.05203933742503	-1.84572171867421
			3.05203933742503	-1.84758045152282
			3.05203933742503	-1.84943918437144
			3.05389807027364	-1.84943918437144
			3.05389807027364	-1.85129791722005
			3.05389807027364	-1.85315665006867
			3.05575680312226	-1.85501538291728
			3.05761553597087	-1.8568741157659
			3.05761553597087	-1.85873284861451
			3.05947426881948	-1.86059158146313
			3.05947426881948	-1.86245031431174
			3.0613330016681	-1.86430904716035
			3.0613330016681	-1.86616778000897
			3.06319173451671	-1.86802651285758
			3.06505046736533	-1.8698852457062
			3.06690920021394	-1.87174397855481
			3.06690920021394	-1.87360271140343
			3.06876793306256	-1.87546144425204
			3.06876793306256	-1.87732017710066
			3.07062666591117	-1.87917890994927
			3.07248539875979	-1.88103764279788
			3.0743441316084	-1.8828963756465
			3.07620286445702	-1.88475510849511
			3.07620286445702	-1.88661384134373
			3.07806159730563	-1.88847257419234
			3.07806159730563	-1.89033130704096
			3.07992033015424	-1.89033130704096
			3.07992033015424	-1.89219003988957
			3.08177906300286	-1.89404877273819
			3.08363779585147	-1.8959075055868
			3.08549652870009	-1.89776623843542
			3.0873552615487	-1.89962497128403
			3.0873552615487	-1.90148370413264
			3.08921399439732	-1.90334243698126
			3.09107272724593	-1.90520116982987
			3.09293146009455	-1.90520116982987
			3.09293146009455	-1.90705990267849
			3.09479019294316	-1.9089186355271
			3.09664892579177	-1.91077736837572
			3.09850765864039	-1.91263610122433
			3.100366391489	-1.91449483407295
			3.10222512433762	-1.91635356692156
			3.10408385718623	-1.91821229977017
			3.10594259003485	-1.92007103261879
			3.10780132288346	-1.9219297654674
			3.10966005573208	-1.92378849831602
			3.11151878858069	-1.92564723116463
			3.11337752142931	-1.92750596401325
			3.11523625427792	-1.92936469686186
			3.11709498712653	-1.93122342971048
			3.11895371997515	-1.93308216255909
			3.12081245282376	-1.93308216255909
			3.12267118567238	-1.93494089540771
			3.12452991852099	-1.93679962825632
			3.12638865136961	-1.93679962825632
			3.12638865136961	-1.93865836110493
			3.12824738421822	-1.94051709395355
			3.13010611706684	-1.94237582680216
			3.13196484991545	-1.94237582680216
			3.13382358276407	-1.94423455965078
			3.13568231561268	-1.94609329249939
			3.13754104846129	-1.94609329249939
			3.13939978130991	-1.94795202534801
			3.13939978130991	-1.94981075819662
			3.14125851415852	-1.94981075819662
			3.14311724700714	-1.95166949104524
			3.14497597985575	-1.95352822389385
			3.14683471270437	-1.95352822389385
			3.14869344555298	-1.95538695674247
			3.1505521784016	-1.95724568959108
			3.15241091125021	-1.95910442243969
			3.15426964409882	-1.95910442243969
			3.15612837694744	-1.96096315528831
			3.15798710979605	-1.96282188813692
			3.15984584264467	-1.96282188813692
			3.16170457549328	-1.96468062098554
			3.1635633083419	-1.96653935383415
			3.16542204119051	-1.96653935383415
			3.16728077403913	-1.96839808668277
			3.16913950688774	-1.97025681953138
			3.17099823973636	-1.97025681953138
			3.17285697258497	-1.97211555238
			3.17471570543358	-1.97211555238
			3.1765744382822	-1.97397428522861
			3.17843317113081	-1.97583301807722
			3.18029190397943	-1.97583301807722
			3.18215063682804	-1.97769175092584
			3.18400936967666	-1.97955048377445
			3.18586810252527	-1.97955048377445
			3.18772683537389	-1.98140921662307
			3.1895855682225	-1.98140921662307
			3.1895855682225	-1.98326794947168
			3.19144430107111	-1.98326794947168
			3.19330303391973	-1.98326794947168
			3.19330303391973	-1.9851266823203
			3.19516176676834	-1.9851266823203
			3.19702049961696	-1.9851266823203
			3.19702049961696	-1.98698541516891
			3.19887923246557	-1.98698541516891
			3.20073796531419	-1.98884414801753
			3.2025966981628	-1.98884414801753
			3.20445543101142	-1.99070288086614
			3.20631416386003	-1.99256161371476
			3.20817289670865	-1.99256161371476
			3.21003162955726	-1.99256161371476
			3.21189036240587	-1.99442034656337
			3.21374909525449	-1.99442034656337
			3.2156078281031	-1.99627907941198
		</curvaD_espina_dorsal>
		<curvaI_espina_dorsal type=matrix rownames=FALSE colnames=FALSE nrow=363 ncol=2 as.numeric=TRUE >
			2.84943745692604	-1.43865922482763
			2.84943745692604	-1.44051795767625
			2.85129618977466	-1.44237669052486
			2.85129618977466	-1.44423542337347
			2.85315492262327	-1.44609415622209
			2.85315492262327	-1.4479528890707
			2.85501365547189	-1.44981162191932
			2.85501365547189	-1.45167035476793
			2.8568723883205	-1.45352908761655
			2.8568723883205	-1.45538782046516
			2.8568723883205	-1.45724655331378
			2.85873112116912	-1.45910528616239
			2.85873112116912	-1.46096401901101
			2.86058985401773	-1.46282275185962
			2.86058985401773	-1.46468148470823
			2.86244858686635	-1.46654021755685
			2.86244858686635	-1.46839895040546
			2.86244858686635	-1.47025768325408
			2.86430731971496	-1.47211641610269
			2.86616605256358	-1.47397514895131
			2.86616605256358	-1.47583388179992
			2.86802478541219	-1.47769261464854
			2.86802478541219	-1.47955134749715
			2.86802478541219	-1.48141008034576
			2.8698835182608	-1.48326881319438
			2.8698835182608	-1.48512754604299
			2.87174225110942	-1.48698627889161
			2.87174225110942	-1.48884501174022
			2.87174225110942	-1.49070374458884
			2.87360098395803	-1.49256247743745
			2.87360098395803	-1.49442121028607
			2.87545971680665	-1.49627994313468
			2.87545971680665	-1.4981386759833
			2.87731844965526	-1.49999740883191
			2.87731844965526	-1.50185614168052
			2.87731844965526	-1.50371487452914
			2.87917718250388	-1.50371487452914
			2.87917718250388	-1.50557360737775
			2.87917718250388	-1.50743234022637
			2.88103591535249	-1.50929107307498
			2.88103591535249	-1.5111498059236
			2.88289464820111	-1.51300853877221
			2.88289464820111	-1.51486727162083
			2.88289464820111	-1.51672600446944
			2.88475338104972	-1.51858473731806
			2.88475338104972	-1.52044347016667
			2.88661211389833	-1.52230220301528
			2.88661211389833	-1.5241609358639
			2.88847084674695	-1.52601966871251
			2.88847084674695	-1.52787840156113
			2.88847084674695	-1.52973713440974
			2.89032957959556	-1.53159586725836
			2.89032957959556	-1.53345460010697
			2.89032957959556	-1.53531333295559
			2.89218831244418	-1.5371720658042
			2.89218831244418	-1.53903079865281
			2.89404704529279	-1.54088953150143
			2.89404704529279	-1.54274826435004
			2.89590577814141	-1.54460699719866
			2.89590577814141	-1.54646573004727
			2.89590577814141	-1.54832446289589
			2.89776451099002	-1.5501831957445
			2.89776451099002	-1.55204192859312
			2.89962324383864	-1.55390066144173
			2.89962324383864	-1.55575939429035
			2.89962324383864	-1.55761812713896
			2.90148197668725	-1.55947685998757
			2.90148197668725	-1.56133559283619
			2.90148197668725	-1.5631943256848
			2.90334070953587	-1.56505305853342
			2.90334070953587	-1.56691179138203
			2.90334070953587	-1.56877052423065
			2.90519944238448	-1.57062925707926
			2.90519944238448	-1.57248798992788
			2.90705817523309	-1.57434672277649
			2.90705817523309	-1.57620545562511
			2.90705817523309	-1.57806418847372
			2.90891690808171	-1.57992292132233
			2.90891690808171	-1.58178165417095
			2.90891690808171	-1.58364038701956
			2.91077564093032	-1.58549911986818
			2.91077564093032	-1.58735785271679
			2.91077564093032	-1.58921658556541
			2.91263437377894	-1.59107531841402
			2.91263437377894	-1.59293405126264
			2.91263437377894	-1.59479278411125
			2.91449310662755	-1.59665151695986
			2.91449310662755	-1.59851024980848
			2.91449310662755	-1.60036898265709
			2.91635183947617	-1.60222771550571
			2.91635183947617	-1.60408644835432
			2.91821057232478	-1.60594518120294
			2.91821057232478	-1.60780391405155
			2.91821057232478	-1.60966264690017
			2.91821057232478	-1.61152137974878
			2.9200693051734	-1.61152137974878
			2.9200693051734	-1.6133801125974
			2.9200693051734	-1.61523884544601
			2.92192803802201	-1.61709757829462
			2.92192803802201	-1.61895631114324
			2.92192803802201	-1.62081504399185
			2.92378677087063	-1.62267377684047
			2.92378677087063	-1.62453250968908
			2.92378677087063	-1.6263912425377
			2.92564550371924	-1.62824997538631
			2.92564550371924	-1.63010870823493
			2.92564550371924	-1.63196744108354
			2.92750423656785	-1.63382617393215
			2.92750423656785	-1.63568490678077
			2.92750423656785	-1.63754363962938
			2.92936296941647	-1.639402372478
			2.92936296941647	-1.64126110532661
			2.93122170226508	-1.64311983817523
			2.93122170226508	-1.64497857102384
			2.93122170226508	-1.64683730387246
			2.93122170226508	-1.64869603672107
			2.9330804351137	-1.65055476956969
			2.9330804351137	-1.6524135024183
			2.93493916796231	-1.65427223526691
			2.93493916796231	-1.65613096811553
			2.93493916796231	-1.65798970096414
			2.93493916796231	-1.65984843381276
			2.93679790081093	-1.66170716666137
			2.93679790081093	-1.66356589950999
			2.93865663365954	-1.6654246323586
			2.93865663365954	-1.66728336520722
			2.93865663365954	-1.66914209805583
			2.93865663365954	-1.67100083090445
			2.94051536650816	-1.67285956375306
			2.94051536650816	-1.67471829660167
			2.94051536650816	-1.67657702945029
			2.94237409935677	-1.6784357622989
			2.94237409935677	-1.68029449514752
			2.94237409935677	-1.68215322799613
			2.94423283220538	-1.68401196084475
			2.94423283220538	-1.68587069369336
			2.94423283220538	-1.68772942654198
			2.946091565054	-1.68958815939059
			2.946091565054	-1.6914468922392
			2.946091565054	-1.69330562508782
			2.94795029790261	-1.69516435793643
			2.94795029790261	-1.69702309078505
			2.94795029790261	-1.69888182363366
			2.94980903075123	-1.70074055648228
			2.94980903075123	-1.70259928933089
			2.94980903075123	-1.70445802217951
			2.95166776359984	-1.70631675502812
			2.95166776359984	-1.70817548787674
			2.95166776359984	-1.71003422072535
			2.95166776359984	-1.71189295357396
			2.95352649644846	-1.71375168642258
			2.95352649644846	-1.71561041927119
			2.95352649644846	-1.71746915211981
			2.95352649644846	-1.71932788496842
			2.95538522929707	-1.72118661781704
			2.95538522929707	-1.72304535066565
			2.95538522929707	-1.72490408351427
			2.95724396214569	-1.72676281636288
			2.95724396214569	-1.72862154921149
			2.95724396214569	-1.73048028206011
			2.95724396214569	-1.73233901490872
			2.9591026949943	-1.73419774775734
			2.9591026949943	-1.73605648060595
			2.9591026949943	-1.73791521345457
			2.9591026949943	-1.73977394630318
			2.96096142784292	-1.7416326791518
			2.96096142784292	-1.74349141200041
			2.96096142784292	-1.74535014484903
			2.96096142784292	-1.74720887769764
			2.96282016069153	-1.74906761054625
			2.96282016069153	-1.75092634339487
			2.96282016069153	-1.75278507624348
			2.96282016069153	-1.7546438090921
			2.96282016069153	-1.75650254194071
			2.96467889354014	-1.75836127478933
			2.96467889354014	-1.76022000763794
			2.96467889354014	-1.76207874048656
			2.96467889354014	-1.76393747333517
			2.96467889354014	-1.76579620618379
			2.96467889354014	-1.7676549390324
			2.96467889354014	-1.76951367188101
			2.96467889354014	-1.77137240472963
			2.96467889354014	-1.77323113757824
			2.96282016069153	-1.77508987042686
			2.96096142784292	-1.77694860327547
			2.96096142784292	-1.77880733612409
			2.9591026949943	-1.7806660689727
			2.9591026949943	-1.78252480182132
			2.95724396214569	-1.78438353466993
			2.95538522929707	-1.78624226751854
			2.95538522929707	-1.78810100036716
			2.95352649644846	-1.78995973321577
			2.95166776359984	-1.78995973321577
			2.94980903075123	-1.79181846606439
			2.94980903075123	-1.793677198913
			2.94795029790261	-1.79553593176162
			2.946091565054	-1.79739466461023
			2.94423283220538	-1.79925339745885
			2.94237409935677	-1.80111213030746
			2.94051536650816	-1.80297086315608
			2.93865663365954	-1.80482959600469
			2.93679790081093	-1.8066883288533
			2.93493916796231	-1.8066883288533
			2.9330804351137	-1.80854706170192
			2.93122170226508	-1.80854706170192
			2.93122170226508	-1.81040579455053
			2.92936296941647	-1.81040579455053
			2.92750423656785	-1.81226452739915
			2.92564550371924	-1.81226452739915
			2.92564550371924	-1.81412326024776
			2.92378677087063	-1.81412326024776
			2.92192803802201	-1.81412326024776
			2.92192803802201	-1.81598199309638
			2.9200693051734	-1.81598199309638
			2.91821057232478	-1.81784072594499
			2.91635183947617	-1.81784072594499
			2.91449310662755	-1.81784072594499
			2.91449310662755	-1.81969945879361
			2.91263437377894	-1.81969945879361
			2.91077564093032	-1.81969945879361
			2.90891690808171	-1.82155819164222
			2.90705817523309	-1.82155819164222
			2.90519944238448	-1.82341692449083
			2.90334070953587	-1.82341692449083
			2.90148197668725	-1.82341692449083
			2.89962324383864	-1.82527565733945
			2.89776451099002	-1.82527565733945
			2.89590577814141	-1.82527565733945
			2.89404704529279	-1.82713439018806
			2.89218831244418	-1.82713439018806
			2.89032957959556	-1.82713439018806
			2.88847084674695	-1.82713439018806
			2.88661211389833	-1.82899312303668
			2.88475338104972	-1.82899312303668
			2.88289464820111	-1.82899312303668
			2.88103591535249	-1.82899312303668
			2.87917718250388	-1.82899312303668
			2.87731844965526	-1.83085185588529
			2.87545971680665	-1.83085185588529
			2.87360098395803	-1.83085185588529
			2.87174225110942	-1.83085185588529
			2.8698835182608	-1.83085185588529
			2.86802478541219	-1.83085185588529
			2.86616605256358	-1.83085185588529
			2.86430731971496	-1.83085185588529
			2.86430731971496	-1.83271058873391
			2.86244858686635	-1.83271058873391
			2.86058985401773	-1.83271058873391
			2.85873112116912	-1.83271058873391
			2.8568723883205	-1.83271058873391
			2.85501365547189	-1.83271058873391
			2.85315492262327	-1.83271058873391
			2.85129618977466	-1.83271058873391
			2.84943745692604	-1.83271058873391
			2.84757872407743	-1.83271058873391
			2.84571999122882	-1.83271058873391
			2.8438612583802	-1.83271058873391
			2.84200252553159	-1.83271058873391
			2.84014379268297	-1.83271058873391
			2.83828505983436	-1.83271058873391
			2.83642632698574	-1.83271058873391
			2.83456759413713	-1.83271058873391
			2.83270886128851	-1.83271058873391
			2.8308501284399	-1.83271058873391
			2.82899139559128	-1.83271058873391
			2.82713266274267	-1.83271058873391
			2.82527392989406	-1.83271058873391
			2.82341519704544	-1.83271058873391
			2.82155646419683	-1.83271058873391
			2.81969773134821	-1.83271058873391
			2.8178389984996	-1.83271058873391
			2.81598026565098	-1.83271058873391
			2.81412153280237	-1.83271058873391
			2.81226279995375	-1.83271058873391
			2.81040406710514	-1.83271058873391
			2.80854533425653	-1.83085185588529
			2.80668660140791	-1.83085185588529
			2.8048278685593	-1.83085185588529
			2.80296913571068	-1.83085185588529
			2.80111040286207	-1.83085185588529
			2.79925167001345	-1.83085185588529
			2.79739293716484	-1.83085185588529
			2.79553420431622	-1.83085185588529
			2.79367547146761	-1.83085185588529
			2.79181673861899	-1.83085185588529
			2.78995800577038	-1.82899312303668
			2.78809927292177	-1.82899312303668
			2.78624054007315	-1.82899312303668
			2.78438180722454	-1.82899312303668
			2.78252307437592	-1.82899312303668
			2.78066434152731	-1.82899312303668
			2.77880560867869	-1.82713439018806
			2.77694687583008	-1.82713439018806
			2.77508814298146	-1.82713439018806
			2.77322941013285	-1.82713439018806
			2.77137067728424	-1.82713439018806
			2.76951194443562	-1.82713439018806
			2.76765321158701	-1.82713439018806
			2.76579447873839	-1.82527565733945
			2.76393574588978	-1.82527565733945
			2.76207701304116	-1.82527565733945
			2.76021828019255	-1.82527565733945
			2.75835954734393	-1.82527565733945
			2.75650081449532	-1.82341692449083
			2.7546420816467	-1.82341692449083
			2.75278334879809	-1.82341692449083
			2.75092461594948	-1.82341692449083
			2.74906588310086	-1.82341692449083
			2.74720715025225	-1.82527565733945
			2.74534841740363	-1.82527565733945
			2.74348968455502	-1.82527565733945
			2.7416309517064	-1.82527565733945
			2.73977221885779	-1.82713439018806
			2.73791348600917	-1.82713439018806
			2.73605475316056	-1.82713439018806
			2.73419602031194	-1.82713439018806
			2.73233728746333	-1.82713439018806
			2.73047855461472	-1.82899312303668
			2.7286198217661	-1.82899312303668
			2.72676108891749	-1.82899312303668
			2.72490235606887	-1.83085185588529
			2.72304362322026	-1.83085185588529
			2.72118489037164	-1.83085185588529
			2.71932615752303	-1.83085185588529
			2.71746742467441	-1.83271058873391
			2.7156086918258	-1.83271058873391
			2.71374995897719	-1.83271058873391
			2.71189122612857	-1.83456932158252
			2.71003249327996	-1.83456932158252
			2.70817376043134	-1.83456932158252
			2.70817376043134	-1.83642805443114
			2.70631502758273	-1.83642805443114
			2.70445629473411	-1.83642805443114
			2.7025975618855	-1.83828678727975
			2.70073882903688	-1.83828678727975
			2.69888009618827	-1.83828678727975
			2.69702136333965	-1.84014552012837
			2.69516263049104	-1.84014552012837
			2.69330389764243	-1.84200425297698
			2.69144516479381	-1.84200425297698
			2.6895864319452	-1.84386298582559
			2.68772769909658	-1.84386298582559
			2.68586896624797	-1.84572171867421
			2.68401023339935	-1.84572171867421
			2.68215150055074	-1.84758045152282
			2.68029276770212	-1.84758045152282
			2.67843403485351	-1.84943918437144
			2.6765753020049	-1.84943918437144
			2.67471656915628	-1.85129791722005
			2.67285783630767	-1.85315665006867
			2.67099910345905	-1.85315665006867
			2.66914037061044	-1.85501538291728
			2.66728163776182	-1.85501538291728
			2.66542290491321	-1.8568741157659
			2.66356417206459	-1.85873284861451
			2.66170543921598	-1.85873284861451
			2.66170543921598	-1.86059158146313
			2.65984670636736	-1.86059158146313
			2.65798797351875	-1.86245031431174
			2.65612924067014	-1.86430904716035
			2.65427050782152	-1.86430904716035
			2.65241177497291	-1.86616778000897
			2.65055304212429	-1.86802651285758
		</curvaI_espina_dorsal>
	</curves.scaled>
	<ruler.points type=matrix rownames=TRUE colnames=FALSE nrow=2 ncol=2 as.numeric=TRUE >
		Ruler point 1	1607	568
		Ruler point 2	2145	567
	</ruler.points>
</shapes>

