<shapes type=list>
	<ruler.pixel type=vector names=FALSE length=1 as.numeric=TRUE >539.000927642987</ruler.pixel>
	<ruler.interval type=vector names=FALSE length=1 as.numeric=TRUE >1</ruler.interval>
	<scaling.units type=vector names=FALSE length=1 as.numeric=FALSE >mm</scaling.units>
	<scaling type=vector names=FALSE length=1 as.numeric=TRUE >0.00185873284861451</scaling>
	<landmarks.pixel type=matrix rownames=TRUE colnames=FALSE nrow=3 ncol=2 as.numeric=TRUE >
		punta_espina_dorsal	1593	738
		esq_izq_caparaza	1420	937
		organo_dorsal	1716	1071
	</landmarks.pixel>
	<landmarks.scaled type=matrix rownames=TRUE colnames=FALSE nrow=3 ncol=2 as.numeric=TRUE >
		punta_espina_dorsal	2.96096142784292	-1.37174484227751
		esq_izq_caparaza	2.6394006450326	-1.7416326791518
		organo_dorsal	3.1895855682225	-1.99070288086614
	</landmarks.scaled>
	<curves.control type=list>
		<curvaD_espina_dorsal type=matrix rownames=FALSE colnames=FALSE nrow=7 ncol=2 as.numeric=TRUE >
			1593	738
			1610	775
			1624	830
			1636	881
			1645	926
			1631	979
			1716	1071
		</curvaD_espina_dorsal>
		<curvaI_espina_dorsal type=matrix rownames=FALSE colnames=FALSE nrow=9 ncol=2 as.numeric=TRUE >
			1593	738
			1602	784
			1609	825
			1618	930
			1608	926
			1552	960
			1489	915
			1453	924
			1420	937
		</curvaI_espina_dorsal>
	</curves.control>
	<curves.pixel type=list>
		<curvaD_espina_dorsal type=matrix rownames=FALSE colnames=FALSE nrow=349 ncol=2 as.numeric=TRUE >
			1593	738
			1593	739
			1594	739
			1594	740
			1594	741
			1595	742
			1595	743
			1596	744
			1596	745
			1597	746
			1597	747
			1597	748
			1598	749
			1598	750
			1599	751
			1599	752
			1599	753
			1600	754
			1600	755
			1601	756
			1601	757
			1601	758
			1602	759
			1602	760
			1602	761
			1603	762
			1603	763
			1604	764
			1604	765
			1604	766
			1605	767
			1605	768
			1606	769
			1606	770
			1606	771
			1607	772
			1607	773
			1607	774
			1608	775
			1608	776
			1609	777
			1609	778
			1609	779
			1609	780
			1610	780
			1610	781
			1610	782
			1610	783
			1611	784
			1611	785
			1611	786
			1612	787
			1612	788
			1612	789
			1613	790
			1613	791
			1613	792
			1614	793
			1614	794
			1614	795
			1615	796
			1615	797
			1615	798
			1616	799
			1616	800
			1616	801
			1616	802
			1617	803
			1617	804
			1617	805
			1617	806
			1618	806
			1618	807
			1618	808
			1618	809
			1619	810
			1619	811
			1619	812
			1619	813
			1620	814
			1620	815
			1620	816
			1621	817
			1621	818
			1621	819
			1621	820
			1622	821
			1622	822
			1622	823
			1622	824
			1623	825
			1623	826
			1623	827
			1623	828
			1624	829
			1624	830
			1624	831
			1625	832
			1625	833
			1625	834
			1625	835
			1625	836
			1626	837
			1626	838
			1626	839
			1626	840
			1627	841
			1627	842
			1627	843
			1627	844
			1627	845
			1628	846
			1628	847
			1628	848
			1628	849
			1629	849
			1629	850
			1629	851
			1629	852
			1629	853
			1630	854
			1630	855
			1630	856
			1630	857
			1630	858
			1631	859
			1631	860
			1631	861
			1631	862
			1632	863
			1632	864
			1632	865
			1632	866
			1632	867
			1633	868
			1633	869
			1633	870
			1633	871
			1634	872
			1634	873
			1634	874
			1634	875
			1634	876
			1635	877
			1635	878
			1635	879
			1635	880
			1636	881
			1636	882
			1636	883
			1636	884
			1637	885
			1637	886
			1637	887
			1637	888
			1637	889
			1638	890
			1638	891
			1638	892
			1638	893
			1638	894
			1639	895
			1639	896
			1639	897
			1639	898
			1640	899
			1640	900
			1640	901
			1640	902
			1640	903
			1641	904
			1641	905
			1641	906
			1641	907
			1641	908
			1642	909
			1642	910
			1642	911
			1642	912
			1642	913
			1643	914
			1643	915
			1643	916
			1643	917
			1643	918
			1643	919
			1644	919
			1644	920
			1644	921
			1644	922
			1644	923
			1645	924
			1645	925
			1645	926
			1645	927
			1644	928
			1644	929
			1644	930
			1644	931
			1644	932
			1644	933
			1644	934
			1643	934
			1643	935
			1643	936
			1643	937
			1643	938
			1643	939
			1643	940
			1643	941
			1643	942
			1643	943
			1643	944
			1643	945
			1643	946
			1643	947
			1643	948
			1643	949
			1643	950
			1644	951
			1644	952
			1644	953
			1644	954
			1644	955
			1644	956
			1645	957
			1645	958
			1645	959
			1645	960
			1645	961
			1646	962
			1646	963
			1646	964
			1646	965
			1647	966
			1647	967
			1647	968
			1648	969
			1648	970
			1648	971
			1649	972
			1649	973
			1650	974
			1650	975
			1650	976
			1651	977
			1651	978
			1651	979
			1652	980
			1652	981
			1653	982
			1653	983
			1654	984
			1654	985
			1654	986
			1655	987
			1655	988
			1656	989
			1656	990
			1657	991
			1657	992
			1658	993
			1658	994
			1659	995
			1659	996
			1660	997
			1660	998
			1661	999
			1662	1000
			1662	1001
			1663	1002
			1663	1003
			1664	1004
			1665	1005
			1665	1006
			1666	1007
			1666	1008
			1667	1009
			1668	1010
			1668	1011
			1669	1012
			1670	1013
			1670	1014
			1671	1015
			1672	1016
			1672	1017
			1673	1018
			1674	1019
			1675	1020
			1675	1021
			1676	1022
			1676	1023
			1677	1023
			1677	1024
			1678	1025
			1679	1026
			1680	1027
			1680	1028
			1681	1029
			1681	1030
			1682	1030
			1683	1031
			1683	1032
			1684	1033
			1684	1034
			1685	1034
			1686	1035
			1686	1036
			1687	1037
			1687	1038
			1688	1038
			1689	1039
			1689	1040
			1690	1041
			1691	1042
			1691	1043
			1692	1043
			1693	1044
			1693	1045
			1694	1046
			1695	1047
			1696	1048
			1697	1049
			1698	1050
			1699	1051
			1699	1052
			1700	1053
			1701	1054
			1702	1055
			1703	1056
			1704	1057
			1705	1058
			1706	1059
			1706	1060
			1707	1061
			1708	1062
			1708	1063
			1709	1063
			1710	1064
			1710	1065
			1711	1065
			1711	1066
			1712	1066
			1712	1067
			1713	1068
			1714	1068
			1714	1069
			1715	1070
			1716	1071
		</curvaD_espina_dorsal>
		<curvaI_espina_dorsal type=matrix rownames=FALSE colnames=FALSE nrow=387 ncol=2 as.numeric=TRUE >
			1593	738
			1593	739
			1593	740
			1594	741
			1594	742
			1594	743
			1594	744
			1594	745
			1595	746
			1595	747
			1595	748
			1595	749
			1595	750
			1596	751
			1596	752
			1596	753
			1596	754
			1596	755
			1597	756
			1597	757
			1597	758
			1597	759
			1597	760
			1597	761
			1598	762
			1598	763
			1598	764
			1598	765
			1598	766
			1598	767
			1599	768
			1599	769
			1599	770
			1599	771
			1600	772
			1600	773
			1600	774
			1600	775
			1600	776
			1600	777
			1601	777
			1601	778
			1601	779
			1601	780
			1601	781
			1601	782
			1602	783
			1602	784
			1602	785
			1602	786
			1602	787
			1602	788
			1603	789
			1603	790
			1603	791
			1603	792
			1603	793
			1603	794
			1604	795
			1604	796
			1604	797
			1604	798
			1604	799
			1605	800
			1605	801
			1605	802
			1605	803
			1605	804
			1606	805
			1606	806
			1606	807
			1606	808
			1606	809
			1606	810
			1607	811
			1607	812
			1607	813
			1607	814
			1607	815
			1607	816
			1608	817
			1608	818
			1608	819
			1608	820
			1608	821
			1609	822
			1609	823
			1609	824
			1609	825
			1609	826
			1609	827
			1609	828
			1609	829
			1609	830
			1609	831
			1610	831
			1610	832
			1610	833
			1610	834
			1610	835
			1610	836
			1610	837
			1610	838
			1610	839
			1610	840
			1610	841
			1610	842
			1610	843
			1611	844
			1611	845
			1611	846
			1611	847
			1611	848
			1611	849
			1611	850
			1611	851
			1611	852
			1611	853
			1611	854
			1611	855
			1611	856
			1611	857
			1612	858
			1612	859
			1612	860
			1612	861
			1612	862
			1612	863
			1612	864
			1612	865
			1612	866
			1612	867
			1612	868
			1612	869
			1612	870
			1612	871
			1612	872
			1612	873
			1612	874
			1613	875
			1613	876
			1613	877
			1613	878
			1613	879
			1613	880
			1613	881
			1613	882
			1613	883
			1613	884
			1613	885
			1613	886
			1613	887
			1613	888
			1613	889
			1613	890
			1613	891
			1613	892
			1613	893
			1613	894
			1613	895
			1613	896
			1613	897
			1613	898
			1613	899
			1613	900
			1613	901
			1613	902
			1613	903
			1613	904
			1613	905
			1613	906
			1613	907
			1613	908
			1613	909
			1613	910
			1613	911
			1613	912
			1613	913
			1613	914
			1613	915
			1613	916
			1613	917
			1612	918
			1612	919
			1612	920
			1612	921
			1612	922
			1611	923
			1611	924
			1611	925
			1610	925
			1610	926
			1609	926
			1608	926
			1607	927
			1606	927
			1605	928
			1604	928
			1603	929
			1602	929
			1602	930
			1601	930
			1600	930
			1599	931
			1598	931
			1597	932
			1596	932
			1595	933
			1594	933
			1593	934
			1592	934
			1591	934
			1590	935
			1589	935
			1588	936
			1587	936
			1586	936
			1585	937
			1584	937
			1583	937
			1582	937
			1581	938
			1580	938
			1579	938
			1578	938
			1577	939
			1576	939
			1575	939
			1574	939
			1573	939
			1572	940
			1571	940
			1570	940
			1569	940
			1568	940
			1567	940
			1566	940
			1565	940
			1564	940
			1563	941
			1562	941
			1561	941
			1560	941
			1559	941
			1558	941
			1557	941
			1556	941
			1555	941
			1554	941
			1553	940
			1552	940
			1551	940
			1550	940
			1549	940
			1548	940
			1547	940
			1546	940
			1545	940
			1544	939
			1543	939
			1542	939
			1541	939
			1540	939
			1539	938
			1538	938
			1537	938
			1536	938
			1535	937
			1534	937
			1533	937
			1532	937
			1531	936
			1530	936
			1529	936
			1528	935
			1527	935
			1526	935
			1525	934
			1524	934
			1523	934
			1522	933
			1521	933
			1520	932
			1519	932
			1518	932
			1517	931
			1516	931
			1515	930
			1514	930
			1513	929
			1512	929
			1511	928
			1510	928
			1509	927
			1508	927
			1507	926
			1506	926
			1505	925
			1504	925
			1504	924
			1503	924
			1502	924
			1501	923
			1500	922
			1499	922
			1498	921
			1497	920
			1496	920
			1495	919
			1494	918
			1493	918
			1492	917
			1491	917
			1490	916
			1489	915
			1488	915
			1487	916
			1486	916
			1485	916
			1484	916
			1483	917
			1482	917
			1481	917
			1480	917
			1479	918
			1478	918
			1477	918
			1476	918
			1475	919
			1474	919
			1473	919
			1472	920
			1471	920
			1470	920
			1469	920
			1468	921
			1467	921
			1466	921
			1465	921
			1465	922
			1464	922
			1463	922
			1462	923
			1461	923
			1460	923
			1459	923
			1458	924
			1457	924
			1456	924
			1455	924
			1454	925
			1453	925
			1452	926
			1451	926
			1450	926
			1449	926
			1449	927
			1448	927
			1447	927
			1446	928
			1445	928
			1444	928
			1443	929
			1442	929
			1441	929
			1440	930
			1439	930
			1438	930
			1437	931
			1436	931
			1435	931
			1434	932
			1433	932
			1432	933
			1431	933
			1430	933
			1429	933
			1429	934
			1428	934
			1427	934
			1426	935
			1425	935
			1424	935
			1423	936
			1422	936
			1421	937
			1420	937
		</curvaI_espina_dorsal>
	</curves.pixel>
	<curves.scaled type=list>
		<curvaD_espina_dorsal type=matrix rownames=FALSE colnames=FALSE nrow=349 ncol=2 as.numeric=TRUE >
			2.96096142784292	-1.37174484227751
			2.96096142784292	-1.37360357512612
			2.96282016069153	-1.37360357512612
			2.96282016069153	-1.37546230797474
			2.96282016069153	-1.37732104082335
			2.96467889354014	-1.37917977367197
			2.96467889354014	-1.38103850652058
			2.96653762638876	-1.3828972393692
			2.96653762638876	-1.38475597221781
			2.96839635923737	-1.38661470506642
			2.96839635923737	-1.38847343791504
			2.96839635923737	-1.39033217076365
			2.97025509208599	-1.39219090361227
			2.97025509208599	-1.39404963646088
			2.9721138249346	-1.3959083693095
			2.9721138249346	-1.39776710215811
			2.9721138249346	-1.39962583500673
			2.97397255778322	-1.40148456785534
			2.97397255778322	-1.40334330070396
			2.97583129063183	-1.40520203355257
			2.97583129063183	-1.40706076640118
			2.97583129063183	-1.4089194992498
			2.97769002348045	-1.41077823209841
			2.97769002348045	-1.41263696494703
			2.97769002348045	-1.41449569779564
			2.97954875632906	-1.41635443064426
			2.97954875632906	-1.41821316349287
			2.98140748917768	-1.42007189634149
			2.98140748917768	-1.4219306291901
			2.98140748917768	-1.42378936203872
			2.98326622202629	-1.42564809488733
			2.98326622202629	-1.42750682773594
			2.9851249548749	-1.42936556058456
			2.9851249548749	-1.43122429343317
			2.9851249548749	-1.43308302628179
			2.98698368772352	-1.4349417591304
			2.98698368772352	-1.43680049197902
			2.98698368772352	-1.43865922482763
			2.98884242057213	-1.44051795767625
			2.98884242057213	-1.44237669052486
			2.99070115342075	-1.44423542337347
			2.99070115342075	-1.44609415622209
			2.99070115342075	-1.4479528890707
			2.99070115342075	-1.44981162191932
			2.99255988626936	-1.44981162191932
			2.99255988626936	-1.45167035476793
			2.99255988626936	-1.45352908761655
			2.99255988626936	-1.45538782046516
			2.99441861911798	-1.45724655331378
			2.99441861911798	-1.45910528616239
			2.99441861911798	-1.46096401901101
			2.99627735196659	-1.46282275185962
			2.99627735196659	-1.46468148470823
			2.99627735196659	-1.46654021755685
			2.99813608481521	-1.46839895040546
			2.99813608481521	-1.47025768325408
			2.99813608481521	-1.47211641610269
			2.99999481766382	-1.47397514895131
			2.99999481766382	-1.47583388179992
			2.99999481766382	-1.47769261464854
			3.00185355051243	-1.47955134749715
			3.00185355051243	-1.48141008034576
			3.00185355051243	-1.48326881319438
			3.00371228336105	-1.48512754604299
			3.00371228336105	-1.48698627889161
			3.00371228336105	-1.48884501174022
			3.00371228336105	-1.49070374458884
			3.00557101620966	-1.49256247743745
			3.00557101620966	-1.49442121028607
			3.00557101620966	-1.49627994313468
			3.00557101620966	-1.4981386759833
			3.00742974905828	-1.4981386759833
			3.00742974905828	-1.49999740883191
			3.00742974905828	-1.50185614168052
			3.00742974905828	-1.50371487452914
			3.00928848190689	-1.50557360737775
			3.00928848190689	-1.50743234022637
			3.00928848190689	-1.50929107307498
			3.00928848190689	-1.5111498059236
			3.01114721475551	-1.51300853877221
			3.01114721475551	-1.51486727162083
			3.01114721475551	-1.51672600446944
			3.01300594760412	-1.51858473731806
			3.01300594760412	-1.52044347016667
			3.01300594760412	-1.52230220301528
			3.01300594760412	-1.5241609358639
			3.01486468045274	-1.52601966871251
			3.01486468045274	-1.52787840156113
			3.01486468045274	-1.52973713440974
			3.01486468045274	-1.53159586725836
			3.01672341330135	-1.53345460010697
			3.01672341330135	-1.53531333295559
			3.01672341330135	-1.5371720658042
			3.01672341330135	-1.53903079865281
			3.01858214614997	-1.54088953150143
			3.01858214614997	-1.54274826435004
			3.01858214614997	-1.54460699719866
			3.02044087899858	-1.54646573004727
			3.02044087899858	-1.54832446289589
			3.02044087899858	-1.5501831957445
			3.02044087899858	-1.55204192859312
			3.02044087899858	-1.55390066144173
			3.02229961184719	-1.55575939429035
			3.02229961184719	-1.55761812713896
			3.02229961184719	-1.55947685998757
			3.02229961184719	-1.56133559283619
			3.02415834469581	-1.5631943256848
			3.02415834469581	-1.56505305853342
			3.02415834469581	-1.56691179138203
			3.02415834469581	-1.56877052423065
			3.02415834469581	-1.57062925707926
			3.02601707754442	-1.57248798992788
			3.02601707754442	-1.57434672277649
			3.02601707754442	-1.57620545562511
			3.02601707754442	-1.57806418847372
			3.02787581039304	-1.57806418847372
			3.02787581039304	-1.57992292132233
			3.02787581039304	-1.58178165417095
			3.02787581039304	-1.58364038701956
			3.02787581039304	-1.58549911986818
			3.02973454324165	-1.58735785271679
			3.02973454324165	-1.58921658556541
			3.02973454324165	-1.59107531841402
			3.02973454324165	-1.59293405126264
			3.02973454324165	-1.59479278411125
			3.03159327609027	-1.59665151695986
			3.03159327609027	-1.59851024980848
			3.03159327609027	-1.60036898265709
			3.03159327609027	-1.60222771550571
			3.03345200893888	-1.60408644835432
			3.03345200893888	-1.60594518120294
			3.03345200893888	-1.60780391405155
			3.03345200893888	-1.60966264690017
			3.03345200893888	-1.61152137974878
			3.0353107417875	-1.6133801125974
			3.0353107417875	-1.61523884544601
			3.0353107417875	-1.61709757829462
			3.0353107417875	-1.61895631114324
			3.03716947463611	-1.62081504399185
			3.03716947463611	-1.62267377684047
			3.03716947463611	-1.62453250968908
			3.03716947463611	-1.6263912425377
			3.03716947463611	-1.62824997538631
			3.03902820748472	-1.63010870823493
			3.03902820748472	-1.63196744108354
			3.03902820748472	-1.63382617393215
			3.03902820748472	-1.63568490678077
			3.04088694033334	-1.63754363962938
			3.04088694033334	-1.639402372478
			3.04088694033334	-1.64126110532661
			3.04088694033334	-1.64311983817523
			3.04274567318195	-1.64497857102384
			3.04274567318195	-1.64683730387246
			3.04274567318195	-1.64869603672107
			3.04274567318195	-1.65055476956969
			3.04274567318195	-1.6524135024183
			3.04460440603057	-1.65427223526691
			3.04460440603057	-1.65613096811553
			3.04460440603057	-1.65798970096414
			3.04460440603057	-1.65984843381276
			3.04460440603057	-1.66170716666137
			3.04646313887918	-1.66356589950999
			3.04646313887918	-1.6654246323586
			3.04646313887918	-1.66728336520722
			3.04646313887918	-1.66914209805583
			3.0483218717278	-1.67100083090445
			3.0483218717278	-1.67285956375306
			3.0483218717278	-1.67471829660167
			3.0483218717278	-1.67657702945029
			3.0483218717278	-1.6784357622989
			3.05018060457641	-1.68029449514752
			3.05018060457641	-1.68215322799613
			3.05018060457641	-1.68401196084475
			3.05018060457641	-1.68587069369336
			3.05018060457641	-1.68772942654198
			3.05203933742503	-1.68958815939059
			3.05203933742503	-1.6914468922392
			3.05203933742503	-1.69330562508782
			3.05203933742503	-1.69516435793643
			3.05203933742503	-1.69702309078505
			3.05389807027364	-1.69888182363366
			3.05389807027364	-1.70074055648228
			3.05389807027364	-1.70259928933089
			3.05389807027364	-1.70445802217951
			3.05389807027364	-1.70631675502812
			3.05389807027364	-1.70817548787674
			3.05575680312226	-1.70817548787674
			3.05575680312226	-1.71003422072535
			3.05575680312226	-1.71189295357396
			3.05575680312226	-1.71375168642258
			3.05575680312226	-1.71561041927119
			3.05761553597087	-1.71746915211981
			3.05761553597087	-1.71932788496842
			3.05761553597087	-1.72118661781704
			3.05761553597087	-1.72304535066565
			3.05575680312226	-1.72490408351427
			3.05575680312226	-1.72676281636288
			3.05575680312226	-1.72862154921149
			3.05575680312226	-1.73048028206011
			3.05575680312226	-1.73233901490872
			3.05575680312226	-1.73419774775734
			3.05575680312226	-1.73605648060595
			3.05389807027364	-1.73605648060595
			3.05389807027364	-1.73791521345457
			3.05389807027364	-1.73977394630318
			3.05389807027364	-1.7416326791518
			3.05389807027364	-1.74349141200041
			3.05389807027364	-1.74535014484903
			3.05389807027364	-1.74720887769764
			3.05389807027364	-1.74906761054625
			3.05389807027364	-1.75092634339487
			3.05389807027364	-1.75278507624348
			3.05389807027364	-1.7546438090921
			3.05389807027364	-1.75650254194071
			3.05389807027364	-1.75836127478933
			3.05389807027364	-1.76022000763794
			3.05389807027364	-1.76207874048656
			3.05389807027364	-1.76393747333517
			3.05389807027364	-1.76579620618379
			3.05575680312226	-1.7676549390324
			3.05575680312226	-1.76951367188101
			3.05575680312226	-1.77137240472963
			3.05575680312226	-1.77323113757824
			3.05575680312226	-1.77508987042686
			3.05575680312226	-1.77694860327547
			3.05761553597087	-1.77880733612409
			3.05761553597087	-1.7806660689727
			3.05761553597087	-1.78252480182132
			3.05761553597087	-1.78438353466993
			3.05761553597087	-1.78624226751854
			3.05947426881948	-1.78810100036716
			3.05947426881948	-1.78995973321577
			3.05947426881948	-1.79181846606439
			3.05947426881948	-1.793677198913
			3.0613330016681	-1.79553593176162
			3.0613330016681	-1.79739466461023
			3.0613330016681	-1.79925339745885
			3.06319173451671	-1.80111213030746
			3.06319173451671	-1.80297086315608
			3.06319173451671	-1.80482959600469
			3.06505046736533	-1.8066883288533
			3.06505046736533	-1.80854706170192
			3.06690920021394	-1.81040579455053
			3.06690920021394	-1.81226452739915
			3.06690920021394	-1.81412326024776
			3.06876793306256	-1.81598199309638
			3.06876793306256	-1.81784072594499
			3.06876793306256	-1.81969945879361
			3.07062666591117	-1.82155819164222
			3.07062666591117	-1.82341692449083
			3.07248539875979	-1.82527565733945
			3.07248539875979	-1.82713439018806
			3.0743441316084	-1.82899312303668
			3.0743441316084	-1.83085185588529
			3.0743441316084	-1.83271058873391
			3.07620286445702	-1.83456932158252
			3.07620286445702	-1.83642805443114
			3.07806159730563	-1.83828678727975
			3.07806159730563	-1.84014552012837
			3.07992033015424	-1.84200425297698
			3.07992033015424	-1.84386298582559
			3.08177906300286	-1.84572171867421
			3.08177906300286	-1.84758045152282
			3.08363779585147	-1.84943918437144
			3.08363779585147	-1.85129791722005
			3.08549652870009	-1.85315665006867
			3.08549652870009	-1.85501538291728
			3.0873552615487	-1.8568741157659
			3.08921399439732	-1.85873284861451
			3.08921399439732	-1.86059158146313
			3.09107272724593	-1.86245031431174
			3.09107272724593	-1.86430904716035
			3.09293146009455	-1.86616778000897
			3.09479019294316	-1.86802651285758
			3.09479019294316	-1.8698852457062
			3.09664892579177	-1.87174397855481
			3.09664892579177	-1.87360271140343
			3.09850765864039	-1.87546144425204
			3.100366391489	-1.87732017710066
			3.100366391489	-1.87917890994927
			3.10222512433762	-1.88103764279788
			3.10408385718623	-1.8828963756465
			3.10408385718623	-1.88475510849511
			3.10594259003485	-1.88661384134373
			3.10780132288346	-1.88847257419234
			3.10780132288346	-1.89033130704096
			3.10966005573208	-1.89219003988957
			3.11151878858069	-1.89404877273819
			3.11337752142931	-1.8959075055868
			3.11337752142931	-1.89776623843542
			3.11523625427792	-1.89962497128403
			3.11523625427792	-1.90148370413264
			3.11709498712653	-1.90148370413264
			3.11709498712653	-1.90334243698126
			3.11895371997515	-1.90520116982987
			3.12081245282376	-1.90705990267849
			3.12267118567238	-1.9089186355271
			3.12267118567238	-1.91077736837572
			3.12452991852099	-1.91263610122433
			3.12452991852099	-1.91449483407295
			3.12638865136961	-1.91449483407295
			3.12824738421822	-1.91635356692156
			3.12824738421822	-1.91821229977017
			3.13010611706684	-1.92007103261879
			3.13010611706684	-1.9219297654674
			3.13196484991545	-1.9219297654674
			3.13382358276407	-1.92378849831602
			3.13382358276407	-1.92564723116463
			3.13568231561268	-1.92750596401325
			3.13568231561268	-1.92936469686186
			3.13754104846129	-1.92936469686186
			3.13939978130991	-1.93122342971048
			3.13939978130991	-1.93308216255909
			3.14125851415852	-1.93494089540771
			3.14311724700714	-1.93679962825632
			3.14311724700714	-1.93865836110493
			3.14497597985575	-1.93865836110493
			3.14683471270437	-1.94051709395355
			3.14683471270437	-1.94237582680216
			3.14869344555298	-1.94423455965078
			3.1505521784016	-1.94609329249939
			3.15241091125021	-1.94795202534801
			3.15426964409882	-1.94981075819662
			3.15612837694744	-1.95166949104524
			3.15798710979605	-1.95352822389385
			3.15798710979605	-1.95538695674247
			3.15984584264467	-1.95724568959108
			3.16170457549328	-1.95910442243969
			3.1635633083419	-1.96096315528831
			3.16542204119051	-1.96282188813692
			3.16728077403913	-1.96468062098554
			3.16913950688774	-1.96653935383415
			3.17099823973636	-1.96839808668277
			3.17099823973636	-1.97025681953138
			3.17285697258497	-1.97211555238
			3.17471570543358	-1.97397428522861
			3.17471570543358	-1.97583301807722
			3.1765744382822	-1.97583301807722
			3.17843317113081	-1.97769175092584
			3.17843317113081	-1.97955048377445
			3.18029190397943	-1.97955048377445
			3.18029190397943	-1.98140921662307
			3.18215063682804	-1.98140921662307
			3.18215063682804	-1.98326794947168
			3.18400936967666	-1.9851266823203
			3.18586810252527	-1.9851266823203
			3.18586810252527	-1.98698541516891
			3.18772683537389	-1.98884414801753
			3.1895855682225	-1.99070288086614
		</curvaD_espina_dorsal>
		<curvaI_espina_dorsal type=matrix rownames=FALSE colnames=FALSE nrow=387 ncol=2 as.numeric=TRUE >
			2.96096142784292	-1.37174484227751
			2.96096142784292	-1.37360357512612
			2.96096142784292	-1.37546230797474
			2.96282016069153	-1.37732104082335
			2.96282016069153	-1.37917977367197
			2.96282016069153	-1.38103850652058
			2.96282016069153	-1.3828972393692
			2.96282016069153	-1.38475597221781
			2.96467889354014	-1.38661470506642
			2.96467889354014	-1.38847343791504
			2.96467889354014	-1.39033217076365
			2.96467889354014	-1.39219090361227
			2.96467889354014	-1.39404963646088
			2.96653762638876	-1.3959083693095
			2.96653762638876	-1.39776710215811
			2.96653762638876	-1.39962583500673
			2.96653762638876	-1.40148456785534
			2.96653762638876	-1.40334330070396
			2.96839635923737	-1.40520203355257
			2.96839635923737	-1.40706076640118
			2.96839635923737	-1.4089194992498
			2.96839635923737	-1.41077823209841
			2.96839635923737	-1.41263696494703
			2.96839635923737	-1.41449569779564
			2.97025509208599	-1.41635443064426
			2.97025509208599	-1.41821316349287
			2.97025509208599	-1.42007189634149
			2.97025509208599	-1.4219306291901
			2.97025509208599	-1.42378936203872
			2.97025509208599	-1.42564809488733
			2.9721138249346	-1.42750682773594
			2.9721138249346	-1.42936556058456
			2.9721138249346	-1.43122429343317
			2.9721138249346	-1.43308302628179
			2.97397255778322	-1.4349417591304
			2.97397255778322	-1.43680049197902
			2.97397255778322	-1.43865922482763
			2.97397255778322	-1.44051795767625
			2.97397255778322	-1.44237669052486
			2.97397255778322	-1.44423542337347
			2.97583129063183	-1.44423542337347
			2.97583129063183	-1.44609415622209
			2.97583129063183	-1.4479528890707
			2.97583129063183	-1.44981162191932
			2.97583129063183	-1.45167035476793
			2.97583129063183	-1.45352908761655
			2.97769002348045	-1.45538782046516
			2.97769002348045	-1.45724655331378
			2.97769002348045	-1.45910528616239
			2.97769002348045	-1.46096401901101
			2.97769002348045	-1.46282275185962
			2.97769002348045	-1.46468148470823
			2.97954875632906	-1.46654021755685
			2.97954875632906	-1.46839895040546
			2.97954875632906	-1.47025768325408
			2.97954875632906	-1.47211641610269
			2.97954875632906	-1.47397514895131
			2.97954875632906	-1.47583388179992
			2.98140748917768	-1.47769261464854
			2.98140748917768	-1.47955134749715
			2.98140748917768	-1.48141008034576
			2.98140748917768	-1.48326881319438
			2.98140748917768	-1.48512754604299
			2.98326622202629	-1.48698627889161
			2.98326622202629	-1.48884501174022
			2.98326622202629	-1.49070374458884
			2.98326622202629	-1.49256247743745
			2.98326622202629	-1.49442121028607
			2.9851249548749	-1.49627994313468
			2.9851249548749	-1.4981386759833
			2.9851249548749	-1.49999740883191
			2.9851249548749	-1.50185614168052
			2.9851249548749	-1.50371487452914
			2.9851249548749	-1.50557360737775
			2.98698368772352	-1.50743234022637
			2.98698368772352	-1.50929107307498
			2.98698368772352	-1.5111498059236
			2.98698368772352	-1.51300853877221
			2.98698368772352	-1.51486727162083
			2.98698368772352	-1.51672600446944
			2.98884242057213	-1.51858473731806
			2.98884242057213	-1.52044347016667
			2.98884242057213	-1.52230220301528
			2.98884242057213	-1.5241609358639
			2.98884242057213	-1.52601966871251
			2.99070115342075	-1.52787840156113
			2.99070115342075	-1.52973713440974
			2.99070115342075	-1.53159586725836
			2.99070115342075	-1.53345460010697
			2.99070115342075	-1.53531333295559
			2.99070115342075	-1.5371720658042
			2.99070115342075	-1.53903079865281
			2.99070115342075	-1.54088953150143
			2.99070115342075	-1.54274826435004
			2.99070115342075	-1.54460699719866
			2.99255988626936	-1.54460699719866
			2.99255988626936	-1.54646573004727
			2.99255988626936	-1.54832446289589
			2.99255988626936	-1.5501831957445
			2.99255988626936	-1.55204192859312
			2.99255988626936	-1.55390066144173
			2.99255988626936	-1.55575939429035
			2.99255988626936	-1.55761812713896
			2.99255988626936	-1.55947685998757
			2.99255988626936	-1.56133559283619
			2.99255988626936	-1.5631943256848
			2.99255988626936	-1.56505305853342
			2.99255988626936	-1.56691179138203
			2.99441861911798	-1.56877052423065
			2.99441861911798	-1.57062925707926
			2.99441861911798	-1.57248798992788
			2.99441861911798	-1.57434672277649
			2.99441861911798	-1.57620545562511
			2.99441861911798	-1.57806418847372
			2.99441861911798	-1.57992292132233
			2.99441861911798	-1.58178165417095
			2.99441861911798	-1.58364038701956
			2.99441861911798	-1.58549911986818
			2.99441861911798	-1.58735785271679
			2.99441861911798	-1.58921658556541
			2.99441861911798	-1.59107531841402
			2.99441861911798	-1.59293405126264
			2.99627735196659	-1.59479278411125
			2.99627735196659	-1.59665151695986
			2.99627735196659	-1.59851024980848
			2.99627735196659	-1.60036898265709
			2.99627735196659	-1.60222771550571
			2.99627735196659	-1.60408644835432
			2.99627735196659	-1.60594518120294
			2.99627735196659	-1.60780391405155
			2.99627735196659	-1.60966264690017
			2.99627735196659	-1.61152137974878
			2.99627735196659	-1.6133801125974
			2.99627735196659	-1.61523884544601
			2.99627735196659	-1.61709757829462
			2.99627735196659	-1.61895631114324
			2.99627735196659	-1.62081504399185
			2.99627735196659	-1.62267377684047
			2.99627735196659	-1.62453250968908
			2.99813608481521	-1.6263912425377
			2.99813608481521	-1.62824997538631
			2.99813608481521	-1.63010870823493
			2.99813608481521	-1.63196744108354
			2.99813608481521	-1.63382617393215
			2.99813608481521	-1.63568490678077
			2.99813608481521	-1.63754363962938
			2.99813608481521	-1.639402372478
			2.99813608481521	-1.64126110532661
			2.99813608481521	-1.64311983817523
			2.99813608481521	-1.64497857102384
			2.99813608481521	-1.64683730387246
			2.99813608481521	-1.64869603672107
			2.99813608481521	-1.65055476956969
			2.99813608481521	-1.6524135024183
			2.99813608481521	-1.65427223526691
			2.99813608481521	-1.65613096811553
			2.99813608481521	-1.65798970096414
			2.99813608481521	-1.65984843381276
			2.99813608481521	-1.66170716666137
			2.99813608481521	-1.66356589950999
			2.99813608481521	-1.6654246323586
			2.99813608481521	-1.66728336520722
			2.99813608481521	-1.66914209805583
			2.99813608481521	-1.67100083090445
			2.99813608481521	-1.67285956375306
			2.99813608481521	-1.67471829660167
			2.99813608481521	-1.67657702945029
			2.99813608481521	-1.6784357622989
			2.99813608481521	-1.68029449514752
			2.99813608481521	-1.68215322799613
			2.99813608481521	-1.68401196084475
			2.99813608481521	-1.68587069369336
			2.99813608481521	-1.68772942654198
			2.99813608481521	-1.68958815939059
			2.99813608481521	-1.6914468922392
			2.99813608481521	-1.69330562508782
			2.99813608481521	-1.69516435793643
			2.99813608481521	-1.69702309078505
			2.99813608481521	-1.69888182363366
			2.99813608481521	-1.70074055648228
			2.99813608481521	-1.70259928933089
			2.99813608481521	-1.70445802217951
			2.99627735196659	-1.70631675502812
			2.99627735196659	-1.70817548787674
			2.99627735196659	-1.71003422072535
			2.99627735196659	-1.71189295357396
			2.99627735196659	-1.71375168642258
			2.99441861911798	-1.71561041927119
			2.99441861911798	-1.71746915211981
			2.99441861911798	-1.71932788496842
			2.99255988626936	-1.71932788496842
			2.99255988626936	-1.72118661781704
			2.99070115342075	-1.72118661781704
			2.98884242057213	-1.72118661781704
			2.98698368772352	-1.72304535066565
			2.9851249548749	-1.72304535066565
			2.98326622202629	-1.72490408351427
			2.98140748917768	-1.72490408351427
			2.97954875632906	-1.72676281636288
			2.97769002348045	-1.72676281636288
			2.97769002348045	-1.72862154921149
			2.97583129063183	-1.72862154921149
			2.97397255778322	-1.72862154921149
			2.9721138249346	-1.73048028206011
			2.97025509208599	-1.73048028206011
			2.96839635923737	-1.73233901490872
			2.96653762638876	-1.73233901490872
			2.96467889354014	-1.73419774775734
			2.96282016069153	-1.73419774775734
			2.96096142784292	-1.73605648060595
			2.9591026949943	-1.73605648060595
			2.95724396214569	-1.73605648060595
			2.95538522929707	-1.73791521345457
			2.95352649644846	-1.73791521345457
			2.95166776359984	-1.73977394630318
			2.94980903075123	-1.73977394630318
			2.94795029790261	-1.73977394630318
			2.946091565054	-1.7416326791518
			2.94423283220538	-1.7416326791518
			2.94237409935677	-1.7416326791518
			2.94051536650816	-1.7416326791518
			2.93865663365954	-1.74349141200041
			2.93679790081093	-1.74349141200041
			2.93493916796231	-1.74349141200041
			2.9330804351137	-1.74349141200041
			2.93122170226508	-1.74535014484903
			2.92936296941647	-1.74535014484903
			2.92750423656785	-1.74535014484903
			2.92564550371924	-1.74535014484903
			2.92378677087063	-1.74535014484903
			2.92192803802201	-1.74720887769764
			2.9200693051734	-1.74720887769764
			2.91821057232478	-1.74720887769764
			2.91635183947617	-1.74720887769764
			2.91449310662755	-1.74720887769764
			2.91263437377894	-1.74720887769764
			2.91077564093032	-1.74720887769764
			2.90891690808171	-1.74720887769764
			2.90705817523309	-1.74720887769764
			2.90519944238448	-1.74906761054625
			2.90334070953587	-1.74906761054625
			2.90148197668725	-1.74906761054625
			2.89962324383864	-1.74906761054625
			2.89776451099002	-1.74906761054625
			2.89590577814141	-1.74906761054625
			2.89404704529279	-1.74906761054625
			2.89218831244418	-1.74906761054625
			2.89032957959556	-1.74906761054625
			2.88847084674695	-1.74906761054625
			2.88661211389833	-1.74720887769764
			2.88475338104972	-1.74720887769764
			2.88289464820111	-1.74720887769764
			2.88103591535249	-1.74720887769764
			2.87917718250388	-1.74720887769764
			2.87731844965526	-1.74720887769764
			2.87545971680665	-1.74720887769764
			2.87360098395803	-1.74720887769764
			2.87174225110942	-1.74720887769764
			2.8698835182608	-1.74535014484903
			2.86802478541219	-1.74535014484903
			2.86616605256358	-1.74535014484903
			2.86430731971496	-1.74535014484903
			2.86244858686635	-1.74535014484903
			2.86058985401773	-1.74349141200041
			2.85873112116912	-1.74349141200041
			2.8568723883205	-1.74349141200041
			2.85501365547189	-1.74349141200041
			2.85315492262327	-1.7416326791518
			2.85129618977466	-1.7416326791518
			2.84943745692604	-1.7416326791518
			2.84757872407743	-1.7416326791518
			2.84571999122882	-1.73977394630318
			2.8438612583802	-1.73977394630318
			2.84200252553159	-1.73977394630318
			2.84014379268297	-1.73791521345457
			2.83828505983436	-1.73791521345457
			2.83642632698574	-1.73791521345457
			2.83456759413713	-1.73605648060595
			2.83270886128851	-1.73605648060595
			2.8308501284399	-1.73605648060595
			2.82899139559128	-1.73419774775734
			2.82713266274267	-1.73419774775734
			2.82527392989406	-1.73233901490872
			2.82341519704544	-1.73233901490872
			2.82155646419683	-1.73233901490872
			2.81969773134821	-1.73048028206011
			2.8178389984996	-1.73048028206011
			2.81598026565098	-1.72862154921149
			2.81412153280237	-1.72862154921149
			2.81226279995375	-1.72676281636288
			2.81040406710514	-1.72676281636288
			2.80854533425653	-1.72490408351427
			2.80668660140791	-1.72490408351427
			2.8048278685593	-1.72304535066565
			2.80296913571068	-1.72304535066565
			2.80111040286207	-1.72118661781704
			2.79925167001345	-1.72118661781704
			2.79739293716484	-1.71932788496842
			2.79553420431622	-1.71932788496842
			2.79553420431622	-1.71746915211981
			2.79367547146761	-1.71746915211981
			2.79181673861899	-1.71746915211981
			2.78995800577038	-1.71561041927119
			2.78809927292177	-1.71375168642258
			2.78624054007315	-1.71375168642258
			2.78438180722454	-1.71189295357396
			2.78252307437592	-1.71003422072535
			2.78066434152731	-1.71003422072535
			2.77880560867869	-1.70817548787674
			2.77694687583008	-1.70631675502812
			2.77508814298146	-1.70631675502812
			2.77322941013285	-1.70445802217951
			2.77137067728424	-1.70445802217951
			2.76951194443562	-1.70259928933089
			2.76765321158701	-1.70074055648228
			2.76579447873839	-1.70074055648228
			2.76393574588978	-1.70259928933089
			2.76207701304116	-1.70259928933089
			2.76021828019255	-1.70259928933089
			2.75835954734393	-1.70259928933089
			2.75650081449532	-1.70445802217951
			2.7546420816467	-1.70445802217951
			2.75278334879809	-1.70445802217951
			2.75092461594948	-1.70445802217951
			2.74906588310086	-1.70631675502812
			2.74720715025225	-1.70631675502812
			2.74534841740363	-1.70631675502812
			2.74348968455502	-1.70631675502812
			2.7416309517064	-1.70817548787674
			2.73977221885779	-1.70817548787674
			2.73791348600917	-1.70817548787674
			2.73605475316056	-1.71003422072535
			2.73419602031194	-1.71003422072535
			2.73233728746333	-1.71003422072535
			2.73047855461472	-1.71003422072535
			2.7286198217661	-1.71189295357396
			2.72676108891749	-1.71189295357396
			2.72490235606887	-1.71189295357396
			2.72304362322026	-1.71189295357396
			2.72304362322026	-1.71375168642258
			2.72118489037164	-1.71375168642258
			2.71932615752303	-1.71375168642258
			2.71746742467441	-1.71561041927119
			2.7156086918258	-1.71561041927119
			2.71374995897719	-1.71561041927119
			2.71189122612857	-1.71561041927119
			2.71003249327996	-1.71746915211981
			2.70817376043134	-1.71746915211981
			2.70631502758273	-1.71746915211981
			2.70445629473411	-1.71746915211981
			2.7025975618855	-1.71932788496842
			2.70073882903688	-1.71932788496842
			2.69888009618827	-1.72118661781704
			2.69702136333965	-1.72118661781704
			2.69516263049104	-1.72118661781704
			2.69330389764243	-1.72118661781704
			2.69330389764243	-1.72304535066565
			2.69144516479381	-1.72304535066565
			2.6895864319452	-1.72304535066565
			2.68772769909658	-1.72490408351427
			2.68586896624797	-1.72490408351427
			2.68401023339935	-1.72490408351427
			2.68215150055074	-1.72676281636288
			2.68029276770212	-1.72676281636288
			2.67843403485351	-1.72676281636288
			2.6765753020049	-1.72862154921149
			2.67471656915628	-1.72862154921149
			2.67285783630767	-1.72862154921149
			2.67099910345905	-1.73048028206011
			2.66914037061044	-1.73048028206011
			2.66728163776182	-1.73048028206011
			2.66542290491321	-1.73233901490872
			2.66356417206459	-1.73233901490872
			2.66170543921598	-1.73419774775734
			2.65984670636736	-1.73419774775734
			2.65798797351875	-1.73419774775734
			2.65612924067014	-1.73419774775734
			2.65612924067014	-1.73605648060595
			2.65427050782152	-1.73605648060595
			2.65241177497291	-1.73605648060595
			2.65055304212429	-1.73791521345457
			2.64869430927568	-1.73791521345457
			2.64683557642706	-1.73791521345457
			2.64497684357845	-1.73977394630318
			2.64311811072983	-1.73977394630318
			2.64125937788122	-1.7416326791518
			2.6394006450326	-1.7416326791518
		</curvaI_espina_dorsal>
	</curves.scaled>
	<ruler.points type=matrix rownames=TRUE colnames=FALSE nrow=2 ncol=2 as.numeric=TRUE >
		Ruler point 1	1607	568
		Ruler point 2	2145	567
	</ruler.points>
</shapes>

