<shapes type=list>
	<ruler.pixel type=vector names=FALSE length=1 as.numeric=TRUE >539.000927642987</ruler.pixel>
	<ruler.interval type=vector names=FALSE length=1 as.numeric=TRUE >1</ruler.interval>
	<scaling.units type=vector names=FALSE length=1 as.numeric=FALSE >mm</scaling.units>
	<scaling type=vector names=FALSE length=1 as.numeric=TRUE >0.00185873284861451</scaling>
	<landmarks.pixel type=matrix rownames=TRUE colnames=FALSE nrow=3 ncol=2 as.numeric=TRUE >
		punta_espina_dorsal	1378	719
		esq_izq_caparaza	1341	965
		organo_dorsal	1651	955
	</landmarks.pixel>
	<landmarks.scaled type=matrix rownames=TRUE colnames=FALSE nrow=3 ncol=2 as.numeric=TRUE >
		punta_espina_dorsal	2.5613338653908	-1.33642891815383
		esq_izq_caparaza	2.49256074999206	-1.793677198913
		organo_dorsal	3.06876793306256	-1.77508987042686
	</landmarks.scaled>
	<curves.control type=list>
		<curvaD_espina_dorsal type=matrix rownames=FALSE colnames=FALSE nrow=7 ncol=2 as.numeric=TRUE >
			1378	719
			1415	750
			1444	776
			1482	824
			1522	867
			1539	931
			1651	955
		</curvaD_espina_dorsal>
		<curvaI_espina_dorsal type=matrix rownames=FALSE colnames=FALSE nrow=9 ncol=2 as.numeric=TRUE >
			1378	719
			1408	758
			1424	774
			1484	861
			1488	878
			1459	935
			1387	932
			1365	943
			1341	965
		</curvaI_espina_dorsal>
	</curves.control>
	<curves.pixel type=list>
		<curvaD_espina_dorsal type=matrix rownames=FALSE colnames=FALSE nrow=323 ncol=2 as.numeric=TRUE >
			1378	719
			1379	720
			1380	720
			1381	721
			1382	722
			1383	723
			1384	724
			1385	725
			1386	726
			1387	727
			1388	727
			1389	728
			1389	729
			1390	729
			1391	730
			1392	731
			1393	731
			1394	732
			1394	733
			1395	734
			1396	734
			1397	735
			1398	736
			1399	736
			1399	737
			1400	738
			1401	738
			1402	739
			1403	740
			1404	741
			1405	742
			1406	743
			1407	744
			1408	744
			1409	745
			1410	746
			1411	747
			1412	748
			1413	748
			1413	749
			1414	750
			1415	751
			1416	752
			1417	752
			1418	753
			1419	754
			1420	755
			1421	755
			1422	756
			1423	757
			1423	758
			1424	759
			1425	759
			1426	760
			1427	761
			1428	762
			1429	762
			1430	763
			1430	764
			1431	765
			1432	765
			1433	766
			1434	767
			1435	768
			1436	769
			1437	770
			1438	771
			1439	772
			1440	773
			1441	774
			1442	774
			1443	775
			1444	776
			1445	777
			1446	778
			1447	779
			1447	780
			1448	781
			1449	782
			1450	783
			1450	784
			1451	785
			1452	786
			1453	787
			1453	788
			1454	789
			1455	790
			1456	791
			1457	792
			1457	793
			1458	794
			1459	795
			1460	795
			1460	796
			1461	797
			1462	798
			1463	799
			1464	800
			1464	801
			1465	802
			1466	803
			1467	804
			1467	805
			1468	806
			1469	807
			1470	808
			1471	809
			1471	810
			1472	810
			1473	811
			1474	812
			1474	813
			1475	814
			1476	815
			1477	816
			1478	817
			1478	818
			1479	819
			1480	820
			1481	821
			1481	822
			1482	822
			1483	823
			1484	824
			1485	825
			1485	826
			1486	827
			1487	828
			1488	829
			1489	830
			1489	831
			1490	832
			1491	832
			1492	833
			1492	834
			1493	835
			1494	836
			1495	837
			1496	838
			1496	839
			1497	840
			1498	841
			1499	841
			1500	842
			1500	843
			1501	844
			1502	845
			1503	846
			1504	847
			1504	848
			1505	849
			1506	849
			1507	850
			1508	851
			1508	852
			1509	853
			1510	854
			1511	855
			1511	856
			1512	856
			1513	857
			1514	858
			1515	859
			1515	860
			1516	861
			1517	862
			1518	863
			1519	863
			1520	864
			1520	865
			1521	866
			1522	867
			1522	868
			1523	869
			1523	870
			1523	871
			1523	872
			1524	872
			1524	873
			1524	874
			1524	875
			1525	875
			1525	876
			1525	877
			1526	878
			1526	879
			1527	880
			1527	881
			1527	882
			1528	883
			1529	884
			1529	885
			1530	886
			1530	887
			1531	888
			1531	889
			1532	890
			1533	891
			1533	892
			1534	893
			1535	894
			1535	895
			1536	896
			1537	897
			1537	898
			1538	899
			1539	900
			1540	901
			1540	902
			1541	902
			1542	903
			1543	904
			1544	905
			1545	906
			1545	907
			1546	908
			1547	909
			1548	909
			1549	910
			1550	911
			1551	912
			1552	913
			1553	914
			1554	914
			1555	915
			1556	916
			1557	917
			1558	918
			1559	918
			1560	919
			1561	920
			1562	921
			1563	921
			1564	922
			1565	922
			1566	923
			1567	924
			1568	925
			1569	925
			1570	926
			1571	926
			1572	927
			1573	927
			1574	928
			1575	928
			1575	929
			1576	929
			1577	930
			1578	930
			1579	931
			1580	931
			1581	932
			1582	932
			1583	933
			1584	933
			1585	934
			1586	934
			1587	935
			1588	935
			1589	936
			1590	936
			1591	936
			1592	937
			1593	937
			1594	938
			1595	938
			1596	939
			1597	939
			1598	940
			1599	940
			1600	940
			1601	941
			1602	941
			1603	941
			1604	942
			1605	942
			1606	942
			1606	943
			1607	943
			1608	943
			1609	943
			1610	944
			1611	944
			1612	945
			1613	945
			1614	945
			1615	946
			1616	946
			1617	946
			1618	946
			1619	947
			1620	947
			1621	947
			1622	948
			1623	948
			1624	948
			1625	949
			1626	949
			1627	949
			1628	949
			1629	950
			1630	950
			1631	950
			1632	950
			1633	951
			1634	951
			1635	951
			1636	951
			1637	952
			1638	952
			1639	952
			1640	952
			1641	953
			1642	953
			1643	953
			1644	953
			1645	954
			1646	954
			1647	954
			1648	954
			1649	955
			1650	955
			1651	955
		</curvaD_espina_dorsal>
		<curvaI_espina_dorsal type=matrix rownames=FALSE colnames=FALSE nrow=333 ncol=2 as.numeric=TRUE >
			1378	719
			1379	720
			1379	721
			1380	721
			1381	722
			1381	723
			1382	724
			1382	725
			1383	726
			1384	726
			1384	727
			1385	728
			1385	729
			1386	729
			1387	730
			1387	731
			1388	732
			1389	733
			1390	734
			1390	735
			1391	736
			1392	737
			1393	738
			1394	739
			1395	740
			1395	741
			1396	742
			1397	743
			1398	744
			1399	745
			1399	746
			1400	747
			1401	748
			1402	749
			1402	750
			1403	751
			1404	751
			1404	752
			1405	753
			1406	754
			1407	755
			1407	756
			1408	756
			1409	757
			1409	758
			1410	759
			1411	759
			1411	760
			1412	761
			1413	762
			1414	763
			1415	764
			1416	765
			1416	766
			1417	767
			1418	768
			1419	768
			1419	769
			1420	770
			1421	771
			1422	772
			1423	773
			1424	774
			1425	775
			1426	776
			1426	777
			1427	778
			1427	779
			1428	780
			1429	781
			1430	782
			1430	783
			1431	784
			1432	785
			1432	786
			1433	787
			1434	788
			1434	789
			1435	790
			1435	791
			1436	792
			1437	793
			1438	794
			1439	795
			1439	796
			1440	797
			1440	798
			1441	798
			1441	799
			1442	800
			1442	801
			1443	802
			1444	803
			1445	804
			1445	805
			1446	806
			1446	807
			1447	808
			1448	809
			1448	810
			1449	811
			1450	812
			1451	813
			1451	814
			1452	815
			1452	816
			1453	817
			1454	818
			1454	819
			1455	820
			1456	821
			1456	822
			1457	823
			1457	824
			1458	825
			1459	826
			1460	827
			1460	828
			1461	829
			1462	830
			1462	831
			1463	832
			1463	833
			1464	834
			1465	835
			1465	836
			1466	837
			1467	838
			1468	839
			1468	840
			1469	841
			1469	842
			1469	843
			1470	843
			1470	844
			1471	845
			1471	846
			1472	846
			1472	847
			1473	848
			1473	849
			1474	849
			1474	850
			1474	851
			1475	852
			1476	853
			1476	854
			1477	855
			1477	856
			1478	857
			1479	858
			1479	859
			1480	860
			1480	861
			1481	862
			1481	863
			1482	864
			1482	865
			1483	866
			1484	867
			1484	868
			1484	869
			1485	870
			1485	871
			1486	872
			1486	873
			1487	874
			1487	875
			1488	876
			1488	877
			1488	878
			1487	879
			1487	880
			1486	881
			1486	882
			1485	883
			1485	884
			1484	885
			1484	886
			1483	887
			1482	888
			1481	889
			1481	890
			1480	891
			1479	892
			1479	893
			1478	894
			1477	895
			1477	896
			1476	897
			1475	898
			1474	899
			1473	900
			1472	901
			1471	902
			1470	903
			1469	904
			1468	905
			1467	906
			1467	907
			1466	908
			1465	909
			1464	910
			1463	910
			1462	911
			1461	912
			1460	913
			1459	913
			1458	914
			1457	915
			1456	915
			1455	916
			1454	916
			1454	917
			1453	917
			1452	918
			1451	918
			1450	919
			1449	919
			1449	920
			1448	920
			1447	921
			1446	921
			1445	922
			1444	922
			1443	923
			1442	923
			1441	924
			1440	924
			1439	924
			1438	925
			1437	925
			1436	925
			1435	926
			1434	926
			1433	926
			1433	927
			1432	927
			1431	927
			1430	927
			1429	928
			1428	928
			1427	928
			1426	929
			1425	929
			1424	929
			1423	929
			1422	930
			1421	930
			1420	930
			1419	930
			1418	930
			1417	930
			1416	930
			1415	931
			1414	931
			1413	931
			1412	931
			1411	931
			1410	931
			1409	931
			1408	932
			1407	932
			1406	932
			1405	932
			1404	932
			1403	932
			1402	932
			1401	932
			1400	932
			1399	932
			1398	932
			1397	932
			1396	932
			1395	932
			1394	932
			1393	932
			1392	932
			1391	932
			1390	932
			1389	932
			1388	932
			1387	932
			1386	932
			1386	933
			1385	933
			1384	933
			1384	934
			1383	934
			1382	934
			1382	935
			1381	935
			1380	936
			1379	936
			1378	937
			1377	938
			1376	938
			1375	939
			1374	939
			1374	940
			1373	940
			1372	941
			1371	941
			1370	942
			1369	943
			1368	943
			1367	944
			1366	945
			1365	945
			1364	946
			1363	947
			1362	948
			1361	948
			1360	949
			1359	950
			1358	951
			1357	951
			1356	952
			1355	953
			1354	954
			1353	955
			1352	955
			1351	956
			1350	957
			1349	958
			1348	959
			1347	960
			1346	961
			1345	962
			1344	962
			1343	963
			1342	964
			1341	965
		</curvaI_espina_dorsal>
	</curves.pixel>
	<curves.scaled type=list>
		<curvaD_espina_dorsal type=matrix rownames=FALSE colnames=FALSE nrow=323 ncol=2 as.numeric=TRUE >
			2.5613338653908	-1.33642891815383
			2.56319259823941	-1.33828765100245
			2.56505133108802	-1.33828765100245
			2.56691006393664	-1.34014638385106
			2.56876879678525	-1.34200511669968
			2.57062752963387	-1.34386384954829
			2.57248626248248	-1.34572258239691
			2.5743449953311	-1.34758131524552
			2.57620372817971	-1.34944004809413
			2.57806246102833	-1.35129878094275
			2.57992119387694	-1.35129878094275
			2.58177992672556	-1.35315751379136
			2.58177992672556	-1.35501624663998
			2.58363865957417	-1.35501624663998
			2.58549739242278	-1.35687497948859
			2.5873561252714	-1.35873371233721
			2.58921485812001	-1.35873371233721
			2.59107359096863	-1.36059244518582
			2.59107359096863	-1.36245117803444
			2.59293232381724	-1.36430991088305
			2.59479105666586	-1.36430991088305
			2.59664978951447	-1.36616864373167
			2.59850852236309	-1.36802737658028
			2.6003672552117	-1.36802737658028
			2.6003672552117	-1.36988610942889
			2.60222598806031	-1.37174484227751
			2.60408472090893	-1.37174484227751
			2.60594345375754	-1.37360357512612
			2.60780218660616	-1.37546230797474
			2.60966091945477	-1.37732104082335
			2.61151965230339	-1.37917977367197
			2.613378385152	-1.38103850652058
			2.61523711800062	-1.3828972393692
			2.61709585084923	-1.3828972393692
			2.61895458369785	-1.38475597221781
			2.62081331654646	-1.38661470506642
			2.62267204939507	-1.38847343791504
			2.62453078224369	-1.39033217076365
			2.6263895150923	-1.39033217076365
			2.6263895150923	-1.39219090361227
			2.62824824794092	-1.39404963646088
			2.63010698078953	-1.3959083693095
			2.63196571363815	-1.39776710215811
			2.63382444648676	-1.39776710215811
			2.63568317933538	-1.39962583500673
			2.63754191218399	-1.40148456785534
			2.6394006450326	-1.40334330070396
			2.64125937788122	-1.40334330070396
			2.64311811072983	-1.40520203355257
			2.64497684357845	-1.40706076640118
			2.64497684357845	-1.4089194992498
			2.64683557642706	-1.41077823209841
			2.64869430927568	-1.41077823209841
			2.65055304212429	-1.41263696494703
			2.65241177497291	-1.41449569779564
			2.65427050782152	-1.41635443064426
			2.65612924067014	-1.41635443064426
			2.65798797351875	-1.41821316349287
			2.65798797351875	-1.42007189634149
			2.65984670636736	-1.4219306291901
			2.66170543921598	-1.4219306291901
			2.66356417206459	-1.42378936203872
			2.66542290491321	-1.42564809488733
			2.66728163776182	-1.42750682773594
			2.66914037061044	-1.42936556058456
			2.67099910345905	-1.43122429343317
			2.67285783630767	-1.43308302628179
			2.67471656915628	-1.4349417591304
			2.6765753020049	-1.43680049197902
			2.67843403485351	-1.43865922482763
			2.68029276770212	-1.43865922482763
			2.68215150055074	-1.44051795767625
			2.68401023339935	-1.44237669052486
			2.68586896624797	-1.44423542337347
			2.68772769909658	-1.44609415622209
			2.6895864319452	-1.4479528890707
			2.6895864319452	-1.44981162191932
			2.69144516479381	-1.45167035476793
			2.69330389764243	-1.45352908761655
			2.69516263049104	-1.45538782046516
			2.69516263049104	-1.45724655331378
			2.69702136333965	-1.45910528616239
			2.69888009618827	-1.46096401901101
			2.70073882903688	-1.46282275185962
			2.70073882903688	-1.46468148470823
			2.7025975618855	-1.46654021755685
			2.70445629473411	-1.46839895040546
			2.70631502758273	-1.47025768325408
			2.70817376043134	-1.47211641610269
			2.70817376043134	-1.47397514895131
			2.71003249327996	-1.47583388179992
			2.71189122612857	-1.47769261464854
			2.71374995897719	-1.47769261464854
			2.71374995897719	-1.47955134749715
			2.7156086918258	-1.48141008034576
			2.71746742467441	-1.48326881319438
			2.71932615752303	-1.48512754604299
			2.72118489037164	-1.48698627889161
			2.72118489037164	-1.48884501174022
			2.72304362322026	-1.49070374458884
			2.72490235606887	-1.49256247743745
			2.72676108891749	-1.49442121028607
			2.72676108891749	-1.49627994313468
			2.7286198217661	-1.4981386759833
			2.73047855461472	-1.49999740883191
			2.73233728746333	-1.50185614168052
			2.73419602031194	-1.50371487452914
			2.73419602031194	-1.50557360737775
			2.73605475316056	-1.50557360737775
			2.73791348600917	-1.50743234022637
			2.73977221885779	-1.50929107307498
			2.73977221885779	-1.5111498059236
			2.7416309517064	-1.51300853877221
			2.74348968455502	-1.51486727162083
			2.74534841740363	-1.51672600446944
			2.74720715025225	-1.51858473731806
			2.74720715025225	-1.52044347016667
			2.74906588310086	-1.52230220301528
			2.75092461594948	-1.5241609358639
			2.75278334879809	-1.52601966871251
			2.75278334879809	-1.52787840156113
			2.7546420816467	-1.52787840156113
			2.75650081449532	-1.52973713440974
			2.75835954734393	-1.53159586725836
			2.76021828019255	-1.53345460010697
			2.76021828019255	-1.53531333295559
			2.76207701304116	-1.5371720658042
			2.76393574588978	-1.53903079865281
			2.76579447873839	-1.54088953150143
			2.76765321158701	-1.54274826435004
			2.76765321158701	-1.54460699719866
			2.76951194443562	-1.54646573004727
			2.77137067728424	-1.54646573004727
			2.77322941013285	-1.54832446289589
			2.77322941013285	-1.5501831957445
			2.77508814298146	-1.55204192859312
			2.77694687583008	-1.55390066144173
			2.77880560867869	-1.55575939429035
			2.78066434152731	-1.55761812713896
			2.78066434152731	-1.55947685998757
			2.78252307437592	-1.56133559283619
			2.78438180722454	-1.5631943256848
			2.78624054007315	-1.5631943256848
			2.78809927292177	-1.56505305853342
			2.78809927292177	-1.56691179138203
			2.78995800577038	-1.56877052423065
			2.79181673861899	-1.57062925707926
			2.79367547146761	-1.57248798992788
			2.79553420431622	-1.57434672277649
			2.79553420431622	-1.57620545562511
			2.79739293716484	-1.57806418847372
			2.79925167001345	-1.57806418847372
			2.80111040286207	-1.57992292132233
			2.80296913571068	-1.58178165417095
			2.80296913571068	-1.58364038701956
			2.8048278685593	-1.58549911986818
			2.80668660140791	-1.58735785271679
			2.80854533425653	-1.58921658556541
			2.80854533425653	-1.59107531841402
			2.81040406710514	-1.59107531841402
			2.81226279995375	-1.59293405126264
			2.81412153280237	-1.59479278411125
			2.81598026565098	-1.59665151695986
			2.81598026565098	-1.59851024980848
			2.8178389984996	-1.60036898265709
			2.81969773134821	-1.60222771550571
			2.82155646419683	-1.60408644835432
			2.82341519704544	-1.60408644835432
			2.82527392989406	-1.60594518120294
			2.82527392989406	-1.60780391405155
			2.82713266274267	-1.60966264690017
			2.82899139559128	-1.61152137974878
			2.82899139559128	-1.6133801125974
			2.8308501284399	-1.61523884544601
			2.8308501284399	-1.61709757829462
			2.8308501284399	-1.61895631114324
			2.8308501284399	-1.62081504399185
			2.83270886128851	-1.62081504399185
			2.83270886128851	-1.62267377684047
			2.83270886128851	-1.62453250968908
			2.83270886128851	-1.6263912425377
			2.83456759413713	-1.6263912425377
			2.83456759413713	-1.62824997538631
			2.83456759413713	-1.63010870823493
			2.83642632698574	-1.63196744108354
			2.83642632698574	-1.63382617393215
			2.83828505983436	-1.63568490678077
			2.83828505983436	-1.63754363962938
			2.83828505983436	-1.639402372478
			2.84014379268297	-1.64126110532661
			2.84200252553159	-1.64311983817523
			2.84200252553159	-1.64497857102384
			2.8438612583802	-1.64683730387246
			2.8438612583802	-1.64869603672107
			2.84571999122882	-1.65055476956969
			2.84571999122882	-1.6524135024183
			2.84757872407743	-1.65427223526691
			2.84943745692604	-1.65613096811553
			2.84943745692604	-1.65798970096414
			2.85129618977466	-1.65984843381276
			2.85315492262327	-1.66170716666137
			2.85315492262327	-1.66356589950999
			2.85501365547189	-1.6654246323586
			2.8568723883205	-1.66728336520722
			2.8568723883205	-1.66914209805583
			2.85873112116912	-1.67100083090445
			2.86058985401773	-1.67285956375306
			2.86244858686635	-1.67471829660167
			2.86244858686635	-1.67657702945029
			2.86430731971496	-1.67657702945029
			2.86616605256358	-1.6784357622989
			2.86802478541219	-1.68029449514752
			2.8698835182608	-1.68215322799613
			2.87174225110942	-1.68401196084475
			2.87174225110942	-1.68587069369336
			2.87360098395803	-1.68772942654198
			2.87545971680665	-1.68958815939059
			2.87731844965526	-1.68958815939059
			2.87917718250388	-1.6914468922392
			2.88103591535249	-1.69330562508782
			2.88289464820111	-1.69516435793643
			2.88475338104972	-1.69702309078505
			2.88661211389833	-1.69888182363366
			2.88847084674695	-1.69888182363366
			2.89032957959556	-1.70074055648228
			2.89218831244418	-1.70259928933089
			2.89404704529279	-1.70445802217951
			2.89590577814141	-1.70631675502812
			2.89776451099002	-1.70631675502812
			2.89962324383864	-1.70817548787674
			2.90148197668725	-1.71003422072535
			2.90334070953587	-1.71189295357396
			2.90519944238448	-1.71189295357396
			2.90705817523309	-1.71375168642258
			2.90891690808171	-1.71375168642258
			2.91077564093032	-1.71561041927119
			2.91263437377894	-1.71746915211981
			2.91449310662755	-1.71932788496842
			2.91635183947617	-1.71932788496842
			2.91821057232478	-1.72118661781704
			2.9200693051734	-1.72118661781704
			2.92192803802201	-1.72304535066565
			2.92378677087063	-1.72304535066565
			2.92564550371924	-1.72490408351427
			2.92750423656785	-1.72490408351427
			2.92750423656785	-1.72676281636288
			2.92936296941647	-1.72676281636288
			2.93122170226508	-1.72862154921149
			2.9330804351137	-1.72862154921149
			2.93493916796231	-1.73048028206011
			2.93679790081093	-1.73048028206011
			2.93865663365954	-1.73233901490872
			2.94051536650816	-1.73233901490872
			2.94237409935677	-1.73419774775734
			2.94423283220538	-1.73419774775734
			2.946091565054	-1.73605648060595
			2.94795029790261	-1.73605648060595
			2.94980903075123	-1.73791521345457
			2.95166776359984	-1.73791521345457
			2.95352649644846	-1.73977394630318
			2.95538522929707	-1.73977394630318
			2.95724396214569	-1.73977394630318
			2.9591026949943	-1.7416326791518
			2.96096142784292	-1.7416326791518
			2.96282016069153	-1.74349141200041
			2.96467889354014	-1.74349141200041
			2.96653762638876	-1.74535014484903
			2.96839635923737	-1.74535014484903
			2.97025509208599	-1.74720887769764
			2.9721138249346	-1.74720887769764
			2.97397255778322	-1.74720887769764
			2.97583129063183	-1.74906761054625
			2.97769002348045	-1.74906761054625
			2.97954875632906	-1.74906761054625
			2.98140748917768	-1.75092634339487
			2.98326622202629	-1.75092634339487
			2.9851249548749	-1.75092634339487
			2.9851249548749	-1.75278507624348
			2.98698368772352	-1.75278507624348
			2.98884242057213	-1.75278507624348
			2.99070115342075	-1.75278507624348
			2.99255988626936	-1.7546438090921
			2.99441861911798	-1.7546438090921
			2.99627735196659	-1.75650254194071
			2.99813608481521	-1.75650254194071
			2.99999481766382	-1.75650254194071
			3.00185355051243	-1.75836127478933
			3.00371228336105	-1.75836127478933
			3.00557101620966	-1.75836127478933
			3.00742974905828	-1.75836127478933
			3.00928848190689	-1.76022000763794
			3.01114721475551	-1.76022000763794
			3.01300594760412	-1.76022000763794
			3.01486468045274	-1.76207874048656
			3.01672341330135	-1.76207874048656
			3.01858214614997	-1.76207874048656
			3.02044087899858	-1.76393747333517
			3.02229961184719	-1.76393747333517
			3.02415834469581	-1.76393747333517
			3.02601707754442	-1.76393747333517
			3.02787581039304	-1.76579620618379
			3.02973454324165	-1.76579620618379
			3.03159327609027	-1.76579620618379
			3.03345200893888	-1.76579620618379
			3.0353107417875	-1.7676549390324
			3.03716947463611	-1.7676549390324
			3.03902820748472	-1.7676549390324
			3.04088694033334	-1.7676549390324
			3.04274567318195	-1.76951367188101
			3.04460440603057	-1.76951367188101
			3.04646313887918	-1.76951367188101
			3.0483218717278	-1.76951367188101
			3.05018060457641	-1.77137240472963
			3.05203933742503	-1.77137240472963
			3.05389807027364	-1.77137240472963
			3.05575680312226	-1.77137240472963
			3.05761553597087	-1.77323113757824
			3.05947426881948	-1.77323113757824
			3.0613330016681	-1.77323113757824
			3.06319173451671	-1.77323113757824
			3.06505046736533	-1.77508987042686
			3.06690920021394	-1.77508987042686
			3.06876793306256	-1.77508987042686
		</curvaD_espina_dorsal>
		<curvaI_espina_dorsal type=matrix rownames=FALSE colnames=FALSE nrow=333 ncol=2 as.numeric=TRUE >
			2.5613338653908	-1.33642891815383
			2.56319259823941	-1.33828765100245
			2.56319259823941	-1.34014638385106
			2.56505133108802	-1.34014638385106
			2.56691006393664	-1.34200511669968
			2.56691006393664	-1.34386384954829
			2.56876879678525	-1.34572258239691
			2.56876879678525	-1.34758131524552
			2.57062752963387	-1.34944004809413
			2.57248626248248	-1.34944004809413
			2.57248626248248	-1.35129878094275
			2.5743449953311	-1.35315751379136
			2.5743449953311	-1.35501624663998
			2.57620372817971	-1.35501624663998
			2.57806246102833	-1.35687497948859
			2.57806246102833	-1.35873371233721
			2.57992119387694	-1.36059244518582
			2.58177992672556	-1.36245117803444
			2.58363865957417	-1.36430991088305
			2.58363865957417	-1.36616864373167
			2.58549739242278	-1.36802737658028
			2.5873561252714	-1.36988610942889
			2.58921485812001	-1.37174484227751
			2.59107359096863	-1.37360357512612
			2.59293232381724	-1.37546230797474
			2.59293232381724	-1.37732104082335
			2.59479105666586	-1.37917977367197
			2.59664978951447	-1.38103850652058
			2.59850852236309	-1.3828972393692
			2.6003672552117	-1.38475597221781
			2.6003672552117	-1.38661470506642
			2.60222598806031	-1.38847343791504
			2.60408472090893	-1.39033217076365
			2.60594345375754	-1.39219090361227
			2.60594345375754	-1.39404963646088
			2.60780218660616	-1.3959083693095
			2.60966091945477	-1.3959083693095
			2.60966091945477	-1.39776710215811
			2.61151965230339	-1.39962583500673
			2.613378385152	-1.40148456785534
			2.61523711800062	-1.40334330070396
			2.61523711800062	-1.40520203355257
			2.61709585084923	-1.40520203355257
			2.61895458369785	-1.40706076640118
			2.61895458369785	-1.4089194992498
			2.62081331654646	-1.41077823209841
			2.62267204939507	-1.41077823209841
			2.62267204939507	-1.41263696494703
			2.62453078224369	-1.41449569779564
			2.6263895150923	-1.41635443064426
			2.62824824794092	-1.41821316349287
			2.63010698078953	-1.42007189634149
			2.63196571363815	-1.4219306291901
			2.63196571363815	-1.42378936203872
			2.63382444648676	-1.42564809488733
			2.63568317933538	-1.42750682773594
			2.63754191218399	-1.42750682773594
			2.63754191218399	-1.42936556058456
			2.6394006450326	-1.43122429343317
			2.64125937788122	-1.43308302628179
			2.64311811072983	-1.4349417591304
			2.64497684357845	-1.43680049197902
			2.64683557642706	-1.43865922482763
			2.64869430927568	-1.44051795767625
			2.65055304212429	-1.44237669052486
			2.65055304212429	-1.44423542337347
			2.65241177497291	-1.44609415622209
			2.65241177497291	-1.4479528890707
			2.65427050782152	-1.44981162191932
			2.65612924067014	-1.45167035476793
			2.65798797351875	-1.45352908761655
			2.65798797351875	-1.45538782046516
			2.65984670636736	-1.45724655331378
			2.66170543921598	-1.45910528616239
			2.66170543921598	-1.46096401901101
			2.66356417206459	-1.46282275185962
			2.66542290491321	-1.46468148470823
			2.66542290491321	-1.46654021755685
			2.66728163776182	-1.46839895040546
			2.66728163776182	-1.47025768325408
			2.66914037061044	-1.47211641610269
			2.67099910345905	-1.47397514895131
			2.67285783630767	-1.47583388179992
			2.67471656915628	-1.47769261464854
			2.67471656915628	-1.47955134749715
			2.6765753020049	-1.48141008034576
			2.6765753020049	-1.48326881319438
			2.67843403485351	-1.48326881319438
			2.67843403485351	-1.48512754604299
			2.68029276770212	-1.48698627889161
			2.68029276770212	-1.48884501174022
			2.68215150055074	-1.49070374458884
			2.68401023339935	-1.49256247743745
			2.68586896624797	-1.49442121028607
			2.68586896624797	-1.49627994313468
			2.68772769909658	-1.4981386759833
			2.68772769909658	-1.49999740883191
			2.6895864319452	-1.50185614168052
			2.69144516479381	-1.50371487452914
			2.69144516479381	-1.50557360737775
			2.69330389764243	-1.50743234022637
			2.69516263049104	-1.50929107307498
			2.69702136333965	-1.5111498059236
			2.69702136333965	-1.51300853877221
			2.69888009618827	-1.51486727162083
			2.69888009618827	-1.51672600446944
			2.70073882903688	-1.51858473731806
			2.7025975618855	-1.52044347016667
			2.7025975618855	-1.52230220301528
			2.70445629473411	-1.5241609358639
			2.70631502758273	-1.52601966871251
			2.70631502758273	-1.52787840156113
			2.70817376043134	-1.52973713440974
			2.70817376043134	-1.53159586725836
			2.71003249327996	-1.53345460010697
			2.71189122612857	-1.53531333295559
			2.71374995897719	-1.5371720658042
			2.71374995897719	-1.53903079865281
			2.7156086918258	-1.54088953150143
			2.71746742467441	-1.54274826435004
			2.71746742467441	-1.54460699719866
			2.71932615752303	-1.54646573004727
			2.71932615752303	-1.54832446289589
			2.72118489037164	-1.5501831957445
			2.72304362322026	-1.55204192859312
			2.72304362322026	-1.55390066144173
			2.72490235606887	-1.55575939429035
			2.72676108891749	-1.55761812713896
			2.7286198217661	-1.55947685998757
			2.7286198217661	-1.56133559283619
			2.73047855461472	-1.5631943256848
			2.73047855461472	-1.56505305853342
			2.73047855461472	-1.56691179138203
			2.73233728746333	-1.56691179138203
			2.73233728746333	-1.56877052423065
			2.73419602031194	-1.57062925707926
			2.73419602031194	-1.57248798992788
			2.73605475316056	-1.57248798992788
			2.73605475316056	-1.57434672277649
			2.73791348600917	-1.57620545562511
			2.73791348600917	-1.57806418847372
			2.73977221885779	-1.57806418847372
			2.73977221885779	-1.57992292132233
			2.73977221885779	-1.58178165417095
			2.7416309517064	-1.58364038701956
			2.74348968455502	-1.58549911986818
			2.74348968455502	-1.58735785271679
			2.74534841740363	-1.58921658556541
			2.74534841740363	-1.59107531841402
			2.74720715025225	-1.59293405126264
			2.74906588310086	-1.59479278411125
			2.74906588310086	-1.59665151695986
			2.75092461594948	-1.59851024980848
			2.75092461594948	-1.60036898265709
			2.75278334879809	-1.60222771550571
			2.75278334879809	-1.60408644835432
			2.7546420816467	-1.60594518120294
			2.7546420816467	-1.60780391405155
			2.75650081449532	-1.60966264690017
			2.75835954734393	-1.61152137974878
			2.75835954734393	-1.6133801125974
			2.75835954734393	-1.61523884544601
			2.76021828019255	-1.61709757829462
			2.76021828019255	-1.61895631114324
			2.76207701304116	-1.62081504399185
			2.76207701304116	-1.62267377684047
			2.76393574588978	-1.62453250968908
			2.76393574588978	-1.6263912425377
			2.76579447873839	-1.62824997538631
			2.76579447873839	-1.63010870823493
			2.76579447873839	-1.63196744108354
			2.76393574588978	-1.63382617393215
			2.76393574588978	-1.63568490678077
			2.76207701304116	-1.63754363962938
			2.76207701304116	-1.639402372478
			2.76021828019255	-1.64126110532661
			2.76021828019255	-1.64311983817523
			2.75835954734393	-1.64497857102384
			2.75835954734393	-1.64683730387246
			2.75650081449532	-1.64869603672107
			2.7546420816467	-1.65055476956969
			2.75278334879809	-1.6524135024183
			2.75278334879809	-1.65427223526691
			2.75092461594948	-1.65613096811553
			2.74906588310086	-1.65798970096414
			2.74906588310086	-1.65984843381276
			2.74720715025225	-1.66170716666137
			2.74534841740363	-1.66356589950999
			2.74534841740363	-1.6654246323586
			2.74348968455502	-1.66728336520722
			2.7416309517064	-1.66914209805583
			2.73977221885779	-1.67100083090445
			2.73791348600917	-1.67285956375306
			2.73605475316056	-1.67471829660167
			2.73419602031194	-1.67657702945029
			2.73233728746333	-1.6784357622989
			2.73047855461472	-1.68029449514752
			2.7286198217661	-1.68215322799613
			2.72676108891749	-1.68401196084475
			2.72676108891749	-1.68587069369336
			2.72490235606887	-1.68772942654198
			2.72304362322026	-1.68958815939059
			2.72118489037164	-1.6914468922392
			2.71932615752303	-1.6914468922392
			2.71746742467441	-1.69330562508782
			2.7156086918258	-1.69516435793643
			2.71374995897719	-1.69702309078505
			2.71189122612857	-1.69702309078505
			2.71003249327996	-1.69888182363366
			2.70817376043134	-1.70074055648228
			2.70631502758273	-1.70074055648228
			2.70445629473411	-1.70259928933089
			2.7025975618855	-1.70259928933089
			2.7025975618855	-1.70445802217951
			2.70073882903688	-1.70445802217951
			2.69888009618827	-1.70631675502812
			2.69702136333965	-1.70631675502812
			2.69516263049104	-1.70817548787674
			2.69330389764243	-1.70817548787674
			2.69330389764243	-1.71003422072535
			2.69144516479381	-1.71003422072535
			2.6895864319452	-1.71189295357396
			2.68772769909658	-1.71189295357396
			2.68586896624797	-1.71375168642258
			2.68401023339935	-1.71375168642258
			2.68215150055074	-1.71561041927119
			2.68029276770212	-1.71561041927119
			2.67843403485351	-1.71746915211981
			2.6765753020049	-1.71746915211981
			2.67471656915628	-1.71746915211981
			2.67285783630767	-1.71932788496842
			2.67099910345905	-1.71932788496842
			2.66914037061044	-1.71932788496842
			2.66728163776182	-1.72118661781704
			2.66542290491321	-1.72118661781704
			2.66356417206459	-1.72118661781704
			2.66356417206459	-1.72304535066565
			2.66170543921598	-1.72304535066565
			2.65984670636736	-1.72304535066565
			2.65798797351875	-1.72304535066565
			2.65612924067014	-1.72490408351427
			2.65427050782152	-1.72490408351427
			2.65241177497291	-1.72490408351427
			2.65055304212429	-1.72676281636288
			2.64869430927568	-1.72676281636288
			2.64683557642706	-1.72676281636288
			2.64497684357845	-1.72676281636288
			2.64311811072983	-1.72862154921149
			2.64125937788122	-1.72862154921149
			2.6394006450326	-1.72862154921149
			2.63754191218399	-1.72862154921149
			2.63568317933538	-1.72862154921149
			2.63382444648676	-1.72862154921149
			2.63196571363815	-1.72862154921149
			2.63010698078953	-1.73048028206011
			2.62824824794092	-1.73048028206011
			2.6263895150923	-1.73048028206011
			2.62453078224369	-1.73048028206011
			2.62267204939507	-1.73048028206011
			2.62081331654646	-1.73048028206011
			2.61895458369785	-1.73048028206011
			2.61709585084923	-1.73233901490872
			2.61523711800062	-1.73233901490872
			2.613378385152	-1.73233901490872
			2.61151965230339	-1.73233901490872
			2.60966091945477	-1.73233901490872
			2.60780218660616	-1.73233901490872
			2.60594345375754	-1.73233901490872
			2.60408472090893	-1.73233901490872
			2.60222598806031	-1.73233901490872
			2.6003672552117	-1.73233901490872
			2.59850852236309	-1.73233901490872
			2.59664978951447	-1.73233901490872
			2.59479105666586	-1.73233901490872
			2.59293232381724	-1.73233901490872
			2.59107359096863	-1.73233901490872
			2.58921485812001	-1.73233901490872
			2.5873561252714	-1.73233901490872
			2.58549739242278	-1.73233901490872
			2.58363865957417	-1.73233901490872
			2.58177992672556	-1.73233901490872
			2.57992119387694	-1.73233901490872
			2.57806246102833	-1.73233901490872
			2.57620372817971	-1.73233901490872
			2.57620372817971	-1.73419774775734
			2.5743449953311	-1.73419774775734
			2.57248626248248	-1.73419774775734
			2.57248626248248	-1.73605648060595
			2.57062752963387	-1.73605648060595
			2.56876879678525	-1.73605648060595
			2.56876879678525	-1.73791521345457
			2.56691006393664	-1.73791521345457
			2.56505133108802	-1.73977394630318
			2.56319259823941	-1.73977394630318
			2.5613338653908	-1.7416326791518
			2.55947513254218	-1.74349141200041
			2.55761639969357	-1.74349141200041
			2.55575766684495	-1.74535014484903
			2.55389893399634	-1.74535014484903
			2.55389893399634	-1.74720887769764
			2.55204020114772	-1.74720887769764
			2.55018146829911	-1.74906761054625
			2.54832273545049	-1.74906761054625
			2.54646400260188	-1.75092634339487
			2.54460526975326	-1.75278507624348
			2.54274653690465	-1.75278507624348
			2.54088780405604	-1.7546438090921
			2.53902907120742	-1.75650254194071
			2.53717033835881	-1.75650254194071
			2.53531160551019	-1.75836127478933
			2.53345287266158	-1.76022000763794
			2.53159413981296	-1.76207874048656
			2.52973540696435	-1.76207874048656
			2.52787667411573	-1.76393747333517
			2.52601794126712	-1.76579620618379
			2.52415920841851	-1.7676549390324
			2.52230047556989	-1.7676549390324
			2.52044174272128	-1.76951367188101
			2.51858300987266	-1.77137240472963
			2.51672427702405	-1.77323113757824
			2.51486554417543	-1.77508987042686
			2.51300681132682	-1.77508987042686
			2.5111480784782	-1.77694860327547
			2.50928934562959	-1.77880733612409
			2.50743061278097	-1.7806660689727
			2.50557187993236	-1.78252480182132
			2.50371314708375	-1.78438353466993
			2.50185441423513	-1.78624226751854
			2.49999568138652	-1.78810100036716
			2.4981369485379	-1.78810100036716
			2.49627821568929	-1.78995973321577
			2.49441948284067	-1.79181846606439
			2.49256074999206	-1.793677198913
		</curvaI_espina_dorsal>
	</curves.scaled>
	<ruler.points type=matrix rownames=TRUE colnames=FALSE nrow=2 ncol=2 as.numeric=TRUE >
		Ruler point 1	1607	568
		Ruler point 2	2145	567
	</ruler.points>
</shapes>

