<shapes type=list>
	<ruler.pixel type=vector names=FALSE length=1 as.numeric=TRUE >539.000927642987</ruler.pixel>
	<ruler.interval type=vector names=FALSE length=1 as.numeric=TRUE >1</ruler.interval>
	<scaling.units type=vector names=FALSE length=1 as.numeric=FALSE >mm</scaling.units>
	<scaling type=vector names=FALSE length=1 as.numeric=TRUE >0.00185873284861451</scaling>
	<landmarks.pixel type=matrix rownames=TRUE colnames=FALSE nrow=3 ncol=2 as.numeric=TRUE >
		punta_espina_dorsal	1555	911
		esq_izq_caparaza	1386	1118
		organo_dorsal	1704	1261
	</landmarks.pixel>
	<landmarks.scaled type=matrix rownames=TRUE colnames=FALSE nrow=3 ncol=2 as.numeric=TRUE >
		punta_espina_dorsal	2.89032957959556	-1.69330562508782
		esq_izq_caparaza	2.57620372817971	-2.07806332475102
		organo_dorsal	3.16728077403913	-2.3438621221029
	</landmarks.scaled>
	<curves.control type=list>
		<curvaD_espina_dorsal type=matrix rownames=FALSE colnames=FALSE nrow=7 ncol=2 as.numeric=TRUE >
			1555	911
			1576	941
			1593	987
			1613	1046
			1625	1094
			1618	1182
			1704	1261
		</curvaD_espina_dorsal>
		<curvaI_espina_dorsal type=matrix rownames=FALSE colnames=FALSE nrow=9 ncol=2 as.numeric=TRUE >
			1555	911
			1577	981
			1584	1025
			1594	1084
			1587	1114
			1554	1146
			1472	1103
			1430	1100
			1386	1118
		</curvaI_espina_dorsal>
	</curves.control>
	<curves.pixel type=list>
		<curvaD_espina_dorsal type=matrix rownames=FALSE colnames=FALSE nrow=360 ncol=2 as.numeric=TRUE >
			1555	911
			1556	912
			1556	913
			1557	914
			1558	915
			1558	916
			1559	917
			1559	918
			1560	919
			1561	920
			1561	921
			1562	922
			1563	923
			1563	924
			1564	925
			1565	926
			1565	927
			1566	928
			1566	929
			1567	930
			1568	931
			1568	932
			1569	933
			1569	934
			1570	935
			1570	936
			1571	937
			1571	938
			1572	939
			1573	940
			1573	941
			1573	942
			1574	943
			1574	944
			1575	944
			1575	945
			1576	946
			1576	947
			1576	948
			1577	949
			1577	950
			1578	950
			1578	951
			1579	952
			1579	953
			1579	954
			1580	955
			1580	956
			1581	957
			1581	958
			1582	959
			1582	960
			1583	961
			1583	962
			1583	963
			1584	964
			1584	965
			1585	966
			1585	967
			1585	968
			1586	969
			1586	970
			1587	971
			1587	972
			1588	973
			1588	974
			1588	975
			1589	976
			1589	977
			1590	978
			1590	979
			1590	980
			1591	981
			1591	982
			1592	983
			1592	984
			1592	985
			1593	986
			1593	987
			1593	988
			1594	989
			1594	990
			1594	991
			1595	992
			1595	993
			1595	994
			1596	995
			1596	996
			1596	997
			1597	998
			1597	999
			1597	1000
			1598	1001
			1598	1002
			1598	1003
			1599	1004
			1599	1005
			1599	1006
			1600	1007
			1600	1008
			1600	1009
			1601	1010
			1601	1011
			1601	1012
			1601	1013
			1602	1013
			1602	1014
			1602	1015
			1603	1016
			1603	1017
			1603	1018
			1604	1019
			1604	1020
			1604	1021
			1604	1022
			1605	1023
			1605	1024
			1605	1025
			1606	1026
			1606	1027
			1606	1028
			1607	1029
			1607	1030
			1607	1031
			1607	1032
			1608	1033
			1608	1034
			1609	1035
			1609	1036
			1609	1037
			1610	1038
			1610	1039
			1610	1040
			1610	1041
			1611	1042
			1611	1043
			1611	1044
			1612	1045
			1612	1046
			1612	1047
			1612	1048
			1613	1049
			1613	1050
			1613	1051
			1614	1052
			1614	1053
			1614	1054
			1614	1055
			1615	1055
			1615	1056
			1615	1057
			1615	1058
			1616	1059
			1616	1060
			1616	1061
			1616	1062
			1617	1063
			1617	1064
			1617	1065
			1617	1066
			1618	1067
			1618	1068
			1619	1069
			1619	1070
			1619	1071
			1619	1072
			1620	1073
			1620	1074
			1620	1075
			1620	1076
			1621	1077
			1621	1078
			1621	1079
			1621	1080
			1622	1081
			1622	1082
			1622	1083
			1622	1084
			1623	1085
			1623	1086
			1623	1087
			1623	1088
			1624	1089
			1624	1090
			1624	1091
			1625	1092
			1625	1093
			1625	1094
			1625	1095
			1625	1096
			1625	1097
			1625	1098
			1625	1099
			1625	1100
			1625	1101
			1625	1102
			1625	1103
			1624	1104
			1624	1105
			1624	1106
			1624	1107
			1624	1108
			1624	1109
			1625	1110
			1625	1111
			1625	1112
			1625	1113
			1625	1114
			1625	1115
			1625	1116
			1625	1117
			1625	1118
			1625	1119
			1625	1120
			1625	1121
			1625	1122
			1625	1123
			1625	1124
			1625	1125
			1626	1126
			1626	1127
			1626	1128
			1626	1129
			1626	1130
			1626	1131
			1626	1132
			1627	1133
			1627	1134
			1627	1135
			1627	1136
			1627	1137
			1627	1138
			1628	1139
			1628	1140
			1628	1141
			1628	1142
			1629	1143
			1629	1144
			1629	1145
			1629	1146
			1629	1147
			1630	1148
			1630	1149
			1630	1150
			1630	1151
			1631	1152
			1631	1153
			1631	1154
			1632	1155
			1632	1156
			1632	1157
			1633	1158
			1633	1159
			1633	1160
			1634	1161
			1634	1162
			1634	1163
			1635	1164
			1635	1165
			1635	1166
			1636	1167
			1636	1168
			1636	1169
			1637	1170
			1638	1171
			1638	1172
			1638	1173
			1638	1174
			1639	1174
			1639	1175
			1639	1176
			1640	1176
			1640	1177
			1640	1178
			1641	1178
			1641	1179
			1641	1180
			1642	1180
			1642	1181
			1642	1182
			1643	1183
			1643	1184
			1644	1185
			1644	1186
			1645	1187
			1645	1188
			1646	1189
			1647	1190
			1647	1191
			1648	1192
			1648	1193
			1649	1194
			1649	1195
			1650	1196
			1651	1197
			1651	1198
			1652	1199
			1652	1200
			1653	1201
			1654	1202
			1654	1203
			1655	1204
			1655	1205
			1656	1206
			1657	1207
			1657	1208
			1658	1209
			1659	1210
			1659	1211
			1660	1212
			1661	1213
			1662	1214
			1662	1215
			1663	1216
			1664	1217
			1664	1218
			1665	1219
			1666	1220
			1667	1221
			1667	1222
			1668	1223
			1669	1224
			1670	1225
			1671	1226
			1672	1227
			1672	1228
			1673	1229
			1674	1230
			1675	1231
			1676	1232
			1677	1233
			1677	1234
			1678	1235
			1679	1235
			1680	1236
			1680	1237
			1681	1238
			1682	1239
			1683	1240
			1684	1241
			1685	1242
			1686	1243
			1687	1244
			1688	1245
			1689	1246
			1690	1247
			1691	1248
			1692	1249
			1693	1250
			1694	1251
			1695	1252
			1696	1253
			1697	1254
			1698	1255
			1699	1256
			1700	1257
			1701	1258
			1702	1259
			1703	1260
			1704	1261
		</curvaD_espina_dorsal>
		<curvaI_espina_dorsal type=matrix rownames=FALSE colnames=FALSE nrow=418 ncol=2 as.numeric=TRUE >
			1555	911
			1555	912
			1556	913
			1556	914
			1556	915
			1556	916
			1557	916
			1557	917
			1557	918
			1557	919
			1558	919
			1558	920
			1558	921
			1558	922
			1559	923
			1559	924
			1559	925
			1560	926
			1560	927
			1560	928
			1560	929
			1561	930
			1561	931
			1561	932
			1562	932
			1562	933
			1562	934
			1562	935
			1563	936
			1563	937
			1563	938
			1563	939
			1564	940
			1564	941
			1564	942
			1565	943
			1565	944
			1565	945
			1566	946
			1566	947
			1566	948
			1566	949
			1567	950
			1567	951
			1567	952
			1568	953
			1568	954
			1568	955
			1568	956
			1568	957
			1569	957
			1569	958
			1569	959
			1569	960
			1570	961
			1570	962
			1570	963
			1571	964
			1571	965
			1571	966
			1571	967
			1572	968
			1572	969
			1572	970
			1572	971
			1573	972
			1573	973
			1573	974
			1573	975
			1574	976
			1574	977
			1574	978
			1574	979
			1575	980
			1575	981
			1575	982
			1575	983
			1576	984
			1576	985
			1576	986
			1576	987
			1576	988
			1577	988
			1577	989
			1577	990
			1577	991
			1578	992
			1578	993
			1578	994
			1578	995
			1578	996
			1579	997
			1579	998
			1579	999
			1579	1000
			1580	1001
			1580	1002
			1580	1003
			1580	1004
			1580	1005
			1581	1006
			1581	1007
			1581	1008
			1581	1009
			1581	1010
			1582	1011
			1582	1012
			1582	1013
			1582	1014
			1582	1015
			1583	1016
			1583	1017
			1583	1018
			1583	1019
			1583	1020
			1583	1021
			1584	1022
			1584	1023
			1584	1024
			1584	1025
			1584	1026
			1584	1027
			1585	1028
			1585	1029
			1585	1030
			1585	1031
			1585	1032
			1585	1033
			1586	1034
			1586	1035
			1586	1036
			1586	1037
			1586	1038
			1586	1039
			1586	1040
			1587	1041
			1587	1042
			1587	1043
			1587	1044
			1587	1045
			1587	1046
			1587	1047
			1587	1048
			1587	1049
			1588	1050
			1588	1051
			1588	1052
			1588	1053
			1588	1054
			1588	1055
			1588	1056
			1588	1057
			1588	1058
			1589	1058
			1589	1059
			1589	1060
			1589	1061
			1589	1062
			1589	1063
			1589	1064
			1589	1065
			1589	1066
			1589	1067
			1589	1068
			1589	1069
			1589	1070
			1589	1071
			1590	1071
			1590	1072
			1590	1073
			1590	1074
			1590	1075
			1590	1076
			1590	1077
			1590	1078
			1590	1079
			1590	1080
			1590	1081
			1590	1082
			1590	1083
			1590	1084
			1590	1085
			1590	1086
			1590	1087
			1590	1088
			1590	1089
			1590	1090
			1590	1091
			1590	1092
			1590	1093
			1590	1094
			1590	1095
			1589	1096
			1589	1097
			1589	1098
			1589	1099
			1589	1100
			1589	1101
			1589	1102
			1589	1103
			1589	1104
			1589	1105
			1589	1106
			1588	1107
			1588	1108
			1588	1109
			1588	1110
			1588	1111
			1587	1112
			1587	1113
			1587	1114
			1586	1115
			1585	1116
			1584	1117
			1583	1118
			1582	1118
			1581	1119
			1580	1120
			1579	1120
			1578	1121
			1577	1121
			1576	1122
			1575	1122
			1574	1123
			1573	1123
			1572	1124
			1571	1124
			1570	1124
			1569	1125
			1568	1125
			1567	1125
			1566	1126
			1565	1126
			1564	1126
			1563	1126
			1562	1127
			1561	1127
			1560	1127
			1559	1127
			1558	1127
			1557	1127
			1556	1127
			1555	1127
			1554	1128
			1553	1128
			1552	1128
			1551	1128
			1550	1128
			1549	1128
			1548	1128
			1547	1128
			1546	1128
			1545	1127
			1544	1127
			1543	1127
			1542	1127
			1541	1127
			1540	1127
			1539	1127
			1538	1127
			1537	1127
			1536	1126
			1535	1126
			1534	1126
			1533	1126
			1532	1126
			1531	1126
			1530	1125
			1529	1125
			1528	1125
			1527	1125
			1526	1125
			1525	1124
			1524	1124
			1523	1124
			1522	1124
			1521	1123
			1520	1123
			1519	1123
			1518	1122
			1517	1122
			1516	1122
			1515	1121
			1514	1121
			1513	1121
			1512	1120
			1511	1120
			1510	1120
			1509	1119
			1508	1119
			1507	1119
			1506	1118
			1505	1118
			1504	1117
			1503	1117
			1502	1117
			1501	1117
			1501	1116
			1500	1116
			1499	1116
			1498	1115
			1497	1115
			1496	1114
			1495	1114
			1494	1114
			1494	1113
			1493	1113
			1492	1113
			1491	1112
			1490	1112
			1489	1112
			1489	1111
			1488	1111
			1487	1110
			1486	1110
			1485	1110
			1485	1109
			1484	1109
			1483	1108
			1482	1108
			1481	1108
			1480	1107
			1479	1107
			1479	1106
			1478	1106
			1477	1106
			1476	1105
			1475	1105
			1474	1104
			1473	1104
			1473	1103
			1472	1103
			1471	1103
			1470	1103
			1469	1103
			1468	1103
			1467	1103
			1466	1103
			1465	1103
			1464	1103
			1463	1103
			1462	1103
			1461	1103
			1460	1103
			1459	1103
			1458	1103
			1457	1103
			1456	1103
			1455	1103
			1454	1103
			1453	1103
			1452	1103
			1451	1103
			1450	1103
			1449	1103
			1448	1103
			1447	1103
			1446	1103
			1445	1103
			1444	1103
			1443	1103
			1442	1103
			1441	1104
			1440	1104
			1439	1104
			1438	1104
			1437	1104
			1436	1104
			1435	1104
			1434	1105
			1433	1105
			1432	1105
			1431	1105
			1430	1105
			1429	1105
			1428	1106
			1427	1106
			1426	1106
			1425	1106
			1424	1106
			1423	1106
			1422	1107
			1421	1107
			1420	1107
			1419	1107
			1418	1108
			1417	1108
			1416	1108
			1415	1108
			1414	1109
			1413	1109
			1412	1109
			1411	1109
			1410	1110
			1409	1110
			1408	1110
			1407	1110
			1406	1111
			1405	1111
			1404	1111
			1403	1112
			1402	1112
			1401	1112
			1400	1113
			1399	1113
			1398	1113
			1397	1114
			1396	1114
			1395	1114
			1394	1115
			1393	1115
			1392	1116
			1391	1116
			1390	1116
			1389	1117
			1388	1117
			1387	1117
			1386	1118
		</curvaI_espina_dorsal>
	</curves.pixel>
	<curves.scaled type=list>
		<curvaD_espina_dorsal type=matrix rownames=FALSE colnames=FALSE nrow=360 ncol=2 as.numeric=TRUE >
			2.89032957959556	-1.69330562508782
			2.89218831244418	-1.69516435793643
			2.89218831244418	-1.69702309078505
			2.89404704529279	-1.69888182363366
			2.89590577814141	-1.70074055648228
			2.89590577814141	-1.70259928933089
			2.89776451099002	-1.70445802217951
			2.89776451099002	-1.70631675502812
			2.89962324383864	-1.70817548787674
			2.90148197668725	-1.71003422072535
			2.90148197668725	-1.71189295357396
			2.90334070953587	-1.71375168642258
			2.90519944238448	-1.71561041927119
			2.90519944238448	-1.71746915211981
			2.90705817523309	-1.71932788496842
			2.90891690808171	-1.72118661781704
			2.90891690808171	-1.72304535066565
			2.91077564093032	-1.72490408351427
			2.91077564093032	-1.72676281636288
			2.91263437377894	-1.72862154921149
			2.91449310662755	-1.73048028206011
			2.91449310662755	-1.73233901490872
			2.91635183947617	-1.73419774775734
			2.91635183947617	-1.73605648060595
			2.91821057232478	-1.73791521345457
			2.91821057232478	-1.73977394630318
			2.9200693051734	-1.7416326791518
			2.9200693051734	-1.74349141200041
			2.92192803802201	-1.74535014484903
			2.92378677087063	-1.74720887769764
			2.92378677087063	-1.74906761054625
			2.92378677087063	-1.75092634339487
			2.92564550371924	-1.75278507624348
			2.92564550371924	-1.7546438090921
			2.92750423656785	-1.7546438090921
			2.92750423656785	-1.75650254194071
			2.92936296941647	-1.75836127478933
			2.92936296941647	-1.76022000763794
			2.92936296941647	-1.76207874048656
			2.93122170226508	-1.76393747333517
			2.93122170226508	-1.76579620618379
			2.9330804351137	-1.76579620618379
			2.9330804351137	-1.7676549390324
			2.93493916796231	-1.76951367188101
			2.93493916796231	-1.77137240472963
			2.93493916796231	-1.77323113757824
			2.93679790081093	-1.77508987042686
			2.93679790081093	-1.77694860327547
			2.93865663365954	-1.77880733612409
			2.93865663365954	-1.7806660689727
			2.94051536650816	-1.78252480182132
			2.94051536650816	-1.78438353466993
			2.94237409935677	-1.78624226751854
			2.94237409935677	-1.78810100036716
			2.94237409935677	-1.78995973321577
			2.94423283220538	-1.79181846606439
			2.94423283220538	-1.793677198913
			2.946091565054	-1.79553593176162
			2.946091565054	-1.79739466461023
			2.946091565054	-1.79925339745885
			2.94795029790261	-1.80111213030746
			2.94795029790261	-1.80297086315608
			2.94980903075123	-1.80482959600469
			2.94980903075123	-1.8066883288533
			2.95166776359984	-1.80854706170192
			2.95166776359984	-1.81040579455053
			2.95166776359984	-1.81226452739915
			2.95352649644846	-1.81412326024776
			2.95352649644846	-1.81598199309638
			2.95538522929707	-1.81784072594499
			2.95538522929707	-1.81969945879361
			2.95538522929707	-1.82155819164222
			2.95724396214569	-1.82341692449083
			2.95724396214569	-1.82527565733945
			2.9591026949943	-1.82713439018806
			2.9591026949943	-1.82899312303668
			2.9591026949943	-1.83085185588529
			2.96096142784292	-1.83271058873391
			2.96096142784292	-1.83456932158252
			2.96096142784292	-1.83642805443114
			2.96282016069153	-1.83828678727975
			2.96282016069153	-1.84014552012837
			2.96282016069153	-1.84200425297698
			2.96467889354014	-1.84386298582559
			2.96467889354014	-1.84572171867421
			2.96467889354014	-1.84758045152282
			2.96653762638876	-1.84943918437144
			2.96653762638876	-1.85129791722005
			2.96653762638876	-1.85315665006867
			2.96839635923737	-1.85501538291728
			2.96839635923737	-1.8568741157659
			2.96839635923737	-1.85873284861451
			2.97025509208599	-1.86059158146313
			2.97025509208599	-1.86245031431174
			2.97025509208599	-1.86430904716035
			2.9721138249346	-1.86616778000897
			2.9721138249346	-1.86802651285758
			2.9721138249346	-1.8698852457062
			2.97397255778322	-1.87174397855481
			2.97397255778322	-1.87360271140343
			2.97397255778322	-1.87546144425204
			2.97583129063183	-1.87732017710066
			2.97583129063183	-1.87917890994927
			2.97583129063183	-1.88103764279788
			2.97583129063183	-1.8828963756465
			2.97769002348045	-1.8828963756465
			2.97769002348045	-1.88475510849511
			2.97769002348045	-1.88661384134373
			2.97954875632906	-1.88847257419234
			2.97954875632906	-1.89033130704096
			2.97954875632906	-1.89219003988957
			2.98140748917768	-1.89404877273819
			2.98140748917768	-1.8959075055868
			2.98140748917768	-1.89776623843542
			2.98140748917768	-1.89962497128403
			2.98326622202629	-1.90148370413264
			2.98326622202629	-1.90334243698126
			2.98326622202629	-1.90520116982987
			2.9851249548749	-1.90705990267849
			2.9851249548749	-1.9089186355271
			2.9851249548749	-1.91077736837572
			2.98698368772352	-1.91263610122433
			2.98698368772352	-1.91449483407295
			2.98698368772352	-1.91635356692156
			2.98698368772352	-1.91821229977017
			2.98884242057213	-1.92007103261879
			2.98884242057213	-1.9219297654674
			2.99070115342075	-1.92378849831602
			2.99070115342075	-1.92564723116463
			2.99070115342075	-1.92750596401325
			2.99255988626936	-1.92936469686186
			2.99255988626936	-1.93122342971048
			2.99255988626936	-1.93308216255909
			2.99255988626936	-1.93494089540771
			2.99441861911798	-1.93679962825632
			2.99441861911798	-1.93865836110493
			2.99441861911798	-1.94051709395355
			2.99627735196659	-1.94237582680216
			2.99627735196659	-1.94423455965078
			2.99627735196659	-1.94609329249939
			2.99627735196659	-1.94795202534801
			2.99813608481521	-1.94981075819662
			2.99813608481521	-1.95166949104524
			2.99813608481521	-1.95352822389385
			2.99999481766382	-1.95538695674247
			2.99999481766382	-1.95724568959108
			2.99999481766382	-1.95910442243969
			2.99999481766382	-1.96096315528831
			3.00185355051243	-1.96096315528831
			3.00185355051243	-1.96282188813692
			3.00185355051243	-1.96468062098554
			3.00185355051243	-1.96653935383415
			3.00371228336105	-1.96839808668277
			3.00371228336105	-1.97025681953138
			3.00371228336105	-1.97211555238
			3.00371228336105	-1.97397428522861
			3.00557101620966	-1.97583301807722
			3.00557101620966	-1.97769175092584
			3.00557101620966	-1.97955048377445
			3.00557101620966	-1.98140921662307
			3.00742974905828	-1.98326794947168
			3.00742974905828	-1.9851266823203
			3.00928848190689	-1.98698541516891
			3.00928848190689	-1.98884414801753
			3.00928848190689	-1.99070288086614
			3.00928848190689	-1.99256161371476
			3.01114721475551	-1.99442034656337
			3.01114721475551	-1.99627907941198
			3.01114721475551	-1.9981378122606
			3.01114721475551	-1.99999654510921
			3.01300594760412	-2.00185527795783
			3.01300594760412	-2.00371401080644
			3.01300594760412	-2.00557274365506
			3.01300594760412	-2.00743147650367
			3.01486468045274	-2.00929020935229
			3.01486468045274	-2.0111489422009
			3.01486468045274	-2.01300767504951
			3.01486468045274	-2.01486640789813
			3.01672341330135	-2.01672514074674
			3.01672341330135	-2.01858387359536
			3.01672341330135	-2.02044260644397
			3.01672341330135	-2.02230133929259
			3.01858214614997	-2.0241600721412
			3.01858214614997	-2.02601880498982
			3.01858214614997	-2.02787753783843
			3.02044087899858	-2.02973627068705
			3.02044087899858	-2.03159500353566
			3.02044087899858	-2.03345373638427
			3.02044087899858	-2.03531246923289
			3.02044087899858	-2.0371712020815
			3.02044087899858	-2.03902993493012
			3.02044087899858	-2.04088866777873
			3.02044087899858	-2.04274740062735
			3.02044087899858	-2.04460613347596
			3.02044087899858	-2.04646486632458
			3.02044087899858	-2.04832359917319
			3.02044087899858	-2.05018233202181
			3.01858214614997	-2.05204106487042
			3.01858214614997	-2.05389979771903
			3.01858214614997	-2.05575853056765
			3.01858214614997	-2.05761726341626
			3.01858214614997	-2.05947599626488
			3.01858214614997	-2.06133472911349
			3.02044087899858	-2.06319346196211
			3.02044087899858	-2.06505219481072
			3.02044087899858	-2.06691092765934
			3.02044087899858	-2.06876966050795
			3.02044087899858	-2.07062839335656
			3.02044087899858	-2.07248712620518
			3.02044087899858	-2.07434585905379
			3.02044087899858	-2.07620459190241
			3.02044087899858	-2.07806332475102
			3.02044087899858	-2.07992205759964
			3.02044087899858	-2.08178079044825
			3.02044087899858	-2.08363952329687
			3.02044087899858	-2.08549825614548
			3.02044087899858	-2.0873569889941
			3.02044087899858	-2.08921572184271
			3.02044087899858	-2.09107445469132
			3.02229961184719	-2.09293318753994
			3.02229961184719	-2.09479192038855
			3.02229961184719	-2.09665065323717
			3.02229961184719	-2.09850938608578
			3.02229961184719	-2.1003681189344
			3.02229961184719	-2.10222685178301
			3.02229961184719	-2.10408558463163
			3.02415834469581	-2.10594431748024
			3.02415834469581	-2.10780305032885
			3.02415834469581	-2.10966178317747
			3.02415834469581	-2.11152051602608
			3.02415834469581	-2.1133792488747
			3.02415834469581	-2.11523798172331
			3.02601707754442	-2.11709671457193
			3.02601707754442	-2.11895544742054
			3.02601707754442	-2.12081418026916
			3.02601707754442	-2.12267291311777
			3.02787581039304	-2.12453164596639
			3.02787581039304	-2.126390378815
			3.02787581039304	-2.12824911166361
			3.02787581039304	-2.13010784451223
			3.02787581039304	-2.13196657736084
			3.02973454324165	-2.13382531020946
			3.02973454324165	-2.13568404305807
			3.02973454324165	-2.13754277590669
			3.02973454324165	-2.1394015087553
			3.03159327609027	-2.14126024160392
			3.03159327609027	-2.14311897445253
			3.03159327609027	-2.14497770730115
			3.03345200893888	-2.14683644014976
			3.03345200893888	-2.14869517299837
			3.03345200893888	-2.15055390584699
			3.0353107417875	-2.1524126386956
			3.0353107417875	-2.15427137154422
			3.0353107417875	-2.15613010439283
			3.03716947463611	-2.15798883724145
			3.03716947463611	-2.15984757009006
			3.03716947463611	-2.16170630293868
			3.03902820748472	-2.16356503578729
			3.03902820748472	-2.1654237686359
			3.03902820748472	-2.16728250148452
			3.04088694033334	-2.16914123433313
			3.04088694033334	-2.17099996718175
			3.04088694033334	-2.17285870003036
			3.04274567318195	-2.17471743287898
			3.04460440603057	-2.17657616572759
			3.04460440603057	-2.17843489857621
			3.04460440603057	-2.18029363142482
			3.04460440603057	-2.18215236427344
			3.04646313887918	-2.18215236427344
			3.04646313887918	-2.18401109712205
			3.04646313887918	-2.18586982997066
			3.0483218717278	-2.18586982997066
			3.0483218717278	-2.18772856281928
			3.0483218717278	-2.18958729566789
			3.05018060457641	-2.18958729566789
			3.05018060457641	-2.19144602851651
			3.05018060457641	-2.19330476136512
			3.05203933742503	-2.19330476136512
			3.05203933742503	-2.19516349421374
			3.05203933742503	-2.19702222706235
			3.05389807027364	-2.19888095991097
			3.05389807027364	-2.20073969275958
			3.05575680312226	-2.20259842560819
			3.05575680312226	-2.20445715845681
			3.05761553597087	-2.20631589130542
			3.05761553597087	-2.20817462415404
			3.05947426881948	-2.21003335700265
			3.0613330016681	-2.21189208985127
			3.0613330016681	-2.21375082269988
			3.06319173451671	-2.2156095555485
			3.06319173451671	-2.21746828839711
			3.06505046736533	-2.21932702124573
			3.06505046736533	-2.22118575409434
			3.06690920021394	-2.22304448694295
			3.06876793306256	-2.22490321979157
			3.06876793306256	-2.22676195264018
			3.07062666591117	-2.2286206854888
			3.07062666591117	-2.23047941833741
			3.07248539875979	-2.23233815118603
			3.0743441316084	-2.23419688403464
			3.0743441316084	-2.23605561688326
			3.07620286445702	-2.23791434973187
			3.07620286445702	-2.23977308258049
			3.07806159730563	-2.2416318154291
			3.07992033015424	-2.24349054827771
			3.07992033015424	-2.24534928112633
			3.08177906300286	-2.24720801397494
			3.08363779585147	-2.24906674682356
			3.08363779585147	-2.25092547967217
			3.08549652870009	-2.25278421252079
			3.0873552615487	-2.2546429453694
			3.08921399439732	-2.25650167821802
			3.08921399439732	-2.25836041106663
			3.09107272724593	-2.26021914391524
			3.09293146009455	-2.26207787676386
			3.09293146009455	-2.26393660961247
			3.09479019294316	-2.26579534246109
			3.09664892579177	-2.2676540753097
			3.09850765864039	-2.26951280815832
			3.09850765864039	-2.27137154100693
			3.100366391489	-2.27323027385555
			3.10222512433762	-2.27508900670416
			3.10408385718623	-2.27694773955278
			3.10594259003485	-2.27880647240139
			3.10780132288346	-2.28066520525
			3.10780132288346	-2.28252393809862
			3.10966005573208	-2.28438267094723
			3.11151878858069	-2.28624140379585
			3.11337752142931	-2.28810013664446
			3.11523625427792	-2.28995886949308
			3.11709498712653	-2.29181760234169
			3.11709498712653	-2.29367633519031
			3.11895371997515	-2.29553506803892
			3.12081245282376	-2.29553506803892
			3.12267118567238	-2.29739380088753
			3.12267118567238	-2.29925253373615
			3.12452991852099	-2.30111126658476
			3.12638865136961	-2.30296999943338
			3.12824738421822	-2.30482873228199
			3.13010611706684	-2.30668746513061
			3.13196484991545	-2.30854619797922
			3.13382358276407	-2.31040493082784
			3.13568231561268	-2.31226366367645
			3.13754104846129	-2.31412239652507
			3.13939978130991	-2.31598112937368
			3.14125851415852	-2.31783986222229
			3.14311724700714	-2.31969859507091
			3.14497597985575	-2.32155732791952
			3.14683471270437	-2.32341606076814
			3.14869344555298	-2.32527479361675
			3.1505521784016	-2.32713352646537
			3.15241091125021	-2.32899225931398
			3.15426964409882	-2.3308509921626
			3.15612837694744	-2.33270972501121
			3.15798710979605	-2.33456845785983
			3.15984584264467	-2.33642719070844
			3.16170457549328	-2.33828592355705
			3.1635633083419	-2.34014465640567
			3.16542204119051	-2.34200338925428
			3.16728077403913	-2.3438621221029
		</curvaD_espina_dorsal>
		<curvaI_espina_dorsal type=matrix rownames=FALSE colnames=FALSE nrow=418 ncol=2 as.numeric=TRUE >
			2.89032957959556	-1.69330562508782
			2.89032957959556	-1.69516435793643
			2.89218831244418	-1.69702309078505
			2.89218831244418	-1.69888182363366
			2.89218831244418	-1.70074055648228
			2.89218831244418	-1.70259928933089
			2.89404704529279	-1.70259928933089
			2.89404704529279	-1.70445802217951
			2.89404704529279	-1.70631675502812
			2.89404704529279	-1.70817548787674
			2.89590577814141	-1.70817548787674
			2.89590577814141	-1.71003422072535
			2.89590577814141	-1.71189295357396
			2.89590577814141	-1.71375168642258
			2.89776451099002	-1.71561041927119
			2.89776451099002	-1.71746915211981
			2.89776451099002	-1.71932788496842
			2.89962324383864	-1.72118661781704
			2.89962324383864	-1.72304535066565
			2.89962324383864	-1.72490408351427
			2.89962324383864	-1.72676281636288
			2.90148197668725	-1.72862154921149
			2.90148197668725	-1.73048028206011
			2.90148197668725	-1.73233901490872
			2.90334070953587	-1.73233901490872
			2.90334070953587	-1.73419774775734
			2.90334070953587	-1.73605648060595
			2.90334070953587	-1.73791521345457
			2.90519944238448	-1.73977394630318
			2.90519944238448	-1.7416326791518
			2.90519944238448	-1.74349141200041
			2.90519944238448	-1.74535014484903
			2.90705817523309	-1.74720887769764
			2.90705817523309	-1.74906761054625
			2.90705817523309	-1.75092634339487
			2.90891690808171	-1.75278507624348
			2.90891690808171	-1.7546438090921
			2.90891690808171	-1.75650254194071
			2.91077564093032	-1.75836127478933
			2.91077564093032	-1.76022000763794
			2.91077564093032	-1.76207874048656
			2.91077564093032	-1.76393747333517
			2.91263437377894	-1.76579620618379
			2.91263437377894	-1.7676549390324
			2.91263437377894	-1.76951367188101
			2.91449310662755	-1.77137240472963
			2.91449310662755	-1.77323113757824
			2.91449310662755	-1.77508987042686
			2.91449310662755	-1.77694860327547
			2.91449310662755	-1.77880733612409
			2.91635183947617	-1.77880733612409
			2.91635183947617	-1.7806660689727
			2.91635183947617	-1.78252480182132
			2.91635183947617	-1.78438353466993
			2.91821057232478	-1.78624226751854
			2.91821057232478	-1.78810100036716
			2.91821057232478	-1.78995973321577
			2.9200693051734	-1.79181846606439
			2.9200693051734	-1.793677198913
			2.9200693051734	-1.79553593176162
			2.9200693051734	-1.79739466461023
			2.92192803802201	-1.79925339745885
			2.92192803802201	-1.80111213030746
			2.92192803802201	-1.80297086315608
			2.92192803802201	-1.80482959600469
			2.92378677087063	-1.8066883288533
			2.92378677087063	-1.80854706170192
			2.92378677087063	-1.81040579455053
			2.92378677087063	-1.81226452739915
			2.92564550371924	-1.81412326024776
			2.92564550371924	-1.81598199309638
			2.92564550371924	-1.81784072594499
			2.92564550371924	-1.81969945879361
			2.92750423656785	-1.82155819164222
			2.92750423656785	-1.82341692449083
			2.92750423656785	-1.82527565733945
			2.92750423656785	-1.82713439018806
			2.92936296941647	-1.82899312303668
			2.92936296941647	-1.83085185588529
			2.92936296941647	-1.83271058873391
			2.92936296941647	-1.83456932158252
			2.92936296941647	-1.83642805443114
			2.93122170226508	-1.83642805443114
			2.93122170226508	-1.83828678727975
			2.93122170226508	-1.84014552012837
			2.93122170226508	-1.84200425297698
			2.9330804351137	-1.84386298582559
			2.9330804351137	-1.84572171867421
			2.9330804351137	-1.84758045152282
			2.9330804351137	-1.84943918437144
			2.9330804351137	-1.85129791722005
			2.93493916796231	-1.85315665006867
			2.93493916796231	-1.85501538291728
			2.93493916796231	-1.8568741157659
			2.93493916796231	-1.85873284861451
			2.93679790081093	-1.86059158146313
			2.93679790081093	-1.86245031431174
			2.93679790081093	-1.86430904716035
			2.93679790081093	-1.86616778000897
			2.93679790081093	-1.86802651285758
			2.93865663365954	-1.8698852457062
			2.93865663365954	-1.87174397855481
			2.93865663365954	-1.87360271140343
			2.93865663365954	-1.87546144425204
			2.93865663365954	-1.87732017710066
			2.94051536650816	-1.87917890994927
			2.94051536650816	-1.88103764279788
			2.94051536650816	-1.8828963756465
			2.94051536650816	-1.88475510849511
			2.94051536650816	-1.88661384134373
			2.94237409935677	-1.88847257419234
			2.94237409935677	-1.89033130704096
			2.94237409935677	-1.89219003988957
			2.94237409935677	-1.89404877273819
			2.94237409935677	-1.8959075055868
			2.94237409935677	-1.89776623843542
			2.94423283220538	-1.89962497128403
			2.94423283220538	-1.90148370413264
			2.94423283220538	-1.90334243698126
			2.94423283220538	-1.90520116982987
			2.94423283220538	-1.90705990267849
			2.94423283220538	-1.9089186355271
			2.946091565054	-1.91077736837572
			2.946091565054	-1.91263610122433
			2.946091565054	-1.91449483407295
			2.946091565054	-1.91635356692156
			2.946091565054	-1.91821229977017
			2.946091565054	-1.92007103261879
			2.94795029790261	-1.9219297654674
			2.94795029790261	-1.92378849831602
			2.94795029790261	-1.92564723116463
			2.94795029790261	-1.92750596401325
			2.94795029790261	-1.92936469686186
			2.94795029790261	-1.93122342971048
			2.94795029790261	-1.93308216255909
			2.94980903075123	-1.93494089540771
			2.94980903075123	-1.93679962825632
			2.94980903075123	-1.93865836110493
			2.94980903075123	-1.94051709395355
			2.94980903075123	-1.94237582680216
			2.94980903075123	-1.94423455965078
			2.94980903075123	-1.94609329249939
			2.94980903075123	-1.94795202534801
			2.94980903075123	-1.94981075819662
			2.95166776359984	-1.95166949104524
			2.95166776359984	-1.95352822389385
			2.95166776359984	-1.95538695674247
			2.95166776359984	-1.95724568959108
			2.95166776359984	-1.95910442243969
			2.95166776359984	-1.96096315528831
			2.95166776359984	-1.96282188813692
			2.95166776359984	-1.96468062098554
			2.95166776359984	-1.96653935383415
			2.95352649644846	-1.96653935383415
			2.95352649644846	-1.96839808668277
			2.95352649644846	-1.97025681953138
			2.95352649644846	-1.97211555238
			2.95352649644846	-1.97397428522861
			2.95352649644846	-1.97583301807722
			2.95352649644846	-1.97769175092584
			2.95352649644846	-1.97955048377445
			2.95352649644846	-1.98140921662307
			2.95352649644846	-1.98326794947168
			2.95352649644846	-1.9851266823203
			2.95352649644846	-1.98698541516891
			2.95352649644846	-1.98884414801753
			2.95352649644846	-1.99070288086614
			2.95538522929707	-1.99070288086614
			2.95538522929707	-1.99256161371476
			2.95538522929707	-1.99442034656337
			2.95538522929707	-1.99627907941198
			2.95538522929707	-1.9981378122606
			2.95538522929707	-1.99999654510921
			2.95538522929707	-2.00185527795783
			2.95538522929707	-2.00371401080644
			2.95538522929707	-2.00557274365506
			2.95538522929707	-2.00743147650367
			2.95538522929707	-2.00929020935229
			2.95538522929707	-2.0111489422009
			2.95538522929707	-2.01300767504951
			2.95538522929707	-2.01486640789813
			2.95538522929707	-2.01672514074674
			2.95538522929707	-2.01858387359536
			2.95538522929707	-2.02044260644397
			2.95538522929707	-2.02230133929259
			2.95538522929707	-2.0241600721412
			2.95538522929707	-2.02601880498982
			2.95538522929707	-2.02787753783843
			2.95538522929707	-2.02973627068705
			2.95538522929707	-2.03159500353566
			2.95538522929707	-2.03345373638427
			2.95538522929707	-2.03531246923289
			2.95352649644846	-2.0371712020815
			2.95352649644846	-2.03902993493012
			2.95352649644846	-2.04088866777873
			2.95352649644846	-2.04274740062735
			2.95352649644846	-2.04460613347596
			2.95352649644846	-2.04646486632458
			2.95352649644846	-2.04832359917319
			2.95352649644846	-2.05018233202181
			2.95352649644846	-2.05204106487042
			2.95352649644846	-2.05389979771903
			2.95352649644846	-2.05575853056765
			2.95166776359984	-2.05761726341626
			2.95166776359984	-2.05947599626488
			2.95166776359984	-2.06133472911349
			2.95166776359984	-2.06319346196211
			2.95166776359984	-2.06505219481072
			2.94980903075123	-2.06691092765934
			2.94980903075123	-2.06876966050795
			2.94980903075123	-2.07062839335656
			2.94795029790261	-2.07248712620518
			2.946091565054	-2.07434585905379
			2.94423283220538	-2.07620459190241
			2.94237409935677	-2.07806332475102
			2.94051536650816	-2.07806332475102
			2.93865663365954	-2.07992205759964
			2.93679790081093	-2.08178079044825
			2.93493916796231	-2.08178079044825
			2.9330804351137	-2.08363952329687
			2.93122170226508	-2.08363952329687
			2.92936296941647	-2.08549825614548
			2.92750423656785	-2.08549825614548
			2.92564550371924	-2.0873569889941
			2.92378677087063	-2.0873569889941
			2.92192803802201	-2.08921572184271
			2.9200693051734	-2.08921572184271
			2.91821057232478	-2.08921572184271
			2.91635183947617	-2.09107445469132
			2.91449310662755	-2.09107445469132
			2.91263437377894	-2.09107445469132
			2.91077564093032	-2.09293318753994
			2.90891690808171	-2.09293318753994
			2.90705817523309	-2.09293318753994
			2.90519944238448	-2.09293318753994
			2.90334070953587	-2.09479192038855
			2.90148197668725	-2.09479192038855
			2.89962324383864	-2.09479192038855
			2.89776451099002	-2.09479192038855
			2.89590577814141	-2.09479192038855
			2.89404704529279	-2.09479192038855
			2.89218831244418	-2.09479192038855
			2.89032957959556	-2.09479192038855
			2.88847084674695	-2.09665065323717
			2.88661211389833	-2.09665065323717
			2.88475338104972	-2.09665065323717
			2.88289464820111	-2.09665065323717
			2.88103591535249	-2.09665065323717
			2.87917718250388	-2.09665065323717
			2.87731844965526	-2.09665065323717
			2.87545971680665	-2.09665065323717
			2.87360098395803	-2.09665065323717
			2.87174225110942	-2.09479192038855
			2.8698835182608	-2.09479192038855
			2.86802478541219	-2.09479192038855
			2.86616605256358	-2.09479192038855
			2.86430731971496	-2.09479192038855
			2.86244858686635	-2.09479192038855
			2.86058985401773	-2.09479192038855
			2.85873112116912	-2.09479192038855
			2.8568723883205	-2.09479192038855
			2.85501365547189	-2.09293318753994
			2.85315492262327	-2.09293318753994
			2.85129618977466	-2.09293318753994
			2.84943745692604	-2.09293318753994
			2.84757872407743	-2.09293318753994
			2.84571999122882	-2.09293318753994
			2.8438612583802	-2.09107445469132
			2.84200252553159	-2.09107445469132
			2.84014379268297	-2.09107445469132
			2.83828505983436	-2.09107445469132
			2.83642632698574	-2.09107445469132
			2.83456759413713	-2.08921572184271
			2.83270886128851	-2.08921572184271
			2.8308501284399	-2.08921572184271
			2.82899139559128	-2.08921572184271
			2.82713266274267	-2.0873569889941
			2.82527392989406	-2.0873569889941
			2.82341519704544	-2.0873569889941
			2.82155646419683	-2.08549825614548
			2.81969773134821	-2.08549825614548
			2.8178389984996	-2.08549825614548
			2.81598026565098	-2.08363952329687
			2.81412153280237	-2.08363952329687
			2.81226279995375	-2.08363952329687
			2.81040406710514	-2.08178079044825
			2.80854533425653	-2.08178079044825
			2.80668660140791	-2.08178079044825
			2.8048278685593	-2.07992205759964
			2.80296913571068	-2.07992205759964
			2.80111040286207	-2.07992205759964
			2.79925167001345	-2.07806332475102
			2.79739293716484	-2.07806332475102
			2.79553420431622	-2.07620459190241
			2.79367547146761	-2.07620459190241
			2.79181673861899	-2.07620459190241
			2.78995800577038	-2.07620459190241
			2.78995800577038	-2.07434585905379
			2.78809927292177	-2.07434585905379
			2.78624054007315	-2.07434585905379
			2.78438180722454	-2.07248712620518
			2.78252307437592	-2.07248712620518
			2.78066434152731	-2.07062839335656
			2.77880560867869	-2.07062839335656
			2.77694687583008	-2.07062839335656
			2.77694687583008	-2.06876966050795
			2.77508814298146	-2.06876966050795
			2.77322941013285	-2.06876966050795
			2.77137067728424	-2.06691092765934
			2.76951194443562	-2.06691092765934
			2.76765321158701	-2.06691092765934
			2.76765321158701	-2.06505219481072
			2.76579447873839	-2.06505219481072
			2.76393574588978	-2.06319346196211
			2.76207701304116	-2.06319346196211
			2.76021828019255	-2.06319346196211
			2.76021828019255	-2.06133472911349
			2.75835954734393	-2.06133472911349
			2.75650081449532	-2.05947599626488
			2.7546420816467	-2.05947599626488
			2.75278334879809	-2.05947599626488
			2.75092461594948	-2.05761726341626
			2.74906588310086	-2.05761726341626
			2.74906588310086	-2.05575853056765
			2.74720715025225	-2.05575853056765
			2.74534841740363	-2.05575853056765
			2.74348968455502	-2.05389979771903
			2.7416309517064	-2.05389979771903
			2.73977221885779	-2.05204106487042
			2.73791348600917	-2.05204106487042
			2.73791348600917	-2.05018233202181
			2.73605475316056	-2.05018233202181
			2.73419602031194	-2.05018233202181
			2.73233728746333	-2.05018233202181
			2.73047855461472	-2.05018233202181
			2.7286198217661	-2.05018233202181
			2.72676108891749	-2.05018233202181
			2.72490235606887	-2.05018233202181
			2.72304362322026	-2.05018233202181
			2.72118489037164	-2.05018233202181
			2.71932615752303	-2.05018233202181
			2.71746742467441	-2.05018233202181
			2.7156086918258	-2.05018233202181
			2.71374995897719	-2.05018233202181
			2.71189122612857	-2.05018233202181
			2.71003249327996	-2.05018233202181
			2.70817376043134	-2.05018233202181
			2.70631502758273	-2.05018233202181
			2.70445629473411	-2.05018233202181
			2.7025975618855	-2.05018233202181
			2.70073882903688	-2.05018233202181
			2.69888009618827	-2.05018233202181
			2.69702136333965	-2.05018233202181
			2.69516263049104	-2.05018233202181
			2.69330389764243	-2.05018233202181
			2.69144516479381	-2.05018233202181
			2.6895864319452	-2.05018233202181
			2.68772769909658	-2.05018233202181
			2.68586896624797	-2.05018233202181
			2.68401023339935	-2.05018233202181
			2.68215150055074	-2.05018233202181
			2.68029276770212	-2.05018233202181
			2.67843403485351	-2.05204106487042
			2.6765753020049	-2.05204106487042
			2.67471656915628	-2.05204106487042
			2.67285783630767	-2.05204106487042
			2.67099910345905	-2.05204106487042
			2.66914037061044	-2.05204106487042
			2.66728163776182	-2.05204106487042
			2.66542290491321	-2.05389979771903
			2.66356417206459	-2.05389979771903
			2.66170543921598	-2.05389979771903
			2.65984670636736	-2.05389979771903
			2.65798797351875	-2.05389979771903
			2.65612924067014	-2.05389979771903
			2.65427050782152	-2.05575853056765
			2.65241177497291	-2.05575853056765
			2.65055304212429	-2.05575853056765
			2.64869430927568	-2.05575853056765
			2.64683557642706	-2.05575853056765
			2.64497684357845	-2.05575853056765
			2.64311811072983	-2.05761726341626
			2.64125937788122	-2.05761726341626
			2.6394006450326	-2.05761726341626
			2.63754191218399	-2.05761726341626
			2.63568317933538	-2.05947599626488
			2.63382444648676	-2.05947599626488
			2.63196571363815	-2.05947599626488
			2.63010698078953	-2.05947599626488
			2.62824824794092	-2.06133472911349
			2.6263895150923	-2.06133472911349
			2.62453078224369	-2.06133472911349
			2.62267204939507	-2.06133472911349
			2.62081331654646	-2.06319346196211
			2.61895458369785	-2.06319346196211
			2.61709585084923	-2.06319346196211
			2.61523711800062	-2.06319346196211
			2.613378385152	-2.06505219481072
			2.61151965230339	-2.06505219481072
			2.60966091945477	-2.06505219481072
			2.60780218660616	-2.06691092765934
			2.60594345375754	-2.06691092765934
			2.60408472090893	-2.06691092765934
			2.60222598806031	-2.06876966050795
			2.6003672552117	-2.06876966050795
			2.59850852236309	-2.06876966050795
			2.59664978951447	-2.07062839335656
			2.59479105666586	-2.07062839335656
			2.59293232381724	-2.07062839335656
			2.59107359096863	-2.07248712620518
			2.58921485812001	-2.07248712620518
			2.5873561252714	-2.07434585905379
			2.58549739242278	-2.07434585905379
			2.58363865957417	-2.07434585905379
			2.58177992672556	-2.07620459190241
			2.57992119387694	-2.07620459190241
			2.57806246102833	-2.07620459190241
			2.57620372817971	-2.07806332475102
		</curvaI_espina_dorsal>
	</curves.scaled>
	<ruler.points type=matrix rownames=TRUE colnames=FALSE nrow=2 ncol=2 as.numeric=TRUE >
		Ruler point 1	1607	568
		Ruler point 2	2145	567
	</ruler.points>
</shapes>

