<shapes type=list>
	<ruler.pixel type=vector names=FALSE length=1 as.numeric=TRUE >539.000927642987</ruler.pixel>
	<ruler.interval type=vector names=FALSE length=1 as.numeric=TRUE >1</ruler.interval>
	<scaling.units type=vector names=FALSE length=1 as.numeric=FALSE >mm</scaling.units>
	<scaling type=vector names=FALSE length=1 as.numeric=TRUE >0.00185528437654631</scaling>
	<landmarks.pixel type=matrix rownames=TRUE colnames=FALSE nrow=3 ncol=2 as.numeric=TRUE >
		punta_espina_dorsal	1457	938
		esq_izq_caparaza	1393	1193
		organo_dorsal	1747	1195
	</landmarks.pixel>
	<landmarks.scaled type=matrix rownames=TRUE colnames=FALSE nrow=3 ncol=2 as.numeric=TRUE >
		punta_espina_dorsal	2.70314933662797	-1.74025674520044
		esq_izq_caparaza	2.58441113652901	-2.21335426121975
		organo_dorsal	3.2411818058264	-2.21706482997284
	</landmarks.scaled>
	<curves.control type=list>
		<curvaD_espina_dorsal type=matrix rownames=FALSE colnames=FALSE nrow=7 ncol=2 as.numeric=TRUE >
			1457	938
			1473	939
			1533	997
			1576	1044
			1610	1093
			1617	1139
			1747	1195
		</curvaD_espina_dorsal>
		<curvaI_espina_dorsal type=matrix rownames=FALSE colnames=FALSE nrow=9 ncol=2 as.numeric=TRUE >
			1457	938
			1490	967
			1527	1017
			1565	1066
			1573	1102
			1554	1146
			1467	1141
			1421	1162
			1393	1193
		</curvaI_espina_dorsal>
	</curves.control>
	<curves.pixel type=list>
		<curvaD_espina_dorsal type=matrix rownames=FALSE colnames=FALSE nrow=341 ncol=2 as.numeric=TRUE >
			1457	938
			1458	938
			1459	938
			1460	939
			1461	939
			1462	939
			1463	939
			1463	940
			1464	940
			1465	941
			1466	941
			1467	942
			1468	942
			1469	943
			1470	943
			1471	944
			1472	945
			1473	945
			1474	946
			1475	947
			1476	947
			1477	948
			1478	949
			1479	949
			1480	950
			1481	951
			1482	952
			1483	952
			1484	953
			1485	954
			1486	955
			1487	955
			1488	956
			1489	957
			1490	958
			1491	959
			1492	960
			1493	961
			1494	962
			1495	962
			1496	963
			1497	964
			1498	965
			1499	966
			1500	966
			1501	967
			1502	968
			1502	969
			1503	969
			1504	970
			1505	971
			1506	972
			1507	973
			1508	974
			1509	974
			1510	975
			1511	976
			1512	977
			1513	978
			1514	979
			1515	980
			1516	981
			1517	982
			1518	983
			1519	983
			1520	984
			1521	985
			1522	986
			1523	987
			1524	988
			1525	989
			1526	990
			1527	991
			1528	992
			1529	993
			1530	994
			1531	995
			1532	996
			1533	997
			1533	998
			1534	998
			1535	999
			1536	1000
			1537	1001
			1538	1002
			1538	1003
			1539	1004
			1540	1004
			1540	1005
			1541	1006
			1542	1007
			1543	1008
			1544	1009
			1545	1010
			1546	1011
			1546	1012
			1547	1013
			1548	1014
			1549	1015
			1550	1016
			1550	1017
			1551	1017
			1552	1018
			1553	1019
			1554	1020
			1554	1021
			1555	1022
			1556	1023
			1557	1024
			1558	1025
			1558	1026
			1559	1027
			1560	1028
			1561	1029
			1562	1030
			1562	1031
			1563	1031
			1564	1032
			1565	1033
			1565	1034
			1566	1035
			1567	1036
			1568	1037
			1568	1038
			1569	1039
			1570	1040
			1571	1041
			1572	1042
			1572	1043
			1573	1044
			1574	1045
			1575	1045
			1575	1046
			1576	1047
			1577	1048
			1578	1049
			1578	1050
			1579	1051
			1580	1052
			1580	1053
			1581	1054
			1582	1055
			1583	1056
			1583	1057
			1584	1058
			1585	1059
			1586	1060
			1586	1061
			1587	1061
			1588	1062
			1588	1063
			1589	1064
			1590	1065
			1591	1066
			1591	1067
			1592	1068
			1593	1069
			1593	1070
			1594	1071
			1595	1072
			1596	1073
			1596	1074
			1597	1075
			1598	1076
			1598	1077
			1599	1078
			1600	1079
			1600	1080
			1601	1080
			1602	1081
			1602	1082
			1603	1083
			1604	1084
			1605	1085
			1605	1086
			1606	1087
			1607	1088
			1607	1089
			1608	1090
			1609	1091
			1609	1092
			1610	1093
			1610	1094
			1610	1095
			1610	1096
			1611	1096
			1611	1097
			1611	1098
			1611	1099
			1612	1100
			1612	1101
			1612	1102
			1613	1103
			1613	1104
			1614	1105
			1614	1106
			1615	1107
			1615	1108
			1616	1108
			1616	1109
			1617	1110
			1617	1111
			1618	1112
			1619	1113
			1619	1114
			1620	1115
			1621	1116
			1621	1117
			1622	1118
			1623	1119
			1624	1120
			1625	1121
			1625	1122
			1626	1123
			1627	1124
			1628	1125
			1629	1126
			1630	1126
			1631	1127
			1632	1128
			1633	1129
			1634	1130
			1635	1131
			1636	1132
			1637	1133
			1638	1134
			1639	1134
			1640	1135
			1640	1136
			1641	1136
			1642	1137
			1643	1138
			1644	1139
			1645	1139
			1646	1140
			1647	1141
			1648	1142
			1649	1142
			1650	1143
			1651	1144
			1652	1144
			1653	1145
			1654	1146
			1655	1147
			1656	1147
			1657	1148
			1658	1149
			1659	1150
			1660	1150
			1661	1151
			1662	1151
			1663	1152
			1664	1152
			1664	1153
			1665	1153
			1666	1154
			1667	1155
			1668	1155
			1669	1156
			1670	1156
			1671	1157
			1672	1158
			1673	1158
			1674	1159
			1675	1159
			1676	1160
			1677	1161
			1678	1161
			1679	1162
			1680	1162
			1680	1163
			1681	1163
			1682	1163
			1683	1164
			1684	1164
			1685	1165
			1686	1166
			1687	1166
			1688	1167
			1689	1167
			1690	1168
			1691	1168
			1691	1169
			1692	1169
			1693	1169
			1694	1170
			1695	1170
			1696	1171
			1697	1171
			1698	1172
			1699	1172
			1699	1173
			1700	1173
			1701	1174
			1702	1174
			1703	1175
			1704	1175
			1705	1176
			1706	1176
			1707	1177
			1708	1177
			1709	1178
			1710	1178
			1711	1178
			1712	1179
			1713	1179
			1714	1180
			1715	1180
			1716	1181
			1717	1181
			1718	1182
			1719	1182
			1720	1183
			1721	1183
			1722	1184
			1723	1184
			1724	1185
			1725	1185
			1726	1186
			1727	1186
			1728	1187
			1729	1187
			1730	1188
			1731	1188
			1732	1189
			1733	1189
			1734	1189
			1735	1190
			1736	1190
			1737	1191
			1738	1191
			1739	1192
			1740	1192
			1741	1192
			1741	1193
			1742	1193
			1743	1193
			1744	1194
			1745	1194
			1746	1195
			1747	1195
		</curvaD_espina_dorsal>
		<curvaI_espina_dorsal type=matrix rownames=FALSE colnames=FALSE nrow=364 ncol=2 as.numeric=TRUE >
			1457	938
			1458	939
			1459	940
			1460	941
			1461	942
			1462	943
			1463	943
			1464	944
			1465	945
			1465	946
			1466	946
			1467	947
			1468	948
			1468	949
			1469	949
			1470	950
			1471	951
			1472	952
			1473	953
			1474	954
			1475	955
			1476	956
			1477	957
			1478	958
			1479	959
			1480	960
			1481	961
			1482	962
			1483	963
			1484	964
			1485	965
			1486	966
			1487	967
			1487	968
			1488	969
			1489	970
			1490	971
			1491	972
			1492	973
			1493	974
			1494	975
			1494	976
			1495	977
			1496	978
			1496	979
			1497	979
			1498	980
			1499	981
			1499	982
			1500	983
			1501	984
			1502	985
			1503	986
			1504	987
			1505	988
			1506	989
			1506	990
			1507	991
			1507	992
			1508	992
			1509	993
			1509	994
			1510	994
			1510	995
			1511	996
			1512	997
			1513	998
			1513	999
			1514	1000
			1515	1001
			1516	1002
			1517	1003
			1517	1004
			1518	1005
			1519	1006
			1520	1007
			1520	1008
			1521	1009
			1522	1010
			1523	1011
			1523	1012
			1524	1013
			1525	1014
			1526	1015
			1526	1016
			1527	1017
			1528	1018
			1529	1019
			1530	1020
			1530	1021
			1531	1022
			1532	1023
			1533	1024
			1533	1025
			1534	1026
			1535	1027
			1535	1028
			1536	1029
			1537	1030
			1538	1031
			1538	1032
			1539	1033
			1540	1034
			1540	1035
			1541	1036
			1542	1037
			1542	1038
			1543	1039
			1544	1040
			1544	1041
			1545	1042
			1546	1043
			1546	1044
			1547	1045
			1547	1046
			1548	1047
			1549	1047
			1549	1048
			1550	1049
			1550	1050
			1551	1051
			1551	1052
			1552	1053
			1552	1054
			1553	1055
			1554	1056
			1554	1057
			1555	1058
			1556	1059
			1556	1060
			1557	1061
			1557	1062
			1558	1063
			1558	1064
			1559	1065
			1559	1066
			1560	1067
			1560	1068
			1561	1069
			1561	1070
			1562	1071
			1562	1072
			1563	1073
			1563	1074
			1564	1075
			1564	1076
			1564	1077
			1565	1078
			1566	1079
			1566	1080
			1566	1081
			1567	1082
			1567	1083
			1568	1084
			1568	1085
			1568	1086
			1569	1087
			1569	1088
			1569	1089
			1570	1090
			1570	1091
			1570	1092
			1571	1093
			1571	1094
			1571	1095
			1572	1096
			1572	1097
			1572	1098
			1572	1099
			1573	1100
			1573	1101
			1573	1102
			1573	1103
			1572	1104
			1572	1105
			1571	1106
			1570	1107
			1570	1108
			1569	1109
			1568	1110
			1568	1111
			1567	1112
			1566	1113
			1566	1114
			1565	1115
			1564	1116
			1563	1117
			1562	1118
			1562	1119
			1561	1120
			1560	1121
			1559	1121
			1558	1122
			1557	1123
			1556	1124
			1555	1124
			1554	1125
			1553	1126
			1552	1127
			1551	1127
			1550	1128
			1549	1128
			1548	1129
			1547	1129
			1546	1130
			1545	1130
			1544	1131
			1543	1131
			1542	1132
			1541	1132
			1540	1133
			1539	1133
			1538	1133
			1537	1134
			1536	1134
			1535	1134
			1534	1135
			1533	1135
			1532	1135
			1531	1136
			1530	1136
			1529	1136
			1528	1137
			1527	1137
			1526	1137
			1525	1137
			1524	1138
			1523	1138
			1522	1138
			1521	1138
			1520	1138
			1519	1139
			1518	1139
			1517	1139
			1516	1139
			1515	1139
			1514	1139
			1514	1140
			1513	1140
			1512	1140
			1511	1140
			1510	1140
			1509	1140
			1508	1140
			1507	1140
			1506	1140
			1505	1141
			1504	1141
			1503	1141
			1502	1141
			1501	1141
			1500	1141
			1499	1141
			1498	1141
			1497	1141
			1496	1141
			1495	1141
			1494	1141
			1493	1141
			1492	1141
			1491	1141
			1490	1141
			1489	1141
			1488	1141
			1487	1141
			1486	1142
			1485	1142
			1484	1142
			1483	1142
			1482	1142
			1481	1141
			1480	1141
			1479	1141
			1478	1141
			1477	1141
			1476	1141
			1475	1141
			1474	1141
			1473	1141
			1472	1141
			1471	1141
			1470	1141
			1469	1141
			1468	1141
			1467	1141
			1466	1141
			1466	1142
			1465	1142
			1464	1142
			1463	1143
			1462	1143
			1461	1144
			1460	1144
			1459	1145
			1458	1146
			1457	1146
			1456	1146
			1455	1147
			1454	1147
			1453	1148
			1452	1149
			1451	1149
			1450	1149
			1449	1150
			1448	1151
			1447	1151
			1446	1152
			1445	1152
			1444	1153
			1443	1154
			1442	1154
			1441	1155
			1440	1155
			1439	1156
			1438	1157
			1437	1157
			1436	1158
			1435	1158
			1434	1159
			1433	1160
			1432	1160
			1431	1161
			1430	1161
			1429	1162
			1428	1163
			1427	1163
			1426	1164
			1425	1165
			1424	1165
			1423	1166
			1423	1167
			1422	1167
			1421	1168
			1420	1169
			1419	1169
			1418	1170
			1417	1171
			1416	1171
			1415	1172
			1415	1173
			1414	1173
			1413	1174
			1412	1175
			1411	1175
			1410	1176
			1410	1177
			1409	1178
			1408	1178
			1407	1179
			1406	1180
			1405	1181
			1404	1182
			1403	1183
			1402	1184
			1401	1185
			1400	1185
			1399	1186
			1398	1187
			1398	1188
			1397	1189
			1396	1190
			1395	1191
			1394	1192
			1393	1193
		</curvaI_espina_dorsal>
	</curves.pixel>
	<curves.scaled type=list>
		<curvaD_espina_dorsal type=matrix rownames=FALSE colnames=FALSE nrow=341 ncol=2 as.numeric=TRUE >
			2.70314933662797	-1.74025674520044
			2.70500462100452	-1.74025674520044
			2.70685990538106	-1.74025674520044
			2.70871518975761	-1.74211202957698
			2.71057047413416	-1.74211202957698
			2.7124257585107	-1.74211202957698
			2.71428104288725	-1.74211202957698
			2.71428104288725	-1.74396731395353
			2.71613632726379	-1.74396731395353
			2.71799161164034	-1.74582259833008
			2.71984689601689	-1.74582259833008
			2.72170218039343	-1.74767788270662
			2.72355746476998	-1.74767788270662
			2.72541274914653	-1.74953316708317
			2.72726803352307	-1.74953316708317
			2.72912331789962	-1.75138845145971
			2.73097860227617	-1.75324373583626
			2.73283388665271	-1.75324373583626
			2.73468917102926	-1.75509902021281
			2.7365444554058	-1.75695430458935
			2.73839973978235	-1.75695430458935
			2.7402550241589	-1.7588095889659
			2.74211030853544	-1.76066487334245
			2.74396559291199	-1.76066487334245
			2.74582087728854	-1.76252015771899
			2.74767616166508	-1.76437544209554
			2.74953144604163	-1.76623072647209
			2.75138673041817	-1.76623072647209
			2.75324201479472	-1.76808601084863
			2.75509729917127	-1.76994129522518
			2.75695258354781	-1.77179657960172
			2.75880786792436	-1.77179657960172
			2.76066315230091	-1.77365186397827
			2.76251843667745	-1.77550714835482
			2.764373721054	-1.77736243273136
			2.76622900543055	-1.77921771710791
			2.76808428980709	-1.78107300148446
			2.76993957418364	-1.782928285861
			2.77179485856018	-1.78478357023755
			2.77365014293673	-1.78478357023755
			2.77550542731328	-1.78663885461409
			2.77736071168982	-1.78849413899064
			2.77921599606637	-1.79034942336719
			2.78107128044292	-1.79220470774373
			2.78292656481946	-1.79220470774373
			2.78478184919601	-1.79405999212028
			2.78663713357255	-1.79591527649683
			2.78663713357255	-1.79777056087337
			2.7884924179491	-1.79777056087337
			2.79034770232565	-1.79962584524992
			2.79220298670219	-1.80148112962647
			2.79405827107874	-1.80333641400301
			2.79591355545529	-1.80519169837956
			2.79776883983183	-1.8070469827561
			2.79962412420838	-1.8070469827561
			2.80147940858493	-1.80890226713265
			2.80333469296147	-1.8107575515092
			2.80518997733802	-1.81261283588574
			2.80704526171456	-1.81446812026229
			2.80890054609111	-1.81632340463884
			2.81075583046766	-1.81817868901538
			2.8126111148442	-1.82003397339193
			2.81446639922075	-1.82188925776847
			2.8163216835973	-1.82374454214502
			2.81817696797384	-1.82374454214502
			2.82003225235039	-1.82559982652157
			2.82188753672693	-1.82745511089811
			2.82374282110348	-1.82931039527466
			2.82559810548003	-1.83116567965121
			2.82745338985657	-1.83302096402775
			2.82930867423312	-1.8348762484043
			2.83116395860967	-1.83673153278084
			2.83301924298621	-1.83858681715739
			2.83487452736276	-1.84044210153394
			2.83672981173931	-1.84229738591048
			2.83858509611585	-1.84415267028703
			2.8404403804924	-1.84600795466358
			2.84229566486894	-1.84786323904012
			2.84415094924549	-1.84971852341667
			2.84415094924549	-1.85157380779322
			2.84600623362204	-1.85157380779322
			2.84786151799858	-1.85342909216976
			2.84971680237513	-1.85528437654631
			2.85157208675168	-1.85713966092285
			2.85342737112822	-1.8589949452994
			2.85342737112822	-1.86085022967595
			2.85528265550477	-1.86270551405249
			2.85713793988131	-1.86270551405249
			2.85713793988131	-1.86456079842904
			2.85899322425786	-1.86641608280559
			2.86084850863441	-1.86827136718213
			2.86270379301095	-1.87012665155868
			2.8645590773875	-1.87198193593522
			2.86641436176405	-1.87383722031177
			2.86826964614059	-1.87569250468832
			2.86826964614059	-1.87754778906486
			2.87012493051714	-1.87940307344141
			2.87198021489368	-1.88125835781796
			2.87383549927023	-1.8831136421945
			2.87569078364678	-1.88496892657105
			2.87569078364678	-1.8868242109476
			2.87754606802332	-1.8868242109476
			2.87940135239987	-1.88867949532414
			2.88125663677642	-1.89053477970069
			2.88311192115296	-1.89239006407723
			2.88311192115296	-1.89424534845378
			2.88496720552951	-1.89610063283033
			2.88682248990606	-1.89795591720687
			2.8886777742826	-1.89981120158342
			2.89053305865915	-1.90166648595997
			2.89053305865915	-1.90352177033651
			2.89238834303569	-1.90537705471306
			2.89424362741224	-1.9072323390896
			2.89609891178879	-1.90908762346615
			2.89795419616533	-1.9109429078427
			2.89795419616533	-1.91279819221924
			2.89980948054188	-1.91279819221924
			2.90166476491843	-1.91465347659579
			2.90352004929497	-1.91650876097234
			2.90352004929497	-1.91836404534888
			2.90537533367152	-1.92021932972543
			2.90723061804806	-1.92207461410198
			2.90908590242461	-1.92392989847852
			2.90908590242461	-1.92578518285507
			2.91094118680116	-1.92764046723161
			2.9127964711777	-1.92949575160816
			2.91465175555425	-1.93135103598471
			2.9165070399308	-1.93320632036125
			2.9165070399308	-1.9350616047378
			2.91836232430734	-1.93691688911435
			2.92021760868389	-1.93877217349089
			2.92207289306043	-1.93877217349089
			2.92207289306043	-1.94062745786744
			2.92392817743698	-1.94248274224398
			2.92578346181353	-1.94433802662053
			2.92763874619007	-1.94619331099708
			2.92763874619007	-1.94804859537362
			2.92949403056662	-1.94990387975017
			2.93134931494317	-1.95175916412672
			2.93134931494317	-1.95361444850326
			2.93320459931971	-1.95546973287981
			2.93505988369626	-1.95732501725635
			2.93691516807281	-1.9591803016329
			2.93691516807281	-1.96103558600945
			2.93877045244935	-1.96289087038599
			2.9406257368259	-1.96474615476254
			2.94248102120244	-1.96660143913909
			2.94248102120244	-1.96845672351563
			2.94433630557899	-1.96845672351563
			2.94619158995554	-1.97031200789218
			2.94619158995554	-1.97216729226873
			2.94804687433208	-1.97402257664527
			2.94990215870863	-1.97587786102182
			2.95175744308518	-1.97773314539836
			2.95175744308518	-1.97958842977491
			2.95361272746172	-1.98144371415146
			2.95546801183827	-1.983298998528
			2.95546801183827	-1.98515428290455
			2.95732329621482	-1.9870095672811
			2.95917858059136	-1.98886485165764
			2.96103386496791	-1.99072013603419
			2.96103386496791	-1.99257542041073
			2.96288914934445	-1.99443070478728
			2.964744433721	-1.99628598916383
			2.964744433721	-1.99814127354037
			2.96659971809755	-1.99999655791692
			2.96845500247409	-2.00185184229347
			2.96845500247409	-2.00370712667001
			2.97031028685064	-2.00370712667001
			2.97216557122719	-2.00556241104656
			2.97216557122719	-2.00741769542311
			2.97402085560373	-2.00927297979965
			2.97587613998028	-2.0111282641762
			2.97773142435682	-2.01298354855274
			2.97773142435682	-2.01483883292929
			2.97958670873337	-2.01669411730584
			2.98144199310992	-2.01854940168238
			2.98144199310992	-2.02040468605893
			2.98329727748646	-2.02225997043548
			2.98515256186301	-2.02411525481202
			2.98515256186301	-2.02597053918857
			2.98700784623956	-2.02782582356511
			2.98700784623956	-2.02968110794166
			2.98700784623956	-2.03153639231821
			2.98700784623956	-2.03339167669475
			2.9888631306161	-2.03339167669475
			2.9888631306161	-2.0352469610713
			2.9888631306161	-2.03710224544785
			2.9888631306161	-2.03895752982439
			2.99071841499265	-2.04081281420094
			2.99071841499265	-2.04266809857749
			2.99071841499265	-2.04452338295403
			2.99257369936919	-2.04637866733058
			2.99257369936919	-2.04823395170712
			2.99442898374574	-2.05008923608367
			2.99442898374574	-2.05194452046022
			2.99628426812229	-2.05379980483676
			2.99628426812229	-2.05565508921331
			2.99813955249883	-2.05565508921331
			2.99813955249883	-2.05751037358986
			2.99999483687538	-2.0593656579664
			2.99999483687538	-2.06122094234295
			3.00185012125193	-2.06307622671949
			3.00370540562847	-2.06493151109604
			3.00370540562847	-2.06678679547259
			3.00556069000502	-2.06864207984913
			3.00741597438157	-2.07049736422568
			3.00741597438157	-2.07235264860223
			3.00927125875811	-2.07420793297877
			3.01112654313466	-2.07606321735532
			3.0129818275112	-2.07791850173186
			3.01483711188775	-2.07977378610841
			3.01483711188775	-2.08162907048496
			3.0166923962643	-2.0834843548615
			3.01854768064084	-2.08533963923805
			3.02040296501739	-2.0871949236146
			3.02225824939394	-2.08905020799114
			3.02411353377048	-2.08905020799114
			3.02596881814703	-2.09090549236769
			3.02782410252357	-2.09276077674424
			3.02967938690012	-2.09461606112078
			3.03153467127667	-2.09647134549733
			3.03338995565321	-2.09832662987387
			3.03524524002976	-2.10018191425042
			3.03710052440631	-2.10203719862697
			3.03895580878285	-2.10389248300351
			3.0408110931594	-2.10389248300351
			3.04266637753595	-2.10574776738006
			3.04266637753595	-2.10760305175661
			3.04452166191249	-2.10760305175661
			3.04637694628904	-2.10945833613315
			3.04823223066558	-2.1113136205097
			3.05008751504213	-2.11316890488624
			3.05194279941868	-2.11316890488624
			3.05379808379522	-2.11502418926279
			3.05565336817177	-2.11687947363934
			3.05750865254832	-2.11873475801588
			3.05936393692486	-2.11873475801588
			3.06121922130141	-2.12059004239243
			3.06307450567795	-2.12244532676898
			3.0649297900545	-2.12244532676898
			3.06678507443105	-2.12430061114552
			3.06864035880759	-2.12615589552207
			3.07049564318414	-2.12801117989862
			3.07235092756069	-2.12801117989862
			3.07420621193723	-2.12986646427516
			3.07606149631378	-2.13172174865171
			3.07791678069032	-2.13357703302825
			3.07977206506687	-2.13357703302825
			3.08162734944342	-2.1354323174048
			3.08348263381996	-2.1354323174048
			3.08533791819651	-2.13728760178135
			3.08719320257306	-2.13728760178135
			3.08719320257306	-2.13914288615789
			3.0890484869496	-2.13914288615789
			3.09090377132615	-2.14099817053444
			3.0927590557027	-2.14285345491099
			3.09461434007924	-2.14285345491099
			3.09646962445579	-2.14470873928753
			3.09832490883233	-2.14470873928753
			3.10018019320888	-2.14656402366408
			3.10203547758543	-2.14841930804062
			3.10389076196197	-2.14841930804062
			3.10574604633852	-2.15027459241717
			3.10760133071507	-2.15027459241717
			3.10945661509161	-2.15212987679372
			3.11131189946816	-2.15398516117026
			3.11316718384471	-2.15398516117026
			3.11502246822125	-2.15584044554681
			3.1168777525978	-2.15584044554681
			3.1168777525978	-2.15769572992336
			3.11873303697434	-2.15769572992336
			3.12058832135089	-2.15769572992336
			3.12244360572744	-2.1595510142999
			3.12429889010398	-2.1595510142999
			3.12615417448053	-2.16140629867645
			3.12800945885708	-2.163261583053
			3.12986474323362	-2.163261583053
			3.13172002761017	-2.16511686742954
			3.13357531198671	-2.16511686742954
			3.13543059636326	-2.16697215180609
			3.13728588073981	-2.16697215180609
			3.13728588073981	-2.16882743618263
			3.13914116511635	-2.16882743618263
			3.1409964494929	-2.16882743618263
			3.14285173386945	-2.17068272055918
			3.14470701824599	-2.17068272055918
			3.14656230262254	-2.17253800493573
			3.14841758699908	-2.17253800493573
			3.15027287137563	-2.17439328931227
			3.15212815575218	-2.17439328931227
			3.15212815575218	-2.17624857368882
			3.15398344012872	-2.17624857368882
			3.15583872450527	-2.17810385806537
			3.15769400888182	-2.17810385806537
			3.15954929325836	-2.17995914244191
			3.16140457763491	-2.17995914244191
			3.16325986201146	-2.18181442681846
			3.165115146388	-2.18181442681846
			3.16697043076455	-2.183669711195
			3.16882571514109	-2.183669711195
			3.17068099951764	-2.18552499557155
			3.17253628389419	-2.18552499557155
			3.17439156827073	-2.18552499557155
			3.17624685264728	-2.1873802799481
			3.17810213702383	-2.1873802799481
			3.17995742140037	-2.18923556432464
			3.18181270577692	-2.18923556432464
			3.18366799015346	-2.19109084870119
			3.18552327453001	-2.19109084870119
			3.18737855890656	-2.19294613307774
			3.1892338432831	-2.19294613307774
			3.19108912765965	-2.19480141745428
			3.1929444120362	-2.19480141745428
			3.19479969641274	-2.19665670183083
			3.19665498078929	-2.19665670183083
			3.19851026516584	-2.19851198620738
			3.20036554954238	-2.19851198620738
			3.20222083391893	-2.20036727058392
			3.20407611829547	-2.20036727058392
			3.20593140267202	-2.20222255496047
			3.20778668704857	-2.20222255496047
			3.20964197142511	-2.20407783933701
			3.21149725580166	-2.20407783933701
			3.21335254017821	-2.20593312371356
			3.21520782455475	-2.20593312371356
			3.2170631089313	-2.20593312371356
			3.21891839330784	-2.20778840809011
			3.22077367768439	-2.20778840809011
			3.22262896206094	-2.20964369246665
			3.22448424643748	-2.20964369246665
			3.22633953081403	-2.2114989768432
			3.22819481519058	-2.2114989768432
			3.23005009956712	-2.2114989768432
			3.23005009956712	-2.21335426121975
			3.23190538394367	-2.21335426121975
			3.23376066832021	-2.21335426121975
			3.23561595269676	-2.21520954559629
			3.23747123707331	-2.21520954559629
			3.23932652144985	-2.21706482997284
			3.2411818058264	-2.21706482997284
		</curvaD_espina_dorsal>
		<curvaI_espina_dorsal type=matrix rownames=FALSE colnames=FALSE nrow=364 ncol=2 as.numeric=TRUE >
			2.70314933662797	-1.74025674520044
			2.70500462100452	-1.74211202957698
			2.70685990538106	-1.74396731395353
			2.70871518975761	-1.74582259833008
			2.71057047413416	-1.74767788270662
			2.7124257585107	-1.74953316708317
			2.71428104288725	-1.74953316708317
			2.71613632726379	-1.75138845145971
			2.71799161164034	-1.75324373583626
			2.71799161164034	-1.75509902021281
			2.71984689601689	-1.75509902021281
			2.72170218039343	-1.75695430458935
			2.72355746476998	-1.7588095889659
			2.72355746476998	-1.76066487334245
			2.72541274914653	-1.76066487334245
			2.72726803352307	-1.76252015771899
			2.72912331789962	-1.76437544209554
			2.73097860227617	-1.76623072647209
			2.73283388665271	-1.76808601084863
			2.73468917102926	-1.76994129522518
			2.7365444554058	-1.77179657960172
			2.73839973978235	-1.77365186397827
			2.7402550241589	-1.77550714835482
			2.74211030853544	-1.77736243273136
			2.74396559291199	-1.77921771710791
			2.74582087728854	-1.78107300148446
			2.74767616166508	-1.782928285861
			2.74953144604163	-1.78478357023755
			2.75138673041817	-1.78663885461409
			2.75324201479472	-1.78849413899064
			2.75509729917127	-1.79034942336719
			2.75695258354781	-1.79220470774373
			2.75880786792436	-1.79405999212028
			2.75880786792436	-1.79591527649683
			2.76066315230091	-1.79777056087337
			2.76251843667745	-1.79962584524992
			2.764373721054	-1.80148112962647
			2.76622900543055	-1.80333641400301
			2.76808428980709	-1.80519169837956
			2.76993957418364	-1.8070469827561
			2.77179485856018	-1.80890226713265
			2.77179485856018	-1.8107575515092
			2.77365014293673	-1.81261283588574
			2.77550542731328	-1.81446812026229
			2.77550542731328	-1.81632340463884
			2.77736071168982	-1.81632340463884
			2.77921599606637	-1.81817868901538
			2.78107128044292	-1.82003397339193
			2.78107128044292	-1.82188925776847
			2.78292656481946	-1.82374454214502
			2.78478184919601	-1.82559982652157
			2.78663713357255	-1.82745511089811
			2.7884924179491	-1.82931039527466
			2.79034770232565	-1.83116567965121
			2.79220298670219	-1.83302096402775
			2.79405827107874	-1.8348762484043
			2.79405827107874	-1.83673153278084
			2.79591355545529	-1.83858681715739
			2.79591355545529	-1.84044210153394
			2.79776883983183	-1.84044210153394
			2.79962412420838	-1.84229738591048
			2.79962412420838	-1.84415267028703
			2.80147940858493	-1.84415267028703
			2.80147940858493	-1.84600795466358
			2.80333469296147	-1.84786323904012
			2.80518997733802	-1.84971852341667
			2.80704526171456	-1.85157380779322
			2.80704526171456	-1.85342909216976
			2.80890054609111	-1.85528437654631
			2.81075583046766	-1.85713966092285
			2.8126111148442	-1.8589949452994
			2.81446639922075	-1.86085022967595
			2.81446639922075	-1.86270551405249
			2.8163216835973	-1.86456079842904
			2.81817696797384	-1.86641608280559
			2.82003225235039	-1.86827136718213
			2.82003225235039	-1.87012665155868
			2.82188753672693	-1.87198193593522
			2.82374282110348	-1.87383722031177
			2.82559810548003	-1.87569250468832
			2.82559810548003	-1.87754778906486
			2.82745338985657	-1.87940307344141
			2.82930867423312	-1.88125835781796
			2.83116395860967	-1.8831136421945
			2.83116395860967	-1.88496892657105
			2.83301924298621	-1.8868242109476
			2.83487452736276	-1.88867949532414
			2.83672981173931	-1.89053477970069
			2.83858509611585	-1.89239006407723
			2.83858509611585	-1.89424534845378
			2.8404403804924	-1.89610063283033
			2.84229566486894	-1.89795591720687
			2.84415094924549	-1.89981120158342
			2.84415094924549	-1.90166648595997
			2.84600623362204	-1.90352177033651
			2.84786151799858	-1.90537705471306
			2.84786151799858	-1.9072323390896
			2.84971680237513	-1.90908762346615
			2.85157208675168	-1.9109429078427
			2.85342737112822	-1.91279819221924
			2.85342737112822	-1.91465347659579
			2.85528265550477	-1.91650876097234
			2.85713793988131	-1.91836404534888
			2.85713793988131	-1.92021932972543
			2.85899322425786	-1.92207461410198
			2.86084850863441	-1.92392989847852
			2.86084850863441	-1.92578518285507
			2.86270379301095	-1.92764046723161
			2.8645590773875	-1.92949575160816
			2.8645590773875	-1.93135103598471
			2.86641436176405	-1.93320632036125
			2.86826964614059	-1.9350616047378
			2.86826964614059	-1.93691688911435
			2.87012493051714	-1.93877217349089
			2.87012493051714	-1.94062745786744
			2.87198021489368	-1.94248274224398
			2.87383549927023	-1.94248274224398
			2.87383549927023	-1.94433802662053
			2.87569078364678	-1.94619331099708
			2.87569078364678	-1.94804859537362
			2.87754606802332	-1.94990387975017
			2.87754606802332	-1.95175916412672
			2.87940135239987	-1.95361444850326
			2.87940135239987	-1.95546973287981
			2.88125663677642	-1.95732501725635
			2.88311192115296	-1.9591803016329
			2.88311192115296	-1.96103558600945
			2.88496720552951	-1.96289087038599
			2.88682248990606	-1.96474615476254
			2.88682248990606	-1.96660143913909
			2.8886777742826	-1.96845672351563
			2.8886777742826	-1.97031200789218
			2.89053305865915	-1.97216729226873
			2.89053305865915	-1.97402257664527
			2.89238834303569	-1.97587786102182
			2.89238834303569	-1.97773314539836
			2.89424362741224	-1.97958842977491
			2.89424362741224	-1.98144371415146
			2.89609891178879	-1.983298998528
			2.89609891178879	-1.98515428290455
			2.89795419616533	-1.9870095672811
			2.89795419616533	-1.98886485165764
			2.89980948054188	-1.99072013603419
			2.89980948054188	-1.99257542041073
			2.90166476491843	-1.99443070478728
			2.90166476491843	-1.99628598916383
			2.90166476491843	-1.99814127354037
			2.90352004929497	-1.99999655791692
			2.90537533367152	-2.00185184229347
			2.90537533367152	-2.00370712667001
			2.90537533367152	-2.00556241104656
			2.90723061804806	-2.00741769542311
			2.90723061804806	-2.00927297979965
			2.90908590242461	-2.0111282641762
			2.90908590242461	-2.01298354855274
			2.90908590242461	-2.01483883292929
			2.91094118680116	-2.01669411730584
			2.91094118680116	-2.01854940168238
			2.91094118680116	-2.02040468605893
			2.9127964711777	-2.02225997043548
			2.9127964711777	-2.02411525481202
			2.9127964711777	-2.02597053918857
			2.91465175555425	-2.02782582356511
			2.91465175555425	-2.02968110794166
			2.91465175555425	-2.03153639231821
			2.9165070399308	-2.03339167669475
			2.9165070399308	-2.0352469610713
			2.9165070399308	-2.03710224544785
			2.9165070399308	-2.03895752982439
			2.91836232430734	-2.04081281420094
			2.91836232430734	-2.04266809857749
			2.91836232430734	-2.04452338295403
			2.91836232430734	-2.04637866733058
			2.9165070399308	-2.04823395170712
			2.9165070399308	-2.05008923608367
			2.91465175555425	-2.05194452046022
			2.9127964711777	-2.05379980483676
			2.9127964711777	-2.05565508921331
			2.91094118680116	-2.05751037358986
			2.90908590242461	-2.0593656579664
			2.90908590242461	-2.06122094234295
			2.90723061804806	-2.06307622671949
			2.90537533367152	-2.06493151109604
			2.90537533367152	-2.06678679547259
			2.90352004929497	-2.06864207984913
			2.90166476491843	-2.07049736422568
			2.89980948054188	-2.07235264860223
			2.89795419616533	-2.07420793297877
			2.89795419616533	-2.07606321735532
			2.89609891178879	-2.07791850173186
			2.89424362741224	-2.07977378610841
			2.89238834303569	-2.07977378610841
			2.89053305865915	-2.08162907048496
			2.8886777742826	-2.0834843548615
			2.88682248990606	-2.08533963923805
			2.88496720552951	-2.08533963923805
			2.88311192115296	-2.0871949236146
			2.88125663677642	-2.08905020799114
			2.87940135239987	-2.09090549236769
			2.87754606802332	-2.09090549236769
			2.87569078364678	-2.09276077674424
			2.87383549927023	-2.09276077674424
			2.87198021489368	-2.09461606112078
			2.87012493051714	-2.09461606112078
			2.86826964614059	-2.09647134549733
			2.86641436176405	-2.09647134549733
			2.8645590773875	-2.09832662987387
			2.86270379301095	-2.09832662987387
			2.86084850863441	-2.10018191425042
			2.85899322425786	-2.10018191425042
			2.85713793988131	-2.10203719862697
			2.85528265550477	-2.10203719862697
			2.85342737112822	-2.10203719862697
			2.85157208675168	-2.10389248300351
			2.84971680237513	-2.10389248300351
			2.84786151799858	-2.10389248300351
			2.84600623362204	-2.10574776738006
			2.84415094924549	-2.10574776738006
			2.84229566486894	-2.10574776738006
			2.8404403804924	-2.10760305175661
			2.83858509611585	-2.10760305175661
			2.83672981173931	-2.10760305175661
			2.83487452736276	-2.10945833613315
			2.83301924298621	-2.10945833613315
			2.83116395860967	-2.10945833613315
			2.82930867423312	-2.10945833613315
			2.82745338985657	-2.1113136205097
			2.82559810548003	-2.1113136205097
			2.82374282110348	-2.1113136205097
			2.82188753672693	-2.1113136205097
			2.82003225235039	-2.1113136205097
			2.81817696797384	-2.11316890488624
			2.8163216835973	-2.11316890488624
			2.81446639922075	-2.11316890488624
			2.8126111148442	-2.11316890488624
			2.81075583046766	-2.11316890488624
			2.80890054609111	-2.11316890488624
			2.80890054609111	-2.11502418926279
			2.80704526171456	-2.11502418926279
			2.80518997733802	-2.11502418926279
			2.80333469296147	-2.11502418926279
			2.80147940858493	-2.11502418926279
			2.79962412420838	-2.11502418926279
			2.79776883983183	-2.11502418926279
			2.79591355545529	-2.11502418926279
			2.79405827107874	-2.11502418926279
			2.79220298670219	-2.11687947363934
			2.79034770232565	-2.11687947363934
			2.7884924179491	-2.11687947363934
			2.78663713357255	-2.11687947363934
			2.78478184919601	-2.11687947363934
			2.78292656481946	-2.11687947363934
			2.78107128044292	-2.11687947363934
			2.77921599606637	-2.11687947363934
			2.77736071168982	-2.11687947363934
			2.77550542731328	-2.11687947363934
			2.77365014293673	-2.11687947363934
			2.77179485856018	-2.11687947363934
			2.76993957418364	-2.11687947363934
			2.76808428980709	-2.11687947363934
			2.76622900543055	-2.11687947363934
			2.764373721054	-2.11687947363934
			2.76251843667745	-2.11687947363934
			2.76066315230091	-2.11687947363934
			2.75880786792436	-2.11687947363934
			2.75695258354781	-2.11873475801588
			2.75509729917127	-2.11873475801588
			2.75324201479472	-2.11873475801588
			2.75138673041817	-2.11873475801588
			2.74953144604163	-2.11873475801588
			2.74767616166508	-2.11687947363934
			2.74582087728854	-2.11687947363934
			2.74396559291199	-2.11687947363934
			2.74211030853544	-2.11687947363934
			2.7402550241589	-2.11687947363934
			2.73839973978235	-2.11687947363934
			2.7365444554058	-2.11687947363934
			2.73468917102926	-2.11687947363934
			2.73283388665271	-2.11687947363934
			2.73097860227617	-2.11687947363934
			2.72912331789962	-2.11687947363934
			2.72726803352307	-2.11687947363934
			2.72541274914653	-2.11687947363934
			2.72355746476998	-2.11687947363934
			2.72170218039343	-2.11687947363934
			2.71984689601689	-2.11687947363934
			2.71984689601689	-2.11873475801588
			2.71799161164034	-2.11873475801588
			2.71613632726379	-2.11873475801588
			2.71428104288725	-2.12059004239243
			2.7124257585107	-2.12059004239243
			2.71057047413416	-2.12244532676898
			2.70871518975761	-2.12244532676898
			2.70685990538106	-2.12430061114552
			2.70500462100452	-2.12615589552207
			2.70314933662797	-2.12615589552207
			2.70129405225142	-2.12615589552207
			2.69943876787488	-2.12801117989862
			2.69758348349833	-2.12801117989862
			2.69572819912179	-2.12986646427516
			2.69387291474524	-2.13172174865171
			2.69201763036869	-2.13172174865171
			2.69016234599215	-2.13172174865171
			2.6883070616156	-2.13357703302825
			2.68645177723905	-2.1354323174048
			2.68459649286251	-2.1354323174048
			2.68274120848596	-2.13728760178135
			2.68088592410942	-2.13728760178135
			2.67903063973287	-2.13914288615789
			2.67717535535632	-2.14099817053444
			2.67532007097978	-2.14099817053444
			2.67346478660323	-2.14285345491099
			2.67160950222668	-2.14285345491099
			2.66975421785014	-2.14470873928753
			2.66789893347359	-2.14656402366408
			2.66604364909704	-2.14656402366408
			2.6641883647205	-2.14841930804062
			2.66233308034395	-2.14841930804062
			2.66047779596741	-2.15027459241717
			2.65862251159086	-2.15212987679372
			2.65676722721431	-2.15212987679372
			2.65491194283777	-2.15398516117026
			2.65305665846122	-2.15398516117026
			2.65120137408467	-2.15584044554681
			2.64934608970813	-2.15769572992336
			2.64749080533158	-2.15769572992336
			2.64563552095504	-2.1595510142999
			2.64378023657849	-2.16140629867645
			2.64192495220194	-2.16140629867645
			2.6400696678254	-2.163261583053
			2.6400696678254	-2.16511686742954
			2.63821438344885	-2.16511686742954
			2.6363590990723	-2.16697215180609
			2.63450381469576	-2.16882743618263
			2.63264853031921	-2.16882743618263
			2.63079324594266	-2.17068272055918
			2.62893796156612	-2.17253800493573
			2.62708267718957	-2.17253800493573
			2.62522739281303	-2.17439328931227
			2.62522739281303	-2.17624857368882
			2.62337210843648	-2.17624857368882
			2.62151682405993	-2.17810385806537
			2.61966153968339	-2.17995914244191
			2.61780625530684	-2.17995914244191
			2.61595097093029	-2.18181442681846
			2.61595097093029	-2.183669711195
			2.61409568655375	-2.18552499557155
			2.6122404021772	-2.18552499557155
			2.61038511780066	-2.1873802799481
			2.60852983342411	-2.18923556432464
			2.60667454904756	-2.19109084870119
			2.60481926467102	-2.19294613307774
			2.60296398029447	-2.19480141745428
			2.60110869591792	-2.19665670183083
			2.59925341154138	-2.19851198620738
			2.59739812716483	-2.19851198620738
			2.59554284278828	-2.20036727058392
			2.59368755841174	-2.20222255496047
			2.59368755841174	-2.20407783933701
			2.59183227403519	-2.20593312371356
			2.58997698965865	-2.20778840809011
			2.5881217052821	-2.20964369246665
			2.58626642090555	-2.2114989768432
			2.58441113652901	-2.21335426121975
		</curvaI_espina_dorsal>
	</curves.scaled>
	<ruler.points type=matrix rownames=TRUE colnames=FALSE nrow=2 ncol=2 as.numeric=TRUE >
		Ruler point 1	1607	568
		Ruler point 2	2146	567
	</ruler.points>
</shapes>

