<shapes type=list>
	<ruler.pixel type=vector names=FALSE length=1 as.numeric=TRUE >539.000927642987</ruler.pixel>
	<ruler.interval type=vector names=FALSE length=1 as.numeric=TRUE >1</ruler.interval>
	<scaling.units type=vector names=FALSE length=1 as.numeric=FALSE >mm</scaling.units>
	<scaling type=vector names=FALSE length=1 as.numeric=TRUE >0.00185873284861451</scaling>
	<landmarks.pixel type=matrix rownames=TRUE colnames=FALSE nrow=3 ncol=2 as.numeric=TRUE >
		punta_espina_dorsal	997	987
		esq_izq_caparaza	1131	1214
		organo_dorsal	1360	973
	</landmarks.pixel>
	<landmarks.scaled type=matrix rownames=TRUE colnames=FALSE nrow=3 ncol=2 as.numeric=TRUE >
		punta_espina_dorsal	1.85315665006867	-1.83456932158252
		esq_izq_caparaza	2.10222685178301	-2.25650167821802
		organo_dorsal	2.52787667411573	-1.80854706170192
	</landmarks.scaled>
	<curves.control type=list>
		<curvaD_espina_dorsal type=matrix rownames=FALSE colnames=FALSE nrow=7 ncol=2 as.numeric=TRUE >
			997	987
			1034	983
			1100	988
			1144	990
			1198	997
			1231	1026
			1360	973
		</curvaD_espina_dorsal>
		<curvaI_espina_dorsal type=matrix rownames=FALSE colnames=FALSE nrow=9 ncol=2 as.numeric=TRUE >
			997	987
			1066	996
			1094	1003
			1132	1009
			1178	1028
			1195	1071
			1137	1133
			1127	1168
			1131	1214
		</curvaI_espina_dorsal>
	</curves.control>
	<curves.pixel type=list>
		<curvaD_espina_dorsal type=matrix rownames=FALSE colnames=FALSE nrow=367 ncol=2 as.numeric=TRUE >
			997	987
			998	987
			999	987
			1000	987
			1001	987
			1002	987
			1003	986
			1004	986
			1005	986
			1006	986
			1007	986
			1008	986
			1009	986
			1010	986
			1011	986
			1012	986
			1013	986
			1014	986
			1015	986
			1016	986
			1017	986
			1018	986
			1019	986
			1020	985
			1021	985
			1022	985
			1023	985
			1024	985
			1025	985
			1026	985
			1027	985
			1028	985
			1029	985
			1030	985
			1031	985
			1032	985
			1033	985
			1034	985
			1035	985
			1036	985
			1037	985
			1038	985
			1039	985
			1040	985
			1041	985
			1042	985
			1043	985
			1044	985
			1045	985
			1046	985
			1047	985
			1048	985
			1049	985
			1050	985
			1051	985
			1052	985
			1053	985
			1054	986
			1055	986
			1056	986
			1057	986
			1058	986
			1059	986
			1060	986
			1061	986
			1062	986
			1063	986
			1064	986
			1065	986
			1066	986
			1067	986
			1068	986
			1069	986
			1070	986
			1071	986
			1072	986
			1073	986
			1074	986
			1075	986
			1076	986
			1077	987
			1078	987
			1079	987
			1080	987
			1081	987
			1082	987
			1083	987
			1084	987
			1085	987
			1086	987
			1087	987
			1088	987
			1089	987
			1090	987
			1091	987
			1092	987
			1093	987
			1094	988
			1095	988
			1096	988
			1097	988
			1098	988
			1099	988
			1100	988
			1101	988
			1102	988
			1103	988
			1104	988
			1105	988
			1106	988
			1107	988
			1108	988
			1109	988
			1110	989
			1111	989
			1112	989
			1113	989
			1114	989
			1115	989
			1116	989
			1117	989
			1118	989
			1119	989
			1120	989
			1121	989
			1122	989
			1123	989
			1124	989
			1125	989
			1126	990
			1127	990
			1128	990
			1129	990
			1130	990
			1131	990
			1132	990
			1133	990
			1134	990
			1135	990
			1136	990
			1137	990
			1138	991
			1139	991
			1140	991
			1141	991
			1142	991
			1143	991
			1144	991
			1145	991
			1146	991
			1147	991
			1148	991
			1149	991
			1150	992
			1151	992
			1152	992
			1153	992
			1154	992
			1155	992
			1156	992
			1157	992
			1158	992
			1159	992
			1160	993
			1161	993
			1162	993
			1163	993
			1164	993
			1165	993
			1166	993
			1167	993
			1168	993
			1169	994
			1170	994
			1171	994
			1172	994
			1173	994
			1174	994
			1175	994
			1176	994
			1177	994
			1178	995
			1179	995
			1180	995
			1181	995
			1182	995
			1183	995
			1184	995
			1185	995
			1186	996
			1187	996
			1188	996
			1189	996
			1190	996
			1191	996
			1192	996
			1193	996
			1194	996
			1195	997
			1196	997
			1197	997
			1198	997
			1199	998
			1200	999
			1201	999
			1202	1000
			1203	1001
			1204	1001
			1205	1002
			1206	1002
			1207	1003
			1208	1003
			1209	1003
			1210	1004
			1211	1004
			1212	1004
			1213	1005
			1214	1005
			1215	1005
			1216	1006
			1217	1006
			1218	1006
			1219	1006
			1220	1006
			1221	1006
			1222	1007
			1223	1007
			1224	1007
			1225	1007
			1226	1007
			1227	1007
			1228	1007
			1229	1007
			1230	1007
			1231	1007
			1232	1007
			1233	1007
			1234	1007
			1235	1007
			1236	1007
			1237	1007
			1238	1007
			1239	1007
			1240	1007
			1241	1007
			1242	1007
			1243	1007
			1244	1007
			1245	1007
			1246	1007
			1247	1006
			1248	1006
			1249	1006
			1250	1006
			1251	1006
			1252	1006
			1253	1006
			1254	1006
			1255	1006
			1256	1005
			1257	1005
			1258	1005
			1259	1005
			1260	1005
			1261	1004
			1262	1004
			1263	1004
			1264	1004
			1265	1004
			1266	1004
			1267	1003
			1268	1003
			1269	1003
			1270	1003
			1271	1003
			1271	1002
			1272	1002
			1273	1002
			1274	1002
			1275	1002
			1276	1002
			1276	1001
			1277	1001
			1278	1001
			1279	1001
			1280	1000
			1281	1000
			1282	1000
			1283	1000
			1284	999
			1285	999
			1286	999
			1287	999
			1288	998
			1289	998
			1290	998
			1291	997
			1292	997
			1293	997
			1294	997
			1295	996
			1296	996
			1297	996
			1298	995
			1299	995
			1300	995
			1301	995
			1302	994
			1303	994
			1304	994
			1305	993
			1306	993
			1307	993
			1308	992
			1309	992
			1310	992
			1311	991
			1312	991
			1313	991
			1314	990
			1315	990
			1316	990
			1317	989
			1318	989
			1319	989
			1320	988
			1321	988
			1322	987
			1323	987
			1324	987
			1325	987
			1325	986
			1326	986
			1327	986
			1328	985
			1329	985
			1330	985
			1331	984
			1332	984
			1333	983
			1334	983
			1335	983
			1336	982
			1337	982
			1338	982
			1339	981
			1340	981
			1341	981
			1342	980
			1343	980
			1344	979
			1345	979
			1346	979
			1347	978
			1348	978
			1349	977
			1350	977
			1351	977
			1352	976
			1353	976
			1354	975
			1355	975
			1356	975
			1357	974
			1358	974
			1359	973
			1360	973
		</curvaD_espina_dorsal>
		<curvaI_espina_dorsal type=matrix rownames=FALSE colnames=FALSE nrow=377 ncol=2 as.numeric=TRUE >
			997	987
			998	987
			999	987
			1000	987
			1001	988
			1002	988
			1003	988
			1004	988
			1005	988
			1006	988
			1007	988
			1008	988
			1009	989
			1010	989
			1011	989
			1012	989
			1013	989
			1014	989
			1015	989
			1016	990
			1017	990
			1018	990
			1019	990
			1020	990
			1021	990
			1022	990
			1023	991
			1024	991
			1025	991
			1026	991
			1027	991
			1028	991
			1029	991
			1030	991
			1030	992
			1031	992
			1032	992
			1033	992
			1034	992
			1035	992
			1036	992
			1037	993
			1038	993
			1039	993
			1040	993
			1041	993
			1042	993
			1043	994
			1044	994
			1045	994
			1046	994
			1047	994
			1048	994
			1049	994
			1050	995
			1051	995
			1052	995
			1053	995
			1054	995
			1055	995
			1056	995
			1056	996
			1057	996
			1058	996
			1059	996
			1060	996
			1061	996
			1062	997
			1063	997
			1064	997
			1065	997
			1066	997
			1067	997
			1068	998
			1069	998
			1070	998
			1071	998
			1072	998
			1073	998
			1074	999
			1075	999
			1076	999
			1077	999
			1078	1000
			1079	1000
			1080	1000
			1081	1000
			1082	1000
			1083	1001
			1084	1001
			1085	1001
			1086	1001
			1087	1001
			1088	1002
			1089	1002
			1090	1002
			1091	1002
			1092	1003
			1093	1003
			1094	1003
			1095	1003
			1096	1003
			1097	1004
			1098	1004
			1099	1004
			1100	1004
			1101	1004
			1102	1004
			1103	1005
			1104	1005
			1105	1005
			1106	1005
			1107	1005
			1108	1006
			1109	1006
			1110	1006
			1111	1006
			1112	1007
			1113	1007
			1114	1007
			1115	1007
			1116	1007
			1117	1008
			1118	1008
			1119	1008
			1120	1008
			1121	1009
			1122	1009
			1123	1009
			1124	1009
			1125	1010
			1126	1010
			1127	1010
			1128	1010
			1129	1011
			1130	1011
			1131	1011
			1132	1012
			1133	1012
			1134	1012
			1135	1013
			1136	1013
			1137	1013
			1138	1013
			1139	1014
			1140	1014
			1141	1014
			1142	1015
			1143	1015
			1144	1015
			1145	1016
			1146	1016
			1147	1016
			1148	1017
			1149	1017
			1150	1017
			1151	1018
			1152	1018
			1153	1019
			1154	1019
			1155	1019
			1156	1020
			1157	1020
			1158	1020
			1159	1021
			1160	1021
			1161	1021
			1162	1022
			1163	1022
			1164	1022
			1165	1023
			1166	1023
			1167	1024
			1168	1024
			1169	1024
			1170	1025
			1171	1025
			1172	1025
			1172	1026
			1173	1026
			1174	1026
			1175	1027
			1176	1027
			1177	1028
			1178	1028
			1178	1029
			1179	1030
			1179	1031
			1179	1032
			1180	1033
			1180	1034
			1180	1035
			1181	1036
			1181	1037
			1181	1038
			1181	1039
			1181	1040
			1181	1041
			1182	1042
			1182	1043
			1182	1044
			1182	1045
			1182	1046
			1182	1047
			1182	1048
			1182	1049
			1182	1050
			1182	1051
			1182	1052
			1182	1053
			1182	1054
			1181	1055
			1181	1056
			1181	1057
			1181	1058
			1181	1059
			1181	1060
			1181	1061
			1180	1062
			1180	1063
			1180	1064
			1180	1065
			1179	1066
			1179	1067
			1179	1068
			1179	1069
			1178	1070
			1178	1071
			1178	1072
			1177	1073
			1177	1074
			1176	1075
			1176	1076
			1176	1077
			1176	1078
			1175	1078
			1175	1079
			1175	1080
			1174	1080
			1174	1081
			1174	1082
			1173	1083
			1173	1084
			1172	1085
			1171	1086
			1171	1087
			1171	1088
			1170	1089
			1170	1090
			1169	1091
			1169	1092
			1168	1092
			1168	1093
			1167	1094
			1167	1095
			1166	1096
			1165	1097
			1165	1098
			1164	1099
			1164	1100
			1163	1100
			1163	1101
			1162	1102
			1161	1103
			1161	1104
			1160	1105
			1159	1106
			1159	1107
			1158	1108
			1157	1109
			1157	1110
			1156	1111
			1155	1112
			1155	1113
			1154	1113
			1153	1114
			1152	1115
			1152	1116
			1151	1117
			1150	1118
			1149	1119
			1148	1120
			1148	1121
			1147	1122
			1146	1123
			1145	1124
			1144	1125
			1143	1126
			1143	1127
			1142	1128
			1141	1129
			1140	1130
			1139	1131
			1138	1132
			1137	1133
			1137	1134
			1136	1135
			1136	1136
			1136	1137
			1136	1138
			1135	1139
			1135	1140
			1135	1141
			1135	1142
			1135	1143
			1134	1143
			1134	1144
			1134	1145
			1134	1146
			1134	1147
			1134	1148
			1133	1149
			1133	1150
			1133	1151
			1133	1152
			1132	1153
			1132	1154
			1132	1155
			1132	1156
			1132	1157
			1132	1158
			1132	1159
			1132	1160
			1131	1161
			1131	1162
			1131	1163
			1131	1164
			1131	1165
			1131	1166
			1131	1167
			1131	1168
			1131	1169
			1131	1170
			1131	1171
			1130	1172
			1130	1173
			1130	1174
			1130	1175
			1130	1176
			1130	1177
			1130	1178
			1130	1179
			1130	1180
			1130	1181
			1130	1182
			1130	1183
			1130	1184
			1130	1185
			1130	1186
			1130	1187
			1130	1188
			1130	1189
			1130	1190
			1130	1191
			1130	1192
			1130	1193
			1130	1194
			1130	1195
			1130	1196
			1130	1197
			1130	1198
			1130	1199
			1130	1200
			1130	1201
			1130	1202
			1130	1203
			1130	1204
			1130	1205
			1130	1206
			1130	1207
			1131	1208
			1131	1209
			1131	1210
			1131	1211
			1131	1212
			1131	1213
			1131	1214
		</curvaI_espina_dorsal>
	</curves.pixel>
	<curves.scaled type=list>
		<curvaD_espina_dorsal type=matrix rownames=FALSE colnames=FALSE nrow=367 ncol=2 as.numeric=TRUE >
			1.85315665006867	-1.83456932158252
			1.85501538291728	-1.83456932158252
			1.8568741157659	-1.83456932158252
			1.85873284861451	-1.83456932158252
			1.86059158146313	-1.83456932158252
			1.86245031431174	-1.83456932158252
			1.86430904716035	-1.83271058873391
			1.86616778000897	-1.83271058873391
			1.86802651285758	-1.83271058873391
			1.8698852457062	-1.83271058873391
			1.87174397855481	-1.83271058873391
			1.87360271140343	-1.83271058873391
			1.87546144425204	-1.83271058873391
			1.87732017710066	-1.83271058873391
			1.87917890994927	-1.83271058873391
			1.88103764279788	-1.83271058873391
			1.8828963756465	-1.83271058873391
			1.88475510849511	-1.83271058873391
			1.88661384134373	-1.83271058873391
			1.88847257419234	-1.83271058873391
			1.89033130704096	-1.83271058873391
			1.89219003988957	-1.83271058873391
			1.89404877273819	-1.83271058873391
			1.8959075055868	-1.83085185588529
			1.89776623843542	-1.83085185588529
			1.89962497128403	-1.83085185588529
			1.90148370413264	-1.83085185588529
			1.90334243698126	-1.83085185588529
			1.90520116982987	-1.83085185588529
			1.90705990267849	-1.83085185588529
			1.9089186355271	-1.83085185588529
			1.91077736837572	-1.83085185588529
			1.91263610122433	-1.83085185588529
			1.91449483407295	-1.83085185588529
			1.91635356692156	-1.83085185588529
			1.91821229977017	-1.83085185588529
			1.92007103261879	-1.83085185588529
			1.9219297654674	-1.83085185588529
			1.92378849831602	-1.83085185588529
			1.92564723116463	-1.83085185588529
			1.92750596401325	-1.83085185588529
			1.92936469686186	-1.83085185588529
			1.93122342971048	-1.83085185588529
			1.93308216255909	-1.83085185588529
			1.93494089540771	-1.83085185588529
			1.93679962825632	-1.83085185588529
			1.93865836110493	-1.83085185588529
			1.94051709395355	-1.83085185588529
			1.94237582680216	-1.83085185588529
			1.94423455965078	-1.83085185588529
			1.94609329249939	-1.83085185588529
			1.94795202534801	-1.83085185588529
			1.94981075819662	-1.83085185588529
			1.95166949104524	-1.83085185588529
			1.95352822389385	-1.83085185588529
			1.95538695674247	-1.83085185588529
			1.95724568959108	-1.83085185588529
			1.95910442243969	-1.83271058873391
			1.96096315528831	-1.83271058873391
			1.96282188813692	-1.83271058873391
			1.96468062098554	-1.83271058873391
			1.96653935383415	-1.83271058873391
			1.96839808668277	-1.83271058873391
			1.97025681953138	-1.83271058873391
			1.97211555238	-1.83271058873391
			1.97397428522861	-1.83271058873391
			1.97583301807722	-1.83271058873391
			1.97769175092584	-1.83271058873391
			1.97955048377445	-1.83271058873391
			1.98140921662307	-1.83271058873391
			1.98326794947168	-1.83271058873391
			1.9851266823203	-1.83271058873391
			1.98698541516891	-1.83271058873391
			1.98884414801753	-1.83271058873391
			1.99070288086614	-1.83271058873391
			1.99256161371476	-1.83271058873391
			1.99442034656337	-1.83271058873391
			1.99627907941198	-1.83271058873391
			1.9981378122606	-1.83271058873391
			1.99999654510921	-1.83271058873391
			2.00185527795783	-1.83456932158252
			2.00371401080644	-1.83456932158252
			2.00557274365506	-1.83456932158252
			2.00743147650367	-1.83456932158252
			2.00929020935229	-1.83456932158252
			2.0111489422009	-1.83456932158252
			2.01300767504951	-1.83456932158252
			2.01486640789813	-1.83456932158252
			2.01672514074674	-1.83456932158252
			2.01858387359536	-1.83456932158252
			2.02044260644397	-1.83456932158252
			2.02230133929259	-1.83456932158252
			2.0241600721412	-1.83456932158252
			2.02601880498982	-1.83456932158252
			2.02787753783843	-1.83456932158252
			2.02973627068705	-1.83456932158252
			2.03159500353566	-1.83456932158252
			2.03345373638427	-1.83642805443114
			2.03531246923289	-1.83642805443114
			2.0371712020815	-1.83642805443114
			2.03902993493012	-1.83642805443114
			2.04088866777873	-1.83642805443114
			2.04274740062735	-1.83642805443114
			2.04460613347596	-1.83642805443114
			2.04646486632458	-1.83642805443114
			2.04832359917319	-1.83642805443114
			2.05018233202181	-1.83642805443114
			2.05204106487042	-1.83642805443114
			2.05389979771903	-1.83642805443114
			2.05575853056765	-1.83642805443114
			2.05761726341626	-1.83642805443114
			2.05947599626488	-1.83642805443114
			2.06133472911349	-1.83642805443114
			2.06319346196211	-1.83828678727975
			2.06505219481072	-1.83828678727975
			2.06691092765934	-1.83828678727975
			2.06876966050795	-1.83828678727975
			2.07062839335656	-1.83828678727975
			2.07248712620518	-1.83828678727975
			2.07434585905379	-1.83828678727975
			2.07620459190241	-1.83828678727975
			2.07806332475102	-1.83828678727975
			2.07992205759964	-1.83828678727975
			2.08178079044825	-1.83828678727975
			2.08363952329687	-1.83828678727975
			2.08549825614548	-1.83828678727975
			2.0873569889941	-1.83828678727975
			2.08921572184271	-1.83828678727975
			2.09107445469132	-1.83828678727975
			2.09293318753994	-1.84014552012837
			2.09479192038855	-1.84014552012837
			2.09665065323717	-1.84014552012837
			2.09850938608578	-1.84014552012837
			2.1003681189344	-1.84014552012837
			2.10222685178301	-1.84014552012837
			2.10408558463163	-1.84014552012837
			2.10594431748024	-1.84014552012837
			2.10780305032885	-1.84014552012837
			2.10966178317747	-1.84014552012837
			2.11152051602608	-1.84014552012837
			2.1133792488747	-1.84014552012837
			2.11523798172331	-1.84200425297698
			2.11709671457193	-1.84200425297698
			2.11895544742054	-1.84200425297698
			2.12081418026916	-1.84200425297698
			2.12267291311777	-1.84200425297698
			2.12453164596639	-1.84200425297698
			2.126390378815	-1.84200425297698
			2.12824911166361	-1.84200425297698
			2.13010784451223	-1.84200425297698
			2.13196657736084	-1.84200425297698
			2.13382531020946	-1.84200425297698
			2.13568404305807	-1.84200425297698
			2.13754277590669	-1.84386298582559
			2.1394015087553	-1.84386298582559
			2.14126024160392	-1.84386298582559
			2.14311897445253	-1.84386298582559
			2.14497770730115	-1.84386298582559
			2.14683644014976	-1.84386298582559
			2.14869517299837	-1.84386298582559
			2.15055390584699	-1.84386298582559
			2.1524126386956	-1.84386298582559
			2.15427137154422	-1.84386298582559
			2.15613010439283	-1.84572171867421
			2.15798883724145	-1.84572171867421
			2.15984757009006	-1.84572171867421
			2.16170630293868	-1.84572171867421
			2.16356503578729	-1.84572171867421
			2.1654237686359	-1.84572171867421
			2.16728250148452	-1.84572171867421
			2.16914123433313	-1.84572171867421
			2.17099996718175	-1.84572171867421
			2.17285870003036	-1.84758045152282
			2.17471743287898	-1.84758045152282
			2.17657616572759	-1.84758045152282
			2.17843489857621	-1.84758045152282
			2.18029363142482	-1.84758045152282
			2.18215236427344	-1.84758045152282
			2.18401109712205	-1.84758045152282
			2.18586982997066	-1.84758045152282
			2.18772856281928	-1.84758045152282
			2.18958729566789	-1.84943918437144
			2.19144602851651	-1.84943918437144
			2.19330476136512	-1.84943918437144
			2.19516349421374	-1.84943918437144
			2.19702222706235	-1.84943918437144
			2.19888095991097	-1.84943918437144
			2.20073969275958	-1.84943918437144
			2.20259842560819	-1.84943918437144
			2.20445715845681	-1.85129791722005
			2.20631589130542	-1.85129791722005
			2.20817462415404	-1.85129791722005
			2.21003335700265	-1.85129791722005
			2.21189208985127	-1.85129791722005
			2.21375082269988	-1.85129791722005
			2.2156095555485	-1.85129791722005
			2.21746828839711	-1.85129791722005
			2.21932702124573	-1.85129791722005
			2.22118575409434	-1.85315665006867
			2.22304448694295	-1.85315665006867
			2.22490321979157	-1.85315665006867
			2.22676195264018	-1.85315665006867
			2.2286206854888	-1.85501538291728
			2.23047941833741	-1.8568741157659
			2.23233815118603	-1.8568741157659
			2.23419688403464	-1.85873284861451
			2.23605561688326	-1.86059158146313
			2.23791434973187	-1.86059158146313
			2.23977308258049	-1.86245031431174
			2.2416318154291	-1.86245031431174
			2.24349054827771	-1.86430904716035
			2.24534928112633	-1.86430904716035
			2.24720801397494	-1.86430904716035
			2.24906674682356	-1.86616778000897
			2.25092547967217	-1.86616778000897
			2.25278421252079	-1.86616778000897
			2.2546429453694	-1.86802651285758
			2.25650167821802	-1.86802651285758
			2.25836041106663	-1.86802651285758
			2.26021914391524	-1.8698852457062
			2.26207787676386	-1.8698852457062
			2.26393660961247	-1.8698852457062
			2.26579534246109	-1.8698852457062
			2.2676540753097	-1.8698852457062
			2.26951280815832	-1.8698852457062
			2.27137154100693	-1.87174397855481
			2.27323027385555	-1.87174397855481
			2.27508900670416	-1.87174397855481
			2.27694773955278	-1.87174397855481
			2.27880647240139	-1.87174397855481
			2.28066520525	-1.87174397855481
			2.28252393809862	-1.87174397855481
			2.28438267094723	-1.87174397855481
			2.28624140379585	-1.87174397855481
			2.28810013664446	-1.87174397855481
			2.28995886949308	-1.87174397855481
			2.29181760234169	-1.87174397855481
			2.29367633519031	-1.87174397855481
			2.29553506803892	-1.87174397855481
			2.29739380088753	-1.87174397855481
			2.29925253373615	-1.87174397855481
			2.30111126658476	-1.87174397855481
			2.30296999943338	-1.87174397855481
			2.30482873228199	-1.87174397855481
			2.30668746513061	-1.87174397855481
			2.30854619797922	-1.87174397855481
			2.31040493082784	-1.87174397855481
			2.31226366367645	-1.87174397855481
			2.31412239652507	-1.87174397855481
			2.31598112937368	-1.87174397855481
			2.31783986222229	-1.8698852457062
			2.31969859507091	-1.8698852457062
			2.32155732791952	-1.8698852457062
			2.32341606076814	-1.8698852457062
			2.32527479361675	-1.8698852457062
			2.32713352646537	-1.8698852457062
			2.32899225931398	-1.8698852457062
			2.3308509921626	-1.8698852457062
			2.33270972501121	-1.8698852457062
			2.33456845785983	-1.86802651285758
			2.33642719070844	-1.86802651285758
			2.33828592355705	-1.86802651285758
			2.34014465640567	-1.86802651285758
			2.34200338925428	-1.86802651285758
			2.3438621221029	-1.86616778000897
			2.34572085495151	-1.86616778000897
			2.34757958780013	-1.86616778000897
			2.34943832064874	-1.86616778000897
			2.35129705349736	-1.86616778000897
			2.35315578634597	-1.86616778000897
			2.35501451919458	-1.86430904716035
			2.3568732520432	-1.86430904716035
			2.35873198489181	-1.86430904716035
			2.36059071774043	-1.86430904716035
			2.36244945058904	-1.86430904716035
			2.36244945058904	-1.86245031431174
			2.36430818343766	-1.86245031431174
			2.36616691628627	-1.86245031431174
			2.36802564913489	-1.86245031431174
			2.3698843819835	-1.86245031431174
			2.37174311483212	-1.86245031431174
			2.37174311483212	-1.86059158146313
			2.37360184768073	-1.86059158146313
			2.37546058052934	-1.86059158146313
			2.37731931337796	-1.86059158146313
			2.37917804622657	-1.85873284861451
			2.38103677907519	-1.85873284861451
			2.3828955119238	-1.85873284861451
			2.38475424477242	-1.85873284861451
			2.38661297762103	-1.8568741157659
			2.38847171046965	-1.8568741157659
			2.39033044331826	-1.8568741157659
			2.39218917616687	-1.8568741157659
			2.39404790901549	-1.85501538291728
			2.3959066418641	-1.85501538291728
			2.39776537471272	-1.85501538291728
			2.39962410756133	-1.85315665006867
			2.40148284040995	-1.85315665006867
			2.40334157325856	-1.85315665006867
			2.40520030610718	-1.85315665006867
			2.40705903895579	-1.85129791722005
			2.40891777180441	-1.85129791722005
			2.41077650465302	-1.85129791722005
			2.41263523750163	-1.84943918437144
			2.41449397035025	-1.84943918437144
			2.41635270319886	-1.84943918437144
			2.41821143604748	-1.84943918437144
			2.42007016889609	-1.84758045152282
			2.42192890174471	-1.84758045152282
			2.42378763459332	-1.84758045152282
			2.42564636744194	-1.84572171867421
			2.42750510029055	-1.84572171867421
			2.42936383313917	-1.84572171867421
			2.43122256598778	-1.84386298582559
			2.43308129883639	-1.84386298582559
			2.43494003168501	-1.84386298582559
			2.43679876453362	-1.84200425297698
			2.43865749738224	-1.84200425297698
			2.44051623023085	-1.84200425297698
			2.44237496307947	-1.84014552012837
			2.44423369592808	-1.84014552012837
			2.4460924287767	-1.84014552012837
			2.44795116162531	-1.83828678727975
			2.44980989447392	-1.83828678727975
			2.45166862732254	-1.83828678727975
			2.45352736017115	-1.83642805443114
			2.45538609301977	-1.83642805443114
			2.45724482586838	-1.83456932158252
			2.459103558717	-1.83456932158252
			2.46096229156561	-1.83456932158252
			2.46282102441423	-1.83456932158252
			2.46282102441423	-1.83271058873391
			2.46467975726284	-1.83271058873391
			2.46653849011146	-1.83271058873391
			2.46839722296007	-1.83085185588529
			2.47025595580868	-1.83085185588529
			2.4721146886573	-1.83085185588529
			2.47397342150591	-1.82899312303668
			2.47583215435453	-1.82899312303668
			2.47769088720314	-1.82713439018806
			2.47954962005176	-1.82713439018806
			2.48140835290037	-1.82713439018806
			2.48326708574899	-1.82527565733945
			2.4851258185976	-1.82527565733945
			2.48698455144621	-1.82527565733945
			2.48884328429483	-1.82341692449083
			2.49070201714344	-1.82341692449083
			2.49256074999206	-1.82341692449083
			2.49441948284067	-1.82155819164222
			2.49627821568929	-1.82155819164222
			2.4981369485379	-1.81969945879361
			2.49999568138652	-1.81969945879361
			2.50185441423513	-1.81969945879361
			2.50371314708375	-1.81784072594499
			2.50557187993236	-1.81784072594499
			2.50743061278097	-1.81598199309638
			2.50928934562959	-1.81598199309638
			2.5111480784782	-1.81598199309638
			2.51300681132682	-1.81412326024776
			2.51486554417543	-1.81412326024776
			2.51672427702405	-1.81226452739915
			2.51858300987266	-1.81226452739915
			2.52044174272128	-1.81226452739915
			2.52230047556989	-1.81040579455053
			2.52415920841851	-1.81040579455053
			2.52601794126712	-1.80854706170192
			2.52787667411573	-1.80854706170192
		</curvaD_espina_dorsal>
		<curvaI_espina_dorsal type=matrix rownames=FALSE colnames=FALSE nrow=377 ncol=2 as.numeric=TRUE >
			1.85315665006867	-1.83456932158252
			1.85501538291728	-1.83456932158252
			1.8568741157659	-1.83456932158252
			1.85873284861451	-1.83456932158252
			1.86059158146313	-1.83642805443114
			1.86245031431174	-1.83642805443114
			1.86430904716035	-1.83642805443114
			1.86616778000897	-1.83642805443114
			1.86802651285758	-1.83642805443114
			1.8698852457062	-1.83642805443114
			1.87174397855481	-1.83642805443114
			1.87360271140343	-1.83642805443114
			1.87546144425204	-1.83828678727975
			1.87732017710066	-1.83828678727975
			1.87917890994927	-1.83828678727975
			1.88103764279788	-1.83828678727975
			1.8828963756465	-1.83828678727975
			1.88475510849511	-1.83828678727975
			1.88661384134373	-1.83828678727975
			1.88847257419234	-1.84014552012837
			1.89033130704096	-1.84014552012837
			1.89219003988957	-1.84014552012837
			1.89404877273819	-1.84014552012837
			1.8959075055868	-1.84014552012837
			1.89776623843542	-1.84014552012837
			1.89962497128403	-1.84014552012837
			1.90148370413264	-1.84200425297698
			1.90334243698126	-1.84200425297698
			1.90520116982987	-1.84200425297698
			1.90705990267849	-1.84200425297698
			1.9089186355271	-1.84200425297698
			1.91077736837572	-1.84200425297698
			1.91263610122433	-1.84200425297698
			1.91449483407295	-1.84200425297698
			1.91449483407295	-1.84386298582559
			1.91635356692156	-1.84386298582559
			1.91821229977017	-1.84386298582559
			1.92007103261879	-1.84386298582559
			1.9219297654674	-1.84386298582559
			1.92378849831602	-1.84386298582559
			1.92564723116463	-1.84386298582559
			1.92750596401325	-1.84572171867421
			1.92936469686186	-1.84572171867421
			1.93122342971048	-1.84572171867421
			1.93308216255909	-1.84572171867421
			1.93494089540771	-1.84572171867421
			1.93679962825632	-1.84572171867421
			1.93865836110493	-1.84758045152282
			1.94051709395355	-1.84758045152282
			1.94237582680216	-1.84758045152282
			1.94423455965078	-1.84758045152282
			1.94609329249939	-1.84758045152282
			1.94795202534801	-1.84758045152282
			1.94981075819662	-1.84758045152282
			1.95166949104524	-1.84943918437144
			1.95352822389385	-1.84943918437144
			1.95538695674247	-1.84943918437144
			1.95724568959108	-1.84943918437144
			1.95910442243969	-1.84943918437144
			1.96096315528831	-1.84943918437144
			1.96282188813692	-1.84943918437144
			1.96282188813692	-1.85129791722005
			1.96468062098554	-1.85129791722005
			1.96653935383415	-1.85129791722005
			1.96839808668277	-1.85129791722005
			1.97025681953138	-1.85129791722005
			1.97211555238	-1.85129791722005
			1.97397428522861	-1.85315665006867
			1.97583301807722	-1.85315665006867
			1.97769175092584	-1.85315665006867
			1.97955048377445	-1.85315665006867
			1.98140921662307	-1.85315665006867
			1.98326794947168	-1.85315665006867
			1.9851266823203	-1.85501538291728
			1.98698541516891	-1.85501538291728
			1.98884414801753	-1.85501538291728
			1.99070288086614	-1.85501538291728
			1.99256161371476	-1.85501538291728
			1.99442034656337	-1.85501538291728
			1.99627907941198	-1.8568741157659
			1.9981378122606	-1.8568741157659
			1.99999654510921	-1.8568741157659
			2.00185527795783	-1.8568741157659
			2.00371401080644	-1.85873284861451
			2.00557274365506	-1.85873284861451
			2.00743147650367	-1.85873284861451
			2.00929020935229	-1.85873284861451
			2.0111489422009	-1.85873284861451
			2.01300767504951	-1.86059158146313
			2.01486640789813	-1.86059158146313
			2.01672514074674	-1.86059158146313
			2.01858387359536	-1.86059158146313
			2.02044260644397	-1.86059158146313
			2.02230133929259	-1.86245031431174
			2.0241600721412	-1.86245031431174
			2.02601880498982	-1.86245031431174
			2.02787753783843	-1.86245031431174
			2.02973627068705	-1.86430904716035
			2.03159500353566	-1.86430904716035
			2.03345373638427	-1.86430904716035
			2.03531246923289	-1.86430904716035
			2.0371712020815	-1.86430904716035
			2.03902993493012	-1.86616778000897
			2.04088866777873	-1.86616778000897
			2.04274740062735	-1.86616778000897
			2.04460613347596	-1.86616778000897
			2.04646486632458	-1.86616778000897
			2.04832359917319	-1.86616778000897
			2.05018233202181	-1.86802651285758
			2.05204106487042	-1.86802651285758
			2.05389979771903	-1.86802651285758
			2.05575853056765	-1.86802651285758
			2.05761726341626	-1.86802651285758
			2.05947599626488	-1.8698852457062
			2.06133472911349	-1.8698852457062
			2.06319346196211	-1.8698852457062
			2.06505219481072	-1.8698852457062
			2.06691092765934	-1.87174397855481
			2.06876966050795	-1.87174397855481
			2.07062839335656	-1.87174397855481
			2.07248712620518	-1.87174397855481
			2.07434585905379	-1.87174397855481
			2.07620459190241	-1.87360271140343
			2.07806332475102	-1.87360271140343
			2.07992205759964	-1.87360271140343
			2.08178079044825	-1.87360271140343
			2.08363952329687	-1.87546144425204
			2.08549825614548	-1.87546144425204
			2.0873569889941	-1.87546144425204
			2.08921572184271	-1.87546144425204
			2.09107445469132	-1.87732017710066
			2.09293318753994	-1.87732017710066
			2.09479192038855	-1.87732017710066
			2.09665065323717	-1.87732017710066
			2.09850938608578	-1.87917890994927
			2.1003681189344	-1.87917890994927
			2.10222685178301	-1.87917890994927
			2.10408558463163	-1.88103764279788
			2.10594431748024	-1.88103764279788
			2.10780305032885	-1.88103764279788
			2.10966178317747	-1.8828963756465
			2.11152051602608	-1.8828963756465
			2.1133792488747	-1.8828963756465
			2.11523798172331	-1.8828963756465
			2.11709671457193	-1.88475510849511
			2.11895544742054	-1.88475510849511
			2.12081418026916	-1.88475510849511
			2.12267291311777	-1.88661384134373
			2.12453164596639	-1.88661384134373
			2.126390378815	-1.88661384134373
			2.12824911166361	-1.88847257419234
			2.13010784451223	-1.88847257419234
			2.13196657736084	-1.88847257419234
			2.13382531020946	-1.89033130704096
			2.13568404305807	-1.89033130704096
			2.13754277590669	-1.89033130704096
			2.1394015087553	-1.89219003988957
			2.14126024160392	-1.89219003988957
			2.14311897445253	-1.89404877273819
			2.14497770730115	-1.89404877273819
			2.14683644014976	-1.89404877273819
			2.14869517299837	-1.8959075055868
			2.15055390584699	-1.8959075055868
			2.1524126386956	-1.8959075055868
			2.15427137154422	-1.89776623843542
			2.15613010439283	-1.89776623843542
			2.15798883724145	-1.89776623843542
			2.15984757009006	-1.89962497128403
			2.16170630293868	-1.89962497128403
			2.16356503578729	-1.89962497128403
			2.1654237686359	-1.90148370413264
			2.16728250148452	-1.90148370413264
			2.16914123433313	-1.90334243698126
			2.17099996718175	-1.90334243698126
			2.17285870003036	-1.90334243698126
			2.17471743287898	-1.90520116982987
			2.17657616572759	-1.90520116982987
			2.17843489857621	-1.90520116982987
			2.17843489857621	-1.90705990267849
			2.18029363142482	-1.90705990267849
			2.18215236427344	-1.90705990267849
			2.18401109712205	-1.9089186355271
			2.18586982997066	-1.9089186355271
			2.18772856281928	-1.91077736837572
			2.18958729566789	-1.91077736837572
			2.18958729566789	-1.91263610122433
			2.19144602851651	-1.91449483407295
			2.19144602851651	-1.91635356692156
			2.19144602851651	-1.91821229977017
			2.19330476136512	-1.92007103261879
			2.19330476136512	-1.9219297654674
			2.19330476136512	-1.92378849831602
			2.19516349421374	-1.92564723116463
			2.19516349421374	-1.92750596401325
			2.19516349421374	-1.92936469686186
			2.19516349421374	-1.93122342971048
			2.19516349421374	-1.93308216255909
			2.19516349421374	-1.93494089540771
			2.19702222706235	-1.93679962825632
			2.19702222706235	-1.93865836110493
			2.19702222706235	-1.94051709395355
			2.19702222706235	-1.94237582680216
			2.19702222706235	-1.94423455965078
			2.19702222706235	-1.94609329249939
			2.19702222706235	-1.94795202534801
			2.19702222706235	-1.94981075819662
			2.19702222706235	-1.95166949104524
			2.19702222706235	-1.95352822389385
			2.19702222706235	-1.95538695674247
			2.19702222706235	-1.95724568959108
			2.19702222706235	-1.95910442243969
			2.19516349421374	-1.96096315528831
			2.19516349421374	-1.96282188813692
			2.19516349421374	-1.96468062098554
			2.19516349421374	-1.96653935383415
			2.19516349421374	-1.96839808668277
			2.19516349421374	-1.97025681953138
			2.19516349421374	-1.97211555238
			2.19330476136512	-1.97397428522861
			2.19330476136512	-1.97583301807722
			2.19330476136512	-1.97769175092584
			2.19330476136512	-1.97955048377445
			2.19144602851651	-1.98140921662307
			2.19144602851651	-1.98326794947168
			2.19144602851651	-1.9851266823203
			2.19144602851651	-1.98698541516891
			2.18958729566789	-1.98884414801753
			2.18958729566789	-1.99070288086614
			2.18958729566789	-1.99256161371476
			2.18772856281928	-1.99442034656337
			2.18772856281928	-1.99627907941198
			2.18586982997066	-1.9981378122606
			2.18586982997066	-1.99999654510921
			2.18586982997066	-2.00185527795783
			2.18586982997066	-2.00371401080644
			2.18401109712205	-2.00371401080644
			2.18401109712205	-2.00557274365506
			2.18401109712205	-2.00743147650367
			2.18215236427344	-2.00743147650367
			2.18215236427344	-2.00929020935229
			2.18215236427344	-2.0111489422009
			2.18029363142482	-2.01300767504951
			2.18029363142482	-2.01486640789813
			2.17843489857621	-2.01672514074674
			2.17657616572759	-2.01858387359536
			2.17657616572759	-2.02044260644397
			2.17657616572759	-2.02230133929259
			2.17471743287898	-2.0241600721412
			2.17471743287898	-2.02601880498982
			2.17285870003036	-2.02787753783843
			2.17285870003036	-2.02973627068705
			2.17099996718175	-2.02973627068705
			2.17099996718175	-2.03159500353566
			2.16914123433313	-2.03345373638427
			2.16914123433313	-2.03531246923289
			2.16728250148452	-2.0371712020815
			2.1654237686359	-2.03902993493012
			2.1654237686359	-2.04088866777873
			2.16356503578729	-2.04274740062735
			2.16356503578729	-2.04460613347596
			2.16170630293868	-2.04460613347596
			2.16170630293868	-2.04646486632458
			2.15984757009006	-2.04832359917319
			2.15798883724145	-2.05018233202181
			2.15798883724145	-2.05204106487042
			2.15613010439283	-2.05389979771903
			2.15427137154422	-2.05575853056765
			2.15427137154422	-2.05761726341626
			2.1524126386956	-2.05947599626488
			2.15055390584699	-2.06133472911349
			2.15055390584699	-2.06319346196211
			2.14869517299837	-2.06505219481072
			2.14683644014976	-2.06691092765934
			2.14683644014976	-2.06876966050795
			2.14497770730115	-2.06876966050795
			2.14311897445253	-2.07062839335656
			2.14126024160392	-2.07248712620518
			2.14126024160392	-2.07434585905379
			2.1394015087553	-2.07620459190241
			2.13754277590669	-2.07806332475102
			2.13568404305807	-2.07992205759964
			2.13382531020946	-2.08178079044825
			2.13382531020946	-2.08363952329687
			2.13196657736084	-2.08549825614548
			2.13010784451223	-2.0873569889941
			2.12824911166361	-2.08921572184271
			2.126390378815	-2.09107445469132
			2.12453164596639	-2.09293318753994
			2.12453164596639	-2.09479192038855
			2.12267291311777	-2.09665065323717
			2.12081418026916	-2.09850938608578
			2.11895544742054	-2.1003681189344
			2.11709671457193	-2.10222685178301
			2.11523798172331	-2.10408558463163
			2.1133792488747	-2.10594431748024
			2.1133792488747	-2.10780305032885
			2.11152051602608	-2.10966178317747
			2.11152051602608	-2.11152051602608
			2.11152051602608	-2.1133792488747
			2.11152051602608	-2.11523798172331
			2.10966178317747	-2.11709671457193
			2.10966178317747	-2.11895544742054
			2.10966178317747	-2.12081418026916
			2.10966178317747	-2.12267291311777
			2.10966178317747	-2.12453164596639
			2.10780305032885	-2.12453164596639
			2.10780305032885	-2.126390378815
			2.10780305032885	-2.12824911166361
			2.10780305032885	-2.13010784451223
			2.10780305032885	-2.13196657736084
			2.10780305032885	-2.13382531020946
			2.10594431748024	-2.13568404305807
			2.10594431748024	-2.13754277590669
			2.10594431748024	-2.1394015087553
			2.10594431748024	-2.14126024160392
			2.10408558463163	-2.14311897445253
			2.10408558463163	-2.14497770730115
			2.10408558463163	-2.14683644014976
			2.10408558463163	-2.14869517299837
			2.10408558463163	-2.15055390584699
			2.10408558463163	-2.1524126386956
			2.10408558463163	-2.15427137154422
			2.10408558463163	-2.15613010439283
			2.10222685178301	-2.15798883724145
			2.10222685178301	-2.15984757009006
			2.10222685178301	-2.16170630293868
			2.10222685178301	-2.16356503578729
			2.10222685178301	-2.1654237686359
			2.10222685178301	-2.16728250148452
			2.10222685178301	-2.16914123433313
			2.10222685178301	-2.17099996718175
			2.10222685178301	-2.17285870003036
			2.10222685178301	-2.17471743287898
			2.10222685178301	-2.17657616572759
			2.1003681189344	-2.17843489857621
			2.1003681189344	-2.18029363142482
			2.1003681189344	-2.18215236427344
			2.1003681189344	-2.18401109712205
			2.1003681189344	-2.18586982997066
			2.1003681189344	-2.18772856281928
			2.1003681189344	-2.18958729566789
			2.1003681189344	-2.19144602851651
			2.1003681189344	-2.19330476136512
			2.1003681189344	-2.19516349421374
			2.1003681189344	-2.19702222706235
			2.1003681189344	-2.19888095991097
			2.1003681189344	-2.20073969275958
			2.1003681189344	-2.20259842560819
			2.1003681189344	-2.20445715845681
			2.1003681189344	-2.20631589130542
			2.1003681189344	-2.20817462415404
			2.1003681189344	-2.21003335700265
			2.1003681189344	-2.21189208985127
			2.1003681189344	-2.21375082269988
			2.1003681189344	-2.2156095555485
			2.1003681189344	-2.21746828839711
			2.1003681189344	-2.21932702124573
			2.1003681189344	-2.22118575409434
			2.1003681189344	-2.22304448694295
			2.1003681189344	-2.22490321979157
			2.1003681189344	-2.22676195264018
			2.1003681189344	-2.2286206854888
			2.1003681189344	-2.23047941833741
			2.1003681189344	-2.23233815118603
			2.1003681189344	-2.23419688403464
			2.1003681189344	-2.23605561688326
			2.1003681189344	-2.23791434973187
			2.1003681189344	-2.23977308258049
			2.1003681189344	-2.2416318154291
			2.1003681189344	-2.24349054827771
			2.10222685178301	-2.24534928112633
			2.10222685178301	-2.24720801397494
			2.10222685178301	-2.24906674682356
			2.10222685178301	-2.25092547967217
			2.10222685178301	-2.25278421252079
			2.10222685178301	-2.2546429453694
			2.10222685178301	-2.25650167821802
		</curvaI_espina_dorsal>
	</curves.scaled>
	<ruler.points type=matrix rownames=TRUE colnames=FALSE nrow=2 ncol=2 as.numeric=TRUE >
		Ruler point 1	1607	568
		Ruler point 2	2145	567
	</ruler.points>
</shapes>

