<shapes type=list>
	<ruler.pixel type=vector names=FALSE length=1 as.numeric=TRUE >539.000927642987</ruler.pixel>
	<ruler.interval type=vector names=FALSE length=1 as.numeric=TRUE >1</ruler.interval>
	<scaling.units type=vector names=FALSE length=1 as.numeric=FALSE >mm</scaling.units>
	<scaling type=vector names=FALSE length=1 as.numeric=TRUE >0.00185873284861451</scaling>
	<landmarks.pixel type=matrix rownames=TRUE colnames=FALSE nrow=3 ncol=2 as.numeric=TRUE >
		punta_espina_dorsal	1401	941
		esq_izq_caparaza	1381	1206
		organo_dorsal	1711	1139
	</landmarks.pixel>
	<landmarks.scaled type=matrix rownames=TRUE colnames=FALSE nrow=3 ncol=2 as.numeric=TRUE >
		punta_espina_dorsal	2.60408472090893	-1.74906761054625
		esq_izq_caparaza	2.56691006393664	-2.2416318154291
		organo_dorsal	3.18029190397943	-2.11709671457193
	</landmarks.scaled>
	<curves.control type=list>
		<curvaD_espina_dorsal type=matrix rownames=FALSE colnames=FALSE nrow=7 ncol=2 as.numeric=TRUE >
			1401	941
			1462	974
			1511	1014
			1555	1045
			1578	1073
			1587	1123
			1711	1139
		</curvaD_espina_dorsal>
		<curvaI_espina_dorsal type=matrix rownames=FALSE colnames=FALSE nrow=9 ncol=2 as.numeric=TRUE >
			1401	941
			1442	973
			1485	1015
			1534	1066
			1543	1087
			1515	1142
			1445	1137
			1397	1170
			1381	1206
		</curvaI_espina_dorsal>
	</curves.control>
	<curves.pixel type=list>
		<curvaD_espina_dorsal type=matrix rownames=FALSE colnames=FALSE nrow=343 ncol=2 as.numeric=TRUE >
			1401	941
			1402	942
			1403	942
			1404	943
			1405	943
			1406	944
			1407	944
			1408	945
			1409	945
			1410	946
			1411	946
			1412	947
			1413	948
			1414	948
			1415	949
			1416	949
			1417	950
			1418	950
			1419	951
			1420	952
			1421	952
			1422	953
			1423	953
			1424	954
			1425	955
			1426	955
			1427	956
			1428	956
			1429	957
			1430	957
			1431	958
			1432	959
			1433	959
			1434	960
			1435	960
			1436	961
			1437	962
			1438	962
			1439	963
			1440	964
			1441	964
			1442	965
			1443	965
			1444	966
			1445	967
			1446	968
			1447	968
			1448	969
			1449	969
			1450	970
			1451	971
			1452	971
			1453	972
			1454	972
			1455	973
			1456	974
			1457	974
			1458	975
			1459	976
			1460	976
			1460	977
			1461	977
			1462	978
			1463	979
			1464	979
			1465	980
			1466	981
			1467	981
			1468	982
			1469	982
			1470	983
			1471	984
			1472	984
			1472	985
			1473	986
			1474	986
			1475	987
			1476	987
			1477	988
			1478	989
			1479	989
			1480	990
			1481	991
			1482	991
			1482	992
			1483	993
			1484	993
			1485	994
			1486	995
			1487	995
			1488	996
			1489	997
			1490	998
			1491	999
			1492	999
			1493	1000
			1494	1000
			1494	1001
			1495	1001
			1496	1002
			1497	1003
			1498	1004
			1499	1005
			1500	1005
			1501	1006
			1502	1006
			1502	1007
			1503	1008
			1504	1008
			1504	1009
			1505	1009
			1506	1010
			1507	1011
			1508	1012
			1509	1012
			1510	1013
			1511	1014
			1512	1014
			1512	1015
			1513	1015
			1514	1016
			1515	1017
			1516	1018
			1517	1018
			1518	1019
			1519	1020
			1520	1020
			1521	1021
			1521	1022
			1522	1022
			1523	1023
			1524	1024
			1525	1024
			1526	1025
			1527	1025
			1528	1026
			1528	1027
			1529	1027
			1530	1028
			1531	1029
			1532	1029
			1532	1030
			1533	1031
			1534	1031
			1535	1032
			1536	1032
			1537	1033
			1537	1034
			1538	1034
			1539	1035
			1540	1036
			1541	1037
			1542	1038
			1543	1038
			1544	1039
			1545	1040
			1546	1041
			1547	1041
			1547	1042
			1548	1043
			1549	1044
			1550	1044
			1551	1045
			1552	1046
			1553	1047
			1554	1048
			1555	1049
			1556	1050
			1557	1051
			1558	1052
			1559	1053
			1560	1054
			1561	1054
			1562	1055
			1563	1056
			1563	1057
			1564	1058
			1565	1059
			1566	1060
			1567	1061
			1568	1061
			1569	1062
			1569	1063
			1570	1064
			1571	1065
			1572	1066
			1573	1067
			1573	1068
			1574	1068
			1575	1069
			1576	1070
			1576	1071
			1577	1072
			1578	1073
			1578	1074
			1578	1075
			1579	1076
			1579	1077
			1579	1078
			1580	1079
			1580	1080
			1580	1081
			1581	1082
			1581	1083
			1582	1084
			1582	1085
			1583	1086
			1583	1087
			1584	1088
			1585	1089
			1585	1090
			1586	1091
			1586	1092
			1587	1092
			1587	1093
			1588	1094
			1589	1095
			1590	1096
			1591	1097
			1592	1098
			1593	1099
			1594	1100
			1594	1101
			1595	1101
			1596	1102
			1597	1103
			1598	1104
			1599	1104
			1600	1105
			1601	1106
			1602	1106
			1603	1107
			1604	1108
			1605	1108
			1606	1109
			1607	1110
			1608	1110
			1609	1111
			1610	1112
			1611	1112
			1612	1112
			1612	1113
			1613	1113
			1614	1113
			1614	1114
			1615	1114
			1616	1115
			1617	1115
			1618	1116
			1619	1116
			1620	1117
			1621	1117
			1622	1117
			1623	1118
			1624	1118
			1625	1119
			1626	1119
			1627	1120
			1628	1120
			1629	1120
			1630	1121
			1631	1121
			1632	1122
			1633	1122
			1634	1122
			1635	1123
			1636	1123
			1637	1123
			1638	1124
			1639	1124
			1640	1124
			1641	1124
			1641	1125
			1642	1125
			1643	1125
			1644	1125
			1645	1126
			1646	1126
			1647	1126
			1648	1127
			1649	1127
			1650	1127
			1651	1128
			1652	1128
			1653	1128
			1654	1128
			1655	1129
			1656	1129
			1657	1129
			1658	1129
			1659	1130
			1660	1130
			1661	1130
			1662	1130
			1663	1131
			1664	1131
			1665	1131
			1666	1131
			1667	1132
			1668	1132
			1669	1132
			1670	1132
			1671	1132
			1672	1133
			1673	1133
			1674	1133
			1675	1133
			1676	1133
			1677	1134
			1678	1134
			1679	1134
			1680	1134
			1681	1134
			1682	1135
			1683	1135
			1684	1135
			1685	1135
			1686	1135
			1687	1135
			1688	1136
			1689	1136
			1690	1136
			1691	1136
			1692	1136
			1693	1136
			1694	1137
			1695	1137
			1696	1137
			1697	1137
			1698	1137
			1699	1137
			1700	1137
			1701	1138
			1702	1138
			1703	1138
			1704	1138
			1705	1138
			1706	1138
			1707	1138
			1708	1139
			1709	1139
			1710	1139
			1711	1139
		</curvaD_espina_dorsal>
		<curvaI_espina_dorsal type=matrix rownames=FALSE colnames=FALSE nrow=366 ncol=2 as.numeric=TRUE >
			1401	941
			1402	942
			1403	942
			1403	943
			1404	943
			1405	944
			1406	945
			1407	945
			1407	946
			1408	947
			1409	947
			1410	948
			1411	949
			1412	950
			1413	951
			1414	951
			1415	952
			1416	953
			1417	954
			1418	955
			1419	955
			1420	956
			1421	957
			1422	958
			1423	958
			1424	959
			1425	960
			1426	961
			1426	962
			1427	962
			1428	963
			1429	964
			1430	965
			1431	966
			1432	967
			1433	967
			1434	968
			1435	969
			1436	970
			1437	971
			1438	972
			1439	972
			1440	973
			1441	974
			1442	975
			1443	976
			1444	977
			1445	977
			1446	978
			1447	979
			1448	980
			1449	981
			1450	982
			1451	983
			1452	984
			1453	984
			1453	985
			1454	986
			1455	987
			1456	988
			1457	989
			1458	990
			1459	991
			1460	992
			1461	992
			1462	993
			1463	994
			1464	995
			1465	996
			1466	997
			1467	998
			1468	999
			1469	1000
			1470	1001
			1471	1002
			1472	1003
			1473	1003
			1474	1004
			1475	1005
			1476	1006
			1477	1007
			1478	1008
			1479	1009
			1480	1010
			1481	1011
			1482	1012
			1483	1013
			1484	1014
			1485	1015
			1486	1016
			1487	1017
			1488	1018
			1489	1019
			1490	1020
			1491	1021
			1492	1022
			1493	1023
			1494	1024
			1495	1025
			1495	1026
			1496	1027
			1497	1027
			1498	1028
			1498	1029
			1499	1030
			1500	1031
			1501	1032
			1502	1033
			1503	1034
			1504	1035
			1504	1036
			1505	1037
			1506	1037
			1507	1038
			1507	1039
			1508	1040
			1509	1041
			1510	1042
			1510	1043
			1511	1043
			1512	1044
			1513	1045
			1513	1046
			1514	1047
			1515	1047
			1515	1048
			1516	1049
			1517	1050
			1517	1051
			1518	1051
			1519	1052
			1519	1053
			1520	1054
			1521	1054
			1521	1055
			1522	1056
			1522	1057
			1523	1057
			1524	1058
			1524	1059
			1525	1060
			1526	1061
			1527	1062
			1528	1063
			1528	1064
			1529	1065
			1529	1066
			1530	1066
			1531	1067
			1531	1068
			1532	1069
			1533	1070
			1533	1071
			1534	1072
			1535	1073
			1536	1074
			1536	1075
			1537	1076
			1538	1077
			1538	1078
			1539	1079
			1539	1080
			1540	1081
			1540	1082
			1541	1082
			1541	1083
			1542	1084
			1542	1085
			1542	1086
			1543	1086
			1543	1087
			1542	1088
			1542	1089
			1541	1090
			1541	1091
			1540	1092
			1540	1093
			1539	1094
			1539	1095
			1538	1096
			1537	1097
			1537	1098
			1536	1099
			1535	1100
			1535	1101
			1534	1101
			1534	1102
			1533	1103
			1532	1104
			1532	1105
			1531	1105
			1531	1106
			1530	1107
			1529	1108
			1528	1109
			1527	1110
			1526	1111
			1525	1112
			1525	1113
			1524	1113
			1523	1114
			1522	1115
			1521	1116
			1520	1117
			1519	1117
			1518	1118
			1518	1119
			1517	1119
			1516	1120
			1515	1121
			1514	1121
			1513	1122
			1512	1123
			1511	1123
			1510	1124
			1509	1125
			1508	1125
			1507	1126
			1506	1126
			1505	1127
			1504	1127
			1503	1128
			1502	1128
			1501	1129
			1500	1129
			1499	1129
			1499	1130
			1498	1130
			1497	1130
			1497	1131
			1496	1131
			1495	1131
			1494	1132
			1493	1132
			1492	1132
			1491	1132
			1491	1133
			1490	1133
			1489	1133
			1488	1133
			1487	1134
			1486	1134
			1485	1134
			1484	1134
			1483	1135
			1482	1135
			1481	1135
			1480	1135
			1479	1135
			1478	1136
			1477	1136
			1476	1136
			1475	1136
			1474	1136
			1473	1136
			1472	1137
			1471	1137
			1470	1137
			1469	1137
			1468	1137
			1467	1137
			1466	1137
			1465	1137
			1464	1137
			1463	1137
			1462	1137
			1461	1137
			1460	1137
			1459	1137
			1458	1137
			1457	1137
			1456	1137
			1455	1137
			1454	1137
			1453	1137
			1452	1137
			1451	1137
			1450	1137
			1449	1137
			1448	1137
			1447	1137
			1446	1137
			1445	1137
			1444	1138
			1443	1138
			1442	1139
			1441	1140
			1440	1140
			1439	1141
			1439	1142
			1438	1142
			1437	1143
			1436	1143
			1436	1144
			1435	1144
			1434	1145
			1433	1145
			1433	1146
			1432	1146
			1431	1147
			1431	1148
			1430	1148
			1429	1149
			1428	1149
			1428	1150
			1427	1150
			1426	1151
			1425	1152
			1424	1153
			1423	1154
			1422	1154
			1421	1155
			1420	1156
			1420	1157
			1419	1157
			1418	1158
			1417	1159
			1416	1160
			1415	1161
			1414	1162
			1413	1163
			1412	1164
			1411	1164
			1410	1165
			1409	1166
			1409	1167
			1408	1168
			1407	1169
			1406	1169
			1406	1170
			1405	1171
			1404	1172
			1403	1173
			1402	1174
			1401	1175
			1400	1176
			1399	1177
			1398	1178
			1398	1179
			1397	1180
			1396	1181
			1395	1182
			1395	1183
			1394	1184
			1393	1185
			1392	1186
			1392	1187
			1391	1188
			1390	1189
			1390	1190
			1389	1191
			1388	1192
			1388	1193
			1387	1194
			1386	1195
			1386	1196
			1385	1197
			1385	1198
			1384	1199
			1384	1200
			1383	1201
			1383	1202
			1382	1203
			1382	1204
			1381	1205
			1381	1206
		</curvaI_espina_dorsal>
	</curves.pixel>
	<curves.scaled type=list>
		<curvaD_espina_dorsal type=matrix rownames=FALSE colnames=FALSE nrow=343 ncol=2 as.numeric=TRUE >
			2.60408472090893	-1.74906761054625
			2.60594345375754	-1.75092634339487
			2.60780218660616	-1.75092634339487
			2.60966091945477	-1.75278507624348
			2.61151965230339	-1.75278507624348
			2.613378385152	-1.7546438090921
			2.61523711800062	-1.7546438090921
			2.61709585084923	-1.75650254194071
			2.61895458369785	-1.75650254194071
			2.62081331654646	-1.75836127478933
			2.62267204939507	-1.75836127478933
			2.62453078224369	-1.76022000763794
			2.6263895150923	-1.76207874048656
			2.62824824794092	-1.76207874048656
			2.63010698078953	-1.76393747333517
			2.63196571363815	-1.76393747333517
			2.63382444648676	-1.76579620618379
			2.63568317933538	-1.76579620618379
			2.63754191218399	-1.7676549390324
			2.6394006450326	-1.76951367188101
			2.64125937788122	-1.76951367188101
			2.64311811072983	-1.77137240472963
			2.64497684357845	-1.77137240472963
			2.64683557642706	-1.77323113757824
			2.64869430927568	-1.77508987042686
			2.65055304212429	-1.77508987042686
			2.65241177497291	-1.77694860327547
			2.65427050782152	-1.77694860327547
			2.65612924067014	-1.77880733612409
			2.65798797351875	-1.77880733612409
			2.65984670636736	-1.7806660689727
			2.66170543921598	-1.78252480182132
			2.66356417206459	-1.78252480182132
			2.66542290491321	-1.78438353466993
			2.66728163776182	-1.78438353466993
			2.66914037061044	-1.78624226751854
			2.67099910345905	-1.78810100036716
			2.67285783630767	-1.78810100036716
			2.67471656915628	-1.78995973321577
			2.6765753020049	-1.79181846606439
			2.67843403485351	-1.79181846606439
			2.68029276770212	-1.793677198913
			2.68215150055074	-1.793677198913
			2.68401023339935	-1.79553593176162
			2.68586896624797	-1.79739466461023
			2.68772769909658	-1.79925339745885
			2.6895864319452	-1.79925339745885
			2.69144516479381	-1.80111213030746
			2.69330389764243	-1.80111213030746
			2.69516263049104	-1.80297086315608
			2.69702136333965	-1.80482959600469
			2.69888009618827	-1.80482959600469
			2.70073882903688	-1.8066883288533
			2.7025975618855	-1.8066883288533
			2.70445629473411	-1.80854706170192
			2.70631502758273	-1.81040579455053
			2.70817376043134	-1.81040579455053
			2.71003249327996	-1.81226452739915
			2.71189122612857	-1.81412326024776
			2.71374995897719	-1.81412326024776
			2.71374995897719	-1.81598199309638
			2.7156086918258	-1.81598199309638
			2.71746742467441	-1.81784072594499
			2.71932615752303	-1.81969945879361
			2.72118489037164	-1.81969945879361
			2.72304362322026	-1.82155819164222
			2.72490235606887	-1.82341692449083
			2.72676108891749	-1.82341692449083
			2.7286198217661	-1.82527565733945
			2.73047855461472	-1.82527565733945
			2.73233728746333	-1.82713439018806
			2.73419602031194	-1.82899312303668
			2.73605475316056	-1.82899312303668
			2.73605475316056	-1.83085185588529
			2.73791348600917	-1.83271058873391
			2.73977221885779	-1.83271058873391
			2.7416309517064	-1.83456932158252
			2.74348968455502	-1.83456932158252
			2.74534841740363	-1.83642805443114
			2.74720715025225	-1.83828678727975
			2.74906588310086	-1.83828678727975
			2.75092461594948	-1.84014552012837
			2.75278334879809	-1.84200425297698
			2.7546420816467	-1.84200425297698
			2.7546420816467	-1.84386298582559
			2.75650081449532	-1.84572171867421
			2.75835954734393	-1.84572171867421
			2.76021828019255	-1.84758045152282
			2.76207701304116	-1.84943918437144
			2.76393574588978	-1.84943918437144
			2.76579447873839	-1.85129791722005
			2.76765321158701	-1.85315665006867
			2.76951194443562	-1.85501538291728
			2.77137067728424	-1.8568741157659
			2.77322941013285	-1.8568741157659
			2.77508814298146	-1.85873284861451
			2.77694687583008	-1.85873284861451
			2.77694687583008	-1.86059158146313
			2.77880560867869	-1.86059158146313
			2.78066434152731	-1.86245031431174
			2.78252307437592	-1.86430904716035
			2.78438180722454	-1.86616778000897
			2.78624054007315	-1.86802651285758
			2.78809927292177	-1.86802651285758
			2.78995800577038	-1.8698852457062
			2.79181673861899	-1.8698852457062
			2.79181673861899	-1.87174397855481
			2.79367547146761	-1.87360271140343
			2.79553420431622	-1.87360271140343
			2.79553420431622	-1.87546144425204
			2.79739293716484	-1.87546144425204
			2.79925167001345	-1.87732017710066
			2.80111040286207	-1.87917890994927
			2.80296913571068	-1.88103764279788
			2.8048278685593	-1.88103764279788
			2.80668660140791	-1.8828963756465
			2.80854533425653	-1.88475510849511
			2.81040406710514	-1.88475510849511
			2.81040406710514	-1.88661384134373
			2.81226279995375	-1.88661384134373
			2.81412153280237	-1.88847257419234
			2.81598026565098	-1.89033130704096
			2.8178389984996	-1.89219003988957
			2.81969773134821	-1.89219003988957
			2.82155646419683	-1.89404877273819
			2.82341519704544	-1.8959075055868
			2.82527392989406	-1.8959075055868
			2.82713266274267	-1.89776623843542
			2.82713266274267	-1.89962497128403
			2.82899139559128	-1.89962497128403
			2.8308501284399	-1.90148370413264
			2.83270886128851	-1.90334243698126
			2.83456759413713	-1.90334243698126
			2.83642632698574	-1.90520116982987
			2.83828505983436	-1.90520116982987
			2.84014379268297	-1.90705990267849
			2.84014379268297	-1.9089186355271
			2.84200252553159	-1.9089186355271
			2.8438612583802	-1.91077736837572
			2.84571999122882	-1.91263610122433
			2.84757872407743	-1.91263610122433
			2.84757872407743	-1.91449483407295
			2.84943745692604	-1.91635356692156
			2.85129618977466	-1.91635356692156
			2.85315492262327	-1.91821229977017
			2.85501365547189	-1.91821229977017
			2.8568723883205	-1.92007103261879
			2.8568723883205	-1.9219297654674
			2.85873112116912	-1.9219297654674
			2.86058985401773	-1.92378849831602
			2.86244858686635	-1.92564723116463
			2.86430731971496	-1.92750596401325
			2.86616605256358	-1.92936469686186
			2.86802478541219	-1.92936469686186
			2.8698835182608	-1.93122342971048
			2.87174225110942	-1.93308216255909
			2.87360098395803	-1.93494089540771
			2.87545971680665	-1.93494089540771
			2.87545971680665	-1.93679962825632
			2.87731844965526	-1.93865836110493
			2.87917718250388	-1.94051709395355
			2.88103591535249	-1.94051709395355
			2.88289464820111	-1.94237582680216
			2.88475338104972	-1.94423455965078
			2.88661211389833	-1.94609329249939
			2.88847084674695	-1.94795202534801
			2.89032957959556	-1.94981075819662
			2.89218831244418	-1.95166949104524
			2.89404704529279	-1.95352822389385
			2.89590577814141	-1.95538695674247
			2.89776451099002	-1.95724568959108
			2.89962324383864	-1.95910442243969
			2.90148197668725	-1.95910442243969
			2.90334070953587	-1.96096315528831
			2.90519944238448	-1.96282188813692
			2.90519944238448	-1.96468062098554
			2.90705817523309	-1.96653935383415
			2.90891690808171	-1.96839808668277
			2.91077564093032	-1.97025681953138
			2.91263437377894	-1.97211555238
			2.91449310662755	-1.97211555238
			2.91635183947617	-1.97397428522861
			2.91635183947617	-1.97583301807722
			2.91821057232478	-1.97769175092584
			2.9200693051734	-1.97955048377445
			2.92192803802201	-1.98140921662307
			2.92378677087063	-1.98326794947168
			2.92378677087063	-1.9851266823203
			2.92564550371924	-1.9851266823203
			2.92750423656785	-1.98698541516891
			2.92936296941647	-1.98884414801753
			2.92936296941647	-1.99070288086614
			2.93122170226508	-1.99256161371476
			2.9330804351137	-1.99442034656337
			2.9330804351137	-1.99627907941198
			2.9330804351137	-1.9981378122606
			2.93493916796231	-1.99999654510921
			2.93493916796231	-2.00185527795783
			2.93493916796231	-2.00371401080644
			2.93679790081093	-2.00557274365506
			2.93679790081093	-2.00743147650367
			2.93679790081093	-2.00929020935229
			2.93865663365954	-2.0111489422009
			2.93865663365954	-2.01300767504951
			2.94051536650816	-2.01486640789813
			2.94051536650816	-2.01672514074674
			2.94237409935677	-2.01858387359536
			2.94237409935677	-2.02044260644397
			2.94423283220538	-2.02230133929259
			2.946091565054	-2.0241600721412
			2.946091565054	-2.02601880498982
			2.94795029790261	-2.02787753783843
			2.94795029790261	-2.02973627068705
			2.94980903075123	-2.02973627068705
			2.94980903075123	-2.03159500353566
			2.95166776359984	-2.03345373638427
			2.95352649644846	-2.03531246923289
			2.95538522929707	-2.0371712020815
			2.95724396214569	-2.03902993493012
			2.9591026949943	-2.04088866777873
			2.96096142784292	-2.04274740062735
			2.96282016069153	-2.04460613347596
			2.96282016069153	-2.04646486632458
			2.96467889354014	-2.04646486632458
			2.96653762638876	-2.04832359917319
			2.96839635923737	-2.05018233202181
			2.97025509208599	-2.05204106487042
			2.9721138249346	-2.05204106487042
			2.97397255778322	-2.05389979771903
			2.97583129063183	-2.05575853056765
			2.97769002348045	-2.05575853056765
			2.97954875632906	-2.05761726341626
			2.98140748917768	-2.05947599626488
			2.98326622202629	-2.05947599626488
			2.9851249548749	-2.06133472911349
			2.98698368772352	-2.06319346196211
			2.98884242057213	-2.06319346196211
			2.99070115342075	-2.06505219481072
			2.99255988626936	-2.06691092765934
			2.99441861911798	-2.06691092765934
			2.99627735196659	-2.06691092765934
			2.99627735196659	-2.06876966050795
			2.99813608481521	-2.06876966050795
			2.99999481766382	-2.06876966050795
			2.99999481766382	-2.07062839335656
			3.00185355051243	-2.07062839335656
			3.00371228336105	-2.07248712620518
			3.00557101620966	-2.07248712620518
			3.00742974905828	-2.07434585905379
			3.00928848190689	-2.07434585905379
			3.01114721475551	-2.07620459190241
			3.01300594760412	-2.07620459190241
			3.01486468045274	-2.07620459190241
			3.01672341330135	-2.07806332475102
			3.01858214614997	-2.07806332475102
			3.02044087899858	-2.07992205759964
			3.02229961184719	-2.07992205759964
			3.02415834469581	-2.08178079044825
			3.02601707754442	-2.08178079044825
			3.02787581039304	-2.08178079044825
			3.02973454324165	-2.08363952329687
			3.03159327609027	-2.08363952329687
			3.03345200893888	-2.08549825614548
			3.0353107417875	-2.08549825614548
			3.03716947463611	-2.08549825614548
			3.03902820748472	-2.0873569889941
			3.04088694033334	-2.0873569889941
			3.04274567318195	-2.0873569889941
			3.04460440603057	-2.08921572184271
			3.04646313887918	-2.08921572184271
			3.0483218717278	-2.08921572184271
			3.05018060457641	-2.08921572184271
			3.05018060457641	-2.09107445469132
			3.05203933742503	-2.09107445469132
			3.05389807027364	-2.09107445469132
			3.05575680312226	-2.09107445469132
			3.05761553597087	-2.09293318753994
			3.05947426881948	-2.09293318753994
			3.0613330016681	-2.09293318753994
			3.06319173451671	-2.09479192038855
			3.06505046736533	-2.09479192038855
			3.06690920021394	-2.09479192038855
			3.06876793306256	-2.09665065323717
			3.07062666591117	-2.09665065323717
			3.07248539875979	-2.09665065323717
			3.0743441316084	-2.09665065323717
			3.07620286445702	-2.09850938608578
			3.07806159730563	-2.09850938608578
			3.07992033015424	-2.09850938608578
			3.08177906300286	-2.09850938608578
			3.08363779585147	-2.1003681189344
			3.08549652870009	-2.1003681189344
			3.0873552615487	-2.1003681189344
			3.08921399439732	-2.1003681189344
			3.09107272724593	-2.10222685178301
			3.09293146009455	-2.10222685178301
			3.09479019294316	-2.10222685178301
			3.09664892579177	-2.10222685178301
			3.09850765864039	-2.10408558463163
			3.100366391489	-2.10408558463163
			3.10222512433762	-2.10408558463163
			3.10408385718623	-2.10408558463163
			3.10594259003485	-2.10408558463163
			3.10780132288346	-2.10594431748024
			3.10966005573208	-2.10594431748024
			3.11151878858069	-2.10594431748024
			3.11337752142931	-2.10594431748024
			3.11523625427792	-2.10594431748024
			3.11709498712653	-2.10780305032885
			3.11895371997515	-2.10780305032885
			3.12081245282376	-2.10780305032885
			3.12267118567238	-2.10780305032885
			3.12452991852099	-2.10780305032885
			3.12638865136961	-2.10966178317747
			3.12824738421822	-2.10966178317747
			3.13010611706684	-2.10966178317747
			3.13196484991545	-2.10966178317747
			3.13382358276407	-2.10966178317747
			3.13568231561268	-2.10966178317747
			3.13754104846129	-2.11152051602608
			3.13939978130991	-2.11152051602608
			3.14125851415852	-2.11152051602608
			3.14311724700714	-2.11152051602608
			3.14497597985575	-2.11152051602608
			3.14683471270437	-2.11152051602608
			3.14869344555298	-2.1133792488747
			3.1505521784016	-2.1133792488747
			3.15241091125021	-2.1133792488747
			3.15426964409882	-2.1133792488747
			3.15612837694744	-2.1133792488747
			3.15798710979605	-2.1133792488747
			3.15984584264467	-2.1133792488747
			3.16170457549328	-2.11523798172331
			3.1635633083419	-2.11523798172331
			3.16542204119051	-2.11523798172331
			3.16728077403913	-2.11523798172331
			3.16913950688774	-2.11523798172331
			3.17099823973636	-2.11523798172331
			3.17285697258497	-2.11523798172331
			3.17471570543358	-2.11709671457193
			3.1765744382822	-2.11709671457193
			3.17843317113081	-2.11709671457193
			3.18029190397943	-2.11709671457193
		</curvaD_espina_dorsal>
		<curvaI_espina_dorsal type=matrix rownames=FALSE colnames=FALSE nrow=366 ncol=2 as.numeric=TRUE >
			2.60408472090893	-1.74906761054625
			2.60594345375754	-1.75092634339487
			2.60780218660616	-1.75092634339487
			2.60780218660616	-1.75278507624348
			2.60966091945477	-1.75278507624348
			2.61151965230339	-1.7546438090921
			2.613378385152	-1.75650254194071
			2.61523711800062	-1.75650254194071
			2.61523711800062	-1.75836127478933
			2.61709585084923	-1.76022000763794
			2.61895458369785	-1.76022000763794
			2.62081331654646	-1.76207874048656
			2.62267204939507	-1.76393747333517
			2.62453078224369	-1.76579620618379
			2.6263895150923	-1.7676549390324
			2.62824824794092	-1.7676549390324
			2.63010698078953	-1.76951367188101
			2.63196571363815	-1.77137240472963
			2.63382444648676	-1.77323113757824
			2.63568317933538	-1.77508987042686
			2.63754191218399	-1.77508987042686
			2.6394006450326	-1.77694860327547
			2.64125937788122	-1.77880733612409
			2.64311811072983	-1.7806660689727
			2.64497684357845	-1.7806660689727
			2.64683557642706	-1.78252480182132
			2.64869430927568	-1.78438353466993
			2.65055304212429	-1.78624226751854
			2.65055304212429	-1.78810100036716
			2.65241177497291	-1.78810100036716
			2.65427050782152	-1.78995973321577
			2.65612924067014	-1.79181846606439
			2.65798797351875	-1.793677198913
			2.65984670636736	-1.79553593176162
			2.66170543921598	-1.79739466461023
			2.66356417206459	-1.79739466461023
			2.66542290491321	-1.79925339745885
			2.66728163776182	-1.80111213030746
			2.66914037061044	-1.80297086315608
			2.67099910345905	-1.80482959600469
			2.67285783630767	-1.8066883288533
			2.67471656915628	-1.8066883288533
			2.6765753020049	-1.80854706170192
			2.67843403485351	-1.81040579455053
			2.68029276770212	-1.81226452739915
			2.68215150055074	-1.81412326024776
			2.68401023339935	-1.81598199309638
			2.68586896624797	-1.81598199309638
			2.68772769909658	-1.81784072594499
			2.6895864319452	-1.81969945879361
			2.69144516479381	-1.82155819164222
			2.69330389764243	-1.82341692449083
			2.69516263049104	-1.82527565733945
			2.69702136333965	-1.82713439018806
			2.69888009618827	-1.82899312303668
			2.70073882903688	-1.82899312303668
			2.70073882903688	-1.83085185588529
			2.7025975618855	-1.83271058873391
			2.70445629473411	-1.83456932158252
			2.70631502758273	-1.83642805443114
			2.70817376043134	-1.83828678727975
			2.71003249327996	-1.84014552012837
			2.71189122612857	-1.84200425297698
			2.71374995897719	-1.84386298582559
			2.7156086918258	-1.84386298582559
			2.71746742467441	-1.84572171867421
			2.71932615752303	-1.84758045152282
			2.72118489037164	-1.84943918437144
			2.72304362322026	-1.85129791722005
			2.72490235606887	-1.85315665006867
			2.72676108891749	-1.85501538291728
			2.7286198217661	-1.8568741157659
			2.73047855461472	-1.85873284861451
			2.73233728746333	-1.86059158146313
			2.73419602031194	-1.86245031431174
			2.73605475316056	-1.86430904716035
			2.73791348600917	-1.86430904716035
			2.73977221885779	-1.86616778000897
			2.7416309517064	-1.86802651285758
			2.74348968455502	-1.8698852457062
			2.74534841740363	-1.87174397855481
			2.74720715025225	-1.87360271140343
			2.74906588310086	-1.87546144425204
			2.75092461594948	-1.87732017710066
			2.75278334879809	-1.87917890994927
			2.7546420816467	-1.88103764279788
			2.75650081449532	-1.8828963756465
			2.75835954734393	-1.88475510849511
			2.76021828019255	-1.88661384134373
			2.76207701304116	-1.88847257419234
			2.76393574588978	-1.89033130704096
			2.76579447873839	-1.89219003988957
			2.76765321158701	-1.89404877273819
			2.76951194443562	-1.8959075055868
			2.77137067728424	-1.89776623843542
			2.77322941013285	-1.89962497128403
			2.77508814298146	-1.90148370413264
			2.77694687583008	-1.90334243698126
			2.77880560867869	-1.90520116982987
			2.77880560867869	-1.90705990267849
			2.78066434152731	-1.9089186355271
			2.78252307437592	-1.9089186355271
			2.78438180722454	-1.91077736837572
			2.78438180722454	-1.91263610122433
			2.78624054007315	-1.91449483407295
			2.78809927292177	-1.91635356692156
			2.78995800577038	-1.91821229977017
			2.79181673861899	-1.92007103261879
			2.79367547146761	-1.9219297654674
			2.79553420431622	-1.92378849831602
			2.79553420431622	-1.92564723116463
			2.79739293716484	-1.92750596401325
			2.79925167001345	-1.92750596401325
			2.80111040286207	-1.92936469686186
			2.80111040286207	-1.93122342971048
			2.80296913571068	-1.93308216255909
			2.8048278685593	-1.93494089540771
			2.80668660140791	-1.93679962825632
			2.80668660140791	-1.93865836110493
			2.80854533425653	-1.93865836110493
			2.81040406710514	-1.94051709395355
			2.81226279995375	-1.94237582680216
			2.81226279995375	-1.94423455965078
			2.81412153280237	-1.94609329249939
			2.81598026565098	-1.94609329249939
			2.81598026565098	-1.94795202534801
			2.8178389984996	-1.94981075819662
			2.81969773134821	-1.95166949104524
			2.81969773134821	-1.95352822389385
			2.82155646419683	-1.95352822389385
			2.82341519704544	-1.95538695674247
			2.82341519704544	-1.95724568959108
			2.82527392989406	-1.95910442243969
			2.82713266274267	-1.95910442243969
			2.82713266274267	-1.96096315528831
			2.82899139559128	-1.96282188813692
			2.82899139559128	-1.96468062098554
			2.8308501284399	-1.96468062098554
			2.83270886128851	-1.96653935383415
			2.83270886128851	-1.96839808668277
			2.83456759413713	-1.97025681953138
			2.83642632698574	-1.97211555238
			2.83828505983436	-1.97397428522861
			2.84014379268297	-1.97583301807722
			2.84014379268297	-1.97769175092584
			2.84200252553159	-1.97955048377445
			2.84200252553159	-1.98140921662307
			2.8438612583802	-1.98140921662307
			2.84571999122882	-1.98326794947168
			2.84571999122882	-1.9851266823203
			2.84757872407743	-1.98698541516891
			2.84943745692604	-1.98884414801753
			2.84943745692604	-1.99070288086614
			2.85129618977466	-1.99256161371476
			2.85315492262327	-1.99442034656337
			2.85501365547189	-1.99627907941198
			2.85501365547189	-1.9981378122606
			2.8568723883205	-1.99999654510921
			2.85873112116912	-2.00185527795783
			2.85873112116912	-2.00371401080644
			2.86058985401773	-2.00557274365506
			2.86058985401773	-2.00743147650367
			2.86244858686635	-2.00929020935229
			2.86244858686635	-2.0111489422009
			2.86430731971496	-2.0111489422009
			2.86430731971496	-2.01300767504951
			2.86616605256358	-2.01486640789813
			2.86616605256358	-2.01672514074674
			2.86616605256358	-2.01858387359536
			2.86802478541219	-2.01858387359536
			2.86802478541219	-2.02044260644397
			2.86616605256358	-2.02230133929259
			2.86616605256358	-2.0241600721412
			2.86430731971496	-2.02601880498982
			2.86430731971496	-2.02787753783843
			2.86244858686635	-2.02973627068705
			2.86244858686635	-2.03159500353566
			2.86058985401773	-2.03345373638427
			2.86058985401773	-2.03531246923289
			2.85873112116912	-2.0371712020815
			2.8568723883205	-2.03902993493012
			2.8568723883205	-2.04088866777873
			2.85501365547189	-2.04274740062735
			2.85315492262327	-2.04460613347596
			2.85315492262327	-2.04646486632458
			2.85129618977466	-2.04646486632458
			2.85129618977466	-2.04832359917319
			2.84943745692604	-2.05018233202181
			2.84757872407743	-2.05204106487042
			2.84757872407743	-2.05389979771903
			2.84571999122882	-2.05389979771903
			2.84571999122882	-2.05575853056765
			2.8438612583802	-2.05761726341626
			2.84200252553159	-2.05947599626488
			2.84014379268297	-2.06133472911349
			2.83828505983436	-2.06319346196211
			2.83642632698574	-2.06505219481072
			2.83456759413713	-2.06691092765934
			2.83456759413713	-2.06876966050795
			2.83270886128851	-2.06876966050795
			2.8308501284399	-2.07062839335656
			2.82899139559128	-2.07248712620518
			2.82713266274267	-2.07434585905379
			2.82527392989406	-2.07620459190241
			2.82341519704544	-2.07620459190241
			2.82155646419683	-2.07806332475102
			2.82155646419683	-2.07992205759964
			2.81969773134821	-2.07992205759964
			2.8178389984996	-2.08178079044825
			2.81598026565098	-2.08363952329687
			2.81412153280237	-2.08363952329687
			2.81226279995375	-2.08549825614548
			2.81040406710514	-2.0873569889941
			2.80854533425653	-2.0873569889941
			2.80668660140791	-2.08921572184271
			2.8048278685593	-2.09107445469132
			2.80296913571068	-2.09107445469132
			2.80111040286207	-2.09293318753994
			2.79925167001345	-2.09293318753994
			2.79739293716484	-2.09479192038855
			2.79553420431622	-2.09479192038855
			2.79367547146761	-2.09665065323717
			2.79181673861899	-2.09665065323717
			2.78995800577038	-2.09850938608578
			2.78809927292177	-2.09850938608578
			2.78624054007315	-2.09850938608578
			2.78624054007315	-2.1003681189344
			2.78438180722454	-2.1003681189344
			2.78252307437592	-2.1003681189344
			2.78252307437592	-2.10222685178301
			2.78066434152731	-2.10222685178301
			2.77880560867869	-2.10222685178301
			2.77694687583008	-2.10408558463163
			2.77508814298146	-2.10408558463163
			2.77322941013285	-2.10408558463163
			2.77137067728424	-2.10408558463163
			2.77137067728424	-2.10594431748024
			2.76951194443562	-2.10594431748024
			2.76765321158701	-2.10594431748024
			2.76579447873839	-2.10594431748024
			2.76393574588978	-2.10780305032885
			2.76207701304116	-2.10780305032885
			2.76021828019255	-2.10780305032885
			2.75835954734393	-2.10780305032885
			2.75650081449532	-2.10966178317747
			2.7546420816467	-2.10966178317747
			2.75278334879809	-2.10966178317747
			2.75092461594948	-2.10966178317747
			2.74906588310086	-2.10966178317747
			2.74720715025225	-2.11152051602608
			2.74534841740363	-2.11152051602608
			2.74348968455502	-2.11152051602608
			2.7416309517064	-2.11152051602608
			2.73977221885779	-2.11152051602608
			2.73791348600917	-2.11152051602608
			2.73605475316056	-2.1133792488747
			2.73419602031194	-2.1133792488747
			2.73233728746333	-2.1133792488747
			2.73047855461472	-2.1133792488747
			2.7286198217661	-2.1133792488747
			2.72676108891749	-2.1133792488747
			2.72490235606887	-2.1133792488747
			2.72304362322026	-2.1133792488747
			2.72118489037164	-2.1133792488747
			2.71932615752303	-2.1133792488747
			2.71746742467441	-2.1133792488747
			2.7156086918258	-2.1133792488747
			2.71374995897719	-2.1133792488747
			2.71189122612857	-2.1133792488747
			2.71003249327996	-2.1133792488747
			2.70817376043134	-2.1133792488747
			2.70631502758273	-2.1133792488747
			2.70445629473411	-2.1133792488747
			2.7025975618855	-2.1133792488747
			2.70073882903688	-2.1133792488747
			2.69888009618827	-2.1133792488747
			2.69702136333965	-2.1133792488747
			2.69516263049104	-2.1133792488747
			2.69330389764243	-2.1133792488747
			2.69144516479381	-2.1133792488747
			2.6895864319452	-2.1133792488747
			2.68772769909658	-2.1133792488747
			2.68586896624797	-2.1133792488747
			2.68401023339935	-2.11523798172331
			2.68215150055074	-2.11523798172331
			2.68029276770212	-2.11709671457193
			2.67843403485351	-2.11895544742054
			2.6765753020049	-2.11895544742054
			2.67471656915628	-2.12081418026916
			2.67471656915628	-2.12267291311777
			2.67285783630767	-2.12267291311777
			2.67099910345905	-2.12453164596639
			2.66914037061044	-2.12453164596639
			2.66914037061044	-2.126390378815
			2.66728163776182	-2.126390378815
			2.66542290491321	-2.12824911166361
			2.66356417206459	-2.12824911166361
			2.66356417206459	-2.13010784451223
			2.66170543921598	-2.13010784451223
			2.65984670636736	-2.13196657736084
			2.65984670636736	-2.13382531020946
			2.65798797351875	-2.13382531020946
			2.65612924067014	-2.13568404305807
			2.65427050782152	-2.13568404305807
			2.65427050782152	-2.13754277590669
			2.65241177497291	-2.13754277590669
			2.65055304212429	-2.1394015087553
			2.64869430927568	-2.14126024160392
			2.64683557642706	-2.14311897445253
			2.64497684357845	-2.14497770730115
			2.64311811072983	-2.14497770730115
			2.64125937788122	-2.14683644014976
			2.6394006450326	-2.14869517299837
			2.6394006450326	-2.15055390584699
			2.63754191218399	-2.15055390584699
			2.63568317933538	-2.1524126386956
			2.63382444648676	-2.15427137154422
			2.63196571363815	-2.15613010439283
			2.63010698078953	-2.15798883724145
			2.62824824794092	-2.15984757009006
			2.6263895150923	-2.16170630293868
			2.62453078224369	-2.16356503578729
			2.62267204939507	-2.16356503578729
			2.62081331654646	-2.1654237686359
			2.61895458369785	-2.16728250148452
			2.61895458369785	-2.16914123433313
			2.61709585084923	-2.17099996718175
			2.61523711800062	-2.17285870003036
			2.613378385152	-2.17285870003036
			2.613378385152	-2.17471743287898
			2.61151965230339	-2.17657616572759
			2.60966091945477	-2.17843489857621
			2.60780218660616	-2.18029363142482
			2.60594345375754	-2.18215236427344
			2.60408472090893	-2.18401109712205
			2.60222598806031	-2.18586982997066
			2.6003672552117	-2.18772856281928
			2.59850852236309	-2.18958729566789
			2.59850852236309	-2.19144602851651
			2.59664978951447	-2.19330476136512
			2.59479105666586	-2.19516349421374
			2.59293232381724	-2.19702222706235
			2.59293232381724	-2.19888095991097
			2.59107359096863	-2.20073969275958
			2.58921485812001	-2.20259842560819
			2.5873561252714	-2.20445715845681
			2.5873561252714	-2.20631589130542
			2.58549739242278	-2.20817462415404
			2.58363865957417	-2.21003335700265
			2.58363865957417	-2.21189208985127
			2.58177992672556	-2.21375082269988
			2.57992119387694	-2.2156095555485
			2.57992119387694	-2.21746828839711
			2.57806246102833	-2.21932702124573
			2.57620372817971	-2.22118575409434
			2.57620372817971	-2.22304448694295
			2.5743449953311	-2.22490321979157
			2.5743449953311	-2.22676195264018
			2.57248626248248	-2.2286206854888
			2.57248626248248	-2.23047941833741
			2.57062752963387	-2.23233815118603
			2.57062752963387	-2.23419688403464
			2.56876879678525	-2.23605561688326
			2.56876879678525	-2.23791434973187
			2.56691006393664	-2.23977308258049
			2.56691006393664	-2.2416318154291
		</curvaI_espina_dorsal>
	</curves.scaled>
	<ruler.points type=matrix rownames=TRUE colnames=FALSE nrow=2 ncol=2 as.numeric=TRUE >
		Ruler point 1	1607	568
		Ruler point 2	2145	567
	</ruler.points>
</shapes>

