<shapes type=list>
	<ruler.pixel type=vector names=FALSE length=1 as.numeric=TRUE >536.008395456638</ruler.pixel>
	<ruler.interval type=vector names=FALSE length=1 as.numeric=TRUE >1</ruler.interval>
	<scaling.units type=vector names=FALSE length=1 as.numeric=FALSE >mm</scaling.units>
	<scaling type=vector names=FALSE length=1 as.numeric=TRUE >0.00186219416408742</scaling>
	<landmarks.pixel type=matrix rownames=TRUE colnames=FALSE nrow=3 ncol=2 as.numeric=TRUE >
		punta_espina_dorsal	1314	1101
		esq_izq_caparaza	1499	1306
		organo_dorsal	1671	1029
	</landmarks.pixel>
	<landmarks.scaled type=matrix rownames=TRUE colnames=FALSE nrow=3 ncol=2 as.numeric=TRUE >
		punta_espina_dorsal	2.44692313161087	-2.05027577466025
		esq_izq_caparaza	2.79142905196704	-2.43202557829817
		organo_dorsal	3.11172644819008	-1.91619779484595
	</landmarks.scaled>
	<curves.control type=list>
		<curvaD_espina_dorsal type=matrix rownames=FALSE colnames=FALSE nrow=7 ncol=2 as.numeric=TRUE >
			1314	1101
			1334	1089
			1405	1083
			1449	1077
			1509	1072
			1572	1107
			1671	1029
		</curvaD_espina_dorsal>
		<curvaI_espina_dorsal type=matrix rownames=FALSE colnames=FALSE nrow=9 ncol=2 as.numeric=TRUE >
			1314	1101
			1369	1094
			1415	1096
			1513	1093
			1511	1117
			1529	1169
			1485	1229
			1473	1258
			1499	1306
		</curvaI_espina_dorsal>
	</curves.control>
	<curves.pixel type=list>
		<curvaD_espina_dorsal type=matrix rownames=FALSE colnames=FALSE nrow=363 ncol=2 as.numeric=TRUE >
			1314	1101
			1315	1101
			1315	1100
			1316	1100
			1317	1099
			1318	1099
			1319	1098
			1320	1098
			1321	1098
			1322	1097
			1323	1097
			1324	1096
			1325	1096
			1326	1096
			1327	1095
			1328	1095
			1329	1095
			1330	1095
			1331	1094
			1332	1094
			1333	1094
			1334	1093
			1335	1093
			1336	1093
			1337	1093
			1338	1092
			1339	1092
			1340	1092
			1341	1092
			1342	1092
			1343	1091
			1344	1091
			1345	1091
			1346	1091
			1347	1090
			1348	1090
			1349	1090
			1350	1090
			1351	1090
			1352	1090
			1353	1089
			1354	1089
			1355	1089
			1356	1089
			1357	1089
			1358	1089
			1359	1088
			1360	1088
			1361	1088
			1362	1088
			1363	1088
			1364	1088
			1365	1087
			1366	1087
			1367	1087
			1368	1087
			1369	1087
			1370	1087
			1371	1087
			1372	1086
			1373	1086
			1374	1086
			1375	1086
			1376	1086
			1377	1086
			1378	1086
			1379	1086
			1380	1085
			1381	1085
			1382	1085
			1383	1085
			1384	1085
			1385	1085
			1386	1085
			1387	1085
			1388	1085
			1389	1084
			1390	1084
			1391	1084
			1392	1084
			1393	1084
			1394	1084
			1395	1084
			1396	1084
			1397	1084
			1398	1084
			1399	1084
			1400	1083
			1401	1083
			1402	1083
			1403	1083
			1404	1083
			1405	1083
			1406	1083
			1407	1083
			1408	1083
			1409	1082
			1410	1082
			1411	1082
			1412	1082
			1413	1082
			1414	1082
			1415	1082
			1416	1082
			1417	1081
			1418	1081
			1419	1081
			1420	1081
			1421	1081
			1422	1081
			1423	1081
			1424	1081
			1425	1080
			1426	1080
			1427	1080
			1428	1080
			1429	1080
			1430	1080
			1431	1080
			1432	1080
			1433	1079
			1434	1079
			1435	1079
			1436	1079
			1437	1079
			1438	1079
			1439	1079
			1440	1079
			1441	1079
			1442	1078
			1443	1078
			1444	1078
			1445	1078
			1446	1078
			1447	1078
			1448	1078
			1449	1078
			1450	1078
			1451	1077
			1452	1077
			1453	1077
			1454	1077
			1455	1077
			1456	1077
			1457	1077
			1458	1077
			1459	1077
			1460	1077
			1461	1076
			1462	1076
			1463	1076
			1464	1076
			1465	1076
			1466	1076
			1467	1076
			1468	1076
			1469	1076
			1470	1075
			1471	1075
			1472	1075
			1473	1075
			1474	1075
			1475	1075
			1476	1075
			1477	1075
			1478	1075
			1479	1075
			1480	1075
			1481	1074
			1482	1074
			1483	1074
			1484	1074
			1485	1074
			1486	1074
			1487	1074
			1488	1074
			1489	1074
			1490	1074
			1491	1074
			1492	1073
			1493	1073
			1494	1073
			1495	1073
			1496	1073
			1497	1073
			1498	1073
			1499	1073
			1500	1073
			1501	1073
			1502	1073
			1503	1072
			1504	1072
			1505	1072
			1506	1072
			1507	1072
			1508	1072
			1509	1072
			1510	1073
			1511	1073
			1512	1074
			1513	1074
			1514	1075
			1515	1075
			1516	1075
			1517	1076
			1518	1076
			1519	1077
			1520	1077
			1521	1078
			1522	1078
			1523	1078
			1524	1079
			1525	1079
			1526	1079
			1527	1080
			1528	1080
			1529	1080
			1530	1080
			1531	1081
			1532	1081
			1533	1081
			1534	1081
			1535	1081
			1536	1082
			1537	1082
			1538	1082
			1539	1082
			1540	1082
			1541	1082
			1542	1082
			1543	1082
			1544	1083
			1545	1083
			1546	1083
			1547	1083
			1548	1083
			1549	1083
			1550	1083
			1551	1083
			1552	1083
			1553	1083
			1554	1083
			1555	1083
			1556	1083
			1557	1083
			1558	1083
			1559	1083
			1560	1082
			1561	1082
			1562	1082
			1563	1082
			1564	1082
			1565	1082
			1566	1082
			1567	1082
			1568	1082
			1569	1081
			1570	1081
			1571	1081
			1572	1081
			1573	1081
			1574	1080
			1575	1080
			1576	1080
			1577	1080
			1578	1079
			1579	1079
			1580	1079
			1581	1079
			1582	1078
			1583	1078
			1584	1078
			1585	1078
			1586	1077
			1587	1077
			1588	1077
			1589	1076
			1590	1076
			1591	1076
			1592	1076
			1593	1075
			1594	1074
			1595	1074
			1596	1074
			1597	1074
			1597	1073
			1598	1073
			1599	1073
			1600	1072
			1601	1072
			1602	1071
			1603	1071
			1604	1071
			1605	1070
			1606	1070
			1607	1070
			1607	1069
			1608	1069
			1609	1068
			1610	1068
			1611	1068
			1612	1067
			1613	1067
			1613	1066
			1614	1066
			1615	1065
			1616	1065
			1617	1065
			1618	1064
			1619	1064
			1620	1063
			1621	1062
			1622	1062
			1623	1061
			1624	1061
			1625	1060
			1626	1060
			1627	1059
			1628	1059
			1629	1058
			1630	1057
			1631	1057
			1632	1056
			1633	1056
			1634	1055
			1635	1054
			1636	1054
			1637	1053
			1638	1053
			1639	1052
			1640	1051
			1641	1051
			1642	1050
			1643	1050
			1643	1049
			1644	1048
			1645	1048
			1646	1047
			1647	1046
			1648	1046
			1649	1045
			1650	1044
			1651	1044
			1652	1043
			1653	1042
			1654	1042
			1655	1041
			1656	1040
			1657	1039
			1658	1039
			1659	1038
			1660	1037
			1661	1037
			1662	1036
			1663	1035
			1664	1034
			1665	1034
			1666	1033
			1667	1032
			1668	1031
			1669	1030
			1670	1030
			1671	1029
		</curvaD_espina_dorsal>
		<curvaI_espina_dorsal type=matrix rownames=FALSE colnames=FALSE nrow=397 ncol=2 as.numeric=TRUE >
			1314	1101
			1315	1101
			1316	1101
			1317	1101
			1318	1100
			1319	1100
			1320	1100
			1321	1100
			1322	1100
			1323	1100
			1324	1100
			1325	1100
			1326	1100
			1327	1100
			1327	1099
			1328	1099
			1329	1099
			1330	1099
			1331	1099
			1332	1099
			1333	1099
			1334	1099
			1335	1099
			1336	1099
			1337	1098
			1338	1098
			1339	1098
			1340	1098
			1341	1098
			1342	1098
			1343	1098
			1344	1098
			1345	1098
			1346	1098
			1347	1098
			1348	1097
			1349	1097
			1350	1097
			1351	1097
			1352	1097
			1353	1097
			1354	1097
			1355	1097
			1356	1097
			1357	1097
			1358	1097
			1359	1097
			1360	1097
			1361	1097
			1362	1096
			1363	1096
			1364	1096
			1365	1096
			1366	1096
			1367	1096
			1368	1096
			1369	1096
			1370	1096
			1371	1096
			1372	1096
			1373	1096
			1374	1096
			1375	1096
			1376	1096
			1377	1096
			1378	1096
			1379	1096
			1380	1096
			1381	1096
			1382	1096
			1383	1096
			1384	1096
			1385	1096
			1386	1096
			1387	1096
			1388	1096
			1389	1096
			1390	1096
			1391	1096
			1392	1096
			1393	1096
			1394	1096
			1395	1096
			1396	1096
			1397	1096
			1398	1096
			1399	1096
			1400	1096
			1401	1096
			1402	1096
			1403	1096
			1404	1096
			1405	1096
			1406	1096
			1407	1096
			1408	1096
			1409	1096
			1410	1096
			1411	1096
			1412	1096
			1413	1096
			1414	1096
			1415	1096
			1416	1096
			1417	1096
			1418	1096
			1419	1096
			1420	1096
			1421	1096
			1422	1096
			1423	1096
			1424	1096
			1425	1096
			1426	1096
			1427	1096
			1428	1096
			1429	1096
			1430	1096
			1431	1096
			1432	1096
			1433	1096
			1434	1096
			1435	1096
			1436	1096
			1437	1096
			1438	1096
			1439	1096
			1440	1096
			1441	1096
			1442	1096
			1443	1096
			1444	1096
			1445	1096
			1446	1096
			1447	1096
			1448	1096
			1449	1096
			1450	1096
			1451	1096
			1452	1096
			1453	1096
			1454	1096
			1455	1096
			1456	1096
			1457	1096
			1458	1096
			1459	1096
			1460	1096
			1461	1096
			1462	1096
			1463	1097
			1464	1097
			1465	1097
			1466	1097
			1467	1097
			1468	1097
			1469	1097
			1470	1097
			1471	1097
			1472	1097
			1473	1097
			1474	1098
			1475	1098
			1476	1098
			1477	1098
			1478	1098
			1479	1098
			1480	1098
			1481	1098
			1482	1099
			1483	1099
			1484	1099
			1485	1099
			1486	1099
			1487	1100
			1488	1100
			1489	1100
			1490	1100
			1491	1101
			1492	1101
			1493	1101
			1494	1101
			1495	1102
			1496	1102
			1497	1102
			1498	1102
			1498	1103
			1499	1103
			1500	1103
			1501	1104
			1502	1104
			1503	1105
			1504	1106
			1505	1106
			1506	1107
			1507	1108
			1508	1109
			1509	1110
			1509	1111
			1510	1111
			1510	1112
			1511	1113
			1511	1114
			1511	1115
			1511	1116
			1511	1117
			1511	1118
			1512	1119
			1512	1120
			1512	1121
			1513	1122
			1513	1123
			1513	1124
			1513	1125
			1514	1126
			1514	1127
			1514	1128
			1514	1129
			1515	1130
			1515	1131
			1515	1132
			1515	1133
			1515	1134
			1515	1135
			1516	1136
			1516	1137
			1516	1138
			1516	1139
			1516	1140
			1516	1141
			1516	1142
			1516	1143
			1516	1144
			1516	1145
			1516	1146
			1516	1147
			1516	1148
			1516	1149
			1516	1150
			1516	1151
			1516	1152
			1516	1153
			1516	1154
			1516	1155
			1516	1156
			1516	1157
			1516	1158
			1516	1159
			1516	1160
			1515	1160
			1515	1161
			1515	1162
			1515	1163
			1515	1164
			1515	1165
			1515	1166
			1514	1167
			1514	1168
			1514	1169
			1514	1170
			1513	1171
			1513	1172
			1513	1173
			1513	1174
			1512	1175
			1512	1176
			1512	1177
			1512	1178
			1511	1179
			1511	1180
			1511	1181
			1510	1182
			1510	1183
			1510	1184
			1509	1185
			1509	1186
			1509	1187
			1508	1188
			1508	1189
			1507	1190
			1507	1191
			1507	1192
			1506	1193
			1506	1194
			1505	1195
			1505	1196
			1504	1197
			1504	1198
			1504	1199
			1503	1200
			1503	1201
			1502	1202
			1502	1203
			1501	1204
			1500	1205
			1500	1206
			1499	1207
			1499	1208
			1498	1209
			1498	1210
			1497	1211
			1497	1212
			1496	1213
			1495	1214
			1495	1215
			1494	1216
			1493	1217
			1493	1218
			1492	1219
			1492	1220
			1491	1221
			1490	1222
			1490	1223
			1489	1224
			1488	1225
			1487	1226
			1487	1227
			1486	1228
			1485	1229
			1485	1230
			1484	1231
			1484	1232
			1484	1233
			1483	1234
			1483	1235
			1483	1236
			1482	1237
			1482	1238
			1482	1239
			1482	1240
			1482	1241
			1482	1242
			1482	1243
			1481	1243
			1481	1244
			1481	1245
			1481	1246
			1481	1247
			1481	1248
			1481	1249
			1481	1250
			1481	1251
			1481	1252
			1481	1253
			1481	1254
			1481	1255
			1482	1256
			1482	1257
			1482	1258
			1482	1259
			1482	1260
			1482	1261
			1482	1262
			1483	1263
			1483	1264
			1483	1265
			1483	1266
			1483	1267
			1484	1268
			1484	1269
			1484	1270
			1484	1271
			1485	1272
			1485	1273
			1485	1274
			1486	1275
			1486	1276
			1486	1277
			1487	1278
			1487	1279
			1487	1280
			1488	1281
			1488	1282
			1488	1283
			1489	1284
			1489	1285
			1490	1286
			1490	1287
			1490	1288
			1491	1289
			1491	1290
			1492	1291
			1492	1292
			1493	1293
			1493	1294
			1493	1295
			1494	1296
			1494	1297
			1495	1298
			1495	1299
			1496	1300
			1496	1301
			1497	1302
			1497	1303
			1498	1304
			1499	1305
			1499	1306
		</curvaI_espina_dorsal>
	</curves.pixel>
	<curves.scaled type=list>
		<curvaD_espina_dorsal type=matrix rownames=FALSE colnames=FALSE nrow=363 ncol=2 as.numeric=TRUE >
			2.44692313161087	-2.05027577466025
			2.44878532577496	-2.05027577466025
			2.44878532577496	-2.04841358049616
			2.45064751993904	-2.04841358049616
			2.45250971410313	-2.04655138633207
			2.45437190826722	-2.04655138633207
			2.45623410243131	-2.04468919216799
			2.45809629659539	-2.04468919216799
			2.45995849075948	-2.04468919216799
			2.46182068492357	-2.0428269980039
			2.46368287908766	-2.0428269980039
			2.46554507325174	-2.04096480383981
			2.46740726741583	-2.04096480383981
			2.46926946157992	-2.04096480383981
			2.47113165574401	-2.03910260967572
			2.47299384990809	-2.03910260967572
			2.47485604407218	-2.03910260967572
			2.47671823823627	-2.03910260967572
			2.47858043240036	-2.03724041551164
			2.48044262656444	-2.03724041551164
			2.48230482072853	-2.03724041551164
			2.48416701489262	-2.03537822134755
			2.48602920905671	-2.03537822134755
			2.48789140322079	-2.03537822134755
			2.48975359738488	-2.03537822134755
			2.49161579154897	-2.03351602718346
			2.49347798571305	-2.03351602718346
			2.49534017987714	-2.03351602718346
			2.49720237404123	-2.03351602718346
			2.49906456820532	-2.03351602718346
			2.5009267623694	-2.03165383301937
			2.50278895653349	-2.03165383301937
			2.50465115069758	-2.03165383301937
			2.50651334486167	-2.03165383301937
			2.50837553902575	-2.02979163885529
			2.51023773318984	-2.02979163885529
			2.51209992735393	-2.02979163885529
			2.51396212151802	-2.02979163885529
			2.5158243156821	-2.02979163885529
			2.51768650984619	-2.02979163885529
			2.51954870401028	-2.0279294446912
			2.52141089817437	-2.0279294446912
			2.52327309233845	-2.0279294446912
			2.52513528650254	-2.0279294446912
			2.52699748066663	-2.0279294446912
			2.52885967483072	-2.0279294446912
			2.5307218689948	-2.02606725052711
			2.53258406315889	-2.02606725052711
			2.53444625732298	-2.02606725052711
			2.53630845148707	-2.02606725052711
			2.53817064565115	-2.02606725052711
			2.54003283981524	-2.02606725052711
			2.54189503397933	-2.02420505636303
			2.54375722814342	-2.02420505636303
			2.5456194223075	-2.02420505636303
			2.54748161647159	-2.02420505636303
			2.54934381063568	-2.02420505636303
			2.55120600479976	-2.02420505636303
			2.55306819896385	-2.02420505636303
			2.55493039312794	-2.02234286219894
			2.55679258729203	-2.02234286219894
			2.55865478145611	-2.02234286219894
			2.5605169756202	-2.02234286219894
			2.56237916978429	-2.02234286219894
			2.56424136394838	-2.02234286219894
			2.56610355811246	-2.02234286219894
			2.56796575227655	-2.02234286219894
			2.56982794644064	-2.02048066803485
			2.57169014060473	-2.02048066803485
			2.57355233476881	-2.02048066803485
			2.5754145289329	-2.02048066803485
			2.57727672309699	-2.02048066803485
			2.57913891726108	-2.02048066803485
			2.58100111142516	-2.02048066803485
			2.58286330558925	-2.02048066803485
			2.58472549975334	-2.02048066803485
			2.58658769391743	-2.01861847387076
			2.58844988808151	-2.01861847387076
			2.5903120822456	-2.01861847387076
			2.59217427640969	-2.01861847387076
			2.59403647057378	-2.01861847387076
			2.59589866473786	-2.01861847387076
			2.59776085890195	-2.01861847387076
			2.59962305306604	-2.01861847387076
			2.60148524723013	-2.01861847387076
			2.60334744139421	-2.01861847387076
			2.6052096355583	-2.01861847387076
			2.60707182972239	-2.01675627970668
			2.60893402388647	-2.01675627970668
			2.61079621805056	-2.01675627970668
			2.61265841221465	-2.01675627970668
			2.61452060637874	-2.01675627970668
			2.61638280054282	-2.01675627970668
			2.61824499470691	-2.01675627970668
			2.620107188871	-2.01675627970668
			2.62196938303509	-2.01675627970668
			2.62383157719917	-2.01489408554259
			2.62569377136326	-2.01489408554259
			2.62755596552735	-2.01489408554259
			2.62941815969144	-2.01489408554259
			2.63128035385552	-2.01489408554259
			2.63314254801961	-2.01489408554259
			2.6350047421837	-2.01489408554259
			2.63686693634779	-2.01489408554259
			2.63872913051187	-2.0130318913785
			2.64059132467596	-2.0130318913785
			2.64245351884005	-2.0130318913785
			2.64431571300414	-2.0130318913785
			2.64617790716822	-2.0130318913785
			2.64804010133231	-2.0130318913785
			2.6499022954964	-2.0130318913785
			2.65176448966049	-2.0130318913785
			2.65362668382457	-2.01116969721441
			2.65548887798866	-2.01116969721441
			2.65735107215275	-2.01116969721441
			2.65921326631684	-2.01116969721441
			2.66107546048092	-2.01116969721441
			2.66293765464501	-2.01116969721441
			2.6647998488091	-2.01116969721441
			2.66666204297319	-2.01116969721441
			2.66852423713727	-2.00930750305033
			2.67038643130136	-2.00930750305033
			2.67224862546545	-2.00930750305033
			2.67411081962953	-2.00930750305033
			2.67597301379362	-2.00930750305033
			2.67783520795771	-2.00930750305033
			2.6796974021218	-2.00930750305033
			2.68155959628588	-2.00930750305033
			2.68342179044997	-2.00930750305033
			2.68528398461406	-2.00744530888624
			2.68714617877815	-2.00744530888624
			2.68900837294223	-2.00744530888624
			2.69087056710632	-2.00744530888624
			2.69273276127041	-2.00744530888624
			2.6945949554345	-2.00744530888624
			2.69645714959858	-2.00744530888624
			2.69831934376267	-2.00744530888624
			2.70018153792676	-2.00744530888624
			2.70204373209085	-2.00558311472215
			2.70390592625493	-2.00558311472215
			2.70576812041902	-2.00558311472215
			2.70763031458311	-2.00558311472215
			2.7094925087472	-2.00558311472215
			2.71135470291128	-2.00558311472215
			2.71321689707537	-2.00558311472215
			2.71507909123946	-2.00558311472215
			2.71694128540355	-2.00558311472215
			2.71880347956763	-2.00558311472215
			2.72066567373172	-2.00372092055806
			2.72252786789581	-2.00372092055806
			2.7243900620599	-2.00372092055806
			2.72625225622398	-2.00372092055806
			2.72811445038807	-2.00372092055806
			2.72997664455216	-2.00372092055806
			2.73183883871624	-2.00372092055806
			2.73370103288033	-2.00372092055806
			2.73556322704442	-2.00372092055806
			2.73742542120851	-2.00185872639398
			2.73928761537259	-2.00185872639398
			2.74114980953668	-2.00185872639398
			2.74301200370077	-2.00185872639398
			2.74487419786486	-2.00185872639398
			2.74673639202894	-2.00185872639398
			2.74859858619303	-2.00185872639398
			2.75046078035712	-2.00185872639398
			2.75232297452121	-2.00185872639398
			2.75418516868529	-2.00185872639398
			2.75604736284938	-2.00185872639398
			2.75790955701347	-1.99999653222989
			2.75977175117756	-1.99999653222989
			2.76163394534164	-1.99999653222989
			2.76349613950573	-1.99999653222989
			2.76535833366982	-1.99999653222989
			2.76722052783391	-1.99999653222989
			2.76908272199799	-1.99999653222989
			2.77094491616208	-1.99999653222989
			2.77280711032617	-1.99999653222989
			2.77466930449026	-1.99999653222989
			2.77653149865434	-1.99999653222989
			2.77839369281843	-1.9981343380658
			2.78025588698252	-1.9981343380658
			2.78211808114661	-1.9981343380658
			2.78398027531069	-1.9981343380658
			2.78584246947478	-1.9981343380658
			2.78770466363887	-1.9981343380658
			2.78956685780295	-1.9981343380658
			2.79142905196704	-1.9981343380658
			2.79329124613113	-1.9981343380658
			2.79515344029522	-1.9981343380658
			2.7970156344593	-1.9981343380658
			2.79887782862339	-1.99627214390171
			2.80074002278748	-1.99627214390171
			2.80260221695157	-1.99627214390171
			2.80446441111565	-1.99627214390171
			2.80632660527974	-1.99627214390171
			2.80818879944383	-1.99627214390171
			2.81005099360792	-1.99627214390171
			2.811913187772	-1.9981343380658
			2.81377538193609	-1.9981343380658
			2.81563757610018	-1.99999653222989
			2.81749977026427	-1.99999653222989
			2.81936196442835	-2.00185872639398
			2.82122415859244	-2.00185872639398
			2.82308635275653	-2.00185872639398
			2.82494854692062	-2.00372092055806
			2.8268107410847	-2.00372092055806
			2.82867293524879	-2.00558311472215
			2.83053512941288	-2.00558311472215
			2.83239732357697	-2.00744530888624
			2.83425951774105	-2.00744530888624
			2.83612171190514	-2.00744530888624
			2.83798390606923	-2.00930750305033
			2.83984610023332	-2.00930750305033
			2.8417082943974	-2.00930750305033
			2.84357048856149	-2.01116969721441
			2.84543268272558	-2.01116969721441
			2.84729487688966	-2.01116969721441
			2.84915707105375	-2.01116969721441
			2.85101926521784	-2.0130318913785
			2.85288145938193	-2.0130318913785
			2.85474365354601	-2.0130318913785
			2.8566058477101	-2.0130318913785
			2.85846804187419	-2.0130318913785
			2.86033023603828	-2.01489408554259
			2.86219243020236	-2.01489408554259
			2.86405462436645	-2.01489408554259
			2.86591681853054	-2.01489408554259
			2.86777901269463	-2.01489408554259
			2.86964120685871	-2.01489408554259
			2.8715034010228	-2.01489408554259
			2.87336559518689	-2.01489408554259
			2.87522778935098	-2.01675627970668
			2.87708998351506	-2.01675627970668
			2.87895217767915	-2.01675627970668
			2.88081437184324	-2.01675627970668
			2.88267656600733	-2.01675627970668
			2.88453876017141	-2.01675627970668
			2.8864009543355	-2.01675627970668
			2.88826314849959	-2.01675627970668
			2.89012534266368	-2.01675627970668
			2.89198753682776	-2.01675627970668
			2.89384973099185	-2.01675627970668
			2.89571192515594	-2.01675627970668
			2.89757411932003	-2.01675627970668
			2.89943631348411	-2.01675627970668
			2.9012985076482	-2.01675627970668
			2.90316070181229	-2.01675627970668
			2.90502289597637	-2.01489408554259
			2.90688509014046	-2.01489408554259
			2.90874728430455	-2.01489408554259
			2.91060947846864	-2.01489408554259
			2.91247167263272	-2.01489408554259
			2.91433386679681	-2.01489408554259
			2.9161960609609	-2.01489408554259
			2.91805825512499	-2.01489408554259
			2.91992044928907	-2.01489408554259
			2.92178264345316	-2.0130318913785
			2.92364483761725	-2.0130318913785
			2.92550703178134	-2.0130318913785
			2.92736922594542	-2.0130318913785
			2.92923142010951	-2.0130318913785
			2.9310936142736	-2.01116969721441
			2.93295580843769	-2.01116969721441
			2.93481800260177	-2.01116969721441
			2.93668019676586	-2.01116969721441
			2.93854239092995	-2.00930750305033
			2.94040458509404	-2.00930750305033
			2.94226677925812	-2.00930750305033
			2.94412897342221	-2.00930750305033
			2.9459911675863	-2.00744530888624
			2.94785336175039	-2.00744530888624
			2.94971555591447	-2.00744530888624
			2.95157775007856	-2.00744530888624
			2.95343994424265	-2.00558311472215
			2.95530213840674	-2.00558311472215
			2.95716433257082	-2.00558311472215
			2.95902652673491	-2.00372092055806
			2.960888720899	-2.00372092055806
			2.96275091506308	-2.00372092055806
			2.96461310922717	-2.00372092055806
			2.96647530339126	-2.00185872639398
			2.96833749755535	-1.99999653222989
			2.97019969171943	-1.99999653222989
			2.97206188588352	-1.99999653222989
			2.97392408004761	-1.99999653222989
			2.97392408004761	-1.9981343380658
			2.9757862742117	-1.9981343380658
			2.97764846837578	-1.9981343380658
			2.97951066253987	-1.99627214390171
			2.98137285670396	-1.99627214390171
			2.98323505086805	-1.99440994973763
			2.98509724503213	-1.99440994973763
			2.98695943919622	-1.99440994973763
			2.98882163336031	-1.99254775557354
			2.9906838275244	-1.99254775557354
			2.99254602168848	-1.99254775557354
			2.99254602168848	-1.99068556140945
			2.99440821585257	-1.99068556140945
			2.99627041001666	-1.98882336724536
			2.99813260418075	-1.98882336724536
			2.99999479834483	-1.98882336724536
			3.00185699250892	-1.98696117308128
			3.00371918667301	-1.98696117308128
			3.00371918667301	-1.98509897891719
			3.0055813808371	-1.98509897891719
			3.00744357500118	-1.9832367847531
			3.00930576916527	-1.9832367847531
			3.01116796332936	-1.9832367847531
			3.01303015749345	-1.98137459058901
			3.01489235165753	-1.98137459058901
			3.01675454582162	-1.97951239642493
			3.01861673998571	-1.97765020226084
			3.02047893414979	-1.97765020226084
			3.02234112831388	-1.97578800809675
			3.02420332247797	-1.97578800809675
			3.02606551664206	-1.97392581393266
			3.02792771080614	-1.97392581393266
			3.02978990497023	-1.97206361976858
			3.03165209913432	-1.97206361976858
			3.03351429329841	-1.97020142560449
			3.03537648746249	-1.9683392314404
			3.03723868162658	-1.9683392314404
			3.03910087579067	-1.96647703727632
			3.04096306995476	-1.96647703727632
			3.04282526411884	-1.96461484311223
			3.04468745828293	-1.96275264894814
			3.04654965244702	-1.96275264894814
			3.04841184661111	-1.96089045478405
			3.05027404077519	-1.96089045478405
			3.05213623493928	-1.95902826061997
			3.05399842910337	-1.95716606645588
			3.05586062326746	-1.95716606645588
			3.05772281743154	-1.95530387229179
			3.05958501159563	-1.95530387229179
			3.05958501159563	-1.9534416781277
			3.06144720575972	-1.95157948396362
			3.06330939992381	-1.95157948396362
			3.06517159408789	-1.94971728979953
			3.06703378825198	-1.94785509563544
			3.06889598241607	-1.94785509563544
			3.07075817658016	-1.94599290147135
			3.07262037074424	-1.94413070730727
			3.07448256490833	-1.94413070730727
			3.07634475907242	-1.94226851314318
			3.0782069532365	-1.94040631897909
			3.08006914740059	-1.94040631897909
			3.08193134156468	-1.938544124815
			3.08379353572877	-1.93668193065092
			3.08565572989285	-1.93481973648683
			3.08751792405694	-1.93481973648683
			3.08938011822103	-1.93295754232274
			3.09124231238512	-1.93109534815865
			3.0931045065492	-1.93109534815865
			3.09496670071329	-1.92923315399457
			3.09682889487738	-1.92737095983048
			3.09869108904147	-1.92550876566639
			3.10055328320555	-1.92550876566639
			3.10241547736964	-1.9236465715023
			3.10427767153373	-1.92178437733822
			3.10613986569782	-1.91992218317413
			3.1080020598619	-1.91805998901004
			3.10986425402599	-1.91805998901004
			3.11172644819008	-1.91619779484595
		</curvaD_espina_dorsal>
		<curvaI_espina_dorsal type=matrix rownames=FALSE colnames=FALSE nrow=397 ncol=2 as.numeric=TRUE >
			2.44692313161087	-2.05027577466025
			2.44878532577496	-2.05027577466025
			2.45064751993904	-2.05027577466025
			2.45250971410313	-2.05027577466025
			2.45437190826722	-2.04841358049616
			2.45623410243131	-2.04841358049616
			2.45809629659539	-2.04841358049616
			2.45995849075948	-2.04841358049616
			2.46182068492357	-2.04841358049616
			2.46368287908766	-2.04841358049616
			2.46554507325174	-2.04841358049616
			2.46740726741583	-2.04841358049616
			2.46926946157992	-2.04841358049616
			2.47113165574401	-2.04841358049616
			2.47113165574401	-2.04655138633207
			2.47299384990809	-2.04655138633207
			2.47485604407218	-2.04655138633207
			2.47671823823627	-2.04655138633207
			2.47858043240036	-2.04655138633207
			2.48044262656444	-2.04655138633207
			2.48230482072853	-2.04655138633207
			2.48416701489262	-2.04655138633207
			2.48602920905671	-2.04655138633207
			2.48789140322079	-2.04655138633207
			2.48975359738488	-2.04468919216799
			2.49161579154897	-2.04468919216799
			2.49347798571305	-2.04468919216799
			2.49534017987714	-2.04468919216799
			2.49720237404123	-2.04468919216799
			2.49906456820532	-2.04468919216799
			2.5009267623694	-2.04468919216799
			2.50278895653349	-2.04468919216799
			2.50465115069758	-2.04468919216799
			2.50651334486167	-2.04468919216799
			2.50837553902575	-2.04468919216799
			2.51023773318984	-2.0428269980039
			2.51209992735393	-2.0428269980039
			2.51396212151802	-2.0428269980039
			2.5158243156821	-2.0428269980039
			2.51768650984619	-2.0428269980039
			2.51954870401028	-2.0428269980039
			2.52141089817437	-2.0428269980039
			2.52327309233845	-2.0428269980039
			2.52513528650254	-2.0428269980039
			2.52699748066663	-2.0428269980039
			2.52885967483072	-2.0428269980039
			2.5307218689948	-2.0428269980039
			2.53258406315889	-2.0428269980039
			2.53444625732298	-2.0428269980039
			2.53630845148707	-2.04096480383981
			2.53817064565115	-2.04096480383981
			2.54003283981524	-2.04096480383981
			2.54189503397933	-2.04096480383981
			2.54375722814342	-2.04096480383981
			2.5456194223075	-2.04096480383981
			2.54748161647159	-2.04096480383981
			2.54934381063568	-2.04096480383981
			2.55120600479976	-2.04096480383981
			2.55306819896385	-2.04096480383981
			2.55493039312794	-2.04096480383981
			2.55679258729203	-2.04096480383981
			2.55865478145611	-2.04096480383981
			2.5605169756202	-2.04096480383981
			2.56237916978429	-2.04096480383981
			2.56424136394838	-2.04096480383981
			2.56610355811246	-2.04096480383981
			2.56796575227655	-2.04096480383981
			2.56982794644064	-2.04096480383981
			2.57169014060473	-2.04096480383981
			2.57355233476881	-2.04096480383981
			2.5754145289329	-2.04096480383981
			2.57727672309699	-2.04096480383981
			2.57913891726108	-2.04096480383981
			2.58100111142516	-2.04096480383981
			2.58286330558925	-2.04096480383981
			2.58472549975334	-2.04096480383981
			2.58658769391743	-2.04096480383981
			2.58844988808151	-2.04096480383981
			2.5903120822456	-2.04096480383981
			2.59217427640969	-2.04096480383981
			2.59403647057378	-2.04096480383981
			2.59589866473786	-2.04096480383981
			2.59776085890195	-2.04096480383981
			2.59962305306604	-2.04096480383981
			2.60148524723013	-2.04096480383981
			2.60334744139421	-2.04096480383981
			2.6052096355583	-2.04096480383981
			2.60707182972239	-2.04096480383981
			2.60893402388647	-2.04096480383981
			2.61079621805056	-2.04096480383981
			2.61265841221465	-2.04096480383981
			2.61452060637874	-2.04096480383981
			2.61638280054282	-2.04096480383981
			2.61824499470691	-2.04096480383981
			2.620107188871	-2.04096480383981
			2.62196938303509	-2.04096480383981
			2.62383157719917	-2.04096480383981
			2.62569377136326	-2.04096480383981
			2.62755596552735	-2.04096480383981
			2.62941815969144	-2.04096480383981
			2.63128035385552	-2.04096480383981
			2.63314254801961	-2.04096480383981
			2.6350047421837	-2.04096480383981
			2.63686693634779	-2.04096480383981
			2.63872913051187	-2.04096480383981
			2.64059132467596	-2.04096480383981
			2.64245351884005	-2.04096480383981
			2.64431571300414	-2.04096480383981
			2.64617790716822	-2.04096480383981
			2.64804010133231	-2.04096480383981
			2.6499022954964	-2.04096480383981
			2.65176448966049	-2.04096480383981
			2.65362668382457	-2.04096480383981
			2.65548887798866	-2.04096480383981
			2.65735107215275	-2.04096480383981
			2.65921326631684	-2.04096480383981
			2.66107546048092	-2.04096480383981
			2.66293765464501	-2.04096480383981
			2.6647998488091	-2.04096480383981
			2.66666204297319	-2.04096480383981
			2.66852423713727	-2.04096480383981
			2.67038643130136	-2.04096480383981
			2.67224862546545	-2.04096480383981
			2.67411081962953	-2.04096480383981
			2.67597301379362	-2.04096480383981
			2.67783520795771	-2.04096480383981
			2.6796974021218	-2.04096480383981
			2.68155959628588	-2.04096480383981
			2.68342179044997	-2.04096480383981
			2.68528398461406	-2.04096480383981
			2.68714617877815	-2.04096480383981
			2.68900837294223	-2.04096480383981
			2.69087056710632	-2.04096480383981
			2.69273276127041	-2.04096480383981
			2.6945949554345	-2.04096480383981
			2.69645714959858	-2.04096480383981
			2.69831934376267	-2.04096480383981
			2.70018153792676	-2.04096480383981
			2.70204373209085	-2.04096480383981
			2.70390592625493	-2.04096480383981
			2.70576812041902	-2.04096480383981
			2.70763031458311	-2.04096480383981
			2.7094925087472	-2.04096480383981
			2.71135470291128	-2.04096480383981
			2.71321689707537	-2.04096480383981
			2.71507909123946	-2.04096480383981
			2.71694128540355	-2.04096480383981
			2.71880347956763	-2.04096480383981
			2.72066567373172	-2.04096480383981
			2.72252786789581	-2.04096480383981
			2.7243900620599	-2.0428269980039
			2.72625225622398	-2.0428269980039
			2.72811445038807	-2.0428269980039
			2.72997664455216	-2.0428269980039
			2.73183883871624	-2.0428269980039
			2.73370103288033	-2.0428269980039
			2.73556322704442	-2.0428269980039
			2.73742542120851	-2.0428269980039
			2.73928761537259	-2.0428269980039
			2.74114980953668	-2.0428269980039
			2.74301200370077	-2.0428269980039
			2.74487419786486	-2.04468919216799
			2.74673639202894	-2.04468919216799
			2.74859858619303	-2.04468919216799
			2.75046078035712	-2.04468919216799
			2.75232297452121	-2.04468919216799
			2.75418516868529	-2.04468919216799
			2.75604736284938	-2.04468919216799
			2.75790955701347	-2.04468919216799
			2.75977175117756	-2.04655138633207
			2.76163394534164	-2.04655138633207
			2.76349613950573	-2.04655138633207
			2.76535833366982	-2.04655138633207
			2.76722052783391	-2.04655138633207
			2.76908272199799	-2.04841358049616
			2.77094491616208	-2.04841358049616
			2.77280711032617	-2.04841358049616
			2.77466930449026	-2.04841358049616
			2.77653149865434	-2.05027577466025
			2.77839369281843	-2.05027577466025
			2.78025588698252	-2.05027577466025
			2.78211808114661	-2.05027577466025
			2.78398027531069	-2.05213796882434
			2.78584246947478	-2.05213796882434
			2.78770466363887	-2.05213796882434
			2.78956685780295	-2.05213796882434
			2.78956685780295	-2.05400016298842
			2.79142905196704	-2.05400016298842
			2.79329124613113	-2.05400016298842
			2.79515344029522	-2.05586235715251
			2.7970156344593	-2.05586235715251
			2.79887782862339	-2.0577245513166
			2.80074002278748	-2.05958674548069
			2.80260221695157	-2.05958674548069
			2.80446441111565	-2.06144893964477
			2.80632660527974	-2.06331113380886
			2.80818879944383	-2.06517332797295
			2.81005099360792	-2.06703552213704
			2.81005099360792	-2.06889771630112
			2.811913187772	-2.06889771630112
			2.811913187772	-2.07075991046521
			2.81377538193609	-2.0726221046293
			2.81377538193609	-2.07448429879339
			2.81377538193609	-2.07634649295747
			2.81377538193609	-2.07820868712156
			2.81377538193609	-2.08007088128565
			2.81377538193609	-2.08193307544974
			2.81563757610018	-2.08379526961382
			2.81563757610018	-2.08565746377791
			2.81563757610018	-2.087519657942
			2.81749977026427	-2.08938185210608
			2.81749977026427	-2.09124404627017
			2.81749977026427	-2.09310624043426
			2.81749977026427	-2.09496843459835
			2.81936196442835	-2.09683062876243
			2.81936196442835	-2.09869282292652
			2.81936196442835	-2.10055501709061
			2.81936196442835	-2.1024172112547
			2.82122415859244	-2.10427940541878
			2.82122415859244	-2.10614159958287
			2.82122415859244	-2.10800379374696
			2.82122415859244	-2.10986598791105
			2.82122415859244	-2.11172818207513
			2.82122415859244	-2.11359037623922
			2.82308635275653	-2.11545257040331
			2.82308635275653	-2.1173147645674
			2.82308635275653	-2.11917695873148
			2.82308635275653	-2.12103915289557
			2.82308635275653	-2.12290134705966
			2.82308635275653	-2.12476354122375
			2.82308635275653	-2.12662573538783
			2.82308635275653	-2.12848792955192
			2.82308635275653	-2.13035012371601
			2.82308635275653	-2.1322123178801
			2.82308635275653	-2.13407451204418
			2.82308635275653	-2.13593670620827
			2.82308635275653	-2.13779890037236
			2.82308635275653	-2.13966109453645
			2.82308635275653	-2.14152328870053
			2.82308635275653	-2.14338548286462
			2.82308635275653	-2.14524767702871
			2.82308635275653	-2.14710987119279
			2.82308635275653	-2.14897206535688
			2.82308635275653	-2.15083425952097
			2.82308635275653	-2.15269645368506
			2.82308635275653	-2.15455864784914
			2.82308635275653	-2.15642084201323
			2.82308635275653	-2.15828303617732
			2.82308635275653	-2.16014523034141
			2.82122415859244	-2.16014523034141
			2.82122415859244	-2.16200742450549
			2.82122415859244	-2.16386961866958
			2.82122415859244	-2.16573181283367
			2.82122415859244	-2.16759400699776
			2.82122415859244	-2.16945620116184
			2.82122415859244	-2.17131839532593
			2.81936196442835	-2.17318058949002
			2.81936196442835	-2.17504278365411
			2.81936196442835	-2.17690497781819
			2.81936196442835	-2.17876717198228
			2.81749977026427	-2.18062936614637
			2.81749977026427	-2.18249156031046
			2.81749977026427	-2.18435375447454
			2.81749977026427	-2.18621594863863
			2.81563757610018	-2.18807814280272
			2.81563757610018	-2.18994033696681
			2.81563757610018	-2.19180253113089
			2.81563757610018	-2.19366472529498
			2.81377538193609	-2.19552691945907
			2.81377538193609	-2.19738911362316
			2.81377538193609	-2.19925130778724
			2.811913187772	-2.20111350195133
			2.811913187772	-2.20297569611542
			2.811913187772	-2.2048378902795
			2.81005099360792	-2.20670008444359
			2.81005099360792	-2.20856227860768
			2.81005099360792	-2.21042447277177
			2.80818879944383	-2.21228666693585
			2.80818879944383	-2.21414886109994
			2.80632660527974	-2.21601105526403
			2.80632660527974	-2.21787324942812
			2.80632660527974	-2.2197354435922
			2.80446441111565	-2.22159763775629
			2.80446441111565	-2.22345983192038
			2.80260221695157	-2.22532202608447
			2.80260221695157	-2.22718422024855
			2.80074002278748	-2.22904641441264
			2.80074002278748	-2.23090860857673
			2.80074002278748	-2.23277080274082
			2.79887782862339	-2.2346329969049
			2.79887782862339	-2.23649519106899
			2.7970156344593	-2.23835738523308
			2.7970156344593	-2.24021957939717
			2.79515344029522	-2.24208177356125
			2.79329124613113	-2.24394396772534
			2.79329124613113	-2.24580616188943
			2.79142905196704	-2.24766835605352
			2.79142905196704	-2.2495305502176
			2.78956685780295	-2.25139274438169
			2.78956685780295	-2.25325493854578
			2.78770466363887	-2.25511713270987
			2.78770466363887	-2.25697932687395
			2.78584246947478	-2.25884152103804
			2.78398027531069	-2.26070371520213
			2.78398027531069	-2.26256590936621
			2.78211808114661	-2.2644281035303
			2.78025588698252	-2.26629029769439
			2.78025588698252	-2.26815249185848
			2.77839369281843	-2.27001468602256
			2.77839369281843	-2.27187688018665
			2.77653149865434	-2.27373907435074
			2.77466930449026	-2.27560126851483
			2.77466930449026	-2.27746346267891
			2.77280711032617	-2.279325656843
			2.77094491616208	-2.28118785100709
			2.76908272199799	-2.28305004517118
			2.76908272199799	-2.28491223933526
			2.76722052783391	-2.28677443349935
			2.76535833366982	-2.28863662766344
			2.76535833366982	-2.29049882182753
			2.76349613950573	-2.29236101599161
			2.76349613950573	-2.2942232101557
			2.76349613950573	-2.29608540431979
			2.76163394534164	-2.29794759848388
			2.76163394534164	-2.29980979264796
			2.76163394534164	-2.30167198681205
			2.75977175117756	-2.30353418097614
			2.75977175117756	-2.30539637514023
			2.75977175117756	-2.30725856930431
			2.75977175117756	-2.3091207634684
			2.75977175117756	-2.31098295763249
			2.75977175117756	-2.31284515179658
			2.75977175117756	-2.31470734596066
			2.75790955701347	-2.31470734596066
			2.75790955701347	-2.31656954012475
			2.75790955701347	-2.31843173428884
			2.75790955701347	-2.32029392845292
			2.75790955701347	-2.32215612261701
			2.75790955701347	-2.3240183167811
			2.75790955701347	-2.32588051094519
			2.75790955701347	-2.32774270510927
			2.75790955701347	-2.32960489927336
			2.75790955701347	-2.33146709343745
			2.75790955701347	-2.33332928760154
			2.75790955701347	-2.33519148176562
			2.75790955701347	-2.33705367592971
			2.75977175117756	-2.3389158700938
			2.75977175117756	-2.34077806425789
			2.75977175117756	-2.34264025842197
			2.75977175117756	-2.34450245258606
			2.75977175117756	-2.34636464675015
			2.75977175117756	-2.34822684091424
			2.75977175117756	-2.35008903507832
			2.76163394534164	-2.35195122924241
			2.76163394534164	-2.3538134234065
			2.76163394534164	-2.35567561757059
			2.76163394534164	-2.35753781173467
			2.76163394534164	-2.35940000589876
			2.76349613950573	-2.36126220006285
			2.76349613950573	-2.36312439422694
			2.76349613950573	-2.36498658839102
			2.76349613950573	-2.36684878255511
			2.76535833366982	-2.3687109767192
			2.76535833366982	-2.37057317088329
			2.76535833366982	-2.37243536504737
			2.76722052783391	-2.37429755921146
			2.76722052783391	-2.37615975337555
			2.76722052783391	-2.37802194753963
			2.76908272199799	-2.37988414170372
			2.76908272199799	-2.38174633586781
			2.76908272199799	-2.3836085300319
			2.77094491616208	-2.38547072419598
			2.77094491616208	-2.38733291836007
			2.77094491616208	-2.38919511252416
			2.77280711032617	-2.39105730668825
			2.77280711032617	-2.39291950085233
			2.77466930449026	-2.39478169501642
			2.77466930449026	-2.39664388918051
			2.77466930449026	-2.3985060833446
			2.77653149865434	-2.40036827750868
			2.77653149865434	-2.40223047167277
			2.77839369281843	-2.40409266583686
			2.77839369281843	-2.40595486000095
			2.78025588698252	-2.40781705416503
			2.78025588698252	-2.40967924832912
			2.78025588698252	-2.41154144249321
			2.78211808114661	-2.4134036366573
			2.78211808114661	-2.41526583082138
			2.78398027531069	-2.41712802498547
			2.78398027531069	-2.41899021914956
			2.78584246947478	-2.42085241331365
			2.78584246947478	-2.42271460747773
			2.78770466363887	-2.42457680164182
			2.78770466363887	-2.42643899580591
			2.78956685780295	-2.42830118997
			2.79142905196704	-2.43016338413408
			2.79142905196704	-2.43202557829817
		</curvaI_espina_dorsal>
	</curves.scaled>
	<ruler.points type=matrix rownames=TRUE colnames=FALSE nrow=2 ncol=2 as.numeric=TRUE >
		Ruler point 1	1569	576
		Ruler point 2	2106	575
	</ruler.points>
</shapes>

