<shapes type=list>
	<ruler.pixel type=vector names=FALSE length=1 as.numeric=TRUE >536.008395456638</ruler.pixel>
	<ruler.interval type=vector names=FALSE length=1 as.numeric=TRUE >1</ruler.interval>
	<scaling.units type=vector names=FALSE length=1 as.numeric=FALSE >mm</scaling.units>
	<scaling type=vector names=FALSE length=1 as.numeric=TRUE >0.00186219416408742</scaling>
	<landmarks.pixel type=matrix rownames=TRUE colnames=FALSE nrow=3 ncol=2 as.numeric=TRUE >
		punta_espina_dorsal	1377	1102
		esq_izq_caparaza	1489	1353
		organo_dorsal	1737	1124
	</landmarks.pixel>
	<landmarks.scaled type=matrix rownames=TRUE colnames=FALSE nrow=3 ncol=2 as.numeric=TRUE >
		punta_espina_dorsal	2.56424136394838	-2.05213796882434
		esq_izq_caparaza	2.77280711032617	-2.51954870401028
		organo_dorsal	3.23463126301985	-2.09310624043426
	</landmarks.scaled>
	<curves.control type=list>
		<curvaD_espina_dorsal type=matrix rownames=FALSE colnames=FALSE nrow=7 ncol=2 as.numeric=TRUE >
			1377	1102
			1397	1096
			1439	1103
			1496	1109
			1567	1125
			1615	1173
			1737	1124
		</curvaD_espina_dorsal>
		<curvaI_espina_dorsal type=matrix rownames=FALSE colnames=FALSE nrow=9 ncol=2 as.numeric=TRUE >
			1377	1102
			1432	1109
			1464	1120
			1563	1150
			1558	1161
			1553	1234
			1503	1268
			1484	1309
			1489	1353
		</curvaI_espina_dorsal>
	</curves.control>
	<curves.pixel type=list>
		<curvaD_espina_dorsal type=matrix rownames=FALSE colnames=FALSE nrow=365 ncol=2 as.numeric=TRUE >
			1377	1102
			1378	1102
			1379	1101
			1380	1101
			1381	1101
			1382	1101
			1383	1101
			1384	1100
			1385	1100
			1386	1100
			1387	1100
			1388	1100
			1389	1100
			1390	1100
			1391	1100
			1392	1100
			1393	1099
			1394	1099
			1395	1099
			1396	1099
			1397	1099
			1398	1099
			1399	1099
			1400	1099
			1401	1099
			1402	1099
			1403	1099
			1404	1099
			1405	1099
			1406	1099
			1407	1099
			1408	1099
			1409	1100
			1410	1100
			1411	1100
			1412	1100
			1413	1100
			1414	1100
			1415	1100
			1416	1100
			1417	1100
			1418	1100
			1419	1100
			1420	1100
			1421	1100
			1421	1101
			1422	1101
			1423	1101
			1424	1101
			1425	1101
			1426	1101
			1427	1101
			1428	1101
			1429	1101
			1430	1102
			1431	1102
			1432	1102
			1433	1102
			1434	1102
			1435	1102
			1436	1102
			1437	1103
			1438	1103
			1439	1103
			1440	1103
			1441	1103
			1442	1103
			1443	1103
			1444	1104
			1445	1104
			1446	1104
			1447	1104
			1448	1104
			1449	1104
			1450	1104
			1451	1104
			1452	1105
			1453	1105
			1454	1105
			1455	1105
			1456	1105
			1457	1105
			1458	1105
			1459	1105
			1460	1105
			1461	1106
			1462	1106
			1463	1106
			1464	1106
			1465	1106
			1466	1106
			1467	1106
			1468	1107
			1469	1107
			1470	1107
			1471	1107
			1472	1107
			1473	1107
			1474	1107
			1475	1108
			1476	1108
			1477	1108
			1478	1108
			1479	1108
			1480	1108
			1481	1108
			1482	1109
			1483	1109
			1484	1109
			1485	1109
			1486	1109
			1487	1109
			1488	1110
			1489	1110
			1490	1110
			1491	1110
			1492	1110
			1493	1110
			1494	1111
			1495	1111
			1496	1111
			1497	1111
			1498	1111
			1499	1111
			1500	1112
			1501	1112
			1502	1112
			1503	1112
			1504	1112
			1505	1112
			1506	1113
			1507	1113
			1508	1113
			1509	1113
			1510	1113
			1511	1114
			1512	1114
			1513	1114
			1514	1114
			1515	1114
			1516	1114
			1517	1115
			1518	1115
			1519	1115
			1520	1115
			1521	1115
			1522	1116
			1523	1116
			1524	1116
			1525	1116
			1526	1116
			1527	1117
			1528	1117
			1529	1117
			1530	1117
			1531	1117
			1532	1118
			1533	1118
			1534	1118
			1535	1118
			1536	1118
			1537	1119
			1538	1119
			1539	1119
			1540	1119
			1541	1119
			1542	1120
			1543	1120
			1544	1120
			1545	1120
			1546	1120
			1547	1121
			1548	1121
			1549	1121
			1550	1121
			1551	1122
			1552	1122
			1553	1122
			1554	1122
			1555	1122
			1556	1123
			1557	1123
			1558	1123
			1559	1123
			1560	1123
			1561	1124
			1562	1124
			1563	1124
			1564	1124
			1565	1125
			1566	1125
			1567	1125
			1568	1126
			1569	1127
			1570	1128
			1571	1129
			1572	1130
			1573	1130
			1574	1131
			1575	1132
			1576	1132
			1576	1133
			1577	1134
			1578	1134
			1579	1135
			1580	1136
			1581	1136
			1582	1137
			1583	1137
			1584	1138
			1585	1138
			1586	1139
			1587	1139
			1588	1140
			1589	1140
			1590	1141
			1591	1141
			1592	1142
			1593	1142
			1594	1142
			1594	1143
			1595	1143
			1596	1143
			1597	1143
			1598	1144
			1599	1144
			1600	1144
			1601	1145
			1602	1145
			1603	1145
			1604	1146
			1605	1146
			1606	1146
			1607	1146
			1608	1146
			1609	1147
			1610	1147
			1611	1147
			1612	1147
			1613	1147
			1614	1147
			1615	1148
			1616	1148
			1617	1148
			1618	1148
			1619	1148
			1620	1148
			1621	1148
			1622	1148
			1623	1148
			1624	1148
			1625	1149
			1626	1149
			1627	1149
			1628	1149
			1629	1149
			1630	1149
			1631	1149
			1632	1149
			1633	1149
			1634	1149
			1635	1149
			1636	1149
			1637	1149
			1638	1149
			1639	1149
			1640	1149
			1641	1149
			1642	1148
			1643	1148
			1644	1148
			1645	1148
			1646	1148
			1647	1148
			1648	1148
			1649	1148
			1650	1148
			1651	1148
			1652	1148
			1653	1147
			1654	1147
			1655	1147
			1656	1147
			1657	1147
			1658	1147
			1659	1147
			1660	1147
			1661	1146
			1662	1146
			1663	1146
			1664	1146
			1665	1146
			1666	1145
			1667	1145
			1668	1145
			1669	1145
			1670	1145
			1671	1145
			1672	1144
			1673	1144
			1674	1144
			1675	1144
			1676	1143
			1677	1143
			1678	1143
			1679	1143
			1680	1143
			1681	1142
			1682	1142
			1683	1142
			1684	1142
			1685	1141
			1686	1141
			1687	1141
			1688	1141
			1689	1140
			1690	1140
			1691	1140
			1692	1140
			1693	1139
			1694	1139
			1695	1139
			1696	1138
			1697	1138
			1698	1138
			1699	1137
			1700	1137
			1701	1137
			1702	1137
			1703	1136
			1704	1136
			1705	1136
			1706	1135
			1707	1135
			1708	1135
			1709	1134
			1710	1134
			1711	1133
			1712	1133
			1713	1133
			1714	1133
			1715	1132
			1716	1132
			1717	1132
			1718	1131
			1719	1131
			1720	1130
			1721	1130
			1722	1130
			1723	1129
			1724	1129
			1725	1129
			1726	1128
			1727	1128
			1728	1128
			1729	1127
			1730	1127
			1731	1127
			1732	1126
			1733	1126
			1733	1125
			1734	1125
			1735	1125
			1736	1124
			1737	1124
		</curvaD_espina_dorsal>
		<curvaI_espina_dorsal type=matrix rownames=FALSE colnames=FALSE nrow=390 ncol=2 as.numeric=TRUE >
			1377	1102
			1378	1102
			1379	1102
			1380	1102
			1381	1103
			1382	1103
			1383	1103
			1384	1103
			1385	1103
			1386	1103
			1387	1103
			1388	1104
			1389	1104
			1390	1104
			1391	1104
			1392	1104
			1393	1104
			1394	1104
			1395	1104
			1396	1105
			1397	1105
			1398	1105
			1399	1105
			1400	1105
			1401	1105
			1402	1106
			1403	1106
			1404	1106
			1405	1106
			1406	1106
			1407	1106
			1408	1107
			1409	1107
			1410	1107
			1411	1107
			1412	1107
			1413	1107
			1414	1108
			1415	1108
			1416	1108
			1417	1108
			1418	1108
			1419	1109
			1420	1109
			1421	1109
			1422	1109
			1423	1109
			1424	1110
			1425	1110
			1426	1110
			1427	1110
			1428	1110
			1429	1111
			1430	1111
			1431	1111
			1432	1111
			1433	1111
			1434	1112
			1435	1112
			1436	1112
			1437	1112
			1438	1113
			1439	1113
			1440	1113
			1441	1113
			1442	1114
			1443	1114
			1444	1114
			1445	1114
			1446	1115
			1447	1115
			1448	1115
			1449	1115
			1450	1116
			1451	1116
			1452	1116
			1453	1116
			1454	1117
			1455	1117
			1456	1118
			1457	1118
			1458	1118
			1459	1119
			1460	1119
			1461	1119
			1462	1119
			1463	1120
			1464	1120
			1465	1120
			1466	1121
			1467	1121
			1468	1121
			1469	1122
			1470	1122
			1471	1122
			1472	1122
			1473	1123
			1474	1123
			1475	1123
			1476	1124
			1477	1124
			1478	1124
			1479	1125
			1480	1125
			1481	1125
			1482	1126
			1483	1126
			1484	1126
			1485	1127
			1486	1127
			1487	1127
			1488	1127
			1489	1128
			1490	1128
			1491	1128
			1491	1129
			1492	1129
			1493	1129
			1494	1129
			1495	1130
			1496	1130
			1497	1130
			1498	1131
			1499	1131
			1500	1131
			1501	1132
			1502	1132
			1503	1132
			1504	1133
			1505	1133
			1506	1134
			1507	1134
			1508	1134
			1509	1135
			1510	1135
			1511	1135
			1512	1136
			1513	1136
			1514	1136
			1515	1137
			1516	1137
			1517	1137
			1518	1138
			1519	1138
			1520	1138
			1521	1139
			1522	1139
			1523	1139
			1523	1140
			1524	1140
			1525	1140
			1526	1141
			1527	1141
			1528	1141
			1528	1142
			1529	1142
			1530	1142
			1531	1143
			1532	1143
			1533	1144
			1534	1144
			1535	1144
			1536	1145
			1537	1145
			1538	1146
			1539	1146
			1540	1147
			1541	1147
			1542	1147
			1543	1148
			1544	1149
			1545	1149
			1546	1149
			1547	1150
			1548	1150
			1548	1151
			1549	1151
			1550	1152
			1551	1152
			1552	1153
			1553	1154
			1554	1154
			1555	1155
			1556	1156
			1557	1157
			1558	1158
			1558	1159
			1558	1160
			1558	1161
			1558	1162
			1558	1163
			1558	1164
			1558	1165
			1558	1166
			1558	1167
			1557	1168
			1557	1169
			1557	1170
			1557	1171
			1557	1172
			1557	1173
			1557	1174
			1557	1175
			1556	1176
			1556	1177
			1556	1178
			1556	1179
			1556	1180
			1556	1181
			1555	1182
			1555	1183
			1555	1184
			1555	1185
			1555	1186
			1554	1187
			1554	1188
			1554	1189
			1554	1190
			1554	1191
			1553	1192
			1553	1193
			1553	1194
			1553	1195
			1552	1196
			1552	1197
			1552	1198
			1552	1199
			1551	1200
			1551	1201
			1551	1202
			1550	1203
			1550	1204
			1550	1205
			1549	1206
			1549	1207
			1549	1208
			1548	1209
			1548	1210
			1548	1211
			1547	1212
			1547	1213
			1547	1214
			1546	1214
			1546	1215
			1546	1216
			1545	1217
			1545	1218
			1544	1219
			1544	1220
			1544	1221
			1543	1221
			1543	1222
			1542	1223
			1542	1224
			1541	1225
			1541	1226
			1541	1227
			1540	1227
			1540	1228
			1539	1229
			1539	1230
			1538	1231
			1537	1232
			1537	1233
			1536	1234
			1535	1235
			1535	1236
			1534	1237
			1534	1238
			1533	1239
			1532	1240
			1532	1241
			1531	1241
			1530	1242
			1530	1243
			1529	1244
			1528	1245
			1528	1246
			1527	1247
			1526	1248
			1525	1248
			1525	1249
			1524	1250
			1523	1251
			1522	1252
			1521	1253
			1520	1254
			1519	1255
			1518	1256
			1517	1257
			1516	1258
			1515	1259
			1514	1260
			1513	1260
			1512	1261
			1511	1262
			1510	1263
			1509	1264
			1508	1265
			1507	1265
			1506	1266
			1505	1266
			1505	1267
			1504	1267
			1503	1268
			1503	1269
			1502	1270
			1502	1271
			1501	1272
			1501	1273
			1500	1274
			1500	1275
			1499	1276
			1499	1277
			1499	1278
			1498	1279
			1498	1280
			1498	1281
			1497	1282
			1497	1283
			1496	1284
			1496	1285
			1496	1286
			1496	1287
			1495	1288
			1495	1289
			1495	1290
			1494	1291
			1494	1292
			1494	1293
			1493	1294
			1493	1295
			1493	1296
			1493	1297
			1492	1298
			1492	1299
			1492	1300
			1492	1301
			1492	1302
			1491	1303
			1491	1304
			1491	1305
			1491	1306
			1490	1307
			1490	1308
			1490	1309
			1490	1310
			1490	1311
			1490	1312
			1490	1313
			1489	1314
			1489	1315
			1489	1316
			1489	1317
			1489	1318
			1489	1319
			1489	1320
			1489	1321
			1488	1322
			1488	1323
			1488	1324
			1488	1325
			1488	1326
			1488	1327
			1488	1328
			1488	1329
			1488	1330
			1488	1331
			1488	1332
			1488	1333
			1488	1334
			1488	1335
			1488	1336
			1488	1337
			1488	1338
			1488	1339
			1488	1340
			1488	1341
			1488	1342
			1488	1343
			1488	1344
			1488	1345
			1488	1346
			1488	1347
			1489	1348
			1489	1349
			1489	1350
			1489	1351
			1489	1352
			1489	1353
		</curvaI_espina_dorsal>
	</curves.pixel>
	<curves.scaled type=list>
		<curvaD_espina_dorsal type=matrix rownames=FALSE colnames=FALSE nrow=365 ncol=2 as.numeric=TRUE >
			2.56424136394838	-2.05213796882434
			2.56610355811246	-2.05213796882434
			2.56796575227655	-2.05027577466025
			2.56982794644064	-2.05027577466025
			2.57169014060473	-2.05027577466025
			2.57355233476881	-2.05027577466025
			2.5754145289329	-2.05027577466025
			2.57727672309699	-2.04841358049616
			2.57913891726108	-2.04841358049616
			2.58100111142516	-2.04841358049616
			2.58286330558925	-2.04841358049616
			2.58472549975334	-2.04841358049616
			2.58658769391743	-2.04841358049616
			2.58844988808151	-2.04841358049616
			2.5903120822456	-2.04841358049616
			2.59217427640969	-2.04841358049616
			2.59403647057378	-2.04655138633207
			2.59589866473786	-2.04655138633207
			2.59776085890195	-2.04655138633207
			2.59962305306604	-2.04655138633207
			2.60148524723013	-2.04655138633207
			2.60334744139421	-2.04655138633207
			2.6052096355583	-2.04655138633207
			2.60707182972239	-2.04655138633207
			2.60893402388647	-2.04655138633207
			2.61079621805056	-2.04655138633207
			2.61265841221465	-2.04655138633207
			2.61452060637874	-2.04655138633207
			2.61638280054282	-2.04655138633207
			2.61824499470691	-2.04655138633207
			2.620107188871	-2.04655138633207
			2.62196938303509	-2.04655138633207
			2.62383157719917	-2.04841358049616
			2.62569377136326	-2.04841358049616
			2.62755596552735	-2.04841358049616
			2.62941815969144	-2.04841358049616
			2.63128035385552	-2.04841358049616
			2.63314254801961	-2.04841358049616
			2.6350047421837	-2.04841358049616
			2.63686693634779	-2.04841358049616
			2.63872913051187	-2.04841358049616
			2.64059132467596	-2.04841358049616
			2.64245351884005	-2.04841358049616
			2.64431571300414	-2.04841358049616
			2.64617790716822	-2.04841358049616
			2.64617790716822	-2.05027577466025
			2.64804010133231	-2.05027577466025
			2.6499022954964	-2.05027577466025
			2.65176448966049	-2.05027577466025
			2.65362668382457	-2.05027577466025
			2.65548887798866	-2.05027577466025
			2.65735107215275	-2.05027577466025
			2.65921326631684	-2.05027577466025
			2.66107546048092	-2.05027577466025
			2.66293765464501	-2.05213796882434
			2.6647998488091	-2.05213796882434
			2.66666204297319	-2.05213796882434
			2.66852423713727	-2.05213796882434
			2.67038643130136	-2.05213796882434
			2.67224862546545	-2.05213796882434
			2.67411081962953	-2.05213796882434
			2.67597301379362	-2.05400016298842
			2.67783520795771	-2.05400016298842
			2.6796974021218	-2.05400016298842
			2.68155959628588	-2.05400016298842
			2.68342179044997	-2.05400016298842
			2.68528398461406	-2.05400016298842
			2.68714617877815	-2.05400016298842
			2.68900837294223	-2.05586235715251
			2.69087056710632	-2.05586235715251
			2.69273276127041	-2.05586235715251
			2.6945949554345	-2.05586235715251
			2.69645714959858	-2.05586235715251
			2.69831934376267	-2.05586235715251
			2.70018153792676	-2.05586235715251
			2.70204373209085	-2.05586235715251
			2.70390592625493	-2.0577245513166
			2.70576812041902	-2.0577245513166
			2.70763031458311	-2.0577245513166
			2.7094925087472	-2.0577245513166
			2.71135470291128	-2.0577245513166
			2.71321689707537	-2.0577245513166
			2.71507909123946	-2.0577245513166
			2.71694128540355	-2.0577245513166
			2.71880347956763	-2.0577245513166
			2.72066567373172	-2.05958674548069
			2.72252786789581	-2.05958674548069
			2.7243900620599	-2.05958674548069
			2.72625225622398	-2.05958674548069
			2.72811445038807	-2.05958674548069
			2.72997664455216	-2.05958674548069
			2.73183883871624	-2.05958674548069
			2.73370103288033	-2.06144893964477
			2.73556322704442	-2.06144893964477
			2.73742542120851	-2.06144893964477
			2.73928761537259	-2.06144893964477
			2.74114980953668	-2.06144893964477
			2.74301200370077	-2.06144893964477
			2.74487419786486	-2.06144893964477
			2.74673639202894	-2.06331113380886
			2.74859858619303	-2.06331113380886
			2.75046078035712	-2.06331113380886
			2.75232297452121	-2.06331113380886
			2.75418516868529	-2.06331113380886
			2.75604736284938	-2.06331113380886
			2.75790955701347	-2.06331113380886
			2.75977175117756	-2.06517332797295
			2.76163394534164	-2.06517332797295
			2.76349613950573	-2.06517332797295
			2.76535833366982	-2.06517332797295
			2.76722052783391	-2.06517332797295
			2.76908272199799	-2.06517332797295
			2.77094491616208	-2.06703552213704
			2.77280711032617	-2.06703552213704
			2.77466930449026	-2.06703552213704
			2.77653149865434	-2.06703552213704
			2.77839369281843	-2.06703552213704
			2.78025588698252	-2.06703552213704
			2.78211808114661	-2.06889771630112
			2.78398027531069	-2.06889771630112
			2.78584246947478	-2.06889771630112
			2.78770466363887	-2.06889771630112
			2.78956685780295	-2.06889771630112
			2.79142905196704	-2.06889771630112
			2.79329124613113	-2.07075991046521
			2.79515344029522	-2.07075991046521
			2.7970156344593	-2.07075991046521
			2.79887782862339	-2.07075991046521
			2.80074002278748	-2.07075991046521
			2.80260221695157	-2.07075991046521
			2.80446441111565	-2.0726221046293
			2.80632660527974	-2.0726221046293
			2.80818879944383	-2.0726221046293
			2.81005099360792	-2.0726221046293
			2.811913187772	-2.0726221046293
			2.81377538193609	-2.07448429879339
			2.81563757610018	-2.07448429879339
			2.81749977026427	-2.07448429879339
			2.81936196442835	-2.07448429879339
			2.82122415859244	-2.07448429879339
			2.82308635275653	-2.07448429879339
			2.82494854692062	-2.07634649295747
			2.8268107410847	-2.07634649295747
			2.82867293524879	-2.07634649295747
			2.83053512941288	-2.07634649295747
			2.83239732357697	-2.07634649295747
			2.83425951774105	-2.07820868712156
			2.83612171190514	-2.07820868712156
			2.83798390606923	-2.07820868712156
			2.83984610023332	-2.07820868712156
			2.8417082943974	-2.07820868712156
			2.84357048856149	-2.08007088128565
			2.84543268272558	-2.08007088128565
			2.84729487688966	-2.08007088128565
			2.84915707105375	-2.08007088128565
			2.85101926521784	-2.08007088128565
			2.85288145938193	-2.08193307544974
			2.85474365354601	-2.08193307544974
			2.8566058477101	-2.08193307544974
			2.85846804187419	-2.08193307544974
			2.86033023603828	-2.08193307544974
			2.86219243020236	-2.08379526961382
			2.86405462436645	-2.08379526961382
			2.86591681853054	-2.08379526961382
			2.86777901269463	-2.08379526961382
			2.86964120685871	-2.08379526961382
			2.8715034010228	-2.08565746377791
			2.87336559518689	-2.08565746377791
			2.87522778935098	-2.08565746377791
			2.87708998351506	-2.08565746377791
			2.87895217767915	-2.08565746377791
			2.88081437184324	-2.087519657942
			2.88267656600733	-2.087519657942
			2.88453876017141	-2.087519657942
			2.8864009543355	-2.087519657942
			2.88826314849959	-2.08938185210608
			2.89012534266368	-2.08938185210608
			2.89198753682776	-2.08938185210608
			2.89384973099185	-2.08938185210608
			2.89571192515594	-2.08938185210608
			2.89757411932003	-2.09124404627017
			2.89943631348411	-2.09124404627017
			2.9012985076482	-2.09124404627017
			2.90316070181229	-2.09124404627017
			2.90502289597637	-2.09124404627017
			2.90688509014046	-2.09310624043426
			2.90874728430455	-2.09310624043426
			2.91060947846864	-2.09310624043426
			2.91247167263272	-2.09310624043426
			2.91433386679681	-2.09496843459835
			2.9161960609609	-2.09496843459835
			2.91805825512499	-2.09496843459835
			2.91992044928907	-2.09683062876243
			2.92178264345316	-2.09869282292652
			2.92364483761725	-2.10055501709061
			2.92550703178134	-2.1024172112547
			2.92736922594542	-2.10427940541878
			2.92923142010951	-2.10427940541878
			2.9310936142736	-2.10614159958287
			2.93295580843769	-2.10800379374696
			2.93481800260177	-2.10800379374696
			2.93481800260177	-2.10986598791105
			2.93668019676586	-2.11172818207513
			2.93854239092995	-2.11172818207513
			2.94040458509404	-2.11359037623922
			2.94226677925812	-2.11545257040331
			2.94412897342221	-2.11545257040331
			2.9459911675863	-2.1173147645674
			2.94785336175039	-2.1173147645674
			2.94971555591447	-2.11917695873148
			2.95157775007856	-2.11917695873148
			2.95343994424265	-2.12103915289557
			2.95530213840674	-2.12103915289557
			2.95716433257082	-2.12290134705966
			2.95902652673491	-2.12290134705966
			2.960888720899	-2.12476354122375
			2.96275091506308	-2.12476354122375
			2.96461310922717	-2.12662573538783
			2.96647530339126	-2.12662573538783
			2.96833749755535	-2.12662573538783
			2.96833749755535	-2.12848792955192
			2.97019969171943	-2.12848792955192
			2.97206188588352	-2.12848792955192
			2.97392408004761	-2.12848792955192
			2.9757862742117	-2.13035012371601
			2.97764846837578	-2.13035012371601
			2.97951066253987	-2.13035012371601
			2.98137285670396	-2.1322123178801
			2.98323505086805	-2.1322123178801
			2.98509724503213	-2.1322123178801
			2.98695943919622	-2.13407451204418
			2.98882163336031	-2.13407451204418
			2.9906838275244	-2.13407451204418
			2.99254602168848	-2.13407451204418
			2.99440821585257	-2.13407451204418
			2.99627041001666	-2.13593670620827
			2.99813260418075	-2.13593670620827
			2.99999479834483	-2.13593670620827
			3.00185699250892	-2.13593670620827
			3.00371918667301	-2.13593670620827
			3.0055813808371	-2.13593670620827
			3.00744357500118	-2.13779890037236
			3.00930576916527	-2.13779890037236
			3.01116796332936	-2.13779890037236
			3.01303015749345	-2.13779890037236
			3.01489235165753	-2.13779890037236
			3.01675454582162	-2.13779890037236
			3.01861673998571	-2.13779890037236
			3.02047893414979	-2.13779890037236
			3.02234112831388	-2.13779890037236
			3.02420332247797	-2.13779890037236
			3.02606551664206	-2.13966109453645
			3.02792771080614	-2.13966109453645
			3.02978990497023	-2.13966109453645
			3.03165209913432	-2.13966109453645
			3.03351429329841	-2.13966109453645
			3.03537648746249	-2.13966109453645
			3.03723868162658	-2.13966109453645
			3.03910087579067	-2.13966109453645
			3.04096306995476	-2.13966109453645
			3.04282526411884	-2.13966109453645
			3.04468745828293	-2.13966109453645
			3.04654965244702	-2.13966109453645
			3.04841184661111	-2.13966109453645
			3.05027404077519	-2.13966109453645
			3.05213623493928	-2.13966109453645
			3.05399842910337	-2.13966109453645
			3.05586062326746	-2.13966109453645
			3.05772281743154	-2.13779890037236
			3.05958501159563	-2.13779890037236
			3.06144720575972	-2.13779890037236
			3.06330939992381	-2.13779890037236
			3.06517159408789	-2.13779890037236
			3.06703378825198	-2.13779890037236
			3.06889598241607	-2.13779890037236
			3.07075817658016	-2.13779890037236
			3.07262037074424	-2.13779890037236
			3.07448256490833	-2.13779890037236
			3.07634475907242	-2.13779890037236
			3.0782069532365	-2.13593670620827
			3.08006914740059	-2.13593670620827
			3.08193134156468	-2.13593670620827
			3.08379353572877	-2.13593670620827
			3.08565572989285	-2.13593670620827
			3.08751792405694	-2.13593670620827
			3.08938011822103	-2.13593670620827
			3.09124231238512	-2.13593670620827
			3.0931045065492	-2.13407451204418
			3.09496670071329	-2.13407451204418
			3.09682889487738	-2.13407451204418
			3.09869108904147	-2.13407451204418
			3.10055328320555	-2.13407451204418
			3.10241547736964	-2.1322123178801
			3.10427767153373	-2.1322123178801
			3.10613986569782	-2.1322123178801
			3.1080020598619	-2.1322123178801
			3.10986425402599	-2.1322123178801
			3.11172644819008	-2.1322123178801
			3.11358864235417	-2.13035012371601
			3.11545083651825	-2.13035012371601
			3.11731303068234	-2.13035012371601
			3.11917522484643	-2.13035012371601
			3.12103741901052	-2.12848792955192
			3.1228996131746	-2.12848792955192
			3.12476180733869	-2.12848792955192
			3.12662400150278	-2.12848792955192
			3.12848619566687	-2.12848792955192
			3.13034838983095	-2.12662573538783
			3.13221058399504	-2.12662573538783
			3.13407277815913	-2.12662573538783
			3.13593497232321	-2.12662573538783
			3.1377971664873	-2.12476354122375
			3.13965936065139	-2.12476354122375
			3.14152155481548	-2.12476354122375
			3.14338374897956	-2.12476354122375
			3.14524594314365	-2.12290134705966
			3.14710813730774	-2.12290134705966
			3.14897033147183	-2.12290134705966
			3.15083252563591	-2.12290134705966
			3.1526947198	-2.12103915289557
			3.15455691396409	-2.12103915289557
			3.15641910812818	-2.12103915289557
			3.15828130229226	-2.11917695873148
			3.16014349645635	-2.11917695873148
			3.16200569062044	-2.11917695873148
			3.16386788478453	-2.1173147645674
			3.16573007894861	-2.1173147645674
			3.1675922731127	-2.1173147645674
			3.16945446727679	-2.1173147645674
			3.17131666144088	-2.11545257040331
			3.17317885560496	-2.11545257040331
			3.17504104976905	-2.11545257040331
			3.17690324393314	-2.11359037623922
			3.17876543809723	-2.11359037623922
			3.18062763226131	-2.11359037623922
			3.1824898264254	-2.11172818207513
			3.18435202058949	-2.11172818207513
			3.18621421475358	-2.10986598791105
			3.18807640891766	-2.10986598791105
			3.18993860308175	-2.10986598791105
			3.19180079724584	-2.10986598791105
			3.19366299140992	-2.10800379374696
			3.19552518557401	-2.10800379374696
			3.1973873797381	-2.10800379374696
			3.19924957390219	-2.10614159958287
			3.20111176806627	-2.10614159958287
			3.20297396223036	-2.10427940541878
			3.20483615639445	-2.10427940541878
			3.20669835055854	-2.10427940541878
			3.20856054472262	-2.1024172112547
			3.21042273888671	-2.1024172112547
			3.2122849330508	-2.1024172112547
			3.21414712721489	-2.10055501709061
			3.21600932137897	-2.10055501709061
			3.21787151554306	-2.10055501709061
			3.21973370970715	-2.09869282292652
			3.22159590387124	-2.09869282292652
			3.22345809803532	-2.09869282292652
			3.22532029219941	-2.09683062876243
			3.2271824863635	-2.09683062876243
			3.2271824863635	-2.09496843459835
			3.22904468052759	-2.09496843459835
			3.23090687469167	-2.09496843459835
			3.23276906885576	-2.09310624043426
			3.23463126301985	-2.09310624043426
		</curvaD_espina_dorsal>
		<curvaI_espina_dorsal type=matrix rownames=FALSE colnames=FALSE nrow=390 ncol=2 as.numeric=TRUE >
			2.56424136394838	-2.05213796882434
			2.56610355811246	-2.05213796882434
			2.56796575227655	-2.05213796882434
			2.56982794644064	-2.05213796882434
			2.57169014060473	-2.05400016298842
			2.57355233476881	-2.05400016298842
			2.5754145289329	-2.05400016298842
			2.57727672309699	-2.05400016298842
			2.57913891726108	-2.05400016298842
			2.58100111142516	-2.05400016298842
			2.58286330558925	-2.05400016298842
			2.58472549975334	-2.05586235715251
			2.58658769391743	-2.05586235715251
			2.58844988808151	-2.05586235715251
			2.5903120822456	-2.05586235715251
			2.59217427640969	-2.05586235715251
			2.59403647057378	-2.05586235715251
			2.59589866473786	-2.05586235715251
			2.59776085890195	-2.05586235715251
			2.59962305306604	-2.0577245513166
			2.60148524723013	-2.0577245513166
			2.60334744139421	-2.0577245513166
			2.6052096355583	-2.0577245513166
			2.60707182972239	-2.0577245513166
			2.60893402388647	-2.0577245513166
			2.61079621805056	-2.05958674548069
			2.61265841221465	-2.05958674548069
			2.61452060637874	-2.05958674548069
			2.61638280054282	-2.05958674548069
			2.61824499470691	-2.05958674548069
			2.620107188871	-2.05958674548069
			2.62196938303509	-2.06144893964477
			2.62383157719917	-2.06144893964477
			2.62569377136326	-2.06144893964477
			2.62755596552735	-2.06144893964477
			2.62941815969144	-2.06144893964477
			2.63128035385552	-2.06144893964477
			2.63314254801961	-2.06331113380886
			2.6350047421837	-2.06331113380886
			2.63686693634779	-2.06331113380886
			2.63872913051187	-2.06331113380886
			2.64059132467596	-2.06331113380886
			2.64245351884005	-2.06517332797295
			2.64431571300414	-2.06517332797295
			2.64617790716822	-2.06517332797295
			2.64804010133231	-2.06517332797295
			2.6499022954964	-2.06517332797295
			2.65176448966049	-2.06703552213704
			2.65362668382457	-2.06703552213704
			2.65548887798866	-2.06703552213704
			2.65735107215275	-2.06703552213704
			2.65921326631684	-2.06703552213704
			2.66107546048092	-2.06889771630112
			2.66293765464501	-2.06889771630112
			2.6647998488091	-2.06889771630112
			2.66666204297319	-2.06889771630112
			2.66852423713727	-2.06889771630112
			2.67038643130136	-2.07075991046521
			2.67224862546545	-2.07075991046521
			2.67411081962953	-2.07075991046521
			2.67597301379362	-2.07075991046521
			2.67783520795771	-2.0726221046293
			2.6796974021218	-2.0726221046293
			2.68155959628588	-2.0726221046293
			2.68342179044997	-2.0726221046293
			2.68528398461406	-2.07448429879339
			2.68714617877815	-2.07448429879339
			2.68900837294223	-2.07448429879339
			2.69087056710632	-2.07448429879339
			2.69273276127041	-2.07634649295747
			2.6945949554345	-2.07634649295747
			2.69645714959858	-2.07634649295747
			2.69831934376267	-2.07634649295747
			2.70018153792676	-2.07820868712156
			2.70204373209085	-2.07820868712156
			2.70390592625493	-2.07820868712156
			2.70576812041902	-2.07820868712156
			2.70763031458311	-2.08007088128565
			2.7094925087472	-2.08007088128565
			2.71135470291128	-2.08193307544974
			2.71321689707537	-2.08193307544974
			2.71507909123946	-2.08193307544974
			2.71694128540355	-2.08379526961382
			2.71880347956763	-2.08379526961382
			2.72066567373172	-2.08379526961382
			2.72252786789581	-2.08379526961382
			2.7243900620599	-2.08565746377791
			2.72625225622398	-2.08565746377791
			2.72811445038807	-2.08565746377791
			2.72997664455216	-2.087519657942
			2.73183883871624	-2.087519657942
			2.73370103288033	-2.087519657942
			2.73556322704442	-2.08938185210608
			2.73742542120851	-2.08938185210608
			2.73928761537259	-2.08938185210608
			2.74114980953668	-2.08938185210608
			2.74301200370077	-2.09124404627017
			2.74487419786486	-2.09124404627017
			2.74673639202894	-2.09124404627017
			2.74859858619303	-2.09310624043426
			2.75046078035712	-2.09310624043426
			2.75232297452121	-2.09310624043426
			2.75418516868529	-2.09496843459835
			2.75604736284938	-2.09496843459835
			2.75790955701347	-2.09496843459835
			2.75977175117756	-2.09683062876243
			2.76163394534164	-2.09683062876243
			2.76349613950573	-2.09683062876243
			2.76535833366982	-2.09869282292652
			2.76722052783391	-2.09869282292652
			2.76908272199799	-2.09869282292652
			2.77094491616208	-2.09869282292652
			2.77280711032617	-2.10055501709061
			2.77466930449026	-2.10055501709061
			2.77653149865434	-2.10055501709061
			2.77653149865434	-2.1024172112547
			2.77839369281843	-2.1024172112547
			2.78025588698252	-2.1024172112547
			2.78211808114661	-2.1024172112547
			2.78398027531069	-2.10427940541878
			2.78584246947478	-2.10427940541878
			2.78770466363887	-2.10427940541878
			2.78956685780295	-2.10614159958287
			2.79142905196704	-2.10614159958287
			2.79329124613113	-2.10614159958287
			2.79515344029522	-2.10800379374696
			2.7970156344593	-2.10800379374696
			2.79887782862339	-2.10800379374696
			2.80074002278748	-2.10986598791105
			2.80260221695157	-2.10986598791105
			2.80446441111565	-2.11172818207513
			2.80632660527974	-2.11172818207513
			2.80818879944383	-2.11172818207513
			2.81005099360792	-2.11359037623922
			2.811913187772	-2.11359037623922
			2.81377538193609	-2.11359037623922
			2.81563757610018	-2.11545257040331
			2.81749977026427	-2.11545257040331
			2.81936196442835	-2.11545257040331
			2.82122415859244	-2.1173147645674
			2.82308635275653	-2.1173147645674
			2.82494854692062	-2.1173147645674
			2.8268107410847	-2.11917695873148
			2.82867293524879	-2.11917695873148
			2.83053512941288	-2.11917695873148
			2.83239732357697	-2.12103915289557
			2.83425951774105	-2.12103915289557
			2.83612171190514	-2.12103915289557
			2.83612171190514	-2.12290134705966
			2.83798390606923	-2.12290134705966
			2.83984610023332	-2.12290134705966
			2.8417082943974	-2.12476354122375
			2.84357048856149	-2.12476354122375
			2.84543268272558	-2.12476354122375
			2.84543268272558	-2.12662573538783
			2.84729487688966	-2.12662573538783
			2.84915707105375	-2.12662573538783
			2.85101926521784	-2.12848792955192
			2.85288145938193	-2.12848792955192
			2.85474365354601	-2.13035012371601
			2.8566058477101	-2.13035012371601
			2.85846804187419	-2.13035012371601
			2.86033023603828	-2.1322123178801
			2.86219243020236	-2.1322123178801
			2.86405462436645	-2.13407451204418
			2.86591681853054	-2.13407451204418
			2.86777901269463	-2.13593670620827
			2.86964120685871	-2.13593670620827
			2.8715034010228	-2.13593670620827
			2.87336559518689	-2.13779890037236
			2.87522778935098	-2.13966109453645
			2.87708998351506	-2.13966109453645
			2.87895217767915	-2.13966109453645
			2.88081437184324	-2.14152328870053
			2.88267656600733	-2.14152328870053
			2.88267656600733	-2.14338548286462
			2.88453876017141	-2.14338548286462
			2.8864009543355	-2.14524767702871
			2.88826314849959	-2.14524767702871
			2.89012534266368	-2.14710987119279
			2.89198753682776	-2.14897206535688
			2.89384973099185	-2.14897206535688
			2.89571192515594	-2.15083425952097
			2.89757411932003	-2.15269645368506
			2.89943631348411	-2.15455864784914
			2.9012985076482	-2.15642084201323
			2.9012985076482	-2.15828303617732
			2.9012985076482	-2.16014523034141
			2.9012985076482	-2.16200742450549
			2.9012985076482	-2.16386961866958
			2.9012985076482	-2.16573181283367
			2.9012985076482	-2.16759400699776
			2.9012985076482	-2.16945620116184
			2.9012985076482	-2.17131839532593
			2.9012985076482	-2.17318058949002
			2.89943631348411	-2.17504278365411
			2.89943631348411	-2.17690497781819
			2.89943631348411	-2.17876717198228
			2.89943631348411	-2.18062936614637
			2.89943631348411	-2.18249156031046
			2.89943631348411	-2.18435375447454
			2.89943631348411	-2.18621594863863
			2.89943631348411	-2.18807814280272
			2.89757411932003	-2.18994033696681
			2.89757411932003	-2.19180253113089
			2.89757411932003	-2.19366472529498
			2.89757411932003	-2.19552691945907
			2.89757411932003	-2.19738911362316
			2.89757411932003	-2.19925130778724
			2.89571192515594	-2.20111350195133
			2.89571192515594	-2.20297569611542
			2.89571192515594	-2.2048378902795
			2.89571192515594	-2.20670008444359
			2.89571192515594	-2.20856227860768
			2.89384973099185	-2.21042447277177
			2.89384973099185	-2.21228666693585
			2.89384973099185	-2.21414886109994
			2.89384973099185	-2.21601105526403
			2.89384973099185	-2.21787324942812
			2.89198753682776	-2.2197354435922
			2.89198753682776	-2.22159763775629
			2.89198753682776	-2.22345983192038
			2.89198753682776	-2.22532202608447
			2.89012534266368	-2.22718422024855
			2.89012534266368	-2.22904641441264
			2.89012534266368	-2.23090860857673
			2.89012534266368	-2.23277080274082
			2.88826314849959	-2.2346329969049
			2.88826314849959	-2.23649519106899
			2.88826314849959	-2.23835738523308
			2.8864009543355	-2.24021957939717
			2.8864009543355	-2.24208177356125
			2.8864009543355	-2.24394396772534
			2.88453876017141	-2.24580616188943
			2.88453876017141	-2.24766835605352
			2.88453876017141	-2.2495305502176
			2.88267656600733	-2.25139274438169
			2.88267656600733	-2.25325493854578
			2.88267656600733	-2.25511713270987
			2.88081437184324	-2.25697932687395
			2.88081437184324	-2.25884152103804
			2.88081437184324	-2.26070371520213
			2.87895217767915	-2.26070371520213
			2.87895217767915	-2.26256590936621
			2.87895217767915	-2.2644281035303
			2.87708998351506	-2.26629029769439
			2.87708998351506	-2.26815249185848
			2.87522778935098	-2.27001468602256
			2.87522778935098	-2.27187688018665
			2.87522778935098	-2.27373907435074
			2.87336559518689	-2.27373907435074
			2.87336559518689	-2.27560126851483
			2.8715034010228	-2.27746346267891
			2.8715034010228	-2.279325656843
			2.86964120685871	-2.28118785100709
			2.86964120685871	-2.28305004517118
			2.86964120685871	-2.28491223933526
			2.86777901269463	-2.28491223933526
			2.86777901269463	-2.28677443349935
			2.86591681853054	-2.28863662766344
			2.86591681853054	-2.29049882182753
			2.86405462436645	-2.29236101599161
			2.86219243020236	-2.2942232101557
			2.86219243020236	-2.29608540431979
			2.86033023603828	-2.29794759848388
			2.85846804187419	-2.29980979264796
			2.85846804187419	-2.30167198681205
			2.8566058477101	-2.30353418097614
			2.8566058477101	-2.30539637514023
			2.85474365354601	-2.30725856930431
			2.85288145938193	-2.3091207634684
			2.85288145938193	-2.31098295763249
			2.85101926521784	-2.31098295763249
			2.84915707105375	-2.31284515179658
			2.84915707105375	-2.31470734596066
			2.84729487688966	-2.31656954012475
			2.84543268272558	-2.31843173428884
			2.84543268272558	-2.32029392845292
			2.84357048856149	-2.32215612261701
			2.8417082943974	-2.3240183167811
			2.83984610023332	-2.3240183167811
			2.83984610023332	-2.32588051094519
			2.83798390606923	-2.32774270510927
			2.83612171190514	-2.32960489927336
			2.83425951774105	-2.33146709343745
			2.83239732357697	-2.33332928760154
			2.83053512941288	-2.33519148176562
			2.82867293524879	-2.33705367592971
			2.8268107410847	-2.3389158700938
			2.82494854692062	-2.34077806425789
			2.82308635275653	-2.34264025842197
			2.82122415859244	-2.34450245258606
			2.81936196442835	-2.34636464675015
			2.81749977026427	-2.34636464675015
			2.81563757610018	-2.34822684091424
			2.81377538193609	-2.35008903507832
			2.811913187772	-2.35195122924241
			2.81005099360792	-2.3538134234065
			2.80818879944383	-2.35567561757059
			2.80632660527974	-2.35567561757059
			2.80446441111565	-2.35753781173467
			2.80260221695157	-2.35753781173467
			2.80260221695157	-2.35940000589876
			2.80074002278748	-2.35940000589876
			2.79887782862339	-2.36126220006285
			2.79887782862339	-2.36312439422694
			2.7970156344593	-2.36498658839102
			2.7970156344593	-2.36684878255511
			2.79515344029522	-2.3687109767192
			2.79515344029522	-2.37057317088329
			2.79329124613113	-2.37243536504737
			2.79329124613113	-2.37429755921146
			2.79142905196704	-2.37615975337555
			2.79142905196704	-2.37802194753963
			2.79142905196704	-2.37988414170372
			2.78956685780295	-2.38174633586781
			2.78956685780295	-2.3836085300319
			2.78956685780295	-2.38547072419598
			2.78770466363887	-2.38733291836007
			2.78770466363887	-2.38919511252416
			2.78584246947478	-2.39105730668825
			2.78584246947478	-2.39291950085233
			2.78584246947478	-2.39478169501642
			2.78584246947478	-2.39664388918051
			2.78398027531069	-2.3985060833446
			2.78398027531069	-2.40036827750868
			2.78398027531069	-2.40223047167277
			2.78211808114661	-2.40409266583686
			2.78211808114661	-2.40595486000095
			2.78211808114661	-2.40781705416503
			2.78025588698252	-2.40967924832912
			2.78025588698252	-2.41154144249321
			2.78025588698252	-2.4134036366573
			2.78025588698252	-2.41526583082138
			2.77839369281843	-2.41712802498547
			2.77839369281843	-2.41899021914956
			2.77839369281843	-2.42085241331365
			2.77839369281843	-2.42271460747773
			2.77839369281843	-2.42457680164182
			2.77653149865434	-2.42643899580591
			2.77653149865434	-2.42830118997
			2.77653149865434	-2.43016338413408
			2.77653149865434	-2.43202557829817
			2.77466930449026	-2.43388777246226
			2.77466930449026	-2.43574996662634
			2.77466930449026	-2.43761216079043
			2.77466930449026	-2.43947435495452
			2.77466930449026	-2.44133654911861
			2.77466930449026	-2.44319874328269
			2.77466930449026	-2.44506093744678
			2.77280711032617	-2.44692313161087
			2.77280711032617	-2.44878532577496
			2.77280711032617	-2.45064751993904
			2.77280711032617	-2.45250971410313
			2.77280711032617	-2.45437190826722
			2.77280711032617	-2.45623410243131
			2.77280711032617	-2.45809629659539
			2.77280711032617	-2.45995849075948
			2.77094491616208	-2.46182068492357
			2.77094491616208	-2.46368287908766
			2.77094491616208	-2.46554507325174
			2.77094491616208	-2.46740726741583
			2.77094491616208	-2.46926946157992
			2.77094491616208	-2.47113165574401
			2.77094491616208	-2.47299384990809
			2.77094491616208	-2.47485604407218
			2.77094491616208	-2.47671823823627
			2.77094491616208	-2.47858043240036
			2.77094491616208	-2.48044262656444
			2.77094491616208	-2.48230482072853
			2.77094491616208	-2.48416701489262
			2.77094491616208	-2.48602920905671
			2.77094491616208	-2.48789140322079
			2.77094491616208	-2.48975359738488
			2.77094491616208	-2.49161579154897
			2.77094491616208	-2.49347798571305
			2.77094491616208	-2.49534017987714
			2.77094491616208	-2.49720237404123
			2.77094491616208	-2.49906456820532
			2.77094491616208	-2.5009267623694
			2.77094491616208	-2.50278895653349
			2.77094491616208	-2.50465115069758
			2.77094491616208	-2.50651334486167
			2.77094491616208	-2.50837553902575
			2.77280711032617	-2.51023773318984
			2.77280711032617	-2.51209992735393
			2.77280711032617	-2.51396212151802
			2.77280711032617	-2.5158243156821
			2.77280711032617	-2.51768650984619
			2.77280711032617	-2.51954870401028
		</curvaI_espina_dorsal>
	</curves.scaled>
	<ruler.points type=matrix rownames=TRUE colnames=FALSE nrow=2 ncol=2 as.numeric=TRUE >
		Ruler point 1	1569	576
		Ruler point 2	2106	575
	</ruler.points>
</shapes>

