<shapes type=list>
	<ruler.pixel type=vector names=FALSE length=1 as.numeric=TRUE >536.008395456638</ruler.pixel>
	<ruler.interval type=vector names=FALSE length=1 as.numeric=TRUE >1</ruler.interval>
	<scaling.units type=vector names=FALSE length=1 as.numeric=FALSE >mm</scaling.units>
	<scaling type=vector names=FALSE length=1 as.numeric=TRUE >0.00186219416408742</scaling>
	<landmarks.pixel type=matrix rownames=TRUE colnames=FALSE nrow=3 ncol=2 as.numeric=TRUE >
		punta_espina_dorsal	1558	890
		esq_izq_caparaza	1358	1101
		organo_dorsal	1669	1233
	</landmarks.pixel>
	<landmarks.scaled type=matrix rownames=TRUE colnames=FALSE nrow=3 ncol=2 as.numeric=TRUE >
		punta_espina_dorsal	2.9012985076482	-1.6573528060378
		esq_izq_caparaza	2.52885967483072	-2.05027577466025
		organo_dorsal	3.1080020598619	-2.29608540431979
	</landmarks.scaled>
	<curves.control type=list>
		<curvaD_espina_dorsal type=matrix rownames=FALSE colnames=FALSE nrow=7 ncol=2 as.numeric=TRUE >
			1558	890
			1575	899
			1591	980
			1596	1036
			1600	1080
			1583	1149
			1669	1233
		</curvaD_espina_dorsal>
		<curvaI_espina_dorsal type=matrix rownames=FALSE colnames=FALSE nrow=9 ncol=2 as.numeric=TRUE >
			1558	890
			1572	934
			1571	959
			1576	1062
			1564	1091
			1500	1112
			1447	1074
			1372	1079
			1358	1101
		</curvaI_espina_dorsal>
	</curves.control>
	<curves.pixel type=list>
		<curvaD_espina_dorsal type=matrix rownames=FALSE colnames=FALSE nrow=352 ncol=2 as.numeric=TRUE >
			1558	890
			1559	890
			1559	891
			1560	891
			1561	892
			1562	893
			1563	894
			1564	895
			1565	896
			1565	897
			1566	898
			1567	899
			1567	900
			1568	901
			1568	902
			1569	903
			1569	904
			1570	905
			1570	906
			1571	907
			1571	908
			1572	909
			1572	910
			1573	911
			1573	912
			1573	913
			1574	914
			1574	915
			1574	916
			1575	917
			1575	918
			1575	919
			1576	920
			1576	921
			1576	922
			1577	923
			1577	924
			1577	925
			1578	926
			1578	927
			1578	928
			1579	929
			1579	930
			1579	931
			1580	932
			1580	933
			1580	934
			1581	935
			1581	936
			1581	937
			1581	938
			1582	939
			1582	940
			1582	941
			1582	942
			1583	943
			1583	944
			1583	945
			1583	946
			1584	947
			1584	948
			1584	949
			1584	950
			1585	951
			1585	952
			1585	953
			1585	954
			1586	955
			1586	956
			1586	957
			1586	958
			1587	959
			1587	960
			1587	961
			1587	962
			1587	963
			1588	964
			1588	965
			1588	966
			1588	967
			1589	968
			1589	969
			1589	970
			1589	971
			1589	972
			1590	973
			1590	974
			1590	975
			1590	976
			1590	977
			1591	978
			1591	979
			1591	980
			1591	981
			1591	982
			1591	983
			1591	984
			1591	985
			1592	986
			1592	987
			1592	988
			1592	989
			1592	990
			1592	991
			1592	992
			1592	993
			1592	994
			1592	995
			1592	996
			1593	997
			1593	998
			1593	999
			1593	1000
			1593	1001
			1593	1002
			1593	1003
			1593	1004
			1593	1005
			1593	1006
			1593	1007
			1594	1008
			1594	1009
			1594	1010
			1594	1011
			1594	1012
			1594	1013
			1594	1014
			1594	1015
			1594	1016
			1594	1017
			1594	1018
			1594	1019
			1595	1020
			1595	1021
			1595	1022
			1595	1023
			1595	1024
			1595	1025
			1595	1026
			1595	1027
			1595	1028
			1595	1029
			1595	1030
			1596	1031
			1596	1032
			1596	1033
			1596	1034
			1596	1035
			1596	1036
			1596	1037
			1596	1038
			1596	1039
			1596	1040
			1596	1041
			1597	1042
			1597	1043
			1597	1044
			1597	1045
			1597	1046
			1597	1047
			1597	1048
			1597	1049
			1597	1050
			1597	1051
			1597	1052
			1598	1053
			1598	1054
			1598	1055
			1598	1056
			1598	1057
			1598	1058
			1598	1059
			1598	1060
			1598	1061
			1598	1062
			1598	1063
			1599	1064
			1599	1065
			1599	1066
			1599	1067
			1599	1068
			1599	1069
			1599	1070
			1599	1071
			1599	1072
			1599	1073
			1599	1074
			1600	1075
			1600	1076
			1600	1077
			1600	1078
			1600	1079
			1600	1080
			1600	1081
			1599	1082
			1599	1083
			1599	1084
			1599	1085
			1599	1086
			1599	1087
			1598	1087
			1598	1088
			1598	1089
			1598	1090
			1598	1091
			1598	1092
			1598	1093
			1598	1094
			1598	1095
			1597	1096
			1597	1097
			1597	1098
			1597	1099
			1597	1100
			1597	1101
			1597	1102
			1597	1103
			1597	1104
			1597	1105
			1597	1106
			1597	1107
			1597	1108
			1597	1109
			1597	1110
			1597	1111
			1598	1112
			1598	1113
			1598	1114
			1598	1115
			1598	1116
			1598	1117
			1598	1118
			1598	1119
			1599	1120
			1599	1121
			1599	1122
			1599	1123
			1599	1124
			1600	1125
			1600	1126
			1600	1127
			1600	1128
			1600	1129
			1601	1130
			1601	1131
			1601	1132
			1601	1133
			1602	1134
			1602	1135
			1602	1136
			1603	1137
			1603	1138
			1603	1139
			1604	1140
			1604	1141
			1604	1142
			1605	1143
			1605	1144
			1606	1145
			1606	1146
			1606	1147
			1607	1148
			1607	1149
			1608	1150
			1608	1151
			1608	1152
			1609	1153
			1609	1154
			1610	1155
			1610	1156
			1611	1157
			1611	1158
			1612	1159
			1612	1160
			1613	1161
			1613	1162
			1614	1163
			1614	1164
			1615	1165
			1615	1166
			1616	1167
			1617	1168
			1617	1169
			1618	1170
			1618	1171
			1619	1171
			1619	1172
			1620	1173
			1620	1174
			1621	1175
			1621	1176
			1622	1177
			1623	1178
			1623	1179
			1624	1180
			1624	1181
			1625	1182
			1626	1183
			1627	1184
			1628	1185
			1628	1186
			1629	1187
			1630	1188
			1631	1189
			1631	1190
			1632	1191
			1632	1192
			1633	1193
			1634	1193
			1634	1194
			1635	1195
			1635	1196
			1636	1197
			1637	1197
			1637	1198
			1638	1199
			1639	1200
			1639	1201
			1640	1201
			1641	1202
			1641	1203
			1642	1204
			1643	1205
			1643	1206
			1644	1206
			1645	1207
			1645	1208
			1646	1209
			1647	1210
			1648	1211
			1649	1212
			1650	1213
			1651	1214
			1652	1215
			1653	1216
			1654	1217
			1654	1218
			1655	1219
			1656	1220
			1657	1221
			1658	1222
			1659	1223
			1660	1224
			1661	1225
			1662	1226
			1663	1227
			1664	1228
			1665	1229
			1666	1230
			1667	1231
			1668	1232
			1669	1233
		</curvaD_espina_dorsal>
		<curvaI_espina_dorsal type=matrix rownames=FALSE colnames=FALSE nrow=414 ncol=2 as.numeric=TRUE >
			1558	890
			1558	891
			1559	892
			1559	893
			1559	894
			1560	895
			1560	896
			1560	897
			1561	898
			1561	899
			1561	900
			1561	901
			1562	902
			1562	903
			1562	904
			1562	905
			1563	906
			1563	907
			1563	908
			1564	909
			1564	910
			1564	911
			1564	912
			1565	913
			1565	914
			1565	915
			1565	916
			1566	917
			1566	918
			1566	919
			1566	920
			1567	921
			1567	922
			1567	923
			1567	924
			1567	925
			1568	926
			1568	927
			1568	928
			1568	929
			1568	930
			1569	931
			1569	932
			1569	933
			1569	934
			1569	935
			1569	936
			1570	937
			1570	938
			1570	939
			1570	940
			1570	941
			1570	942
			1570	943
			1570	944
			1571	945
			1571	946
			1571	947
			1571	948
			1571	949
			1571	950
			1571	951
			1571	952
			1571	953
			1571	954
			1571	955
			1571	956
			1571	957
			1571	958
			1571	959
			1571	960
			1571	961
			1571	962
			1571	963
			1571	964
			1571	965
			1571	966
			1571	967
			1571	968
			1571	969
			1571	970
			1572	971
			1572	972
			1572	973
			1572	974
			1572	975
			1572	976
			1572	977
			1572	978
			1572	979
			1572	980
			1572	981
			1572	982
			1572	983
			1572	984
			1572	985
			1572	986
			1572	987
			1572	988
			1572	989
			1572	990
			1572	991
			1572	992
			1572	993
			1572	994
			1572	995
			1572	996
			1572	997
			1572	998
			1572	999
			1572	1000
			1572	1001
			1572	1002
			1572	1003
			1572	1004
			1572	1005
			1572	1006
			1572	1007
			1572	1008
			1572	1009
			1572	1010
			1572	1011
			1572	1012
			1572	1013
			1572	1014
			1572	1015
			1572	1016
			1572	1017
			1572	1018
			1572	1019
			1572	1020
			1572	1021
			1572	1022
			1572	1023
			1572	1024
			1572	1025
			1572	1026
			1572	1027
			1572	1028
			1572	1029
			1572	1030
			1572	1031
			1572	1032
			1572	1033
			1572	1034
			1572	1035
			1572	1036
			1572	1037
			1572	1038
			1572	1039
			1572	1040
			1572	1041
			1572	1042
			1572	1043
			1572	1044
			1572	1045
			1572	1046
			1572	1047
			1571	1048
			1571	1049
			1571	1050
			1571	1051
			1571	1052
			1571	1053
			1571	1054
			1571	1055
			1571	1056
			1571	1057
			1571	1058
			1571	1059
			1570	1060
			1570	1061
			1570	1062
			1570	1063
			1570	1064
			1570	1065
			1570	1066
			1570	1067
			1570	1068
			1569	1069
			1569	1070
			1569	1071
			1569	1072
			1569	1073
			1569	1074
			1568	1075
			1568	1076
			1568	1077
			1568	1078
			1568	1079
			1567	1080
			1567	1081
			1567	1082
			1567	1083
			1566	1084
			1566	1085
			1566	1086
			1566	1087
			1565	1088
			1565	1089
			1564	1090
			1563	1091
			1562	1092
			1561	1092
			1560	1092
			1559	1092
			1559	1093
			1558	1093
			1557	1093
			1556	1093
			1555	1094
			1554	1094
			1553	1094
			1552	1094
			1551	1095
			1550	1095
			1549	1095
			1548	1095
			1547	1096
			1546	1096
			1545	1096
			1544	1096
			1543	1096
			1542	1097
			1541	1097
			1540	1097
			1539	1097
			1538	1097
			1537	1097
			1536	1097
			1535	1098
			1534	1098
			1533	1098
			1532	1098
			1531	1098
			1530	1098
			1529	1098
			1528	1098
			1527	1098
			1526	1098
			1525	1098
			1524	1098
			1523	1098
			1522	1098
			1521	1098
			1520	1098
			1519	1098
			1518	1098
			1517	1098
			1516	1098
			1515	1098
			1514	1098
			1513	1098
			1512	1098
			1511	1098
			1510	1098
			1509	1098
			1508	1098
			1507	1098
			1506	1098
			1505	1098
			1504	1097
			1503	1097
			1502	1097
			1501	1097
			1500	1097
			1499	1097
			1498	1097
			1498	1096
			1497	1096
			1496	1096
			1495	1096
			1494	1096
			1493	1095
			1492	1095
			1491	1095
			1490	1095
			1489	1094
			1488	1094
			1487	1094
			1486	1094
			1485	1093
			1484	1093
			1483	1093
			1483	1092
			1482	1092
			1481	1092
			1480	1091
			1479	1091
			1478	1091
			1477	1090
			1476	1090
			1475	1090
			1474	1089
			1473	1089
			1472	1089
			1472	1088
			1471	1088
			1470	1087
			1469	1087
			1468	1087
			1467	1086
			1466	1086
			1465	1085
			1464	1085
			1463	1084
			1462	1083
			1461	1083
			1460	1082
			1459	1082
			1458	1081
			1457	1081
			1456	1080
			1455	1079
			1454	1079
			1453	1078
			1452	1077
			1451	1077
			1450	1076
			1449	1076
			1448	1075
			1447	1074
			1446	1074
			1445	1074
			1444	1074
			1443	1074
			1442	1074
			1441	1074
			1440	1074
			1440	1075
			1439	1075
			1438	1075
			1437	1075
			1436	1075
			1435	1075
			1434	1075
			1433	1075
			1432	1075
			1431	1075
			1430	1075
			1429	1076
			1428	1076
			1427	1076
			1426	1076
			1425	1076
			1424	1076
			1423	1076
			1422	1076
			1421	1076
			1420	1077
			1419	1077
			1418	1077
			1417	1077
			1416	1077
			1415	1077
			1414	1078
			1413	1078
			1412	1078
			1411	1078
			1410	1078
			1409	1078
			1408	1078
			1407	1079
			1406	1079
			1405	1079
			1404	1079
			1403	1079
			1402	1080
			1401	1080
			1400	1080
			1399	1080
			1398	1080
			1397	1081
			1396	1081
			1395	1081
			1394	1081
			1393	1082
			1392	1082
			1391	1082
			1390	1083
			1389	1083
			1388	1083
			1387	1083
			1386	1084
			1385	1084
			1384	1084
			1383	1085
			1382	1085
			1381	1085
			1380	1086
			1379	1086
			1378	1087
			1377	1087
			1376	1087
			1375	1088
			1374	1088
			1373	1089
			1372	1089
			1371	1090
			1370	1091
			1369	1091
			1368	1092
			1367	1092
			1366	1093
			1365	1093
			1365	1094
			1364	1095
			1363	1095
			1362	1096
			1361	1097
			1360	1098
			1359	1099
			1359	1100
			1358	1101
		</curvaI_espina_dorsal>
	</curves.pixel>
	<curves.scaled type=list>
		<curvaD_espina_dorsal type=matrix rownames=FALSE colnames=FALSE nrow=352 ncol=2 as.numeric=TRUE >
			2.9012985076482	-1.6573528060378
			2.90316070181229	-1.6573528060378
			2.90316070181229	-1.65921500020189
			2.90502289597637	-1.65921500020189
			2.90688509014046	-1.66107719436598
			2.90874728430455	-1.66293938853007
			2.91060947846864	-1.66480158269415
			2.91247167263272	-1.66666377685824
			2.91433386679681	-1.66852597102233
			2.91433386679681	-1.67038816518642
			2.9161960609609	-1.6722503593505
			2.91805825512499	-1.67411255351459
			2.91805825512499	-1.67597474767868
			2.91992044928907	-1.67783694184276
			2.91992044928907	-1.67969913600685
			2.92178264345316	-1.68156133017094
			2.92178264345316	-1.68342352433503
			2.92364483761725	-1.68528571849911
			2.92364483761725	-1.6871479126632
			2.92550703178134	-1.68901010682729
			2.92550703178134	-1.69087230099138
			2.92736922594542	-1.69273449515546
			2.92736922594542	-1.69459668931955
			2.92923142010951	-1.69645888348364
			2.92923142010951	-1.69832107764773
			2.92923142010951	-1.70018327181181
			2.9310936142736	-1.7020454659759
			2.9310936142736	-1.70390766013999
			2.9310936142736	-1.70576985430408
			2.93295580843769	-1.70763204846816
			2.93295580843769	-1.70949424263225
			2.93295580843769	-1.71135643679634
			2.93481800260177	-1.71321863096043
			2.93481800260177	-1.71508082512451
			2.93481800260177	-1.7169430192886
			2.93668019676586	-1.71880521345269
			2.93668019676586	-1.72066740761678
			2.93668019676586	-1.72252960178086
			2.93854239092995	-1.72439179594495
			2.93854239092995	-1.72625399010904
			2.93854239092995	-1.72811618427313
			2.94040458509404	-1.72997837843721
			2.94040458509404	-1.7318405726013
			2.94040458509404	-1.73370276676539
			2.94226677925812	-1.73556496092947
			2.94226677925812	-1.73742715509356
			2.94226677925812	-1.73928934925765
			2.94412897342221	-1.74115154342174
			2.94412897342221	-1.74301373758582
			2.94412897342221	-1.74487593174991
			2.94412897342221	-1.746738125914
			2.9459911675863	-1.74860032007809
			2.9459911675863	-1.75046251424217
			2.9459911675863	-1.75232470840626
			2.9459911675863	-1.75418690257035
			2.94785336175039	-1.75604909673444
			2.94785336175039	-1.75791129089852
			2.94785336175039	-1.75977348506261
			2.94785336175039	-1.7616356792267
			2.94971555591447	-1.76349787339079
			2.94971555591447	-1.76536006755487
			2.94971555591447	-1.76722226171896
			2.94971555591447	-1.76908445588305
			2.95157775007856	-1.77094665004714
			2.95157775007856	-1.77280884421122
			2.95157775007856	-1.77467103837531
			2.95157775007856	-1.7765332325394
			2.95343994424265	-1.77839542670349
			2.95343994424265	-1.78025762086757
			2.95343994424265	-1.78211981503166
			2.95343994424265	-1.78398200919575
			2.95530213840674	-1.78584420335984
			2.95530213840674	-1.78770639752392
			2.95530213840674	-1.78956859168801
			2.95530213840674	-1.7914307858521
			2.95530213840674	-1.79329298001618
			2.95716433257082	-1.79515517418027
			2.95716433257082	-1.79701736834436
			2.95716433257082	-1.79887956250845
			2.95716433257082	-1.80074175667253
			2.95902652673491	-1.80260395083662
			2.95902652673491	-1.80446614500071
			2.95902652673491	-1.8063283391648
			2.95902652673491	-1.80819053332888
			2.95902652673491	-1.81005272749297
			2.960888720899	-1.81191492165706
			2.960888720899	-1.81377711582115
			2.960888720899	-1.81563930998523
			2.960888720899	-1.81750150414932
			2.960888720899	-1.81936369831341
			2.96275091506308	-1.8212258924775
			2.96275091506308	-1.82308808664158
			2.96275091506308	-1.82495028080567
			2.96275091506308	-1.82681247496976
			2.96275091506308	-1.82867466913385
			2.96275091506308	-1.83053686329793
			2.96275091506308	-1.83239905746202
			2.96275091506308	-1.83426125162611
			2.96461310922717	-1.8361234457902
			2.96461310922717	-1.83798563995428
			2.96461310922717	-1.83984783411837
			2.96461310922717	-1.84171002828246
			2.96461310922717	-1.84357222244655
			2.96461310922717	-1.84543441661063
			2.96461310922717	-1.84729661077472
			2.96461310922717	-1.84915880493881
			2.96461310922717	-1.8510209991029
			2.96461310922717	-1.85288319326698
			2.96461310922717	-1.85474538743107
			2.96647530339126	-1.85660758159516
			2.96647530339126	-1.85846977575924
			2.96647530339126	-1.86033196992333
			2.96647530339126	-1.86219416408742
			2.96647530339126	-1.86405635825151
			2.96647530339126	-1.86591855241559
			2.96647530339126	-1.86778074657968
			2.96647530339126	-1.86964294074377
			2.96647530339126	-1.87150513490786
			2.96647530339126	-1.87336732907194
			2.96647530339126	-1.87522952323603
			2.96833749755535	-1.87709171740012
			2.96833749755535	-1.87895391156421
			2.96833749755535	-1.88081610572829
			2.96833749755535	-1.88267829989238
			2.96833749755535	-1.88454049405647
			2.96833749755535	-1.88640268822056
			2.96833749755535	-1.88826488238464
			2.96833749755535	-1.89012707654873
			2.96833749755535	-1.89198927071282
			2.96833749755535	-1.89385146487691
			2.96833749755535	-1.89571365904099
			2.96833749755535	-1.89757585320508
			2.97019969171943	-1.89943804736917
			2.97019969171943	-1.90130024153326
			2.97019969171943	-1.90316243569734
			2.97019969171943	-1.90502462986143
			2.97019969171943	-1.90688682402552
			2.97019969171943	-1.90874901818961
			2.97019969171943	-1.91061121235369
			2.97019969171943	-1.91247340651778
			2.97019969171943	-1.91433560068187
			2.97019969171943	-1.91619779484595
			2.97019969171943	-1.91805998901004
			2.97206188588352	-1.91992218317413
			2.97206188588352	-1.92178437733822
			2.97206188588352	-1.9236465715023
			2.97206188588352	-1.92550876566639
			2.97206188588352	-1.92737095983048
			2.97206188588352	-1.92923315399457
			2.97206188588352	-1.93109534815865
			2.97206188588352	-1.93295754232274
			2.97206188588352	-1.93481973648683
			2.97206188588352	-1.93668193065092
			2.97206188588352	-1.938544124815
			2.97392408004761	-1.94040631897909
			2.97392408004761	-1.94226851314318
			2.97392408004761	-1.94413070730727
			2.97392408004761	-1.94599290147135
			2.97392408004761	-1.94785509563544
			2.97392408004761	-1.94971728979953
			2.97392408004761	-1.95157948396362
			2.97392408004761	-1.9534416781277
			2.97392408004761	-1.95530387229179
			2.97392408004761	-1.95716606645588
			2.97392408004761	-1.95902826061997
			2.9757862742117	-1.96089045478405
			2.9757862742117	-1.96275264894814
			2.9757862742117	-1.96461484311223
			2.9757862742117	-1.96647703727632
			2.9757862742117	-1.9683392314404
			2.9757862742117	-1.97020142560449
			2.9757862742117	-1.97206361976858
			2.9757862742117	-1.97392581393266
			2.9757862742117	-1.97578800809675
			2.9757862742117	-1.97765020226084
			2.9757862742117	-1.97951239642493
			2.97764846837578	-1.98137459058901
			2.97764846837578	-1.9832367847531
			2.97764846837578	-1.98509897891719
			2.97764846837578	-1.98696117308128
			2.97764846837578	-1.98882336724536
			2.97764846837578	-1.99068556140945
			2.97764846837578	-1.99254775557354
			2.97764846837578	-1.99440994973763
			2.97764846837578	-1.99627214390171
			2.97764846837578	-1.9981343380658
			2.97764846837578	-1.99999653222989
			2.97951066253987	-2.00185872639398
			2.97951066253987	-2.00372092055806
			2.97951066253987	-2.00558311472215
			2.97951066253987	-2.00744530888624
			2.97951066253987	-2.00930750305033
			2.97951066253987	-2.01116969721441
			2.97951066253987	-2.0130318913785
			2.97764846837578	-2.01489408554259
			2.97764846837578	-2.01675627970668
			2.97764846837578	-2.01861847387076
			2.97764846837578	-2.02048066803485
			2.97764846837578	-2.02234286219894
			2.97764846837578	-2.02420505636303
			2.9757862742117	-2.02420505636303
			2.9757862742117	-2.02606725052711
			2.9757862742117	-2.0279294446912
			2.9757862742117	-2.02979163885529
			2.9757862742117	-2.03165383301937
			2.9757862742117	-2.03351602718346
			2.9757862742117	-2.03537822134755
			2.9757862742117	-2.03724041551164
			2.9757862742117	-2.03910260967572
			2.97392408004761	-2.04096480383981
			2.97392408004761	-2.0428269980039
			2.97392408004761	-2.04468919216799
			2.97392408004761	-2.04655138633207
			2.97392408004761	-2.04841358049616
			2.97392408004761	-2.05027577466025
			2.97392408004761	-2.05213796882434
			2.97392408004761	-2.05400016298842
			2.97392408004761	-2.05586235715251
			2.97392408004761	-2.0577245513166
			2.97392408004761	-2.05958674548069
			2.97392408004761	-2.06144893964477
			2.97392408004761	-2.06331113380886
			2.97392408004761	-2.06517332797295
			2.97392408004761	-2.06703552213704
			2.97392408004761	-2.06889771630112
			2.9757862742117	-2.07075991046521
			2.9757862742117	-2.0726221046293
			2.9757862742117	-2.07448429879339
			2.9757862742117	-2.07634649295747
			2.9757862742117	-2.07820868712156
			2.9757862742117	-2.08007088128565
			2.9757862742117	-2.08193307544974
			2.9757862742117	-2.08379526961382
			2.97764846837578	-2.08565746377791
			2.97764846837578	-2.087519657942
			2.97764846837578	-2.08938185210608
			2.97764846837578	-2.09124404627017
			2.97764846837578	-2.09310624043426
			2.97951066253987	-2.09496843459835
			2.97951066253987	-2.09683062876243
			2.97951066253987	-2.09869282292652
			2.97951066253987	-2.10055501709061
			2.97951066253987	-2.1024172112547
			2.98137285670396	-2.10427940541878
			2.98137285670396	-2.10614159958287
			2.98137285670396	-2.10800379374696
			2.98137285670396	-2.10986598791105
			2.98323505086805	-2.11172818207513
			2.98323505086805	-2.11359037623922
			2.98323505086805	-2.11545257040331
			2.98509724503213	-2.1173147645674
			2.98509724503213	-2.11917695873148
			2.98509724503213	-2.12103915289557
			2.98695943919622	-2.12290134705966
			2.98695943919622	-2.12476354122375
			2.98695943919622	-2.12662573538783
			2.98882163336031	-2.12848792955192
			2.98882163336031	-2.13035012371601
			2.9906838275244	-2.1322123178801
			2.9906838275244	-2.13407451204418
			2.9906838275244	-2.13593670620827
			2.99254602168848	-2.13779890037236
			2.99254602168848	-2.13966109453645
			2.99440821585257	-2.14152328870053
			2.99440821585257	-2.14338548286462
			2.99440821585257	-2.14524767702871
			2.99627041001666	-2.14710987119279
			2.99627041001666	-2.14897206535688
			2.99813260418075	-2.15083425952097
			2.99813260418075	-2.15269645368506
			2.99999479834483	-2.15455864784914
			2.99999479834483	-2.15642084201323
			3.00185699250892	-2.15828303617732
			3.00185699250892	-2.16014523034141
			3.00371918667301	-2.16200742450549
			3.00371918667301	-2.16386961866958
			3.0055813808371	-2.16573181283367
			3.0055813808371	-2.16759400699776
			3.00744357500118	-2.16945620116184
			3.00744357500118	-2.17131839532593
			3.00930576916527	-2.17318058949002
			3.01116796332936	-2.17504278365411
			3.01116796332936	-2.17690497781819
			3.01303015749345	-2.17876717198228
			3.01303015749345	-2.18062936614637
			3.01489235165753	-2.18062936614637
			3.01489235165753	-2.18249156031046
			3.01675454582162	-2.18435375447454
			3.01675454582162	-2.18621594863863
			3.01861673998571	-2.18807814280272
			3.01861673998571	-2.18994033696681
			3.02047893414979	-2.19180253113089
			3.02234112831388	-2.19366472529498
			3.02234112831388	-2.19552691945907
			3.02420332247797	-2.19738911362316
			3.02420332247797	-2.19925130778724
			3.02606551664206	-2.20111350195133
			3.02792771080614	-2.20297569611542
			3.02978990497023	-2.2048378902795
			3.03165209913432	-2.20670008444359
			3.03165209913432	-2.20856227860768
			3.03351429329841	-2.21042447277177
			3.03537648746249	-2.21228666693585
			3.03723868162658	-2.21414886109994
			3.03723868162658	-2.21601105526403
			3.03910087579067	-2.21787324942812
			3.03910087579067	-2.2197354435922
			3.04096306995476	-2.22159763775629
			3.04282526411884	-2.22159763775629
			3.04282526411884	-2.22345983192038
			3.04468745828293	-2.22532202608447
			3.04468745828293	-2.22718422024855
			3.04654965244702	-2.22904641441264
			3.04841184661111	-2.22904641441264
			3.04841184661111	-2.23090860857673
			3.05027404077519	-2.23277080274082
			3.05213623493928	-2.2346329969049
			3.05213623493928	-2.23649519106899
			3.05399842910337	-2.23649519106899
			3.05586062326746	-2.23835738523308
			3.05586062326746	-2.24021957939717
			3.05772281743154	-2.24208177356125
			3.05958501159563	-2.24394396772534
			3.05958501159563	-2.24580616188943
			3.06144720575972	-2.24580616188943
			3.06330939992381	-2.24766835605352
			3.06330939992381	-2.2495305502176
			3.06517159408789	-2.25139274438169
			3.06703378825198	-2.25325493854578
			3.06889598241607	-2.25511713270987
			3.07075817658016	-2.25697932687395
			3.07262037074424	-2.25884152103804
			3.07448256490833	-2.26070371520213
			3.07634475907242	-2.26256590936621
			3.0782069532365	-2.2644281035303
			3.08006914740059	-2.26629029769439
			3.08006914740059	-2.26815249185848
			3.08193134156468	-2.27001468602256
			3.08379353572877	-2.27187688018665
			3.08565572989285	-2.27373907435074
			3.08751792405694	-2.27560126851483
			3.08938011822103	-2.27746346267891
			3.09124231238512	-2.279325656843
			3.0931045065492	-2.28118785100709
			3.09496670071329	-2.28305004517118
			3.09682889487738	-2.28491223933526
			3.09869108904147	-2.28677443349935
			3.10055328320555	-2.28863662766344
			3.10241547736964	-2.29049882182753
			3.10427767153373	-2.29236101599161
			3.10613986569782	-2.2942232101557
			3.1080020598619	-2.29608540431979
		</curvaD_espina_dorsal>
		<curvaI_espina_dorsal type=matrix rownames=FALSE colnames=FALSE nrow=414 ncol=2 as.numeric=TRUE >
			2.9012985076482	-1.6573528060378
			2.9012985076482	-1.65921500020189
			2.90316070181229	-1.66107719436598
			2.90316070181229	-1.66293938853007
			2.90316070181229	-1.66480158269415
			2.90502289597637	-1.66666377685824
			2.90502289597637	-1.66852597102233
			2.90502289597637	-1.67038816518642
			2.90688509014046	-1.6722503593505
			2.90688509014046	-1.67411255351459
			2.90688509014046	-1.67597474767868
			2.90688509014046	-1.67783694184276
			2.90874728430455	-1.67969913600685
			2.90874728430455	-1.68156133017094
			2.90874728430455	-1.68342352433503
			2.90874728430455	-1.68528571849911
			2.91060947846864	-1.6871479126632
			2.91060947846864	-1.68901010682729
			2.91060947846864	-1.69087230099138
			2.91247167263272	-1.69273449515546
			2.91247167263272	-1.69459668931955
			2.91247167263272	-1.69645888348364
			2.91247167263272	-1.69832107764773
			2.91433386679681	-1.70018327181181
			2.91433386679681	-1.7020454659759
			2.91433386679681	-1.70390766013999
			2.91433386679681	-1.70576985430408
			2.9161960609609	-1.70763204846816
			2.9161960609609	-1.70949424263225
			2.9161960609609	-1.71135643679634
			2.9161960609609	-1.71321863096043
			2.91805825512499	-1.71508082512451
			2.91805825512499	-1.7169430192886
			2.91805825512499	-1.71880521345269
			2.91805825512499	-1.72066740761678
			2.91805825512499	-1.72252960178086
			2.91992044928907	-1.72439179594495
			2.91992044928907	-1.72625399010904
			2.91992044928907	-1.72811618427313
			2.91992044928907	-1.72997837843721
			2.91992044928907	-1.7318405726013
			2.92178264345316	-1.73370276676539
			2.92178264345316	-1.73556496092947
			2.92178264345316	-1.73742715509356
			2.92178264345316	-1.73928934925765
			2.92178264345316	-1.74115154342174
			2.92178264345316	-1.74301373758582
			2.92364483761725	-1.74487593174991
			2.92364483761725	-1.746738125914
			2.92364483761725	-1.74860032007809
			2.92364483761725	-1.75046251424217
			2.92364483761725	-1.75232470840626
			2.92364483761725	-1.75418690257035
			2.92364483761725	-1.75604909673444
			2.92364483761725	-1.75791129089852
			2.92550703178134	-1.75977348506261
			2.92550703178134	-1.7616356792267
			2.92550703178134	-1.76349787339079
			2.92550703178134	-1.76536006755487
			2.92550703178134	-1.76722226171896
			2.92550703178134	-1.76908445588305
			2.92550703178134	-1.77094665004714
			2.92550703178134	-1.77280884421122
			2.92550703178134	-1.77467103837531
			2.92550703178134	-1.7765332325394
			2.92550703178134	-1.77839542670349
			2.92550703178134	-1.78025762086757
			2.92550703178134	-1.78211981503166
			2.92550703178134	-1.78398200919575
			2.92550703178134	-1.78584420335984
			2.92550703178134	-1.78770639752392
			2.92550703178134	-1.78956859168801
			2.92550703178134	-1.7914307858521
			2.92550703178134	-1.79329298001618
			2.92550703178134	-1.79515517418027
			2.92550703178134	-1.79701736834436
			2.92550703178134	-1.79887956250845
			2.92550703178134	-1.80074175667253
			2.92550703178134	-1.80260395083662
			2.92550703178134	-1.80446614500071
			2.92550703178134	-1.8063283391648
			2.92736922594542	-1.80819053332888
			2.92736922594542	-1.81005272749297
			2.92736922594542	-1.81191492165706
			2.92736922594542	-1.81377711582115
			2.92736922594542	-1.81563930998523
			2.92736922594542	-1.81750150414932
			2.92736922594542	-1.81936369831341
			2.92736922594542	-1.8212258924775
			2.92736922594542	-1.82308808664158
			2.92736922594542	-1.82495028080567
			2.92736922594542	-1.82681247496976
			2.92736922594542	-1.82867466913385
			2.92736922594542	-1.83053686329793
			2.92736922594542	-1.83239905746202
			2.92736922594542	-1.83426125162611
			2.92736922594542	-1.8361234457902
			2.92736922594542	-1.83798563995428
			2.92736922594542	-1.83984783411837
			2.92736922594542	-1.84171002828246
			2.92736922594542	-1.84357222244655
			2.92736922594542	-1.84543441661063
			2.92736922594542	-1.84729661077472
			2.92736922594542	-1.84915880493881
			2.92736922594542	-1.8510209991029
			2.92736922594542	-1.85288319326698
			2.92736922594542	-1.85474538743107
			2.92736922594542	-1.85660758159516
			2.92736922594542	-1.85846977575924
			2.92736922594542	-1.86033196992333
			2.92736922594542	-1.86219416408742
			2.92736922594542	-1.86405635825151
			2.92736922594542	-1.86591855241559
			2.92736922594542	-1.86778074657968
			2.92736922594542	-1.86964294074377
			2.92736922594542	-1.87150513490786
			2.92736922594542	-1.87336732907194
			2.92736922594542	-1.87522952323603
			2.92736922594542	-1.87709171740012
			2.92736922594542	-1.87895391156421
			2.92736922594542	-1.88081610572829
			2.92736922594542	-1.88267829989238
			2.92736922594542	-1.88454049405647
			2.92736922594542	-1.88640268822056
			2.92736922594542	-1.88826488238464
			2.92736922594542	-1.89012707654873
			2.92736922594542	-1.89198927071282
			2.92736922594542	-1.89385146487691
			2.92736922594542	-1.89571365904099
			2.92736922594542	-1.89757585320508
			2.92736922594542	-1.89943804736917
			2.92736922594542	-1.90130024153326
			2.92736922594542	-1.90316243569734
			2.92736922594542	-1.90502462986143
			2.92736922594542	-1.90688682402552
			2.92736922594542	-1.90874901818961
			2.92736922594542	-1.91061121235369
			2.92736922594542	-1.91247340651778
			2.92736922594542	-1.91433560068187
			2.92736922594542	-1.91619779484595
			2.92736922594542	-1.91805998901004
			2.92736922594542	-1.91992218317413
			2.92736922594542	-1.92178437733822
			2.92736922594542	-1.9236465715023
			2.92736922594542	-1.92550876566639
			2.92736922594542	-1.92737095983048
			2.92736922594542	-1.92923315399457
			2.92736922594542	-1.93109534815865
			2.92736922594542	-1.93295754232274
			2.92736922594542	-1.93481973648683
			2.92736922594542	-1.93668193065092
			2.92736922594542	-1.938544124815
			2.92736922594542	-1.94040631897909
			2.92736922594542	-1.94226851314318
			2.92736922594542	-1.94413070730727
			2.92736922594542	-1.94599290147135
			2.92736922594542	-1.94785509563544
			2.92736922594542	-1.94971728979953
			2.92550703178134	-1.95157948396362
			2.92550703178134	-1.9534416781277
			2.92550703178134	-1.95530387229179
			2.92550703178134	-1.95716606645588
			2.92550703178134	-1.95902826061997
			2.92550703178134	-1.96089045478405
			2.92550703178134	-1.96275264894814
			2.92550703178134	-1.96461484311223
			2.92550703178134	-1.96647703727632
			2.92550703178134	-1.9683392314404
			2.92550703178134	-1.97020142560449
			2.92550703178134	-1.97206361976858
			2.92364483761725	-1.97392581393266
			2.92364483761725	-1.97578800809675
			2.92364483761725	-1.97765020226084
			2.92364483761725	-1.97951239642493
			2.92364483761725	-1.98137459058901
			2.92364483761725	-1.9832367847531
			2.92364483761725	-1.98509897891719
			2.92364483761725	-1.98696117308128
			2.92364483761725	-1.98882336724536
			2.92178264345316	-1.99068556140945
			2.92178264345316	-1.99254775557354
			2.92178264345316	-1.99440994973763
			2.92178264345316	-1.99627214390171
			2.92178264345316	-1.9981343380658
			2.92178264345316	-1.99999653222989
			2.91992044928907	-2.00185872639398
			2.91992044928907	-2.00372092055806
			2.91992044928907	-2.00558311472215
			2.91992044928907	-2.00744530888624
			2.91992044928907	-2.00930750305033
			2.91805825512499	-2.01116969721441
			2.91805825512499	-2.0130318913785
			2.91805825512499	-2.01489408554259
			2.91805825512499	-2.01675627970668
			2.9161960609609	-2.01861847387076
			2.9161960609609	-2.02048066803485
			2.9161960609609	-2.02234286219894
			2.9161960609609	-2.02420505636303
			2.91433386679681	-2.02606725052711
			2.91433386679681	-2.0279294446912
			2.91247167263272	-2.02979163885529
			2.91060947846864	-2.03165383301937
			2.90874728430455	-2.03351602718346
			2.90688509014046	-2.03351602718346
			2.90502289597637	-2.03351602718346
			2.90316070181229	-2.03351602718346
			2.90316070181229	-2.03537822134755
			2.9012985076482	-2.03537822134755
			2.89943631348411	-2.03537822134755
			2.89757411932003	-2.03537822134755
			2.89571192515594	-2.03724041551164
			2.89384973099185	-2.03724041551164
			2.89198753682776	-2.03724041551164
			2.89012534266368	-2.03724041551164
			2.88826314849959	-2.03910260967572
			2.8864009543355	-2.03910260967572
			2.88453876017141	-2.03910260967572
			2.88267656600733	-2.03910260967572
			2.88081437184324	-2.04096480383981
			2.87895217767915	-2.04096480383981
			2.87708998351506	-2.04096480383981
			2.87522778935098	-2.04096480383981
			2.87336559518689	-2.04096480383981
			2.8715034010228	-2.0428269980039
			2.86964120685871	-2.0428269980039
			2.86777901269463	-2.0428269980039
			2.86591681853054	-2.0428269980039
			2.86405462436645	-2.0428269980039
			2.86219243020236	-2.0428269980039
			2.86033023603828	-2.0428269980039
			2.85846804187419	-2.04468919216799
			2.8566058477101	-2.04468919216799
			2.85474365354601	-2.04468919216799
			2.85288145938193	-2.04468919216799
			2.85101926521784	-2.04468919216799
			2.84915707105375	-2.04468919216799
			2.84729487688966	-2.04468919216799
			2.84543268272558	-2.04468919216799
			2.84357048856149	-2.04468919216799
			2.8417082943974	-2.04468919216799
			2.83984610023332	-2.04468919216799
			2.83798390606923	-2.04468919216799
			2.83612171190514	-2.04468919216799
			2.83425951774105	-2.04468919216799
			2.83239732357697	-2.04468919216799
			2.83053512941288	-2.04468919216799
			2.82867293524879	-2.04468919216799
			2.8268107410847	-2.04468919216799
			2.82494854692062	-2.04468919216799
			2.82308635275653	-2.04468919216799
			2.82122415859244	-2.04468919216799
			2.81936196442835	-2.04468919216799
			2.81749977026427	-2.04468919216799
			2.81563757610018	-2.04468919216799
			2.81377538193609	-2.04468919216799
			2.811913187772	-2.04468919216799
			2.81005099360792	-2.04468919216799
			2.80818879944383	-2.04468919216799
			2.80632660527974	-2.04468919216799
			2.80446441111565	-2.04468919216799
			2.80260221695157	-2.04468919216799
			2.80074002278748	-2.0428269980039
			2.79887782862339	-2.0428269980039
			2.7970156344593	-2.0428269980039
			2.79515344029522	-2.0428269980039
			2.79329124613113	-2.0428269980039
			2.79142905196704	-2.0428269980039
			2.78956685780295	-2.0428269980039
			2.78956685780295	-2.04096480383981
			2.78770466363887	-2.04096480383981
			2.78584246947478	-2.04096480383981
			2.78398027531069	-2.04096480383981
			2.78211808114661	-2.04096480383981
			2.78025588698252	-2.03910260967572
			2.77839369281843	-2.03910260967572
			2.77653149865434	-2.03910260967572
			2.77466930449026	-2.03910260967572
			2.77280711032617	-2.03724041551164
			2.77094491616208	-2.03724041551164
			2.76908272199799	-2.03724041551164
			2.76722052783391	-2.03724041551164
			2.76535833366982	-2.03537822134755
			2.76349613950573	-2.03537822134755
			2.76163394534164	-2.03537822134755
			2.76163394534164	-2.03351602718346
			2.75977175117756	-2.03351602718346
			2.75790955701347	-2.03351602718346
			2.75604736284938	-2.03165383301937
			2.75418516868529	-2.03165383301937
			2.75232297452121	-2.03165383301937
			2.75046078035712	-2.02979163885529
			2.74859858619303	-2.02979163885529
			2.74673639202894	-2.02979163885529
			2.74487419786486	-2.0279294446912
			2.74301200370077	-2.0279294446912
			2.74114980953668	-2.0279294446912
			2.74114980953668	-2.02606725052711
			2.73928761537259	-2.02606725052711
			2.73742542120851	-2.02420505636303
			2.73556322704442	-2.02420505636303
			2.73370103288033	-2.02420505636303
			2.73183883871624	-2.02234286219894
			2.72997664455216	-2.02234286219894
			2.72811445038807	-2.02048066803485
			2.72625225622398	-2.02048066803485
			2.7243900620599	-2.01861847387076
			2.72252786789581	-2.01675627970668
			2.72066567373172	-2.01675627970668
			2.71880347956763	-2.01489408554259
			2.71694128540355	-2.01489408554259
			2.71507909123946	-2.0130318913785
			2.71321689707537	-2.0130318913785
			2.71135470291128	-2.01116969721441
			2.7094925087472	-2.00930750305033
			2.70763031458311	-2.00930750305033
			2.70576812041902	-2.00744530888624
			2.70390592625493	-2.00558311472215
			2.70204373209085	-2.00558311472215
			2.70018153792676	-2.00372092055806
			2.69831934376267	-2.00372092055806
			2.69645714959858	-2.00185872639398
			2.6945949554345	-1.99999653222989
			2.69273276127041	-1.99999653222989
			2.69087056710632	-1.99999653222989
			2.68900837294223	-1.99999653222989
			2.68714617877815	-1.99999653222989
			2.68528398461406	-1.99999653222989
			2.68342179044997	-1.99999653222989
			2.68155959628588	-1.99999653222989
			2.68155959628588	-2.00185872639398
			2.6796974021218	-2.00185872639398
			2.67783520795771	-2.00185872639398
			2.67597301379362	-2.00185872639398
			2.67411081962953	-2.00185872639398
			2.67224862546545	-2.00185872639398
			2.67038643130136	-2.00185872639398
			2.66852423713727	-2.00185872639398
			2.66666204297319	-2.00185872639398
			2.6647998488091	-2.00185872639398
			2.66293765464501	-2.00185872639398
			2.66107546048092	-2.00372092055806
			2.65921326631684	-2.00372092055806
			2.65735107215275	-2.00372092055806
			2.65548887798866	-2.00372092055806
			2.65362668382457	-2.00372092055806
			2.65176448966049	-2.00372092055806
			2.6499022954964	-2.00372092055806
			2.64804010133231	-2.00372092055806
			2.64617790716822	-2.00372092055806
			2.64431571300414	-2.00558311472215
			2.64245351884005	-2.00558311472215
			2.64059132467596	-2.00558311472215
			2.63872913051187	-2.00558311472215
			2.63686693634779	-2.00558311472215
			2.6350047421837	-2.00558311472215
			2.63314254801961	-2.00744530888624
			2.63128035385552	-2.00744530888624
			2.62941815969144	-2.00744530888624
			2.62755596552735	-2.00744530888624
			2.62569377136326	-2.00744530888624
			2.62383157719917	-2.00744530888624
			2.62196938303509	-2.00744530888624
			2.620107188871	-2.00930750305033
			2.61824499470691	-2.00930750305033
			2.61638280054282	-2.00930750305033
			2.61452060637874	-2.00930750305033
			2.61265841221465	-2.00930750305033
			2.61079621805056	-2.01116969721441
			2.60893402388647	-2.01116969721441
			2.60707182972239	-2.01116969721441
			2.6052096355583	-2.01116969721441
			2.60334744139421	-2.01116969721441
			2.60148524723013	-2.0130318913785
			2.59962305306604	-2.0130318913785
			2.59776085890195	-2.0130318913785
			2.59589866473786	-2.0130318913785
			2.59403647057378	-2.01489408554259
			2.59217427640969	-2.01489408554259
			2.5903120822456	-2.01489408554259
			2.58844988808151	-2.01675627970668
			2.58658769391743	-2.01675627970668
			2.58472549975334	-2.01675627970668
			2.58286330558925	-2.01675627970668
			2.58100111142516	-2.01861847387076
			2.57913891726108	-2.01861847387076
			2.57727672309699	-2.01861847387076
			2.5754145289329	-2.02048066803485
			2.57355233476881	-2.02048066803485
			2.57169014060473	-2.02048066803485
			2.56982794644064	-2.02234286219894
			2.56796575227655	-2.02234286219894
			2.56610355811246	-2.02420505636303
			2.56424136394838	-2.02420505636303
			2.56237916978429	-2.02420505636303
			2.5605169756202	-2.02606725052711
			2.55865478145611	-2.02606725052711
			2.55679258729203	-2.0279294446912
			2.55493039312794	-2.0279294446912
			2.55306819896385	-2.02979163885529
			2.55120600479976	-2.03165383301937
			2.54934381063568	-2.03165383301937
			2.54748161647159	-2.03351602718346
			2.5456194223075	-2.03351602718346
			2.54375722814342	-2.03537822134755
			2.54189503397933	-2.03537822134755
			2.54189503397933	-2.03724041551164
			2.54003283981524	-2.03910260967572
			2.53817064565115	-2.03910260967572
			2.53630845148707	-2.04096480383981
			2.53444625732298	-2.0428269980039
			2.53258406315889	-2.04468919216799
			2.5307218689948	-2.04655138633207
			2.5307218689948	-2.04841358049616
			2.52885967483072	-2.05027577466025
		</curvaI_espina_dorsal>
	</curves.scaled>
	<ruler.points type=matrix rownames=TRUE colnames=FALSE nrow=2 ncol=2 as.numeric=TRUE >
		Ruler point 1	1569	576
		Ruler point 2	2106	575
	</ruler.points>
</shapes>

