<shapes type=list>
	<ruler.pixel type=vector names=FALSE length=1 as.numeric=TRUE >536.008395456638</ruler.pixel>
	<ruler.interval type=vector names=FALSE length=1 as.numeric=TRUE >1</ruler.interval>
	<scaling.units type=vector names=FALSE length=1 as.numeric=FALSE >mm</scaling.units>
	<scaling type=vector names=FALSE length=1 as.numeric=TRUE >0.00186219416408742</scaling>
	<landmarks.pixel type=matrix rownames=TRUE colnames=FALSE nrow=3 ncol=2 as.numeric=TRUE >
		punta_espina_dorsal	1354	1020
		esq_izq_caparaza	1457	1290
		organo_dorsal	1708	1065
	</landmarks.pixel>
	<landmarks.scaled type=matrix rownames=TRUE colnames=FALSE nrow=3 ncol=2 as.numeric=TRUE >
		punta_espina_dorsal	2.52141089817437	-1.89943804736917
		esq_izq_caparaza	2.71321689707537	-2.40223047167277
		organo_dorsal	3.18062763226131	-1.9832367847531
	</landmarks.scaled>
	<curves.control type=list>
		<curvaD_espina_dorsal type=matrix rownames=FALSE colnames=FALSE nrow=7 ncol=2 as.numeric=TRUE >
			1354	1020
			1368	1011
			1455	1032
			1504	1050
			1542	1061
			1601	1110
			1708	1065
		</curvaD_espina_dorsal>
		<curvaI_espina_dorsal type=matrix rownames=FALSE colnames=FALSE nrow=9 ncol=2 as.numeric=TRUE >
			1354	1020
			1411	1028
			1453	1051
			1535	1094
			1534	1099
			1534	1150
			1471	1203
			1447	1240
			1457	1290
		</curvaI_espina_dorsal>
	</curves.control>
	<curves.pixel type=list>
		<curvaD_espina_dorsal type=matrix rownames=FALSE colnames=FALSE nrow=364 ncol=2 as.numeric=TRUE >
			1354	1020
			1355	1019
			1356	1019
			1357	1019
			1358	1018
			1359	1018
			1360	1018
			1361	1018
			1362	1018
			1363	1018
			1364	1017
			1365	1017
			1366	1017
			1367	1017
			1368	1017
			1369	1017
			1370	1017
			1371	1017
			1372	1017
			1373	1017
			1374	1017
			1375	1017
			1376	1018
			1377	1018
			1378	1018
			1379	1018
			1380	1018
			1381	1018
			1382	1018
			1383	1018
			1384	1018
			1385	1018
			1386	1018
			1387	1019
			1388	1019
			1389	1019
			1390	1019
			1391	1019
			1392	1019
			1393	1019
			1394	1020
			1395	1020
			1396	1020
			1397	1020
			1398	1020
			1399	1020
			1400	1020
			1401	1021
			1402	1021
			1403	1021
			1404	1021
			1405	1021
			1406	1021
			1407	1022
			1408	1022
			1409	1022
			1410	1022
			1411	1022
			1412	1023
			1413	1023
			1414	1023
			1415	1023
			1416	1023
			1417	1023
			1418	1024
			1419	1024
			1420	1024
			1421	1024
			1422	1025
			1423	1025
			1424	1025
			1425	1025
			1426	1025
			1427	1026
			1428	1026
			1429	1026
			1430	1026
			1431	1027
			1432	1027
			1433	1027
			1434	1027
			1435	1027
			1436	1028
			1437	1028
			1438	1028
			1439	1028
			1440	1028
			1441	1029
			1442	1029
			1443	1029
			1444	1029
			1445	1030
			1446	1030
			1447	1030
			1448	1030
			1449	1031
			1450	1031
			1451	1031
			1452	1031
			1453	1031
			1453	1032
			1454	1032
			1455	1032
			1456	1032
			1457	1033
			1458	1033
			1459	1034
			1460	1034
			1461	1034
			1462	1035
			1463	1035
			1464	1035
			1465	1036
			1466	1036
			1467	1036
			1468	1037
			1469	1037
			1470	1038
			1471	1038
			1472	1038
			1473	1038
			1474	1039
			1475	1039
			1476	1040
			1477	1040
			1478	1040
			1479	1041
			1480	1041
			1481	1041
			1482	1042
			1483	1042
			1484	1043
			1485	1043
			1486	1043
			1487	1043
			1487	1044
			1488	1044
			1489	1044
			1490	1044
			1490	1045
			1491	1045
			1492	1045
			1493	1046
			1494	1046
			1495	1046
			1496	1046
			1497	1047
			1498	1047
			1499	1048
			1500	1048
			1501	1048
			1502	1049
			1503	1049
			1504	1049
			1505	1050
			1506	1050
			1507	1050
			1508	1051
			1509	1051
			1510	1051
			1511	1052
			1512	1052
			1513	1052
			1514	1052
			1515	1053
			1516	1053
			1517	1053
			1518	1054
			1519	1054
			1520	1054
			1521	1055
			1522	1055
			1523	1055
			1524	1056
			1525	1056
			1526	1056
			1527	1056
			1528	1057
			1529	1057
			1530	1058
			1531	1058
			1532	1058
			1533	1058
			1534	1059
			1535	1059
			1536	1059
			1537	1060
			1538	1060
			1539	1060
			1540	1060
			1541	1061
			1542	1061
			1543	1062
			1544	1063
			1545	1063
			1546	1064
			1547	1065
			1548	1065
			1549	1066
			1550	1067
			1551	1068
			1552	1069
			1553	1069
			1554	1070
			1555	1070
			1556	1071
			1557	1072
			1558	1072
			1559	1073
			1560	1073
			1561	1073
			1561	1074
			1562	1074
			1563	1075
			1564	1075
			1565	1076
			1566	1076
			1567	1077
			1568	1077
			1569	1078
			1570	1078
			1571	1078
			1572	1079
			1573	1079
			1574	1079
			1575	1080
			1576	1080
			1577	1080
			1578	1081
			1579	1081
			1580	1081
			1581	1082
			1582	1082
			1583	1082
			1584	1083
			1585	1083
			1586	1083
			1587	1083
			1588	1083
			1589	1084
			1590	1084
			1591	1084
			1592	1084
			1593	1084
			1594	1085
			1595	1085
			1596	1085
			1597	1085
			1598	1085
			1599	1085
			1600	1086
			1601	1086
			1602	1086
			1603	1086
			1604	1086
			1605	1086
			1606	1086
			1607	1086
			1608	1086
			1609	1086
			1610	1086
			1611	1086
			1612	1086
			1613	1086
			1613	1087
			1614	1087
			1615	1087
			1616	1087
			1617	1087
			1618	1087
			1619	1087
			1620	1087
			1621	1086
			1622	1086
			1623	1086
			1624	1086
			1625	1086
			1626	1086
			1627	1086
			1628	1086
			1629	1086
			1630	1086
			1631	1086
			1632	1086
			1633	1086
			1634	1086
			1635	1085
			1636	1085
			1637	1085
			1638	1085
			1639	1085
			1640	1085
			1641	1085
			1642	1085
			1643	1084
			1644	1084
			1645	1084
			1646	1084
			1647	1084
			1648	1084
			1649	1083
			1650	1083
			1651	1083
			1652	1083
			1653	1083
			1654	1082
			1655	1082
			1656	1082
			1657	1082
			1658	1081
			1659	1081
			1660	1081
			1661	1081
			1662	1081
			1662	1080
			1663	1080
			1664	1080
			1665	1080
			1666	1080
			1666	1079
			1667	1079
			1668	1079
			1669	1079
			1670	1079
			1670	1078
			1671	1078
			1672	1078
			1673	1078
			1673	1077
			1674	1077
			1675	1077
			1676	1077
			1677	1076
			1678	1076
			1679	1076
			1680	1075
			1681	1075
			1682	1075
			1683	1074
			1684	1074
			1685	1074
			1686	1073
			1687	1073
			1688	1073
			1689	1072
			1690	1072
			1691	1072
			1692	1071
			1693	1071
			1694	1071
			1695	1070
			1696	1070
			1697	1069
			1698	1069
			1699	1069
			1700	1068
			1701	1068
			1702	1067
			1703	1067
			1704	1067
			1705	1066
			1706	1066
			1707	1065
			1708	1065
		</curvaD_espina_dorsal>
		<curvaI_espina_dorsal type=matrix rownames=FALSE colnames=FALSE nrow=392 ncol=2 as.numeric=TRUE >
			1354	1020
			1355	1020
			1356	1020
			1357	1020
			1358	1021
			1359	1021
			1360	1021
			1361	1021
			1362	1021
			1363	1021
			1364	1022
			1365	1022
			1366	1022
			1367	1022
			1368	1022
			1369	1022
			1370	1023
			1371	1023
			1372	1023
			1373	1023
			1374	1023
			1375	1024
			1376	1024
			1377	1024
			1378	1024
			1379	1024
			1380	1025
			1381	1025
			1382	1025
			1383	1025
			1384	1026
			1385	1026
			1386	1026
			1387	1026
			1388	1026
			1389	1027
			1390	1027
			1391	1027
			1392	1027
			1393	1028
			1394	1028
			1395	1028
			1396	1028
			1396	1029
			1397	1029
			1398	1029
			1399	1029
			1400	1030
			1401	1030
			1402	1030
			1403	1030
			1404	1031
			1405	1031
			1406	1031
			1407	1032
			1408	1032
			1409	1032
			1410	1032
			1410	1033
			1411	1033
			1412	1033
			1413	1034
			1414	1034
			1415	1034
			1416	1035
			1417	1035
			1418	1035
			1419	1036
			1420	1036
			1421	1037
			1422	1037
			1423	1037
			1424	1038
			1425	1038
			1426	1039
			1427	1039
			1428	1039
			1429	1040
			1430	1040
			1431	1041
			1432	1041
			1433	1041
			1434	1042
			1435	1042
			1436	1043
			1437	1043
			1438	1044
			1439	1044
			1440	1044
			1441	1045
			1442	1045
			1443	1046
			1444	1046
			1445	1047
			1446	1047
			1447	1048
			1448	1048
			1448	1049
			1449	1049
			1450	1050
			1451	1050
			1452	1051
			1453	1051
			1454	1052
			1455	1052
			1456	1053
			1457	1053
			1458	1054
			1459	1054
			1460	1055
			1461	1055
			1462	1056
			1463	1056
			1464	1057
			1465	1057
			1466	1058
			1467	1058
			1468	1059
			1469	1059
			1470	1060
			1471	1060
			1472	1061
			1473	1061
			1474	1062
			1475	1062
			1475	1063
			1476	1063
			1477	1064
			1478	1064
			1479	1065
			1480	1065
			1481	1066
			1482	1066
			1482	1067
			1483	1067
			1484	1068
			1485	1068
			1486	1068
			1487	1069
			1488	1070
			1489	1070
			1490	1071
			1491	1071
			1492	1072
			1493	1072
			1494	1073
			1495	1073
			1496	1074
			1497	1075
			1498	1075
			1499	1076
			1500	1076
			1501	1077
			1502	1078
			1503	1078
			1504	1079
			1505	1079
			1506	1080
			1507	1080
			1508	1081
			1509	1081
			1509	1082
			1510	1082
			1511	1083
			1512	1083
			1513	1084
			1514	1084
			1515	1085
			1516	1085
			1517	1086
			1518	1087
			1519	1087
			1520	1088
			1521	1089
			1522	1089
			1523	1090
			1524	1090
			1524	1091
			1525	1091
			1526	1092
			1527	1093
			1528	1093
			1529	1094
			1530	1095
			1531	1096
			1532	1096
			1533	1097
			1534	1098
			1534	1099
			1534	1100
			1534	1101
			1534	1102
			1534	1103
			1534	1104
			1534	1105
			1534	1106
			1534	1107
			1533	1108
			1533	1109
			1533	1110
			1533	1111
			1533	1112
			1533	1113
			1533	1114
			1532	1115
			1532	1116
			1532	1117
			1532	1118
			1532	1119
			1531	1120
			1531	1121
			1531	1122
			1531	1123
			1530	1123
			1530	1124
			1530	1125
			1530	1126
			1529	1127
			1529	1128
			1529	1129
			1528	1130
			1528	1131
			1528	1132
			1527	1132
			1527	1133
			1527	1134
			1526	1135
			1526	1136
			1525	1137
			1525	1138
			1525	1139
			1524	1140
			1523	1141
			1523	1142
			1522	1143
			1522	1144
			1522	1145
			1521	1145
			1521	1146
			1520	1147
			1520	1148
			1519	1149
			1519	1150
			1518	1151
			1518	1152
			1517	1152
			1517	1153
			1516	1154
			1516	1155
			1515	1155
			1515	1156
			1514	1157
			1514	1158
			1513	1159
			1512	1159
			1512	1160
			1511	1161
			1511	1162
			1510	1162
			1510	1163
			1509	1164
			1508	1165
			1508	1166
			1507	1166
			1507	1167
			1506	1168
			1505	1169
			1504	1170
			1503	1171
			1502	1172
			1502	1173
			1501	1174
			1500	1175
			1499	1176
			1498	1177
			1498	1178
			1497	1179
			1496	1180
			1495	1181
			1494	1182
			1493	1182
			1492	1183
			1491	1184
			1490	1185
			1489	1186
			1488	1187
			1487	1188
			1487	1189
			1486	1190
			1485	1191
			1484	1192
			1483	1193
			1482	1193
			1481	1194
			1481	1195
			1480	1195
			1479	1196
			1478	1197
			1477	1198
			1476	1199
			1475	1200
			1474	1200
			1473	1201
			1472	1202
			1471	1203
			1470	1204
			1470	1205
			1469	1206
			1469	1207
			1468	1208
			1467	1209
			1467	1210
			1466	1211
			1466	1212
			1465	1213
			1465	1214
			1464	1215
			1464	1216
			1463	1217
			1463	1218
			1462	1219
			1462	1220
			1462	1221
			1461	1222
			1461	1223
			1460	1224
			1460	1225
			1460	1226
			1459	1227
			1459	1228
			1459	1229
			1458	1230
			1458	1231
			1458	1232
			1458	1233
			1457	1234
			1457	1235
			1457	1236
			1457	1237
			1456	1238
			1456	1239
			1456	1240
			1456	1241
			1456	1242
			1456	1243
			1455	1244
			1455	1245
			1455	1246
			1455	1247
			1455	1248
			1455	1249
			1455	1250
			1455	1251
			1454	1252
			1454	1253
			1454	1254
			1454	1255
			1454	1256
			1454	1257
			1454	1258
			1454	1259
			1454	1260
			1454	1261
			1454	1262
			1454	1263
			1454	1264
			1454	1265
			1454	1266
			1454	1267
			1454	1268
			1454	1269
			1454	1270
			1454	1271
			1455	1272
			1455	1273
			1455	1274
			1455	1275
			1455	1276
			1455	1277
			1455	1278
			1455	1279
			1455	1280
			1455	1281
			1456	1282
			1456	1283
			1456	1284
			1456	1285
			1456	1286
			1456	1287
			1457	1288
			1457	1289
			1457	1290
		</curvaI_espina_dorsal>
	</curves.pixel>
	<curves.scaled type=list>
		<curvaD_espina_dorsal type=matrix rownames=FALSE colnames=FALSE nrow=364 ncol=2 as.numeric=TRUE >
			2.52141089817437	-1.89943804736917
			2.52327309233845	-1.89757585320508
			2.52513528650254	-1.89757585320508
			2.52699748066663	-1.89757585320508
			2.52885967483072	-1.89571365904099
			2.5307218689948	-1.89571365904099
			2.53258406315889	-1.89571365904099
			2.53444625732298	-1.89571365904099
			2.53630845148707	-1.89571365904099
			2.53817064565115	-1.89571365904099
			2.54003283981524	-1.89385146487691
			2.54189503397933	-1.89385146487691
			2.54375722814342	-1.89385146487691
			2.5456194223075	-1.89385146487691
			2.54748161647159	-1.89385146487691
			2.54934381063568	-1.89385146487691
			2.55120600479976	-1.89385146487691
			2.55306819896385	-1.89385146487691
			2.55493039312794	-1.89385146487691
			2.55679258729203	-1.89385146487691
			2.55865478145611	-1.89385146487691
			2.5605169756202	-1.89385146487691
			2.56237916978429	-1.89571365904099
			2.56424136394838	-1.89571365904099
			2.56610355811246	-1.89571365904099
			2.56796575227655	-1.89571365904099
			2.56982794644064	-1.89571365904099
			2.57169014060473	-1.89571365904099
			2.57355233476881	-1.89571365904099
			2.5754145289329	-1.89571365904099
			2.57727672309699	-1.89571365904099
			2.57913891726108	-1.89571365904099
			2.58100111142516	-1.89571365904099
			2.58286330558925	-1.89757585320508
			2.58472549975334	-1.89757585320508
			2.58658769391743	-1.89757585320508
			2.58844988808151	-1.89757585320508
			2.5903120822456	-1.89757585320508
			2.59217427640969	-1.89757585320508
			2.59403647057378	-1.89757585320508
			2.59589866473786	-1.89943804736917
			2.59776085890195	-1.89943804736917
			2.59962305306604	-1.89943804736917
			2.60148524723013	-1.89943804736917
			2.60334744139421	-1.89943804736917
			2.6052096355583	-1.89943804736917
			2.60707182972239	-1.89943804736917
			2.60893402388647	-1.90130024153326
			2.61079621805056	-1.90130024153326
			2.61265841221465	-1.90130024153326
			2.61452060637874	-1.90130024153326
			2.61638280054282	-1.90130024153326
			2.61824499470691	-1.90130024153326
			2.620107188871	-1.90316243569734
			2.62196938303509	-1.90316243569734
			2.62383157719917	-1.90316243569734
			2.62569377136326	-1.90316243569734
			2.62755596552735	-1.90316243569734
			2.62941815969144	-1.90502462986143
			2.63128035385552	-1.90502462986143
			2.63314254801961	-1.90502462986143
			2.6350047421837	-1.90502462986143
			2.63686693634779	-1.90502462986143
			2.63872913051187	-1.90502462986143
			2.64059132467596	-1.90688682402552
			2.64245351884005	-1.90688682402552
			2.64431571300414	-1.90688682402552
			2.64617790716822	-1.90688682402552
			2.64804010133231	-1.90874901818961
			2.6499022954964	-1.90874901818961
			2.65176448966049	-1.90874901818961
			2.65362668382457	-1.90874901818961
			2.65548887798866	-1.90874901818961
			2.65735107215275	-1.91061121235369
			2.65921326631684	-1.91061121235369
			2.66107546048092	-1.91061121235369
			2.66293765464501	-1.91061121235369
			2.6647998488091	-1.91247340651778
			2.66666204297319	-1.91247340651778
			2.66852423713727	-1.91247340651778
			2.67038643130136	-1.91247340651778
			2.67224862546545	-1.91247340651778
			2.67411081962953	-1.91433560068187
			2.67597301379362	-1.91433560068187
			2.67783520795771	-1.91433560068187
			2.6796974021218	-1.91433560068187
			2.68155959628588	-1.91433560068187
			2.68342179044997	-1.91619779484595
			2.68528398461406	-1.91619779484595
			2.68714617877815	-1.91619779484595
			2.68900837294223	-1.91619779484595
			2.69087056710632	-1.91805998901004
			2.69273276127041	-1.91805998901004
			2.6945949554345	-1.91805998901004
			2.69645714959858	-1.91805998901004
			2.69831934376267	-1.91992218317413
			2.70018153792676	-1.91992218317413
			2.70204373209085	-1.91992218317413
			2.70390592625493	-1.91992218317413
			2.70576812041902	-1.91992218317413
			2.70576812041902	-1.92178437733822
			2.70763031458311	-1.92178437733822
			2.7094925087472	-1.92178437733822
			2.71135470291128	-1.92178437733822
			2.71321689707537	-1.9236465715023
			2.71507909123946	-1.9236465715023
			2.71694128540355	-1.92550876566639
			2.71880347956763	-1.92550876566639
			2.72066567373172	-1.92550876566639
			2.72252786789581	-1.92737095983048
			2.7243900620599	-1.92737095983048
			2.72625225622398	-1.92737095983048
			2.72811445038807	-1.92923315399457
			2.72997664455216	-1.92923315399457
			2.73183883871624	-1.92923315399457
			2.73370103288033	-1.93109534815865
			2.73556322704442	-1.93109534815865
			2.73742542120851	-1.93295754232274
			2.73928761537259	-1.93295754232274
			2.74114980953668	-1.93295754232274
			2.74301200370077	-1.93295754232274
			2.74487419786486	-1.93481973648683
			2.74673639202894	-1.93481973648683
			2.74859858619303	-1.93668193065092
			2.75046078035712	-1.93668193065092
			2.75232297452121	-1.93668193065092
			2.75418516868529	-1.938544124815
			2.75604736284938	-1.938544124815
			2.75790955701347	-1.938544124815
			2.75977175117756	-1.94040631897909
			2.76163394534164	-1.94040631897909
			2.76349613950573	-1.94226851314318
			2.76535833366982	-1.94226851314318
			2.76722052783391	-1.94226851314318
			2.76908272199799	-1.94226851314318
			2.76908272199799	-1.94413070730727
			2.77094491616208	-1.94413070730727
			2.77280711032617	-1.94413070730727
			2.77466930449026	-1.94413070730727
			2.77466930449026	-1.94599290147135
			2.77653149865434	-1.94599290147135
			2.77839369281843	-1.94599290147135
			2.78025588698252	-1.94785509563544
			2.78211808114661	-1.94785509563544
			2.78398027531069	-1.94785509563544
			2.78584246947478	-1.94785509563544
			2.78770466363887	-1.94971728979953
			2.78956685780295	-1.94971728979953
			2.79142905196704	-1.95157948396362
			2.79329124613113	-1.95157948396362
			2.79515344029522	-1.95157948396362
			2.7970156344593	-1.9534416781277
			2.79887782862339	-1.9534416781277
			2.80074002278748	-1.9534416781277
			2.80260221695157	-1.95530387229179
			2.80446441111565	-1.95530387229179
			2.80632660527974	-1.95530387229179
			2.80818879944383	-1.95716606645588
			2.81005099360792	-1.95716606645588
			2.811913187772	-1.95716606645588
			2.81377538193609	-1.95902826061997
			2.81563757610018	-1.95902826061997
			2.81749977026427	-1.95902826061997
			2.81936196442835	-1.95902826061997
			2.82122415859244	-1.96089045478405
			2.82308635275653	-1.96089045478405
			2.82494854692062	-1.96089045478405
			2.8268107410847	-1.96275264894814
			2.82867293524879	-1.96275264894814
			2.83053512941288	-1.96275264894814
			2.83239732357697	-1.96461484311223
			2.83425951774105	-1.96461484311223
			2.83612171190514	-1.96461484311223
			2.83798390606923	-1.96647703727632
			2.83984610023332	-1.96647703727632
			2.8417082943974	-1.96647703727632
			2.84357048856149	-1.96647703727632
			2.84543268272558	-1.9683392314404
			2.84729487688966	-1.9683392314404
			2.84915707105375	-1.97020142560449
			2.85101926521784	-1.97020142560449
			2.85288145938193	-1.97020142560449
			2.85474365354601	-1.97020142560449
			2.8566058477101	-1.97206361976858
			2.85846804187419	-1.97206361976858
			2.86033023603828	-1.97206361976858
			2.86219243020236	-1.97392581393266
			2.86405462436645	-1.97392581393266
			2.86591681853054	-1.97392581393266
			2.86777901269463	-1.97392581393266
			2.86964120685871	-1.97578800809675
			2.8715034010228	-1.97578800809675
			2.87336559518689	-1.97765020226084
			2.87522778935098	-1.97951239642493
			2.87708998351506	-1.97951239642493
			2.87895217767915	-1.98137459058901
			2.88081437184324	-1.9832367847531
			2.88267656600733	-1.9832367847531
			2.88453876017141	-1.98509897891719
			2.8864009543355	-1.98696117308128
			2.88826314849959	-1.98882336724536
			2.89012534266368	-1.99068556140945
			2.89198753682776	-1.99068556140945
			2.89384973099185	-1.99254775557354
			2.89571192515594	-1.99254775557354
			2.89757411932003	-1.99440994973763
			2.89943631348411	-1.99627214390171
			2.9012985076482	-1.99627214390171
			2.90316070181229	-1.9981343380658
			2.90502289597637	-1.9981343380658
			2.90688509014046	-1.9981343380658
			2.90688509014046	-1.99999653222989
			2.90874728430455	-1.99999653222989
			2.91060947846864	-2.00185872639398
			2.91247167263272	-2.00185872639398
			2.91433386679681	-2.00372092055806
			2.9161960609609	-2.00372092055806
			2.91805825512499	-2.00558311472215
			2.91992044928907	-2.00558311472215
			2.92178264345316	-2.00744530888624
			2.92364483761725	-2.00744530888624
			2.92550703178134	-2.00744530888624
			2.92736922594542	-2.00930750305033
			2.92923142010951	-2.00930750305033
			2.9310936142736	-2.00930750305033
			2.93295580843769	-2.01116969721441
			2.93481800260177	-2.01116969721441
			2.93668019676586	-2.01116969721441
			2.93854239092995	-2.0130318913785
			2.94040458509404	-2.0130318913785
			2.94226677925812	-2.0130318913785
			2.94412897342221	-2.01489408554259
			2.9459911675863	-2.01489408554259
			2.94785336175039	-2.01489408554259
			2.94971555591447	-2.01675627970668
			2.95157775007856	-2.01675627970668
			2.95343994424265	-2.01675627970668
			2.95530213840674	-2.01675627970668
			2.95716433257082	-2.01675627970668
			2.95902652673491	-2.01861847387076
			2.960888720899	-2.01861847387076
			2.96275091506308	-2.01861847387076
			2.96461310922717	-2.01861847387076
			2.96647530339126	-2.01861847387076
			2.96833749755535	-2.02048066803485
			2.97019969171943	-2.02048066803485
			2.97206188588352	-2.02048066803485
			2.97392408004761	-2.02048066803485
			2.9757862742117	-2.02048066803485
			2.97764846837578	-2.02048066803485
			2.97951066253987	-2.02234286219894
			2.98137285670396	-2.02234286219894
			2.98323505086805	-2.02234286219894
			2.98509724503213	-2.02234286219894
			2.98695943919622	-2.02234286219894
			2.98882163336031	-2.02234286219894
			2.9906838275244	-2.02234286219894
			2.99254602168848	-2.02234286219894
			2.99440821585257	-2.02234286219894
			2.99627041001666	-2.02234286219894
			2.99813260418075	-2.02234286219894
			2.99999479834483	-2.02234286219894
			3.00185699250892	-2.02234286219894
			3.00371918667301	-2.02234286219894
			3.00371918667301	-2.02420505636303
			3.0055813808371	-2.02420505636303
			3.00744357500118	-2.02420505636303
			3.00930576916527	-2.02420505636303
			3.01116796332936	-2.02420505636303
			3.01303015749345	-2.02420505636303
			3.01489235165753	-2.02420505636303
			3.01675454582162	-2.02420505636303
			3.01861673998571	-2.02234286219894
			3.02047893414979	-2.02234286219894
			3.02234112831388	-2.02234286219894
			3.02420332247797	-2.02234286219894
			3.02606551664206	-2.02234286219894
			3.02792771080614	-2.02234286219894
			3.02978990497023	-2.02234286219894
			3.03165209913432	-2.02234286219894
			3.03351429329841	-2.02234286219894
			3.03537648746249	-2.02234286219894
			3.03723868162658	-2.02234286219894
			3.03910087579067	-2.02234286219894
			3.04096306995476	-2.02234286219894
			3.04282526411884	-2.02234286219894
			3.04468745828293	-2.02048066803485
			3.04654965244702	-2.02048066803485
			3.04841184661111	-2.02048066803485
			3.05027404077519	-2.02048066803485
			3.05213623493928	-2.02048066803485
			3.05399842910337	-2.02048066803485
			3.05586062326746	-2.02048066803485
			3.05772281743154	-2.02048066803485
			3.05958501159563	-2.01861847387076
			3.06144720575972	-2.01861847387076
			3.06330939992381	-2.01861847387076
			3.06517159408789	-2.01861847387076
			3.06703378825198	-2.01861847387076
			3.06889598241607	-2.01861847387076
			3.07075817658016	-2.01675627970668
			3.07262037074424	-2.01675627970668
			3.07448256490833	-2.01675627970668
			3.07634475907242	-2.01675627970668
			3.0782069532365	-2.01675627970668
			3.08006914740059	-2.01489408554259
			3.08193134156468	-2.01489408554259
			3.08379353572877	-2.01489408554259
			3.08565572989285	-2.01489408554259
			3.08751792405694	-2.0130318913785
			3.08938011822103	-2.0130318913785
			3.09124231238512	-2.0130318913785
			3.0931045065492	-2.0130318913785
			3.09496670071329	-2.0130318913785
			3.09496670071329	-2.01116969721441
			3.09682889487738	-2.01116969721441
			3.09869108904147	-2.01116969721441
			3.10055328320555	-2.01116969721441
			3.10241547736964	-2.01116969721441
			3.10241547736964	-2.00930750305033
			3.10427767153373	-2.00930750305033
			3.10613986569782	-2.00930750305033
			3.1080020598619	-2.00930750305033
			3.10986425402599	-2.00930750305033
			3.10986425402599	-2.00744530888624
			3.11172644819008	-2.00744530888624
			3.11358864235417	-2.00744530888624
			3.11545083651825	-2.00744530888624
			3.11545083651825	-2.00558311472215
			3.11731303068234	-2.00558311472215
			3.11917522484643	-2.00558311472215
			3.12103741901052	-2.00558311472215
			3.1228996131746	-2.00372092055806
			3.12476180733869	-2.00372092055806
			3.12662400150278	-2.00372092055806
			3.12848619566687	-2.00185872639398
			3.13034838983095	-2.00185872639398
			3.13221058399504	-2.00185872639398
			3.13407277815913	-1.99999653222989
			3.13593497232321	-1.99999653222989
			3.1377971664873	-1.99999653222989
			3.13965936065139	-1.9981343380658
			3.14152155481548	-1.9981343380658
			3.14338374897956	-1.9981343380658
			3.14524594314365	-1.99627214390171
			3.14710813730774	-1.99627214390171
			3.14897033147183	-1.99627214390171
			3.15083252563591	-1.99440994973763
			3.1526947198	-1.99440994973763
			3.15455691396409	-1.99440994973763
			3.15641910812818	-1.99254775557354
			3.15828130229226	-1.99254775557354
			3.16014349645635	-1.99068556140945
			3.16200569062044	-1.99068556140945
			3.16386788478453	-1.99068556140945
			3.16573007894861	-1.98882336724536
			3.1675922731127	-1.98882336724536
			3.16945446727679	-1.98696117308128
			3.17131666144088	-1.98696117308128
			3.17317885560496	-1.98696117308128
			3.17504104976905	-1.98509897891719
			3.17690324393314	-1.98509897891719
			3.17876543809723	-1.9832367847531
			3.18062763226131	-1.9832367847531
		</curvaD_espina_dorsal>
		<curvaI_espina_dorsal type=matrix rownames=FALSE colnames=FALSE nrow=392 ncol=2 as.numeric=TRUE >
			2.52141089817437	-1.89943804736917
			2.52327309233845	-1.89943804736917
			2.52513528650254	-1.89943804736917
			2.52699748066663	-1.89943804736917
			2.52885967483072	-1.90130024153326
			2.5307218689948	-1.90130024153326
			2.53258406315889	-1.90130024153326
			2.53444625732298	-1.90130024153326
			2.53630845148707	-1.90130024153326
			2.53817064565115	-1.90130024153326
			2.54003283981524	-1.90316243569734
			2.54189503397933	-1.90316243569734
			2.54375722814342	-1.90316243569734
			2.5456194223075	-1.90316243569734
			2.54748161647159	-1.90316243569734
			2.54934381063568	-1.90316243569734
			2.55120600479976	-1.90502462986143
			2.55306819896385	-1.90502462986143
			2.55493039312794	-1.90502462986143
			2.55679258729203	-1.90502462986143
			2.55865478145611	-1.90502462986143
			2.5605169756202	-1.90688682402552
			2.56237916978429	-1.90688682402552
			2.56424136394838	-1.90688682402552
			2.56610355811246	-1.90688682402552
			2.56796575227655	-1.90688682402552
			2.56982794644064	-1.90874901818961
			2.57169014060473	-1.90874901818961
			2.57355233476881	-1.90874901818961
			2.5754145289329	-1.90874901818961
			2.57727672309699	-1.91061121235369
			2.57913891726108	-1.91061121235369
			2.58100111142516	-1.91061121235369
			2.58286330558925	-1.91061121235369
			2.58472549975334	-1.91061121235369
			2.58658769391743	-1.91247340651778
			2.58844988808151	-1.91247340651778
			2.5903120822456	-1.91247340651778
			2.59217427640969	-1.91247340651778
			2.59403647057378	-1.91433560068187
			2.59589866473786	-1.91433560068187
			2.59776085890195	-1.91433560068187
			2.59962305306604	-1.91433560068187
			2.59962305306604	-1.91619779484595
			2.60148524723013	-1.91619779484595
			2.60334744139421	-1.91619779484595
			2.6052096355583	-1.91619779484595
			2.60707182972239	-1.91805998901004
			2.60893402388647	-1.91805998901004
			2.61079621805056	-1.91805998901004
			2.61265841221465	-1.91805998901004
			2.61452060637874	-1.91992218317413
			2.61638280054282	-1.91992218317413
			2.61824499470691	-1.91992218317413
			2.620107188871	-1.92178437733822
			2.62196938303509	-1.92178437733822
			2.62383157719917	-1.92178437733822
			2.62569377136326	-1.92178437733822
			2.62569377136326	-1.9236465715023
			2.62755596552735	-1.9236465715023
			2.62941815969144	-1.9236465715023
			2.63128035385552	-1.92550876566639
			2.63314254801961	-1.92550876566639
			2.6350047421837	-1.92550876566639
			2.63686693634779	-1.92737095983048
			2.63872913051187	-1.92737095983048
			2.64059132467596	-1.92737095983048
			2.64245351884005	-1.92923315399457
			2.64431571300414	-1.92923315399457
			2.64617790716822	-1.93109534815865
			2.64804010133231	-1.93109534815865
			2.6499022954964	-1.93109534815865
			2.65176448966049	-1.93295754232274
			2.65362668382457	-1.93295754232274
			2.65548887798866	-1.93481973648683
			2.65735107215275	-1.93481973648683
			2.65921326631684	-1.93481973648683
			2.66107546048092	-1.93668193065092
			2.66293765464501	-1.93668193065092
			2.6647998488091	-1.938544124815
			2.66666204297319	-1.938544124815
			2.66852423713727	-1.938544124815
			2.67038643130136	-1.94040631897909
			2.67224862546545	-1.94040631897909
			2.67411081962953	-1.94226851314318
			2.67597301379362	-1.94226851314318
			2.67783520795771	-1.94413070730727
			2.6796974021218	-1.94413070730727
			2.68155959628588	-1.94413070730727
			2.68342179044997	-1.94599290147135
			2.68528398461406	-1.94599290147135
			2.68714617877815	-1.94785509563544
			2.68900837294223	-1.94785509563544
			2.69087056710632	-1.94971728979953
			2.69273276127041	-1.94971728979953
			2.6945949554345	-1.95157948396362
			2.69645714959858	-1.95157948396362
			2.69645714959858	-1.9534416781277
			2.69831934376267	-1.9534416781277
			2.70018153792676	-1.95530387229179
			2.70204373209085	-1.95530387229179
			2.70390592625493	-1.95716606645588
			2.70576812041902	-1.95716606645588
			2.70763031458311	-1.95902826061997
			2.7094925087472	-1.95902826061997
			2.71135470291128	-1.96089045478405
			2.71321689707537	-1.96089045478405
			2.71507909123946	-1.96275264894814
			2.71694128540355	-1.96275264894814
			2.71880347956763	-1.96461484311223
			2.72066567373172	-1.96461484311223
			2.72252786789581	-1.96647703727632
			2.7243900620599	-1.96647703727632
			2.72625225622398	-1.9683392314404
			2.72811445038807	-1.9683392314404
			2.72997664455216	-1.97020142560449
			2.73183883871624	-1.97020142560449
			2.73370103288033	-1.97206361976858
			2.73556322704442	-1.97206361976858
			2.73742542120851	-1.97392581393266
			2.73928761537259	-1.97392581393266
			2.74114980953668	-1.97578800809675
			2.74301200370077	-1.97578800809675
			2.74487419786486	-1.97765020226084
			2.74673639202894	-1.97765020226084
			2.74673639202894	-1.97951239642493
			2.74859858619303	-1.97951239642493
			2.75046078035712	-1.98137459058901
			2.75232297452121	-1.98137459058901
			2.75418516868529	-1.9832367847531
			2.75604736284938	-1.9832367847531
			2.75790955701347	-1.98509897891719
			2.75977175117756	-1.98509897891719
			2.75977175117756	-1.98696117308128
			2.76163394534164	-1.98696117308128
			2.76349613950573	-1.98882336724536
			2.76535833366982	-1.98882336724536
			2.76722052783391	-1.98882336724536
			2.76908272199799	-1.99068556140945
			2.77094491616208	-1.99254775557354
			2.77280711032617	-1.99254775557354
			2.77466930449026	-1.99440994973763
			2.77653149865434	-1.99440994973763
			2.77839369281843	-1.99627214390171
			2.78025588698252	-1.99627214390171
			2.78211808114661	-1.9981343380658
			2.78398027531069	-1.9981343380658
			2.78584246947478	-1.99999653222989
			2.78770466363887	-2.00185872639398
			2.78956685780295	-2.00185872639398
			2.79142905196704	-2.00372092055806
			2.79329124613113	-2.00372092055806
			2.79515344029522	-2.00558311472215
			2.7970156344593	-2.00744530888624
			2.79887782862339	-2.00744530888624
			2.80074002278748	-2.00930750305033
			2.80260221695157	-2.00930750305033
			2.80446441111565	-2.01116969721441
			2.80632660527974	-2.01116969721441
			2.80818879944383	-2.0130318913785
			2.81005099360792	-2.0130318913785
			2.81005099360792	-2.01489408554259
			2.811913187772	-2.01489408554259
			2.81377538193609	-2.01675627970668
			2.81563757610018	-2.01675627970668
			2.81749977026427	-2.01861847387076
			2.81936196442835	-2.01861847387076
			2.82122415859244	-2.02048066803485
			2.82308635275653	-2.02048066803485
			2.82494854692062	-2.02234286219894
			2.8268107410847	-2.02420505636303
			2.82867293524879	-2.02420505636303
			2.83053512941288	-2.02606725052711
			2.83239732357697	-2.0279294446912
			2.83425951774105	-2.0279294446912
			2.83612171190514	-2.02979163885529
			2.83798390606923	-2.02979163885529
			2.83798390606923	-2.03165383301937
			2.83984610023332	-2.03165383301937
			2.8417082943974	-2.03351602718346
			2.84357048856149	-2.03537822134755
			2.84543268272558	-2.03537822134755
			2.84729487688966	-2.03724041551164
			2.84915707105375	-2.03910260967572
			2.85101926521784	-2.04096480383981
			2.85288145938193	-2.04096480383981
			2.85474365354601	-2.0428269980039
			2.8566058477101	-2.04468919216799
			2.8566058477101	-2.04655138633207
			2.8566058477101	-2.04841358049616
			2.8566058477101	-2.05027577466025
			2.8566058477101	-2.05213796882434
			2.8566058477101	-2.05400016298842
			2.8566058477101	-2.05586235715251
			2.8566058477101	-2.0577245513166
			2.8566058477101	-2.05958674548069
			2.8566058477101	-2.06144893964477
			2.85474365354601	-2.06331113380886
			2.85474365354601	-2.06517332797295
			2.85474365354601	-2.06703552213704
			2.85474365354601	-2.06889771630112
			2.85474365354601	-2.07075991046521
			2.85474365354601	-2.0726221046293
			2.85474365354601	-2.07448429879339
			2.85288145938193	-2.07634649295747
			2.85288145938193	-2.07820868712156
			2.85288145938193	-2.08007088128565
			2.85288145938193	-2.08193307544974
			2.85288145938193	-2.08379526961382
			2.85101926521784	-2.08565746377791
			2.85101926521784	-2.087519657942
			2.85101926521784	-2.08938185210608
			2.85101926521784	-2.09124404627017
			2.84915707105375	-2.09124404627017
			2.84915707105375	-2.09310624043426
			2.84915707105375	-2.09496843459835
			2.84915707105375	-2.09683062876243
			2.84729487688966	-2.09869282292652
			2.84729487688966	-2.10055501709061
			2.84729487688966	-2.1024172112547
			2.84543268272558	-2.10427940541878
			2.84543268272558	-2.10614159958287
			2.84543268272558	-2.10800379374696
			2.84357048856149	-2.10800379374696
			2.84357048856149	-2.10986598791105
			2.84357048856149	-2.11172818207513
			2.8417082943974	-2.11359037623922
			2.8417082943974	-2.11545257040331
			2.83984610023332	-2.1173147645674
			2.83984610023332	-2.11917695873148
			2.83984610023332	-2.12103915289557
			2.83798390606923	-2.12290134705966
			2.83612171190514	-2.12476354122375
			2.83612171190514	-2.12662573538783
			2.83425951774105	-2.12848792955192
			2.83425951774105	-2.13035012371601
			2.83425951774105	-2.1322123178801
			2.83239732357697	-2.1322123178801
			2.83239732357697	-2.13407451204418
			2.83053512941288	-2.13593670620827
			2.83053512941288	-2.13779890037236
			2.82867293524879	-2.13966109453645
			2.82867293524879	-2.14152328870053
			2.8268107410847	-2.14338548286462
			2.8268107410847	-2.14524767702871
			2.82494854692062	-2.14524767702871
			2.82494854692062	-2.14710987119279
			2.82308635275653	-2.14897206535688
			2.82308635275653	-2.15083425952097
			2.82122415859244	-2.15083425952097
			2.82122415859244	-2.15269645368506
			2.81936196442835	-2.15455864784914
			2.81936196442835	-2.15642084201323
			2.81749977026427	-2.15828303617732
			2.81563757610018	-2.15828303617732
			2.81563757610018	-2.16014523034141
			2.81377538193609	-2.16200742450549
			2.81377538193609	-2.16386961866958
			2.811913187772	-2.16386961866958
			2.811913187772	-2.16573181283367
			2.81005099360792	-2.16759400699776
			2.80818879944383	-2.16945620116184
			2.80818879944383	-2.17131839532593
			2.80632660527974	-2.17131839532593
			2.80632660527974	-2.17318058949002
			2.80446441111565	-2.17504278365411
			2.80260221695157	-2.17690497781819
			2.80074002278748	-2.17876717198228
			2.79887782862339	-2.18062936614637
			2.7970156344593	-2.18249156031046
			2.7970156344593	-2.18435375447454
			2.79515344029522	-2.18621594863863
			2.79329124613113	-2.18807814280272
			2.79142905196704	-2.18994033696681
			2.78956685780295	-2.19180253113089
			2.78956685780295	-2.19366472529498
			2.78770466363887	-2.19552691945907
			2.78584246947478	-2.19738911362316
			2.78398027531069	-2.19925130778724
			2.78211808114661	-2.20111350195133
			2.78025588698252	-2.20111350195133
			2.77839369281843	-2.20297569611542
			2.77653149865434	-2.2048378902795
			2.77466930449026	-2.20670008444359
			2.77280711032617	-2.20856227860768
			2.77094491616208	-2.21042447277177
			2.76908272199799	-2.21228666693585
			2.76908272199799	-2.21414886109994
			2.76722052783391	-2.21601105526403
			2.76535833366982	-2.21787324942812
			2.76349613950573	-2.2197354435922
			2.76163394534164	-2.22159763775629
			2.75977175117756	-2.22159763775629
			2.75790955701347	-2.22345983192038
			2.75790955701347	-2.22532202608447
			2.75604736284938	-2.22532202608447
			2.75418516868529	-2.22718422024855
			2.75232297452121	-2.22904641441264
			2.75046078035712	-2.23090860857673
			2.74859858619303	-2.23277080274082
			2.74673639202894	-2.2346329969049
			2.74487419786486	-2.2346329969049
			2.74301200370077	-2.23649519106899
			2.74114980953668	-2.23835738523308
			2.73928761537259	-2.24021957939717
			2.73742542120851	-2.24208177356125
			2.73742542120851	-2.24394396772534
			2.73556322704442	-2.24580616188943
			2.73556322704442	-2.24766835605352
			2.73370103288033	-2.2495305502176
			2.73183883871624	-2.25139274438169
			2.73183883871624	-2.25325493854578
			2.72997664455216	-2.25511713270987
			2.72997664455216	-2.25697932687395
			2.72811445038807	-2.25884152103804
			2.72811445038807	-2.26070371520213
			2.72625225622398	-2.26256590936621
			2.72625225622398	-2.2644281035303
			2.7243900620599	-2.26629029769439
			2.7243900620599	-2.26815249185848
			2.72252786789581	-2.27001468602256
			2.72252786789581	-2.27187688018665
			2.72252786789581	-2.27373907435074
			2.72066567373172	-2.27560126851483
			2.72066567373172	-2.27746346267891
			2.71880347956763	-2.279325656843
			2.71880347956763	-2.28118785100709
			2.71880347956763	-2.28305004517118
			2.71694128540355	-2.28491223933526
			2.71694128540355	-2.28677443349935
			2.71694128540355	-2.28863662766344
			2.71507909123946	-2.29049882182753
			2.71507909123946	-2.29236101599161
			2.71507909123946	-2.2942232101557
			2.71507909123946	-2.29608540431979
			2.71321689707537	-2.29794759848388
			2.71321689707537	-2.29980979264796
			2.71321689707537	-2.30167198681205
			2.71321689707537	-2.30353418097614
			2.71135470291128	-2.30539637514023
			2.71135470291128	-2.30725856930431
			2.71135470291128	-2.3091207634684
			2.71135470291128	-2.31098295763249
			2.71135470291128	-2.31284515179658
			2.71135470291128	-2.31470734596066
			2.7094925087472	-2.31656954012475
			2.7094925087472	-2.31843173428884
			2.7094925087472	-2.32029392845292
			2.7094925087472	-2.32215612261701
			2.7094925087472	-2.3240183167811
			2.7094925087472	-2.32588051094519
			2.7094925087472	-2.32774270510927
			2.7094925087472	-2.32960489927336
			2.70763031458311	-2.33146709343745
			2.70763031458311	-2.33332928760154
			2.70763031458311	-2.33519148176562
			2.70763031458311	-2.33705367592971
			2.70763031458311	-2.3389158700938
			2.70763031458311	-2.34077806425789
			2.70763031458311	-2.34264025842197
			2.70763031458311	-2.34450245258606
			2.70763031458311	-2.34636464675015
			2.70763031458311	-2.34822684091424
			2.70763031458311	-2.35008903507832
			2.70763031458311	-2.35195122924241
			2.70763031458311	-2.3538134234065
			2.70763031458311	-2.35567561757059
			2.70763031458311	-2.35753781173467
			2.70763031458311	-2.35940000589876
			2.70763031458311	-2.36126220006285
			2.70763031458311	-2.36312439422694
			2.70763031458311	-2.36498658839102
			2.70763031458311	-2.36684878255511
			2.7094925087472	-2.3687109767192
			2.7094925087472	-2.37057317088329
			2.7094925087472	-2.37243536504737
			2.7094925087472	-2.37429755921146
			2.7094925087472	-2.37615975337555
			2.7094925087472	-2.37802194753963
			2.7094925087472	-2.37988414170372
			2.7094925087472	-2.38174633586781
			2.7094925087472	-2.3836085300319
			2.7094925087472	-2.38547072419598
			2.71135470291128	-2.38733291836007
			2.71135470291128	-2.38919511252416
			2.71135470291128	-2.39105730668825
			2.71135470291128	-2.39291950085233
			2.71135470291128	-2.39478169501642
			2.71135470291128	-2.39664388918051
			2.71321689707537	-2.3985060833446
			2.71321689707537	-2.40036827750868
			2.71321689707537	-2.40223047167277
		</curvaI_espina_dorsal>
	</curves.scaled>
	<ruler.points type=matrix rownames=TRUE colnames=FALSE nrow=2 ncol=2 as.numeric=TRUE >
		Ruler point 1	1569	576
		Ruler point 2	2106	575
	</ruler.points>
</shapes>

