<shapes type=list>
	<ruler.pixel type=vector names=FALSE length=1 as.numeric=TRUE >536.008395456638</ruler.pixel>
	<ruler.interval type=vector names=FALSE length=1 as.numeric=TRUE >1</ruler.interval>
	<scaling.units type=vector names=FALSE length=1 as.numeric=FALSE >mm</scaling.units>
	<scaling type=vector names=FALSE length=1 as.numeric=TRUE >0.0018656424199253</scaling>
	<landmarks.pixel type=matrix rownames=TRUE colnames=FALSE nrow=3 ncol=2 as.numeric=TRUE >
		punta_espina_dorsal	1444	927
		esq_izq_caparaza	1374	1213
		organo_dorsal	1717	1170
	</landmarks.pixel>
	<landmarks.scaled type=matrix rownames=TRUE colnames=FALSE nrow=3 ncol=2 as.numeric=TRUE >
		punta_espina_dorsal	2.69398765437213	-1.72945052327075
		esq_izq_caparaza	2.56339268497736	-2.26302425536939
		organo_dorsal	3.20330803501174	-2.1828016313126
	</landmarks.scaled>
	<curves.control type=list>
		<curvaD_espina_dorsal type=matrix rownames=FALSE colnames=FALSE nrow=7 ncol=2 as.numeric=TRUE >
			1444	927
			1455	920
			1508	976
			1548	1033
			1579	1072
			1602	1140
			1717	1170
		</curvaD_espina_dorsal>
		<curvaI_espina_dorsal type=matrix rownames=FALSE colnames=FALSE nrow=9 ncol=2 as.numeric=TRUE >
			1444	927
			1463	943
			1498	984
			1547	1073
			1549	1093
			1509	1140
			1440	1141
			1389	1168
			1374	1213
		</curvaI_espina_dorsal>
	</curves.control>
	<curves.pixel type=list>
		<curvaD_espina_dorsal type=matrix rownames=FALSE colnames=FALSE nrow=344 ncol=2 as.numeric=TRUE >
			1444	927
			1445	927
			1446	926
			1447	926
			1448	926
			1449	926
			1450	927
			1451	927
			1452	927
			1453	928
			1454	928
			1455	929
			1456	929
			1457	930
			1458	931
			1459	931
			1460	932
			1461	932
			1461	933
			1462	933
			1463	934
			1464	935
			1465	935
			1466	936
			1467	937
			1468	938
			1469	939
			1470	939
			1471	940
			1472	941
			1473	942
			1474	943
			1475	944
			1476	944
			1477	945
			1478	946
			1479	947
			1480	948
			1481	949
			1482	950
			1483	951
			1484	951
			1485	952
			1486	953
			1487	954
			1488	955
			1489	956
			1490	957
			1490	958
			1491	959
			1492	959
			1492	960
			1493	961
			1494	961
			1494	962
			1495	963
			1496	963
			1496	964
			1497	965
			1498	965
			1499	966
			1499	967
			1500	968
			1501	968
			1501	969
			1502	970
			1503	971
			1504	971
			1504	972
			1505	973
			1506	974
			1507	975
			1508	976
			1509	977
			1509	978
			1510	979
			1511	980
			1511	981
			1512	982
			1513	983
			1514	984
			1514	985
			1515	986
			1516	987
			1516	988
			1517	989
			1518	989
			1518	990
			1519	991
			1519	992
			1520	993
			1521	994
			1521	995
			1522	996
			1523	997
			1523	998
			1524	999
			1525	1000
			1526	1001
			1527	1002
			1527	1003
			1528	1004
			1529	1005
			1530	1006
			1530	1007
			1531	1008
			1531	1009
			1532	1009
			1532	1010
			1533	1011
			1533	1012
			1534	1012
			1534	1013
			1535	1014
			1536	1015
			1537	1016
			1537	1017
			1538	1018
			1539	1019
			1539	1020
			1540	1021
			1541	1021
			1541	1022
			1542	1023
			1542	1024
			1543	1025
			1544	1026
			1544	1027
			1545	1027
			1546	1028
			1546	1029
			1547	1030
			1547	1031
			1548	1032
			1549	1032
			1549	1033
			1550	1034
			1551	1035
			1551	1036
			1552	1037
			1553	1038
			1554	1039
			1554	1040
			1555	1041
			1556	1042
			1557	1043
			1557	1044
			1558	1045
			1559	1046
			1560	1047
			1560	1048
			1561	1049
			1562	1050
			1562	1051
			1563	1052
			1564	1052
			1564	1053
			1565	1054
			1566	1055
			1567	1056
			1567	1057
			1568	1058
			1569	1059
			1569	1060
			1570	1061
			1571	1061
			1571	1062
			1572	1063
			1573	1064
			1573	1065
			1574	1066
			1575	1067
			1576	1068
			1577	1069
			1578	1070
			1578	1071
			1579	1072
			1579	1073
			1580	1074
			1580	1075
			1580	1076
			1581	1077
			1581	1078
			1582	1079
			1582	1080
			1583	1081
			1583	1082
			1583	1083
			1584	1084
			1584	1085
			1585	1086
			1585	1087
			1586	1088
			1586	1089
			1587	1090
			1588	1091
			1588	1092
			1589	1093
			1589	1094
			1590	1095
			1590	1096
			1591	1096
			1592	1097
			1592	1098
			1593	1099
			1594	1100
			1594	1101
			1595	1102
			1596	1103
			1596	1104
			1597	1105
			1598	1106
			1599	1106
			1599	1107
			1600	1108
			1601	1109
			1602	1110
			1602	1111
			1603	1112
			1604	1112
			1605	1113
			1606	1114
			1606	1115
			1607	1116
			1608	1117
			1609	1117
			1610	1118
			1611	1119
			1612	1120
			1613	1121
			1613	1122
			1614	1122
			1615	1123
			1616	1124
			1617	1125
			1618	1125
			1619	1126
			1620	1127
			1621	1128
			1622	1129
			1623	1129
			1624	1130
			1625	1131
			1626	1132
			1627	1132
			1628	1132
			1628	1133
			1629	1133
			1630	1134
			1631	1135
			1632	1135
			1633	1136
			1634	1136
			1635	1137
			1636	1138
			1637	1138
			1637	1139
			1638	1139
			1639	1140
			1640	1140
			1641	1141
			1642	1141
			1643	1142
			1644	1142
			1645	1143
			1646	1144
			1647	1144
			1648	1144
			1648	1145
			1649	1145
			1650	1145
			1650	1146
			1651	1146
			1652	1146
			1652	1147
			1653	1147
			1654	1147
			1654	1148
			1655	1148
			1656	1148
			1656	1149
			1657	1149
			1658	1149
			1659	1150
			1660	1150
			1661	1151
			1662	1151
			1663	1152
			1664	1152
			1665	1152
			1666	1153
			1667	1153
			1667	1154
			1668	1154
			1669	1154
			1670	1155
			1671	1155
			1672	1155
			1673	1156
			1674	1156
			1675	1156
			1676	1157
			1677	1157
			1677	1158
			1678	1158
			1679	1158
			1680	1159
			1681	1159
			1682	1159
			1683	1160
			1684	1160
			1685	1160
			1686	1161
			1687	1161
			1688	1161
			1689	1162
			1690	1162
			1691	1162
			1692	1163
			1693	1163
			1694	1163
			1695	1164
			1696	1164
			1697	1164
			1698	1165
			1699	1165
			1700	1165
			1701	1166
			1702	1166
			1703	1166
			1704	1166
			1705	1167
			1706	1167
			1707	1167
			1708	1168
			1709	1168
			1710	1168
			1711	1169
			1712	1169
			1713	1169
			1714	1169
			1715	1170
			1716	1170
			1717	1170
		</curvaD_espina_dorsal>
		<curvaI_espina_dorsal type=matrix rownames=FALSE colnames=FALSE nrow=379 ncol=2 as.numeric=TRUE >
			1444	927
			1445	928
			1446	929
			1447	930
			1448	931
			1449	931
			1450	932
			1451	933
			1452	934
			1453	935
			1454	936
			1455	937
			1456	938
			1457	939
			1458	940
			1459	941
			1460	942
			1461	943
			1462	944
			1463	945
			1464	946
			1465	947
			1466	948
			1466	949
			1467	950
			1468	950
			1469	951
			1470	952
			1471	953
			1472	954
			1473	955
			1474	956
			1475	957
			1475	958
			1476	959
			1477	960
			1478	961
			1479	962
			1480	963
			1480	964
			1481	964
			1482	965
			1482	966
			1483	967
			1484	968
			1485	969
			1485	970
			1486	970
			1487	971
			1488	972
			1488	973
			1489	974
			1490	975
			1491	976
			1492	977
			1493	978
			1494	979
			1494	980
			1495	980
			1496	981
			1496	982
			1497	982
			1497	983
			1498	984
			1499	985
			1499	986
			1500	987
			1500	988
			1501	989
			1501	990
			1502	991
			1503	992
			1503	993
			1504	994
			1504	995
			1505	996
			1505	997
			1506	998
			1506	999
			1507	1000
			1508	1001
			1508	1002
			1509	1003
			1509	1004
			1510	1005
			1510	1006
			1511	1007
			1511	1008
			1512	1009
			1512	1010
			1513	1011
			1513	1012
			1514	1013
			1514	1014
			1515	1015
			1515	1016
			1516	1017
			1516	1018
			1517	1019
			1517	1020
			1518	1020
			1518	1021
			1519	1022
			1519	1023
			1519	1024
			1520	1025
			1520	1026
			1521	1027
			1522	1028
			1522	1029
			1523	1030
			1523	1031
			1524	1032
			1524	1033
			1525	1034
			1525	1035
			1526	1036
			1526	1037
			1527	1038
			1527	1039
			1528	1040
			1528	1041
			1529	1042
			1529	1043
			1529	1044
			1530	1045
			1530	1046
			1531	1046
			1531	1047
			1532	1048
			1532	1049
			1532	1050
			1533	1051
			1533	1052
			1534	1052
			1534	1053
			1534	1054
			1535	1055
			1535	1056
			1536	1056
			1536	1057
			1536	1058
			1537	1059
			1537	1060
			1538	1061
			1538	1062
			1539	1063
			1539	1064
			1539	1065
			1540	1065
			1540	1066
			1540	1067
			1541	1068
			1541	1069
			1541	1070
			1542	1070
			1542	1071
			1542	1072
			1543	1073
			1543	1074
			1544	1075
			1544	1076
			1544	1077
			1545	1077
			1545	1078
			1545	1079
			1545	1080
			1546	1081
			1546	1082
			1547	1083
			1547	1084
			1547	1085
			1547	1086
			1548	1087
			1548	1088
			1548	1089
			1549	1090
			1549	1091
			1549	1092
			1549	1093
			1548	1094
			1547	1095
			1546	1096
			1545	1097
			1544	1098
			1543	1099
			1542	1100
			1542	1101
			1541	1102
			1540	1103
			1539	1104
			1538	1105
			1537	1106
			1536	1107
			1535	1107
			1534	1108
			1533	1109
			1532	1110
			1531	1111
			1530	1112
			1529	1112
			1528	1113
			1527	1114
			1526	1115
			1525	1115
			1524	1116
			1523	1117
			1522	1118
			1521	1118
			1520	1118
			1520	1119
			1519	1119
			1518	1120
			1517	1121
			1516	1121
			1515	1122
			1514	1122
			1513	1123
			1512	1123
			1512	1124
			1511	1124
			1510	1125
			1509	1125
			1508	1125
			1507	1126
			1506	1127
			1505	1127
			1504	1128
			1503	1128
			1502	1129
			1501	1129
			1500	1129
			1499	1130
			1498	1130
			1497	1131
			1496	1131
			1495	1131
			1494	1132
			1493	1132
			1492	1132
			1491	1133
			1490	1133
			1489	1133
			1488	1134
			1487	1134
			1486	1134
			1485	1135
			1484	1135
			1483	1135
			1482	1135
			1481	1136
			1480	1136
			1479	1136
			1478	1136
			1477	1137
			1476	1137
			1475	1137
			1474	1137
			1473	1138
			1472	1138
			1471	1138
			1470	1138
			1469	1138
			1468	1138
			1467	1139
			1466	1139
			1465	1139
			1464	1139
			1463	1139
			1462	1139
			1461	1140
			1460	1140
			1459	1140
			1458	1140
			1457	1140
			1456	1140
			1455	1140
			1454	1140
			1453	1140
			1452	1140
			1451	1141
			1450	1141
			1449	1141
			1448	1141
			1447	1141
			1446	1141
			1445	1141
			1444	1141
			1443	1141
			1442	1141
			1441	1141
			1440	1141
			1439	1141
			1439	1142
			1438	1142
			1437	1142
			1437	1143
			1436	1143
			1435	1144
			1434	1144
			1433	1145
			1432	1146
			1431	1146
			1430	1147
			1429	1147
			1428	1148
			1427	1149
			1426	1149
			1425	1150
			1424	1150
			1423	1151
			1422	1152
			1421	1152
			1421	1153
			1420	1153
			1419	1154
			1418	1155
			1417	1155
			1416	1156
			1415	1157
			1414	1158
			1413	1159
			1412	1160
			1411	1160
			1410	1161
			1409	1162
			1408	1163
			1407	1164
			1406	1164
			1405	1165
			1404	1166
			1403	1167
			1403	1168
			1402	1169
			1401	1169
			1400	1170
			1399	1171
			1398	1172
			1398	1173
			1397	1174
			1396	1175
			1395	1176
			1394	1177
			1393	1178
			1392	1179
			1392	1180
			1391	1181
			1390	1182
			1389	1183
			1388	1184
			1388	1185
			1387	1186
			1387	1187
			1386	1188
			1385	1189
			1385	1190
			1384	1191
			1383	1192
			1383	1193
			1382	1194
			1382	1195
			1381	1196
			1381	1197
			1380	1198
			1380	1199
			1379	1200
			1379	1201
			1378	1202
			1378	1203
			1377	1204
			1377	1205
			1377	1206
			1376	1207
			1376	1208
			1375	1209
			1375	1210
			1375	1211
			1374	1212
			1374	1213
		</curvaI_espina_dorsal>
	</curves.pixel>
	<curves.scaled type=list>
		<curvaD_espina_dorsal type=matrix rownames=FALSE colnames=FALSE nrow=344 ncol=2 as.numeric=TRUE >
			2.69398765437213	-1.72945052327075
			2.69585329679206	-1.72945052327075
			2.69771893921198	-1.72758488085083
			2.69958458163191	-1.72758488085083
			2.70145022405183	-1.72758488085083
			2.70331586647176	-1.72758488085083
			2.70518150889169	-1.72945052327075
			2.70704715131161	-1.72945052327075
			2.70891279373154	-1.72945052327075
			2.71077843615146	-1.73131616569068
			2.71264407857139	-1.73131616569068
			2.71450972099131	-1.7331818081106
			2.71637536341124	-1.7331818081106
			2.71824100583116	-1.73504745053053
			2.72010664825109	-1.73691309295045
			2.72197229067101	-1.73691309295045
			2.72383793309094	-1.73877873537038
			2.72570357551086	-1.73877873537038
			2.72570357551086	-1.7406443777903
			2.72756921793079	-1.7406443777903
			2.72943486035071	-1.74251002021023
			2.73130050277064	-1.74437566263016
			2.73316614519056	-1.74437566263016
			2.73503178761049	-1.74624130505008
			2.73689743003042	-1.74810694747001
			2.73876307245034	-1.74997258988993
			2.74062871487027	-1.75183823230986
			2.74249435729019	-1.75183823230986
			2.74435999971012	-1.75370387472978
			2.74622564213004	-1.75556951714971
			2.74809128454997	-1.75743515956963
			2.74995692696989	-1.75930080198956
			2.75182256938982	-1.76116644440948
			2.75368821180974	-1.76116644440948
			2.75555385422967	-1.76303208682941
			2.75741949664959	-1.76489772924933
			2.75928513906952	-1.76676337166926
			2.76115078148944	-1.76862901408918
			2.76301642390937	-1.77049465650911
			2.76488206632929	-1.77236029892904
			2.76674770874922	-1.77422594134896
			2.76861335116915	-1.77422594134896
			2.77047899358907	-1.77609158376889
			2.772344636009	-1.77795722618881
			2.77421027842892	-1.77982286860874
			2.77607592084885	-1.78168851102866
			2.77794156326877	-1.78355415344859
			2.7798072056887	-1.78541979586851
			2.7798072056887	-1.78728543828844
			2.78167284810862	-1.78915108070836
			2.78353849052855	-1.78915108070836
			2.78353849052855	-1.79101672312829
			2.78540413294847	-1.79288236554821
			2.7872697753684	-1.79288236554821
			2.7872697753684	-1.79474800796814
			2.78913541778832	-1.79661365038806
			2.79100106020825	-1.79661365038806
			2.79100106020825	-1.79847929280799
			2.79286670262817	-1.80034493522791
			2.7947323450481	-1.80034493522791
			2.79659798746802	-1.80221057764784
			2.79659798746802	-1.80407622006777
			2.79846362988795	-1.80594186248769
			2.80032927230788	-1.80594186248769
			2.80032927230788	-1.80780750490762
			2.8021949147278	-1.80967314732754
			2.80406055714773	-1.81153878974747
			2.80592619956765	-1.81153878974747
			2.80592619956765	-1.81340443216739
			2.80779184198758	-1.81527007458732
			2.8096574844075	-1.81713571700724
			2.81152312682743	-1.81900135942717
			2.81338876924735	-1.82086700184709
			2.81525441166728	-1.82273264426702
			2.81525441166728	-1.82459828668694
			2.8171200540872	-1.82646392910687
			2.81898569650713	-1.82832957152679
			2.81898569650713	-1.83019521394672
			2.82085133892705	-1.83206085636664
			2.82271698134698	-1.83392649878657
			2.8245826237669	-1.8357921412065
			2.8245826237669	-1.83765778362642
			2.82644826618683	-1.83952342604635
			2.82831390860675	-1.84138906846627
			2.82831390860675	-1.8432547108862
			2.83017955102668	-1.84512035330612
			2.83204519344661	-1.84512035330612
			2.83204519344661	-1.84698599572605
			2.83391083586653	-1.84885163814597
			2.83391083586653	-1.8507172805659
			2.83577647828646	-1.85258292298582
			2.83764212070638	-1.85444856540575
			2.83764212070638	-1.85631420782567
			2.83950776312631	-1.8581798502456
			2.84137340554623	-1.86004549266552
			2.84137340554623	-1.86191113508545
			2.84323904796616	-1.86377677750537
			2.84510469038608	-1.8656424199253
			2.84697033280601	-1.86750806234523
			2.84883597522593	-1.86937370476515
			2.84883597522593	-1.87123934718508
			2.85070161764586	-1.873104989605
			2.85256726006578	-1.87497063202493
			2.85443290248571	-1.87683627444485
			2.85443290248571	-1.87870191686478
			2.85629854490563	-1.8805675592847
			2.85629854490563	-1.88243320170463
			2.85816418732556	-1.88243320170463
			2.85816418732556	-1.88429884412455
			2.86002982974549	-1.88616448654448
			2.86002982974549	-1.8880301289644
			2.86189547216541	-1.8880301289644
			2.86189547216541	-1.88989577138433
			2.86376111458534	-1.89176141380425
			2.86562675700526	-1.89362705622418
			2.86749239942519	-1.8954926986441
			2.86749239942519	-1.89735834106403
			2.86935804184511	-1.89922398348396
			2.87122368426504	-1.90108962590388
			2.87122368426504	-1.90295526832381
			2.87308932668496	-1.90482091074373
			2.87495496910489	-1.90482091074373
			2.87495496910489	-1.90668655316366
			2.87682061152481	-1.90855219558358
			2.87682061152481	-1.91041783800351
			2.87868625394474	-1.91228348042343
			2.88055189636466	-1.91414912284336
			2.88055189636466	-1.91601476526328
			2.88241753878459	-1.91601476526328
			2.88428318120451	-1.91788040768321
			2.88428318120451	-1.91974605010313
			2.88614882362444	-1.92161169252306
			2.88614882362444	-1.92347733494298
			2.88801446604436	-1.92534297736291
			2.88988010846429	-1.92534297736291
			2.88988010846429	-1.92720861978284
			2.89174575088422	-1.92907426220276
			2.89361139330414	-1.93093990462269
			2.89361139330414	-1.93280554704261
			2.89547703572407	-1.93467118946254
			2.89734267814399	-1.93653683188246
			2.89920832056392	-1.93840247430239
			2.89920832056392	-1.94026811672231
			2.90107396298384	-1.94213375914224
			2.90293960540377	-1.94399940156216
			2.90480524782369	-1.94586504398209
			2.90480524782369	-1.94773068640201
			2.90667089024362	-1.94959632882194
			2.90853653266354	-1.95146197124186
			2.91040217508347	-1.95332761366179
			2.91040217508347	-1.95519325608171
			2.91226781750339	-1.95705889850164
			2.91413345992332	-1.95892454092156
			2.91413345992332	-1.96079018334149
			2.91599910234324	-1.96265582576142
			2.91786474476317	-1.96265582576142
			2.91786474476317	-1.96452146818134
			2.91973038718309	-1.96638711060127
			2.92159602960302	-1.96825275302119
			2.92346167202295	-1.97011839544112
			2.92346167202295	-1.97198403786104
			2.92532731444287	-1.97384968028097
			2.9271929568628	-1.97571532270089
			2.9271929568628	-1.97758096512082
			2.92905859928272	-1.97944660754074
			2.93092424170265	-1.97944660754074
			2.93092424170265	-1.98131224996067
			2.93278988412257	-1.98317789238059
			2.9346555265425	-1.98504353480052
			2.9346555265425	-1.98690917722044
			2.93652116896242	-1.98877481964037
			2.93838681138235	-1.9906404620603
			2.94025245380227	-1.99250610448022
			2.9421180962222	-1.99437174690015
			2.94398373864212	-1.99623738932007
			2.94398373864212	-1.99810303174
			2.94584938106205	-1.99996867415992
			2.94584938106205	-2.00183431657985
			2.94771502348197	-2.00369995899977
			2.94771502348197	-2.0055656014197
			2.94771502348197	-2.00743124383962
			2.9495806659019	-2.00929688625955
			2.9495806659019	-2.01116252867947
			2.95144630832182	-2.0130281710994
			2.95144630832182	-2.01489381351932
			2.95331195074175	-2.01675945593925
			2.95331195074175	-2.01862509835917
			2.95331195074175	-2.0204907407791
			2.95517759316168	-2.02235638319903
			2.95517759316168	-2.02422202561895
			2.9570432355816	-2.02608766803888
			2.9570432355816	-2.0279533104588
			2.95890887800153	-2.02981895287873
			2.95890887800153	-2.03168459529865
			2.96077452042145	-2.03355023771858
			2.96264016284138	-2.0354158801385
			2.96264016284138	-2.03728152255843
			2.9645058052613	-2.03914716497835
			2.9645058052613	-2.04101280739828
			2.96637144768123	-2.0428784498182
			2.96637144768123	-2.04474409223813
			2.96823709010115	-2.04474409223813
			2.97010273252108	-2.04660973465805
			2.97010273252108	-2.04847537707798
			2.971968374941	-2.0503410194979
			2.97383401736093	-2.05220666191783
			2.97383401736093	-2.05407230433776
			2.97569965978085	-2.05593794675768
			2.97756530220078	-2.05780358917761
			2.97756530220078	-2.05966923159753
			2.9794309446207	-2.06153487401746
			2.98129658704063	-2.06340051643738
			2.98316222946055	-2.06340051643738
			2.98316222946055	-2.06526615885731
			2.98502787188048	-2.06713180127723
			2.98689351430041	-2.06899744369716
			2.98875915672033	-2.07086308611708
			2.98875915672033	-2.07272872853701
			2.99062479914026	-2.07459437095693
			2.99249044156018	-2.07459437095693
			2.99435608398011	-2.07646001337686
			2.99622172640003	-2.07832565579678
			2.99622172640003	-2.08019129821671
			2.99808736881996	-2.08205694063663
			2.99995301123988	-2.08392258305656
			3.00181865365981	-2.08392258305656
			3.00368429607973	-2.08578822547649
			3.00554993849966	-2.08765386789641
			3.00741558091958	-2.08951951031634
			3.00928122333951	-2.09138515273626
			3.00928122333951	-2.09325079515619
			3.01114686575943	-2.09325079515619
			3.01301250817936	-2.09511643757611
			3.01487815059928	-2.09698207999604
			3.01674379301921	-2.09884772241596
			3.01860943543914	-2.09884772241596
			3.02047507785906	-2.10071336483589
			3.02234072027899	-2.10257900725581
			3.02420636269891	-2.10444464967574
			3.02607200511884	-2.10631029209566
			3.02793764753876	-2.10631029209566
			3.02980328995869	-2.10817593451559
			3.03166893237861	-2.11004157693551
			3.03353457479854	-2.11190721935544
			3.03540021721846	-2.11190721935544
			3.03726585963839	-2.11190721935544
			3.03726585963839	-2.11377286177536
			3.03913150205831	-2.11377286177536
			3.04099714447824	-2.11563850419529
			3.04286278689816	-2.11750414661522
			3.04472842931809	-2.11750414661522
			3.04659407173801	-2.11936978903514
			3.04845971415794	-2.11936978903514
			3.05032535657787	-2.12123543145507
			3.05219099899779	-2.12310107387499
			3.05405664141772	-2.12310107387499
			3.05405664141772	-2.12496671629492
			3.05592228383764	-2.12496671629492
			3.05778792625757	-2.12683235871484
			3.05965356867749	-2.12683235871484
			3.06151921109742	-2.12869800113477
			3.06338485351734	-2.12869800113477
			3.06525049593727	-2.13056364355469
			3.06711613835719	-2.13056364355469
			3.06898178077712	-2.13242928597462
			3.07084742319704	-2.13429492839454
			3.07271306561697	-2.13429492839454
			3.07457870803689	-2.13429492839454
			3.07457870803689	-2.13616057081447
			3.07644435045682	-2.13616057081447
			3.07830999287675	-2.13616057081447
			3.07830999287675	-2.13802621323439
			3.08017563529667	-2.13802621323439
			3.0820412777166	-2.13802621323439
			3.0820412777166	-2.13989185565432
			3.08390692013652	-2.13989185565432
			3.08577256255645	-2.13989185565432
			3.08577256255645	-2.14175749807424
			3.08763820497637	-2.14175749807424
			3.0895038473963	-2.14175749807424
			3.0895038473963	-2.14362314049417
			3.09136948981622	-2.14362314049417
			3.09323513223615	-2.14362314049417
			3.09510077465607	-2.1454887829141
			3.096966417076	-2.1454887829141
			3.09883205949592	-2.14735442533402
			3.10069770191585	-2.14735442533402
			3.10256334433577	-2.14922006775395
			3.1044289867557	-2.14922006775395
			3.10629462917562	-2.14922006775395
			3.10816027159555	-2.15108571017387
			3.11002591401548	-2.15108571017387
			3.11002591401548	-2.1529513525938
			3.1118915564354	-2.1529513525938
			3.11375719885533	-2.1529513525938
			3.11562284127525	-2.15481699501372
			3.11748848369518	-2.15481699501372
			3.1193541261151	-2.15481699501372
			3.12121976853503	-2.15668263743365
			3.12308541095495	-2.15668263743365
			3.12495105337488	-2.15668263743365
			3.1268166957948	-2.15854827985357
			3.12868233821473	-2.15854827985357
			3.12868233821473	-2.1604139222735
			3.13054798063465	-2.1604139222735
			3.13241362305458	-2.1604139222735
			3.1342792654745	-2.16227956469342
			3.13614490789443	-2.16227956469342
			3.13801055031435	-2.16227956469342
			3.13987619273428	-2.16414520711335
			3.14174183515421	-2.16414520711335
			3.14360747757413	-2.16414520711335
			3.14547311999406	-2.16601084953327
			3.14733876241398	-2.16601084953327
			3.14920440483391	-2.16601084953327
			3.15107004725383	-2.1678764919532
			3.15293568967376	-2.1678764919532
			3.15480133209368	-2.1678764919532
			3.15666697451361	-2.16974213437312
			3.15853261693353	-2.16974213437312
			3.16039825935346	-2.16974213437312
			3.16226390177338	-2.17160777679305
			3.16412954419331	-2.17160777679305
			3.16599518661323	-2.17160777679305
			3.16786082903316	-2.17347341921297
			3.16972647145308	-2.17347341921297
			3.17159211387301	-2.17347341921297
			3.17345775629294	-2.1753390616329
			3.17532339871286	-2.1753390616329
			3.17718904113279	-2.1753390616329
			3.17905468355271	-2.1753390616329
			3.18092032597264	-2.17720470405283
			3.18278596839256	-2.17720470405283
			3.18465161081249	-2.17720470405283
			3.18651725323241	-2.17907034647275
			3.18838289565234	-2.17907034647275
			3.19024853807226	-2.17907034647275
			3.19211418049219	-2.18093598889268
			3.19397982291211	-2.18093598889268
			3.19584546533204	-2.18093598889268
			3.19771110775196	-2.18093598889268
			3.19957675017189	-2.1828016313126
			3.20144239259181	-2.1828016313126
			3.20330803501174	-2.1828016313126
		</curvaD_espina_dorsal>
		<curvaI_espina_dorsal type=matrix rownames=FALSE colnames=FALSE nrow=379 ncol=2 as.numeric=TRUE >
			2.69398765437213	-1.72945052327075
			2.69585329679206	-1.73131616569068
			2.69771893921198	-1.7331818081106
			2.69958458163191	-1.73504745053053
			2.70145022405183	-1.73691309295045
			2.70331586647176	-1.73691309295045
			2.70518150889169	-1.73877873537038
			2.70704715131161	-1.7406443777903
			2.70891279373154	-1.74251002021023
			2.71077843615146	-1.74437566263016
			2.71264407857139	-1.74624130505008
			2.71450972099131	-1.74810694747001
			2.71637536341124	-1.74997258988993
			2.71824100583116	-1.75183823230986
			2.72010664825109	-1.75370387472978
			2.72197229067101	-1.75556951714971
			2.72383793309094	-1.75743515956963
			2.72570357551086	-1.75930080198956
			2.72756921793079	-1.76116644440948
			2.72943486035071	-1.76303208682941
			2.73130050277064	-1.76489772924933
			2.73316614519056	-1.76676337166926
			2.73503178761049	-1.76862901408918
			2.73503178761049	-1.77049465650911
			2.73689743003042	-1.77236029892904
			2.73876307245034	-1.77236029892904
			2.74062871487027	-1.77422594134896
			2.74249435729019	-1.77609158376889
			2.74435999971012	-1.77795722618881
			2.74622564213004	-1.77982286860874
			2.74809128454997	-1.78168851102866
			2.74995692696989	-1.78355415344859
			2.75182256938982	-1.78541979586851
			2.75182256938982	-1.78728543828844
			2.75368821180974	-1.78915108070836
			2.75555385422967	-1.79101672312829
			2.75741949664959	-1.79288236554821
			2.75928513906952	-1.79474800796814
			2.76115078148944	-1.79661365038806
			2.76115078148944	-1.79847929280799
			2.76301642390937	-1.79847929280799
			2.76488206632929	-1.80034493522791
			2.76488206632929	-1.80221057764784
			2.76674770874922	-1.80407622006777
			2.76861335116915	-1.80594186248769
			2.77047899358907	-1.80780750490762
			2.77047899358907	-1.80967314732754
			2.772344636009	-1.80967314732754
			2.77421027842892	-1.81153878974747
			2.77607592084885	-1.81340443216739
			2.77607592084885	-1.81527007458732
			2.77794156326877	-1.81713571700724
			2.7798072056887	-1.81900135942717
			2.78167284810862	-1.82086700184709
			2.78353849052855	-1.82273264426702
			2.78540413294847	-1.82459828668694
			2.7872697753684	-1.82646392910687
			2.7872697753684	-1.82832957152679
			2.78913541778832	-1.82832957152679
			2.79100106020825	-1.83019521394672
			2.79100106020825	-1.83206085636664
			2.79286670262817	-1.83206085636664
			2.79286670262817	-1.83392649878657
			2.7947323450481	-1.8357921412065
			2.79659798746802	-1.83765778362642
			2.79659798746802	-1.83952342604635
			2.79846362988795	-1.84138906846627
			2.79846362988795	-1.8432547108862
			2.80032927230788	-1.84512035330612
			2.80032927230788	-1.84698599572605
			2.8021949147278	-1.84885163814597
			2.80406055714773	-1.8507172805659
			2.80406055714773	-1.85258292298582
			2.80592619956765	-1.85444856540575
			2.80592619956765	-1.85631420782567
			2.80779184198758	-1.8581798502456
			2.80779184198758	-1.86004549266552
			2.8096574844075	-1.86191113508545
			2.8096574844075	-1.86377677750537
			2.81152312682743	-1.8656424199253
			2.81338876924735	-1.86750806234523
			2.81338876924735	-1.86937370476515
			2.81525441166728	-1.87123934718508
			2.81525441166728	-1.873104989605
			2.8171200540872	-1.87497063202493
			2.8171200540872	-1.87683627444485
			2.81898569650713	-1.87870191686478
			2.81898569650713	-1.8805675592847
			2.82085133892705	-1.88243320170463
			2.82085133892705	-1.88429884412455
			2.82271698134698	-1.88616448654448
			2.82271698134698	-1.8880301289644
			2.8245826237669	-1.88989577138433
			2.8245826237669	-1.89176141380425
			2.82644826618683	-1.89362705622418
			2.82644826618683	-1.8954926986441
			2.82831390860675	-1.89735834106403
			2.82831390860675	-1.89922398348396
			2.83017955102668	-1.90108962590388
			2.83017955102668	-1.90295526832381
			2.83204519344661	-1.90295526832381
			2.83204519344661	-1.90482091074373
			2.83391083586653	-1.90668655316366
			2.83391083586653	-1.90855219558358
			2.83391083586653	-1.91041783800351
			2.83577647828646	-1.91228348042343
			2.83577647828646	-1.91414912284336
			2.83764212070638	-1.91601476526328
			2.83950776312631	-1.91788040768321
			2.83950776312631	-1.91974605010313
			2.84137340554623	-1.92161169252306
			2.84137340554623	-1.92347733494298
			2.84323904796616	-1.92534297736291
			2.84323904796616	-1.92720861978284
			2.84510469038608	-1.92907426220276
			2.84510469038608	-1.93093990462269
			2.84697033280601	-1.93280554704261
			2.84697033280601	-1.93467118946254
			2.84883597522593	-1.93653683188246
			2.84883597522593	-1.93840247430239
			2.85070161764586	-1.94026811672231
			2.85070161764586	-1.94213375914224
			2.85256726006578	-1.94399940156216
			2.85256726006578	-1.94586504398209
			2.85256726006578	-1.94773068640201
			2.85443290248571	-1.94959632882194
			2.85443290248571	-1.95146197124186
			2.85629854490563	-1.95146197124186
			2.85629854490563	-1.95332761366179
			2.85816418732556	-1.95519325608171
			2.85816418732556	-1.95705889850164
			2.85816418732556	-1.95892454092156
			2.86002982974549	-1.96079018334149
			2.86002982974549	-1.96265582576142
			2.86189547216541	-1.96265582576142
			2.86189547216541	-1.96452146818134
			2.86189547216541	-1.96638711060127
			2.86376111458534	-1.96825275302119
			2.86376111458534	-1.97011839544112
			2.86562675700526	-1.97011839544112
			2.86562675700526	-1.97198403786104
			2.86562675700526	-1.97384968028097
			2.86749239942519	-1.97571532270089
			2.86749239942519	-1.97758096512082
			2.86935804184511	-1.97944660754074
			2.86935804184511	-1.98131224996067
			2.87122368426504	-1.98317789238059
			2.87122368426504	-1.98504353480052
			2.87122368426504	-1.98690917722044
			2.87308932668496	-1.98690917722044
			2.87308932668496	-1.98877481964037
			2.87308932668496	-1.9906404620603
			2.87495496910489	-1.99250610448022
			2.87495496910489	-1.99437174690015
			2.87495496910489	-1.99623738932007
			2.87682061152481	-1.99623738932007
			2.87682061152481	-1.99810303174
			2.87682061152481	-1.99996867415992
			2.87868625394474	-2.00183431657985
			2.87868625394474	-2.00369995899977
			2.88055189636466	-2.0055656014197
			2.88055189636466	-2.00743124383962
			2.88055189636466	-2.00929688625955
			2.88241753878459	-2.00929688625955
			2.88241753878459	-2.01116252867947
			2.88241753878459	-2.0130281710994
			2.88241753878459	-2.01489381351932
			2.88428318120451	-2.01675945593925
			2.88428318120451	-2.01862509835917
			2.88614882362444	-2.0204907407791
			2.88614882362444	-2.02235638319903
			2.88614882362444	-2.02422202561895
			2.88614882362444	-2.02608766803888
			2.88801446604436	-2.0279533104588
			2.88801446604436	-2.02981895287873
			2.88801446604436	-2.03168459529865
			2.88988010846429	-2.03355023771858
			2.88988010846429	-2.0354158801385
			2.88988010846429	-2.03728152255843
			2.88988010846429	-2.03914716497835
			2.88801446604436	-2.04101280739828
			2.88614882362444	-2.0428784498182
			2.88428318120451	-2.04474409223813
			2.88241753878459	-2.04660973465805
			2.88055189636466	-2.04847537707798
			2.87868625394474	-2.0503410194979
			2.87682061152481	-2.05220666191783
			2.87682061152481	-2.05407230433776
			2.87495496910489	-2.05593794675768
			2.87308932668496	-2.05780358917761
			2.87122368426504	-2.05966923159753
			2.86935804184511	-2.06153487401746
			2.86749239942519	-2.06340051643738
			2.86562675700526	-2.06526615885731
			2.86376111458534	-2.06526615885731
			2.86189547216541	-2.06713180127723
			2.86002982974549	-2.06899744369716
			2.85816418732556	-2.07086308611708
			2.85629854490563	-2.07272872853701
			2.85443290248571	-2.07459437095693
			2.85256726006578	-2.07459437095693
			2.85070161764586	-2.07646001337686
			2.84883597522593	-2.07832565579678
			2.84697033280601	-2.08019129821671
			2.84510469038608	-2.08019129821671
			2.84323904796616	-2.08205694063663
			2.84137340554623	-2.08392258305656
			2.83950776312631	-2.08578822547649
			2.83764212070638	-2.08578822547649
			2.83577647828646	-2.08578822547649
			2.83577647828646	-2.08765386789641
			2.83391083586653	-2.08765386789641
			2.83204519344661	-2.08951951031634
			2.83017955102668	-2.09138515273626
			2.82831390860675	-2.09138515273626
			2.82644826618683	-2.09325079515619
			2.8245826237669	-2.09325079515619
			2.82271698134698	-2.09511643757611
			2.82085133892705	-2.09511643757611
			2.82085133892705	-2.09698207999604
			2.81898569650713	-2.09698207999604
			2.8171200540872	-2.09884772241596
			2.81525441166728	-2.09884772241596
			2.81338876924735	-2.09884772241596
			2.81152312682743	-2.10071336483589
			2.8096574844075	-2.10257900725581
			2.80779184198758	-2.10257900725581
			2.80592619956765	-2.10444464967574
			2.80406055714773	-2.10444464967574
			2.8021949147278	-2.10631029209566
			2.80032927230788	-2.10631029209566
			2.79846362988795	-2.10631029209566
			2.79659798746802	-2.10817593451559
			2.7947323450481	-2.10817593451559
			2.79286670262817	-2.11004157693551
			2.79100106020825	-2.11004157693551
			2.78913541778832	-2.11004157693551
			2.7872697753684	-2.11190721935544
			2.78540413294847	-2.11190721935544
			2.78353849052855	-2.11190721935544
			2.78167284810862	-2.11377286177536
			2.7798072056887	-2.11377286177536
			2.77794156326877	-2.11377286177536
			2.77607592084885	-2.11563850419529
			2.77421027842892	-2.11563850419529
			2.772344636009	-2.11563850419529
			2.77047899358907	-2.11750414661522
			2.76861335116915	-2.11750414661522
			2.76674770874922	-2.11750414661522
			2.76488206632929	-2.11750414661522
			2.76301642390937	-2.11936978903514
			2.76115078148944	-2.11936978903514
			2.75928513906952	-2.11936978903514
			2.75741949664959	-2.11936978903514
			2.75555385422967	-2.12123543145507
			2.75368821180974	-2.12123543145507
			2.75182256938982	-2.12123543145507
			2.74995692696989	-2.12123543145507
			2.74809128454997	-2.12310107387499
			2.74622564213004	-2.12310107387499
			2.74435999971012	-2.12310107387499
			2.74249435729019	-2.12310107387499
			2.74062871487027	-2.12310107387499
			2.73876307245034	-2.12310107387499
			2.73689743003042	-2.12496671629492
			2.73503178761049	-2.12496671629492
			2.73316614519056	-2.12496671629492
			2.73130050277064	-2.12496671629492
			2.72943486035071	-2.12496671629492
			2.72756921793079	-2.12496671629492
			2.72570357551086	-2.12683235871484
			2.72383793309094	-2.12683235871484
			2.72197229067101	-2.12683235871484
			2.72010664825109	-2.12683235871484
			2.71824100583116	-2.12683235871484
			2.71637536341124	-2.12683235871484
			2.71450972099131	-2.12683235871484
			2.71264407857139	-2.12683235871484
			2.71077843615146	-2.12683235871484
			2.70891279373154	-2.12683235871484
			2.70704715131161	-2.12869800113477
			2.70518150889169	-2.12869800113477
			2.70331586647176	-2.12869800113477
			2.70145022405183	-2.12869800113477
			2.69958458163191	-2.12869800113477
			2.69771893921198	-2.12869800113477
			2.69585329679206	-2.12869800113477
			2.69398765437213	-2.12869800113477
			2.69212201195221	-2.12869800113477
			2.69025636953228	-2.12869800113477
			2.68839072711236	-2.12869800113477
			2.68652508469243	-2.12869800113477
			2.68465944227251	-2.12869800113477
			2.68465944227251	-2.13056364355469
			2.68279379985258	-2.13056364355469
			2.68092815743266	-2.13056364355469
			2.68092815743266	-2.13242928597462
			2.67906251501273	-2.13242928597462
			2.67719687259281	-2.13429492839454
			2.67533123017288	-2.13429492839454
			2.67346558775295	-2.13616057081447
			2.67159994533303	-2.13802621323439
			2.6697343029131	-2.13802621323439
			2.66786866049318	-2.13989185565432
			2.66600301807325	-2.13989185565432
			2.66413737565333	-2.14175749807424
			2.6622717332334	-2.14362314049417
			2.66040609081348	-2.14362314049417
			2.65854044839355	-2.1454887829141
			2.65667480597363	-2.1454887829141
			2.6548091635537	-2.14735442533402
			2.65294352113378	-2.14922006775395
			2.65107787871385	-2.14922006775395
			2.65107787871385	-2.15108571017387
			2.64921223629393	-2.15108571017387
			2.647346593874	-2.1529513525938
			2.64548095145408	-2.15481699501372
			2.64361530903415	-2.15481699501372
			2.64174966661423	-2.15668263743365
			2.6398840241943	-2.15854827985357
			2.63801838177437	-2.1604139222735
			2.63615273935445	-2.16227956469342
			2.63428709693452	-2.16414520711335
			2.6324214545146	-2.16414520711335
			2.63055581209467	-2.16601084953327
			2.62869016967475	-2.1678764919532
			2.62682452725482	-2.16974213437312
			2.6249588848349	-2.17160777679305
			2.62309324241497	-2.17160777679305
			2.62122759999505	-2.17347341921297
			2.61936195757512	-2.1753390616329
			2.6174963151552	-2.17720470405283
			2.6174963151552	-2.17907034647275
			2.61563067273527	-2.18093598889268
			2.61376503031535	-2.18093598889268
			2.61189938789542	-2.1828016313126
			2.61003374547549	-2.18466727373253
			2.60816810305557	-2.18653291615245
			2.60816810305557	-2.18839855857238
			2.60630246063564	-2.1902642009923
			2.60443681821572	-2.19212984341223
			2.60257117579579	-2.19399548583215
			2.60070553337587	-2.19586112825208
			2.59883989095594	-2.197726770672
			2.59697424853602	-2.19959241309193
			2.59697424853602	-2.20145805551185
			2.59510860611609	-2.20332369793178
			2.59324296369617	-2.2051893403517
			2.59137732127624	-2.20705498277163
			2.58951167885632	-2.20892062519156
			2.58951167885632	-2.21078626761148
			2.58764603643639	-2.21265191003141
			2.58764603643639	-2.21451755245133
			2.58578039401647	-2.21638319487126
			2.58391475159654	-2.21824883729118
			2.58391475159654	-2.22011447971111
			2.58204910917662	-2.22198012213103
			2.58018346675669	-2.22384576455096
			2.58018346675669	-2.22571140697088
			2.57831782433676	-2.22757704939081
			2.57831782433676	-2.22944269181073
			2.57645218191684	-2.23130833423066
			2.57645218191684	-2.23317397665058
			2.57458653949691	-2.23503961907051
			2.57458653949691	-2.23690526149043
			2.57272089707699	-2.23877090391036
			2.57272089707699	-2.24063654633029
			2.57085525465706	-2.24250218875021
			2.57085525465706	-2.24436783117014
			2.56898961223714	-2.24623347359006
			2.56898961223714	-2.24809911600999
			2.56898961223714	-2.24996475842991
			2.56712396981721	-2.25183040084984
			2.56712396981721	-2.25369604326976
			2.56525832739729	-2.25556168568969
			2.56525832739729	-2.25742732810961
			2.56525832739729	-2.25929297052954
			2.56339268497736	-2.26115861294946
			2.56339268497736	-2.26302425536939
		</curvaI_espina_dorsal>
	</curves.scaled>
	<ruler.points type=matrix rownames=TRUE colnames=FALSE nrow=2 ncol=2 as.numeric=TRUE >
		Ruler point 1	1569	576
		Ruler point 2	2105	573
	</ruler.points>
</shapes>

