<shapes type=list>
	<ruler.pixel type=vector names=FALSE length=1 as.numeric=TRUE >536.008395456638</ruler.pixel>
	<ruler.interval type=vector names=FALSE length=1 as.numeric=TRUE >1</ruler.interval>
	<scaling.units type=vector names=FALSE length=1 as.numeric=FALSE >mm</scaling.units>
	<scaling type=vector names=FALSE length=1 as.numeric=TRUE >0.00186219416408742</scaling>
	<landmarks.pixel type=matrix rownames=TRUE colnames=FALSE nrow=3 ncol=2 as.numeric=TRUE >
		punta_espina_dorsal	1594	843
		esq_izq_caparaza	1384	1033
		organo_dorsal	1657	1172
	</landmarks.pixel>
	<landmarks.scaled type=matrix rownames=TRUE colnames=FALSE nrow=3 ncol=2 as.numeric=TRUE >
		punta_espina_dorsal	2.96833749755535	-1.56982968032569
		esq_izq_caparaza	2.57727672309699	-1.9236465715023
		organo_dorsal	3.08565572989285	-2.18249156031046
	</landmarks.scaled>
	<curves.control type=list>
		<curvaD_espina_dorsal type=matrix rownames=FALSE colnames=FALSE nrow=7 ncol=2 as.numeric=TRUE >
			1594	843
			1609	873
			1616	945
			1620	1007
			1619	1037
			1592	1104
			1657	1172
		</curvaD_espina_dorsal>
		<curvaI_espina_dorsal type=matrix rownames=FALSE colnames=FALSE nrow=9 ncol=2 as.numeric=TRUE >
			1594	843
			1599	912
			1596	963
			1595	1019
			1578	1042
			1539	1070
			1472	1018
			1408	1015
			1384	1033
		</curvaI_espina_dorsal>
	</curves.control>
	<curves.pixel type=list>
		<curvaD_espina_dorsal type=matrix rownames=FALSE colnames=FALSE nrow=335 ncol=2 as.numeric=TRUE >
			1594	843
			1594	844
			1595	844
			1595	845
			1595	846
			1596	847
			1596	848
			1597	849
			1597	850
			1598	851
			1598	852
			1598	853
			1599	854
			1599	855
			1599	856
			1600	857
			1600	858
			1600	859
			1601	860
			1601	861
			1601	862
			1602	863
			1602	864
			1602	865
			1603	866
			1603	867
			1603	868
			1604	869
			1604	870
			1604	871
			1604	872
			1604	873
			1605	873
			1605	874
			1605	875
			1605	876
			1606	877
			1606	878
			1606	879
			1606	880
			1606	881
			1607	882
			1607	883
			1607	884
			1607	885
			1607	886
			1608	887
			1608	888
			1608	889
			1608	890
			1609	891
			1609	892
			1609	893
			1609	894
			1609	895
			1610	896
			1610	897
			1610	898
			1610	899
			1610	900
			1610	901
			1611	902
			1611	903
			1611	904
			1611	905
			1611	906
			1611	907
			1611	908
			1612	909
			1612	910
			1612	911
			1612	912
			1612	913
			1612	914
			1612	915
			1613	916
			1613	917
			1613	918
			1613	919
			1613	920
			1613	921
			1613	922
			1614	923
			1614	924
			1614	925
			1614	926
			1614	927
			1614	928
			1614	929
			1614	930
			1615	931
			1615	932
			1615	933
			1615	934
			1615	935
			1615	936
			1615	937
			1615	938
			1615	939
			1616	940
			1616	941
			1616	942
			1616	943
			1616	944
			1616	945
			1616	946
			1616	947
			1616	948
			1616	949
			1616	950
			1616	951
			1616	952
			1617	953
			1617	954
			1617	955
			1617	956
			1617	957
			1617	958
			1617	959
			1617	960
			1617	961
			1617	962
			1617	963
			1617	964
			1617	965
			1617	966
			1617	967
			1617	968
			1617	969
			1617	970
			1618	971
			1618	972
			1618	973
			1618	974
			1618	975
			1618	976
			1618	977
			1618	978
			1618	979
			1618	980
			1618	981
			1618	982
			1618	983
			1618	984
			1618	985
			1618	986
			1618	987
			1618	988
			1618	989
			1618	990
			1618	991
			1619	992
			1619	993
			1619	994
			1619	995
			1619	996
			1619	997
			1619	998
			1619	999
			1619	1000
			1619	1001
			1619	1002
			1619	1003
			1619	1004
			1619	1005
			1619	1006
			1619	1007
			1619	1008
			1619	1009
			1619	1010
			1619	1011
			1619	1012
			1619	1013
			1619	1014
			1619	1015
			1619	1016
			1619	1017
			1619	1018
			1619	1019
			1619	1020
			1619	1021
			1619	1022
			1619	1023
			1619	1024
			1619	1025
			1619	1026
			1619	1027
			1619	1028
			1619	1029
			1619	1030
			1619	1031
			1619	1032
			1619	1033
			1619	1034
			1619	1035
			1619	1036
			1619	1037
			1619	1038
			1618	1039
			1618	1040
			1617	1041
			1617	1042
			1617	1043
			1616	1044
			1616	1045
			1616	1046
			1615	1047
			1615	1048
			1615	1049
			1615	1050
			1614	1051
			1614	1052
			1614	1053
			1614	1054
			1613	1055
			1613	1056
			1613	1057
			1613	1058
			1613	1059
			1612	1060
			1612	1061
			1612	1062
			1612	1063
			1612	1064
			1612	1065
			1612	1066
			1612	1067
			1611	1068
			1611	1069
			1611	1070
			1611	1071
			1611	1072
			1611	1073
			1611	1074
			1611	1075
			1611	1076
			1611	1077
			1611	1078
			1611	1079
			1611	1080
			1611	1081
			1611	1082
			1611	1083
			1611	1084
			1611	1085
			1612	1086
			1612	1087
			1612	1088
			1612	1089
			1612	1090
			1612	1091
			1612	1092
			1612	1093
			1613	1094
			1613	1095
			1613	1096
			1613	1097
			1613	1098
			1614	1099
			1614	1100
			1614	1101
			1614	1102
			1615	1103
			1615	1104
			1615	1105
			1616	1106
			1616	1107
			1616	1108
			1617	1109
			1617	1110
			1617	1111
			1618	1112
			1618	1113
			1618	1114
			1619	1115
			1619	1116
			1619	1117
			1620	1118
			1620	1119
			1621	1120
			1621	1121
			1621	1122
			1622	1123
			1622	1124
			1623	1125
			1623	1126
			1624	1127
			1624	1128
			1625	1129
			1625	1130
			1626	1131
			1626	1132
			1627	1133
			1628	1134
			1629	1135
			1629	1136
			1630	1137
			1630	1138
			1631	1139
			1632	1140
			1632	1141
			1633	1142
			1633	1143
			1634	1144
			1635	1145
			1636	1146
			1636	1147
			1637	1148
			1638	1149
			1639	1150
			1639	1151
			1640	1152
			1641	1153
			1642	1154
			1642	1155
			1643	1156
			1644	1157
			1645	1158
			1646	1159
			1647	1160
			1647	1161
			1648	1162
			1649	1163
			1649	1164
			1650	1164
			1650	1165
			1651	1166
			1652	1166
			1652	1167
			1653	1167
			1653	1168
			1654	1169
			1655	1170
			1656	1171
			1657	1172
		</curvaD_espina_dorsal>
		<curvaI_espina_dorsal type=matrix rownames=FALSE colnames=FALSE nrow=399 ncol=2 as.numeric=TRUE >
			1594	843
			1594	844
			1594	845
			1594	846
			1594	847
			1594	848
			1594	849
			1594	850
			1595	851
			1595	852
			1595	853
			1595	854
			1595	855
			1595	856
			1595	857
			1595	858
			1595	859
			1595	860
			1595	861
			1595	862
			1595	863
			1595	864
			1595	865
			1595	866
			1596	867
			1596	868
			1596	869
			1596	870
			1596	871
			1596	872
			1596	873
			1596	874
			1596	875
			1596	876
			1596	877
			1596	878
			1596	879
			1596	880
			1596	881
			1596	882
			1596	883
			1596	884
			1596	885
			1596	886
			1596	887
			1596	888
			1597	889
			1597	890
			1597	891
			1597	892
			1597	893
			1597	894
			1597	895
			1597	896
			1597	897
			1597	898
			1597	899
			1597	900
			1597	901
			1597	902
			1597	903
			1597	904
			1597	905
			1597	906
			1597	907
			1597	908
			1597	909
			1597	910
			1597	911
			1597	912
			1597	913
			1597	914
			1597	915
			1597	916
			1597	917
			1597	918
			1597	919
			1597	920
			1597	921
			1597	922
			1597	923
			1597	924
			1597	925
			1597	926
			1597	927
			1597	928
			1597	929
			1597	930
			1597	931
			1597	932
			1597	933
			1597	934
			1597	935
			1597	936
			1597	937
			1597	938
			1597	939
			1597	940
			1597	941
			1597	942
			1597	943
			1597	944
			1597	945
			1597	946
			1597	947
			1597	948
			1597	949
			1597	950
			1597	951
			1597	952
			1596	953
			1596	954
			1596	955
			1596	956
			1596	957
			1596	958
			1596	959
			1596	960
			1596	961
			1596	962
			1596	963
			1596	964
			1596	965
			1596	966
			1596	967
			1596	968
			1596	969
			1596	970
			1596	971
			1596	972
			1596	973
			1596	974
			1596	975
			1596	976
			1595	977
			1595	978
			1595	979
			1595	980
			1595	981
			1595	982
			1595	983
			1595	984
			1595	985
			1595	986
			1595	987
			1595	988
			1594	989
			1594	990
			1594	991
			1594	992
			1594	993
			1594	994
			1594	995
			1594	996
			1593	997
			1593	998
			1593	999
			1593	1000
			1593	1001
			1593	1002
			1593	1003
			1592	1004
			1592	1005
			1592	1006
			1592	1007
			1592	1008
			1591	1009
			1591	1010
			1591	1011
			1591	1012
			1591	1013
			1590	1013
			1590	1014
			1590	1015
			1590	1016
			1589	1017
			1589	1018
			1589	1019
			1588	1020
			1588	1021
			1588	1022
			1588	1023
			1587	1024
			1587	1025
			1587	1026
			1586	1027
			1586	1028
			1585	1029
			1585	1030
			1584	1031
			1584	1032
			1583	1033
			1583	1034
			1582	1035
			1582	1036
			1581	1037
			1581	1038
			1580	1038
			1580	1039
			1579	1040
			1579	1041
			1578	1042
			1577	1042
			1576	1043
			1575	1044
			1574	1045
			1573	1045
			1572	1046
			1571	1046
			1570	1047
			1569	1047
			1568	1048
			1567	1048
			1566	1049
			1565	1049
			1564	1049
			1563	1050
			1562	1050
			1561	1050
			1560	1050
			1559	1051
			1558	1051
			1557	1051
			1556	1051
			1555	1051
			1554	1051
			1553	1051
			1553	1052
			1552	1052
			1551	1052
			1550	1052
			1549	1052
			1548	1052
			1547	1052
			1546	1052
			1545	1052
			1544	1052
			1543	1052
			1542	1052
			1541	1051
			1540	1051
			1539	1051
			1538	1051
			1537	1051
			1536	1051
			1535	1051
			1534	1050
			1533	1050
			1532	1050
			1531	1050
			1530	1050
			1530	1049
			1529	1049
			1528	1049
			1527	1049
			1526	1048
			1525	1048
			1524	1048
			1523	1047
			1522	1047
			1521	1047
			1520	1046
			1519	1046
			1518	1046
			1517	1045
			1516	1045
			1515	1044
			1514	1044
			1513	1044
			1512	1043
			1511	1043
			1510	1042
			1509	1042
			1508	1041
			1507	1041
			1506	1040
			1505	1040
			1504	1039
			1503	1038
			1502	1038
			1501	1037
			1500	1037
			1499	1036
			1498	1036
			1497	1035
			1496	1034
			1495	1034
			1494	1033
			1493	1033
			1493	1032
			1492	1032
			1491	1031
			1490	1031
			1489	1030
			1488	1029
			1487	1029
			1486	1028
			1485	1027
			1484	1027
			1483	1026
			1482	1025
			1481	1025
			1480	1024
			1479	1023
			1478	1023
			1477	1022
			1476	1021
			1475	1020
			1474	1020
			1473	1019
			1472	1018
			1471	1018
			1470	1018
			1469	1018
			1468	1018
			1467	1018
			1466	1018
			1465	1018
			1464	1018
			1463	1018
			1462	1018
			1461	1018
			1460	1018
			1459	1018
			1458	1018
			1457	1018
			1456	1018
			1455	1018
			1454	1018
			1453	1018
			1452	1018
			1451	1018
			1450	1018
			1449	1018
			1448	1018
			1447	1018
			1446	1018
			1445	1018
			1444	1018
			1443	1018
			1442	1018
			1441	1018
			1440	1018
			1439	1018
			1438	1018
			1437	1018
			1436	1018
			1435	1018
			1434	1018
			1433	1018
			1432	1018
			1431	1019
			1430	1019
			1429	1019
			1428	1019
			1427	1019
			1426	1019
			1425	1019
			1424	1019
			1423	1020
			1422	1020
			1421	1020
			1420	1020
			1419	1020
			1418	1020
			1417	1020
			1416	1021
			1415	1021
			1414	1021
			1413	1021
			1412	1021
			1411	1022
			1410	1022
			1409	1022
			1408	1022
			1407	1023
			1406	1023
			1405	1023
			1404	1024
			1403	1024
			1402	1024
			1401	1024
			1400	1025
			1399	1025
			1398	1026
			1397	1026
			1396	1026
			1395	1027
			1394	1027
			1393	1027
			1392	1028
			1391	1029
			1390	1029
			1389	1030
			1388	1030
			1387	1031
			1386	1031
			1385	1032
			1384	1033
		</curvaI_espina_dorsal>
	</curves.pixel>
	<curves.scaled type=list>
		<curvaD_espina_dorsal type=matrix rownames=FALSE colnames=FALSE nrow=335 ncol=2 as.numeric=TRUE >
			2.96833749755535	-1.56982968032569
			2.96833749755535	-1.57169187448978
			2.97019969171943	-1.57169187448978
			2.97019969171943	-1.57355406865387
			2.97019969171943	-1.57541626281796
			2.97206188588352	-1.57727845698204
			2.97206188588352	-1.57914065114613
			2.97392408004761	-1.58100284531022
			2.97392408004761	-1.58286503947431
			2.9757862742117	-1.58472723363839
			2.9757862742117	-1.58658942780248
			2.9757862742117	-1.58845162196657
			2.97764846837578	-1.59031381613066
			2.97764846837578	-1.59217601029474
			2.97764846837578	-1.59403820445883
			2.97951066253987	-1.59590039862292
			2.97951066253987	-1.59776259278701
			2.97951066253987	-1.59962478695109
			2.98137285670396	-1.60148698111518
			2.98137285670396	-1.60334917527927
			2.98137285670396	-1.60521136944336
			2.98323505086805	-1.60707356360744
			2.98323505086805	-1.60893575777153
			2.98323505086805	-1.61079795193562
			2.98509724503213	-1.61266014609971
			2.98509724503213	-1.61452234026379
			2.98509724503213	-1.61638453442788
			2.98695943919622	-1.61824672859197
			2.98695943919622	-1.62010892275606
			2.98695943919622	-1.62197111692014
			2.98695943919622	-1.62383331108423
			2.98695943919622	-1.62569550524832
			2.98882163336031	-1.62569550524832
			2.98882163336031	-1.6275576994124
			2.98882163336031	-1.62941989357649
			2.98882163336031	-1.63128208774058
			2.9906838275244	-1.63314428190467
			2.9906838275244	-1.63500647606875
			2.9906838275244	-1.63686867023284
			2.9906838275244	-1.63873086439693
			2.9906838275244	-1.64059305856102
			2.99254602168848	-1.6424552527251
			2.99254602168848	-1.64431744688919
			2.99254602168848	-1.64617964105328
			2.99254602168848	-1.64804183521737
			2.99254602168848	-1.64990402938145
			2.99440821585257	-1.65176622354554
			2.99440821585257	-1.65362841770963
			2.99440821585257	-1.65549061187372
			2.99440821585257	-1.6573528060378
			2.99627041001666	-1.65921500020189
			2.99627041001666	-1.66107719436598
			2.99627041001666	-1.66293938853007
			2.99627041001666	-1.66480158269415
			2.99627041001666	-1.66666377685824
			2.99813260418075	-1.66852597102233
			2.99813260418075	-1.67038816518642
			2.99813260418075	-1.6722503593505
			2.99813260418075	-1.67411255351459
			2.99813260418075	-1.67597474767868
			2.99813260418075	-1.67783694184276
			2.99999479834483	-1.67969913600685
			2.99999479834483	-1.68156133017094
			2.99999479834483	-1.68342352433503
			2.99999479834483	-1.68528571849911
			2.99999479834483	-1.6871479126632
			2.99999479834483	-1.68901010682729
			2.99999479834483	-1.69087230099138
			3.00185699250892	-1.69273449515546
			3.00185699250892	-1.69459668931955
			3.00185699250892	-1.69645888348364
			3.00185699250892	-1.69832107764773
			3.00185699250892	-1.70018327181181
			3.00185699250892	-1.7020454659759
			3.00185699250892	-1.70390766013999
			3.00371918667301	-1.70576985430408
			3.00371918667301	-1.70763204846816
			3.00371918667301	-1.70949424263225
			3.00371918667301	-1.71135643679634
			3.00371918667301	-1.71321863096043
			3.00371918667301	-1.71508082512451
			3.00371918667301	-1.7169430192886
			3.0055813808371	-1.71880521345269
			3.0055813808371	-1.72066740761678
			3.0055813808371	-1.72252960178086
			3.0055813808371	-1.72439179594495
			3.0055813808371	-1.72625399010904
			3.0055813808371	-1.72811618427313
			3.0055813808371	-1.72997837843721
			3.0055813808371	-1.7318405726013
			3.00744357500118	-1.73370276676539
			3.00744357500118	-1.73556496092947
			3.00744357500118	-1.73742715509356
			3.00744357500118	-1.73928934925765
			3.00744357500118	-1.74115154342174
			3.00744357500118	-1.74301373758582
			3.00744357500118	-1.74487593174991
			3.00744357500118	-1.746738125914
			3.00744357500118	-1.74860032007809
			3.00930576916527	-1.75046251424217
			3.00930576916527	-1.75232470840626
			3.00930576916527	-1.75418690257035
			3.00930576916527	-1.75604909673444
			3.00930576916527	-1.75791129089852
			3.00930576916527	-1.75977348506261
			3.00930576916527	-1.7616356792267
			3.00930576916527	-1.76349787339079
			3.00930576916527	-1.76536006755487
			3.00930576916527	-1.76722226171896
			3.00930576916527	-1.76908445588305
			3.00930576916527	-1.77094665004714
			3.00930576916527	-1.77280884421122
			3.01116796332936	-1.77467103837531
			3.01116796332936	-1.7765332325394
			3.01116796332936	-1.77839542670349
			3.01116796332936	-1.78025762086757
			3.01116796332936	-1.78211981503166
			3.01116796332936	-1.78398200919575
			3.01116796332936	-1.78584420335984
			3.01116796332936	-1.78770639752392
			3.01116796332936	-1.78956859168801
			3.01116796332936	-1.7914307858521
			3.01116796332936	-1.79329298001618
			3.01116796332936	-1.79515517418027
			3.01116796332936	-1.79701736834436
			3.01116796332936	-1.79887956250845
			3.01116796332936	-1.80074175667253
			3.01116796332936	-1.80260395083662
			3.01116796332936	-1.80446614500071
			3.01116796332936	-1.8063283391648
			3.01303015749345	-1.80819053332888
			3.01303015749345	-1.81005272749297
			3.01303015749345	-1.81191492165706
			3.01303015749345	-1.81377711582115
			3.01303015749345	-1.81563930998523
			3.01303015749345	-1.81750150414932
			3.01303015749345	-1.81936369831341
			3.01303015749345	-1.8212258924775
			3.01303015749345	-1.82308808664158
			3.01303015749345	-1.82495028080567
			3.01303015749345	-1.82681247496976
			3.01303015749345	-1.82867466913385
			3.01303015749345	-1.83053686329793
			3.01303015749345	-1.83239905746202
			3.01303015749345	-1.83426125162611
			3.01303015749345	-1.8361234457902
			3.01303015749345	-1.83798563995428
			3.01303015749345	-1.83984783411837
			3.01303015749345	-1.84171002828246
			3.01303015749345	-1.84357222244655
			3.01303015749345	-1.84543441661063
			3.01489235165753	-1.84729661077472
			3.01489235165753	-1.84915880493881
			3.01489235165753	-1.8510209991029
			3.01489235165753	-1.85288319326698
			3.01489235165753	-1.85474538743107
			3.01489235165753	-1.85660758159516
			3.01489235165753	-1.85846977575924
			3.01489235165753	-1.86033196992333
			3.01489235165753	-1.86219416408742
			3.01489235165753	-1.86405635825151
			3.01489235165753	-1.86591855241559
			3.01489235165753	-1.86778074657968
			3.01489235165753	-1.86964294074377
			3.01489235165753	-1.87150513490786
			3.01489235165753	-1.87336732907194
			3.01489235165753	-1.87522952323603
			3.01489235165753	-1.87709171740012
			3.01489235165753	-1.87895391156421
			3.01489235165753	-1.88081610572829
			3.01489235165753	-1.88267829989238
			3.01489235165753	-1.88454049405647
			3.01489235165753	-1.88640268822056
			3.01489235165753	-1.88826488238464
			3.01489235165753	-1.89012707654873
			3.01489235165753	-1.89198927071282
			3.01489235165753	-1.89385146487691
			3.01489235165753	-1.89571365904099
			3.01489235165753	-1.89757585320508
			3.01489235165753	-1.89943804736917
			3.01489235165753	-1.90130024153326
			3.01489235165753	-1.90316243569734
			3.01489235165753	-1.90502462986143
			3.01489235165753	-1.90688682402552
			3.01489235165753	-1.90874901818961
			3.01489235165753	-1.91061121235369
			3.01489235165753	-1.91247340651778
			3.01489235165753	-1.91433560068187
			3.01489235165753	-1.91619779484595
			3.01489235165753	-1.91805998901004
			3.01489235165753	-1.91992218317413
			3.01489235165753	-1.92178437733822
			3.01489235165753	-1.9236465715023
			3.01489235165753	-1.92550876566639
			3.01489235165753	-1.92737095983048
			3.01489235165753	-1.92923315399457
			3.01489235165753	-1.93109534815865
			3.01489235165753	-1.93295754232274
			3.01303015749345	-1.93481973648683
			3.01303015749345	-1.93668193065092
			3.01116796332936	-1.938544124815
			3.01116796332936	-1.94040631897909
			3.01116796332936	-1.94226851314318
			3.00930576916527	-1.94413070730727
			3.00930576916527	-1.94599290147135
			3.00930576916527	-1.94785509563544
			3.00744357500118	-1.94971728979953
			3.00744357500118	-1.95157948396362
			3.00744357500118	-1.9534416781277
			3.00744357500118	-1.95530387229179
			3.0055813808371	-1.95716606645588
			3.0055813808371	-1.95902826061997
			3.0055813808371	-1.96089045478405
			3.0055813808371	-1.96275264894814
			3.00371918667301	-1.96461484311223
			3.00371918667301	-1.96647703727632
			3.00371918667301	-1.9683392314404
			3.00371918667301	-1.97020142560449
			3.00371918667301	-1.97206361976858
			3.00185699250892	-1.97392581393266
			3.00185699250892	-1.97578800809675
			3.00185699250892	-1.97765020226084
			3.00185699250892	-1.97951239642493
			3.00185699250892	-1.98137459058901
			3.00185699250892	-1.9832367847531
			3.00185699250892	-1.98509897891719
			3.00185699250892	-1.98696117308128
			2.99999479834483	-1.98882336724536
			2.99999479834483	-1.99068556140945
			2.99999479834483	-1.99254775557354
			2.99999479834483	-1.99440994973763
			2.99999479834483	-1.99627214390171
			2.99999479834483	-1.9981343380658
			2.99999479834483	-1.99999653222989
			2.99999479834483	-2.00185872639398
			2.99999479834483	-2.00372092055806
			2.99999479834483	-2.00558311472215
			2.99999479834483	-2.00744530888624
			2.99999479834483	-2.00930750305033
			2.99999479834483	-2.01116969721441
			2.99999479834483	-2.0130318913785
			2.99999479834483	-2.01489408554259
			2.99999479834483	-2.01675627970668
			2.99999479834483	-2.01861847387076
			2.99999479834483	-2.02048066803485
			3.00185699250892	-2.02234286219894
			3.00185699250892	-2.02420505636303
			3.00185699250892	-2.02606725052711
			3.00185699250892	-2.0279294446912
			3.00185699250892	-2.02979163885529
			3.00185699250892	-2.03165383301937
			3.00185699250892	-2.03351602718346
			3.00185699250892	-2.03537822134755
			3.00371918667301	-2.03724041551164
			3.00371918667301	-2.03910260967572
			3.00371918667301	-2.04096480383981
			3.00371918667301	-2.0428269980039
			3.00371918667301	-2.04468919216799
			3.0055813808371	-2.04655138633207
			3.0055813808371	-2.04841358049616
			3.0055813808371	-2.05027577466025
			3.0055813808371	-2.05213796882434
			3.00744357500118	-2.05400016298842
			3.00744357500118	-2.05586235715251
			3.00744357500118	-2.0577245513166
			3.00930576916527	-2.05958674548069
			3.00930576916527	-2.06144893964477
			3.00930576916527	-2.06331113380886
			3.01116796332936	-2.06517332797295
			3.01116796332936	-2.06703552213704
			3.01116796332936	-2.06889771630112
			3.01303015749345	-2.07075991046521
			3.01303015749345	-2.0726221046293
			3.01303015749345	-2.07448429879339
			3.01489235165753	-2.07634649295747
			3.01489235165753	-2.07820868712156
			3.01489235165753	-2.08007088128565
			3.01675454582162	-2.08193307544974
			3.01675454582162	-2.08379526961382
			3.01861673998571	-2.08565746377791
			3.01861673998571	-2.087519657942
			3.01861673998571	-2.08938185210608
			3.02047893414979	-2.09124404627017
			3.02047893414979	-2.09310624043426
			3.02234112831388	-2.09496843459835
			3.02234112831388	-2.09683062876243
			3.02420332247797	-2.09869282292652
			3.02420332247797	-2.10055501709061
			3.02606551664206	-2.1024172112547
			3.02606551664206	-2.10427940541878
			3.02792771080614	-2.10614159958287
			3.02792771080614	-2.10800379374696
			3.02978990497023	-2.10986598791105
			3.03165209913432	-2.11172818207513
			3.03351429329841	-2.11359037623922
			3.03351429329841	-2.11545257040331
			3.03537648746249	-2.1173147645674
			3.03537648746249	-2.11917695873148
			3.03723868162658	-2.12103915289557
			3.03910087579067	-2.12290134705966
			3.03910087579067	-2.12476354122375
			3.04096306995476	-2.12662573538783
			3.04096306995476	-2.12848792955192
			3.04282526411884	-2.13035012371601
			3.04468745828293	-2.1322123178801
			3.04654965244702	-2.13407451204418
			3.04654965244702	-2.13593670620827
			3.04841184661111	-2.13779890037236
			3.05027404077519	-2.13966109453645
			3.05213623493928	-2.14152328870053
			3.05213623493928	-2.14338548286462
			3.05399842910337	-2.14524767702871
			3.05586062326746	-2.14710987119279
			3.05772281743154	-2.14897206535688
			3.05772281743154	-2.15083425952097
			3.05958501159563	-2.15269645368506
			3.06144720575972	-2.15455864784914
			3.06330939992381	-2.15642084201323
			3.06517159408789	-2.15828303617732
			3.06703378825198	-2.16014523034141
			3.06703378825198	-2.16200742450549
			3.06889598241607	-2.16386961866958
			3.07075817658016	-2.16573181283367
			3.07075817658016	-2.16759400699776
			3.07262037074424	-2.16759400699776
			3.07262037074424	-2.16945620116184
			3.07448256490833	-2.17131839532593
			3.07634475907242	-2.17131839532593
			3.07634475907242	-2.17318058949002
			3.0782069532365	-2.17318058949002
			3.0782069532365	-2.17504278365411
			3.08006914740059	-2.17690497781819
			3.08193134156468	-2.17876717198228
			3.08379353572877	-2.18062936614637
			3.08565572989285	-2.18249156031046
		</curvaD_espina_dorsal>
		<curvaI_espina_dorsal type=matrix rownames=FALSE colnames=FALSE nrow=399 ncol=2 as.numeric=TRUE >
			2.96833749755535	-1.56982968032569
			2.96833749755535	-1.57169187448978
			2.96833749755535	-1.57355406865387
			2.96833749755535	-1.57541626281796
			2.96833749755535	-1.57727845698204
			2.96833749755535	-1.57914065114613
			2.96833749755535	-1.58100284531022
			2.96833749755535	-1.58286503947431
			2.97019969171943	-1.58472723363839
			2.97019969171943	-1.58658942780248
			2.97019969171943	-1.58845162196657
			2.97019969171943	-1.59031381613066
			2.97019969171943	-1.59217601029474
			2.97019969171943	-1.59403820445883
			2.97019969171943	-1.59590039862292
			2.97019969171943	-1.59776259278701
			2.97019969171943	-1.59962478695109
			2.97019969171943	-1.60148698111518
			2.97019969171943	-1.60334917527927
			2.97019969171943	-1.60521136944336
			2.97019969171943	-1.60707356360744
			2.97019969171943	-1.60893575777153
			2.97019969171943	-1.61079795193562
			2.97019969171943	-1.61266014609971
			2.97206188588352	-1.61452234026379
			2.97206188588352	-1.61638453442788
			2.97206188588352	-1.61824672859197
			2.97206188588352	-1.62010892275606
			2.97206188588352	-1.62197111692014
			2.97206188588352	-1.62383331108423
			2.97206188588352	-1.62569550524832
			2.97206188588352	-1.6275576994124
			2.97206188588352	-1.62941989357649
			2.97206188588352	-1.63128208774058
			2.97206188588352	-1.63314428190467
			2.97206188588352	-1.63500647606875
			2.97206188588352	-1.63686867023284
			2.97206188588352	-1.63873086439693
			2.97206188588352	-1.64059305856102
			2.97206188588352	-1.6424552527251
			2.97206188588352	-1.64431744688919
			2.97206188588352	-1.64617964105328
			2.97206188588352	-1.64804183521737
			2.97206188588352	-1.64990402938145
			2.97206188588352	-1.65176622354554
			2.97206188588352	-1.65362841770963
			2.97392408004761	-1.65549061187372
			2.97392408004761	-1.6573528060378
			2.97392408004761	-1.65921500020189
			2.97392408004761	-1.66107719436598
			2.97392408004761	-1.66293938853007
			2.97392408004761	-1.66480158269415
			2.97392408004761	-1.66666377685824
			2.97392408004761	-1.66852597102233
			2.97392408004761	-1.67038816518642
			2.97392408004761	-1.6722503593505
			2.97392408004761	-1.67411255351459
			2.97392408004761	-1.67597474767868
			2.97392408004761	-1.67783694184276
			2.97392408004761	-1.67969913600685
			2.97392408004761	-1.68156133017094
			2.97392408004761	-1.68342352433503
			2.97392408004761	-1.68528571849911
			2.97392408004761	-1.6871479126632
			2.97392408004761	-1.68901010682729
			2.97392408004761	-1.69087230099138
			2.97392408004761	-1.69273449515546
			2.97392408004761	-1.69459668931955
			2.97392408004761	-1.69645888348364
			2.97392408004761	-1.69832107764773
			2.97392408004761	-1.70018327181181
			2.97392408004761	-1.7020454659759
			2.97392408004761	-1.70390766013999
			2.97392408004761	-1.70576985430408
			2.97392408004761	-1.70763204846816
			2.97392408004761	-1.70949424263225
			2.97392408004761	-1.71135643679634
			2.97392408004761	-1.71321863096043
			2.97392408004761	-1.71508082512451
			2.97392408004761	-1.7169430192886
			2.97392408004761	-1.71880521345269
			2.97392408004761	-1.72066740761678
			2.97392408004761	-1.72252960178086
			2.97392408004761	-1.72439179594495
			2.97392408004761	-1.72625399010904
			2.97392408004761	-1.72811618427313
			2.97392408004761	-1.72997837843721
			2.97392408004761	-1.7318405726013
			2.97392408004761	-1.73370276676539
			2.97392408004761	-1.73556496092947
			2.97392408004761	-1.73742715509356
			2.97392408004761	-1.73928934925765
			2.97392408004761	-1.74115154342174
			2.97392408004761	-1.74301373758582
			2.97392408004761	-1.74487593174991
			2.97392408004761	-1.746738125914
			2.97392408004761	-1.74860032007809
			2.97392408004761	-1.75046251424217
			2.97392408004761	-1.75232470840626
			2.97392408004761	-1.75418690257035
			2.97392408004761	-1.75604909673444
			2.97392408004761	-1.75791129089852
			2.97392408004761	-1.75977348506261
			2.97392408004761	-1.7616356792267
			2.97392408004761	-1.76349787339079
			2.97392408004761	-1.76536006755487
			2.97392408004761	-1.76722226171896
			2.97392408004761	-1.76908445588305
			2.97392408004761	-1.77094665004714
			2.97392408004761	-1.77280884421122
			2.97206188588352	-1.77467103837531
			2.97206188588352	-1.7765332325394
			2.97206188588352	-1.77839542670349
			2.97206188588352	-1.78025762086757
			2.97206188588352	-1.78211981503166
			2.97206188588352	-1.78398200919575
			2.97206188588352	-1.78584420335984
			2.97206188588352	-1.78770639752392
			2.97206188588352	-1.78956859168801
			2.97206188588352	-1.7914307858521
			2.97206188588352	-1.79329298001618
			2.97206188588352	-1.79515517418027
			2.97206188588352	-1.79701736834436
			2.97206188588352	-1.79887956250845
			2.97206188588352	-1.80074175667253
			2.97206188588352	-1.80260395083662
			2.97206188588352	-1.80446614500071
			2.97206188588352	-1.8063283391648
			2.97206188588352	-1.80819053332888
			2.97206188588352	-1.81005272749297
			2.97206188588352	-1.81191492165706
			2.97206188588352	-1.81377711582115
			2.97206188588352	-1.81563930998523
			2.97206188588352	-1.81750150414932
			2.97019969171943	-1.81936369831341
			2.97019969171943	-1.8212258924775
			2.97019969171943	-1.82308808664158
			2.97019969171943	-1.82495028080567
			2.97019969171943	-1.82681247496976
			2.97019969171943	-1.82867466913385
			2.97019969171943	-1.83053686329793
			2.97019969171943	-1.83239905746202
			2.97019969171943	-1.83426125162611
			2.97019969171943	-1.8361234457902
			2.97019969171943	-1.83798563995428
			2.97019969171943	-1.83984783411837
			2.96833749755535	-1.84171002828246
			2.96833749755535	-1.84357222244655
			2.96833749755535	-1.84543441661063
			2.96833749755535	-1.84729661077472
			2.96833749755535	-1.84915880493881
			2.96833749755535	-1.8510209991029
			2.96833749755535	-1.85288319326698
			2.96833749755535	-1.85474538743107
			2.96647530339126	-1.85660758159516
			2.96647530339126	-1.85846977575924
			2.96647530339126	-1.86033196992333
			2.96647530339126	-1.86219416408742
			2.96647530339126	-1.86405635825151
			2.96647530339126	-1.86591855241559
			2.96647530339126	-1.86778074657968
			2.96461310922717	-1.86964294074377
			2.96461310922717	-1.87150513490786
			2.96461310922717	-1.87336732907194
			2.96461310922717	-1.87522952323603
			2.96461310922717	-1.87709171740012
			2.96275091506308	-1.87895391156421
			2.96275091506308	-1.88081610572829
			2.96275091506308	-1.88267829989238
			2.96275091506308	-1.88454049405647
			2.96275091506308	-1.88640268822056
			2.960888720899	-1.88640268822056
			2.960888720899	-1.88826488238464
			2.960888720899	-1.89012707654873
			2.960888720899	-1.89198927071282
			2.95902652673491	-1.89385146487691
			2.95902652673491	-1.89571365904099
			2.95902652673491	-1.89757585320508
			2.95716433257082	-1.89943804736917
			2.95716433257082	-1.90130024153326
			2.95716433257082	-1.90316243569734
			2.95716433257082	-1.90502462986143
			2.95530213840674	-1.90688682402552
			2.95530213840674	-1.90874901818961
			2.95530213840674	-1.91061121235369
			2.95343994424265	-1.91247340651778
			2.95343994424265	-1.91433560068187
			2.95157775007856	-1.91619779484595
			2.95157775007856	-1.91805998901004
			2.94971555591447	-1.91992218317413
			2.94971555591447	-1.92178437733822
			2.94785336175039	-1.9236465715023
			2.94785336175039	-1.92550876566639
			2.9459911675863	-1.92737095983048
			2.9459911675863	-1.92923315399457
			2.94412897342221	-1.93109534815865
			2.94412897342221	-1.93295754232274
			2.94226677925812	-1.93295754232274
			2.94226677925812	-1.93481973648683
			2.94040458509404	-1.93668193065092
			2.94040458509404	-1.938544124815
			2.93854239092995	-1.94040631897909
			2.93668019676586	-1.94040631897909
			2.93481800260177	-1.94226851314318
			2.93295580843769	-1.94413070730727
			2.9310936142736	-1.94599290147135
			2.92923142010951	-1.94599290147135
			2.92736922594542	-1.94785509563544
			2.92550703178134	-1.94785509563544
			2.92364483761725	-1.94971728979953
			2.92178264345316	-1.94971728979953
			2.91992044928907	-1.95157948396362
			2.91805825512499	-1.95157948396362
			2.9161960609609	-1.9534416781277
			2.91433386679681	-1.9534416781277
			2.91247167263272	-1.9534416781277
			2.91060947846864	-1.95530387229179
			2.90874728430455	-1.95530387229179
			2.90688509014046	-1.95530387229179
			2.90502289597637	-1.95530387229179
			2.90316070181229	-1.95716606645588
			2.9012985076482	-1.95716606645588
			2.89943631348411	-1.95716606645588
			2.89757411932003	-1.95716606645588
			2.89571192515594	-1.95716606645588
			2.89384973099185	-1.95716606645588
			2.89198753682776	-1.95716606645588
			2.89198753682776	-1.95902826061997
			2.89012534266368	-1.95902826061997
			2.88826314849959	-1.95902826061997
			2.8864009543355	-1.95902826061997
			2.88453876017141	-1.95902826061997
			2.88267656600733	-1.95902826061997
			2.88081437184324	-1.95902826061997
			2.87895217767915	-1.95902826061997
			2.87708998351506	-1.95902826061997
			2.87522778935098	-1.95902826061997
			2.87336559518689	-1.95902826061997
			2.8715034010228	-1.95902826061997
			2.86964120685871	-1.95716606645588
			2.86777901269463	-1.95716606645588
			2.86591681853054	-1.95716606645588
			2.86405462436645	-1.95716606645588
			2.86219243020236	-1.95716606645588
			2.86033023603828	-1.95716606645588
			2.85846804187419	-1.95716606645588
			2.8566058477101	-1.95530387229179
			2.85474365354601	-1.95530387229179
			2.85288145938193	-1.95530387229179
			2.85101926521784	-1.95530387229179
			2.84915707105375	-1.95530387229179
			2.84915707105375	-1.9534416781277
			2.84729487688966	-1.9534416781277
			2.84543268272558	-1.9534416781277
			2.84357048856149	-1.9534416781277
			2.8417082943974	-1.95157948396362
			2.83984610023332	-1.95157948396362
			2.83798390606923	-1.95157948396362
			2.83612171190514	-1.94971728979953
			2.83425951774105	-1.94971728979953
			2.83239732357697	-1.94971728979953
			2.83053512941288	-1.94785509563544
			2.82867293524879	-1.94785509563544
			2.8268107410847	-1.94785509563544
			2.82494854692062	-1.94599290147135
			2.82308635275653	-1.94599290147135
			2.82122415859244	-1.94413070730727
			2.81936196442835	-1.94413070730727
			2.81749977026427	-1.94413070730727
			2.81563757610018	-1.94226851314318
			2.81377538193609	-1.94226851314318
			2.811913187772	-1.94040631897909
			2.81005099360792	-1.94040631897909
			2.80818879944383	-1.938544124815
			2.80632660527974	-1.938544124815
			2.80446441111565	-1.93668193065092
			2.80260221695157	-1.93668193065092
			2.80074002278748	-1.93481973648683
			2.79887782862339	-1.93295754232274
			2.7970156344593	-1.93295754232274
			2.79515344029522	-1.93109534815865
			2.79329124613113	-1.93109534815865
			2.79142905196704	-1.92923315399457
			2.78956685780295	-1.92923315399457
			2.78770466363887	-1.92737095983048
			2.78584246947478	-1.92550876566639
			2.78398027531069	-1.92550876566639
			2.78211808114661	-1.9236465715023
			2.78025588698252	-1.9236465715023
			2.78025588698252	-1.92178437733822
			2.77839369281843	-1.92178437733822
			2.77653149865434	-1.91992218317413
			2.77466930449026	-1.91992218317413
			2.77280711032617	-1.91805998901004
			2.77094491616208	-1.91619779484595
			2.76908272199799	-1.91619779484595
			2.76722052783391	-1.91433560068187
			2.76535833366982	-1.91247340651778
			2.76349613950573	-1.91247340651778
			2.76163394534164	-1.91061121235369
			2.75977175117756	-1.90874901818961
			2.75790955701347	-1.90874901818961
			2.75604736284938	-1.90688682402552
			2.75418516868529	-1.90502462986143
			2.75232297452121	-1.90502462986143
			2.75046078035712	-1.90316243569734
			2.74859858619303	-1.90130024153326
			2.74673639202894	-1.89943804736917
			2.74487419786486	-1.89943804736917
			2.74301200370077	-1.89757585320508
			2.74114980953668	-1.89571365904099
			2.73928761537259	-1.89571365904099
			2.73742542120851	-1.89571365904099
			2.73556322704442	-1.89571365904099
			2.73370103288033	-1.89571365904099
			2.73183883871624	-1.89571365904099
			2.72997664455216	-1.89571365904099
			2.72811445038807	-1.89571365904099
			2.72625225622398	-1.89571365904099
			2.7243900620599	-1.89571365904099
			2.72252786789581	-1.89571365904099
			2.72066567373172	-1.89571365904099
			2.71880347956763	-1.89571365904099
			2.71694128540355	-1.89571365904099
			2.71507909123946	-1.89571365904099
			2.71321689707537	-1.89571365904099
			2.71135470291128	-1.89571365904099
			2.7094925087472	-1.89571365904099
			2.70763031458311	-1.89571365904099
			2.70576812041902	-1.89571365904099
			2.70390592625493	-1.89571365904099
			2.70204373209085	-1.89571365904099
			2.70018153792676	-1.89571365904099
			2.69831934376267	-1.89571365904099
			2.69645714959858	-1.89571365904099
			2.6945949554345	-1.89571365904099
			2.69273276127041	-1.89571365904099
			2.69087056710632	-1.89571365904099
			2.68900837294223	-1.89571365904099
			2.68714617877815	-1.89571365904099
			2.68528398461406	-1.89571365904099
			2.68342179044997	-1.89571365904099
			2.68155959628588	-1.89571365904099
			2.6796974021218	-1.89571365904099
			2.67783520795771	-1.89571365904099
			2.67597301379362	-1.89571365904099
			2.67411081962953	-1.89571365904099
			2.67224862546545	-1.89571365904099
			2.67038643130136	-1.89571365904099
			2.66852423713727	-1.89571365904099
			2.66666204297319	-1.89571365904099
			2.6647998488091	-1.89757585320508
			2.66293765464501	-1.89757585320508
			2.66107546048092	-1.89757585320508
			2.65921326631684	-1.89757585320508
			2.65735107215275	-1.89757585320508
			2.65548887798866	-1.89757585320508
			2.65362668382457	-1.89757585320508
			2.65176448966049	-1.89757585320508
			2.6499022954964	-1.89943804736917
			2.64804010133231	-1.89943804736917
			2.64617790716822	-1.89943804736917
			2.64431571300414	-1.89943804736917
			2.64245351884005	-1.89943804736917
			2.64059132467596	-1.89943804736917
			2.63872913051187	-1.89943804736917
			2.63686693634779	-1.90130024153326
			2.6350047421837	-1.90130024153326
			2.63314254801961	-1.90130024153326
			2.63128035385552	-1.90130024153326
			2.62941815969144	-1.90130024153326
			2.62755596552735	-1.90316243569734
			2.62569377136326	-1.90316243569734
			2.62383157719917	-1.90316243569734
			2.62196938303509	-1.90316243569734
			2.620107188871	-1.90502462986143
			2.61824499470691	-1.90502462986143
			2.61638280054282	-1.90502462986143
			2.61452060637874	-1.90688682402552
			2.61265841221465	-1.90688682402552
			2.61079621805056	-1.90688682402552
			2.60893402388647	-1.90688682402552
			2.60707182972239	-1.90874901818961
			2.6052096355583	-1.90874901818961
			2.60334744139421	-1.91061121235369
			2.60148524723013	-1.91061121235369
			2.59962305306604	-1.91061121235369
			2.59776085890195	-1.91247340651778
			2.59589866473786	-1.91247340651778
			2.59403647057378	-1.91247340651778
			2.59217427640969	-1.91433560068187
			2.5903120822456	-1.91619779484595
			2.58844988808151	-1.91619779484595
			2.58658769391743	-1.91805998901004
			2.58472549975334	-1.91805998901004
			2.58286330558925	-1.91992218317413
			2.58100111142516	-1.91992218317413
			2.57913891726108	-1.92178437733822
			2.57727672309699	-1.9236465715023
		</curvaI_espina_dorsal>
	</curves.scaled>
	<ruler.points type=matrix rownames=TRUE colnames=FALSE nrow=2 ncol=2 as.numeric=TRUE >
		Ruler point 1	1569	576
		Ruler point 2	2106	575
	</ruler.points>
</shapes>

