<shapes type=list>
	<ruler.pixel type=vector names=FALSE length=1 as.numeric=TRUE >536.008395456638</ruler.pixel>
	<ruler.interval type=vector names=FALSE length=1 as.numeric=TRUE >1</ruler.interval>
	<scaling.units type=vector names=FALSE length=1 as.numeric=FALSE >mm</scaling.units>
	<scaling type=vector names=FALSE length=1 as.numeric=TRUE >0.00186219416408742</scaling>
	<landmarks.pixel type=matrix rownames=TRUE colnames=FALSE nrow=3 ncol=2 as.numeric=TRUE >
		punta_espina_dorsal	1577	936
		esq_izq_caparaza	1379	1045
		organo_dorsal	1591	1276
	</landmarks.pixel>
	<landmarks.scaled type=matrix rownames=TRUE colnames=FALSE nrow=3 ncol=2 as.numeric=TRUE >
		punta_espina_dorsal	2.93668019676586	-1.74301373758582
		esq_izq_caparaza	2.56796575227655	-1.94599290147135
		organo_dorsal	2.96275091506308	-2.37615975337555
	</landmarks.scaled>
	<curves.control type=list>
		<curvaD_espina_dorsal type=matrix rownames=FALSE colnames=FALSE nrow=7 ncol=2 as.numeric=TRUE >
			1577	936
			1588	966
			1585	1015
			1588	1101
			1582	1122
			1551	1180
			1591	1276
		</curvaD_espina_dorsal>
		<curvaI_espina_dorsal type=matrix rownames=FALSE colnames=FALSE nrow=9 ncol=2 as.numeric=TRUE >
			1577	936
			1574	977
			1570	1010
			1566	1074
			1548	1113
			1499	1118
			1447	1059
			1403	1040
			1379	1045
		</curvaI_espina_dorsal>
	</curves.control>
	<curves.pixel type=list>
		<curvaD_espina_dorsal type=matrix rownames=FALSE colnames=FALSE nrow=346 ncol=2 as.numeric=TRUE >
			1577	936
			1577	937
			1578	938
			1578	939
			1578	940
			1579	941
			1579	942
			1579	943
			1580	944
			1580	945
			1580	946
			1580	947
			1581	948
			1581	949
			1581	950
			1581	951
			1582	952
			1582	953
			1582	954
			1582	955
			1582	956
			1583	957
			1583	958
			1583	959
			1583	960
			1583	961
			1583	962
			1584	963
			1584	964
			1584	965
			1584	966
			1584	967
			1584	968
			1584	969
			1584	970
			1585	971
			1585	972
			1585	973
			1585	974
			1585	975
			1585	976
			1585	977
			1585	978
			1585	979
			1585	980
			1585	981
			1585	982
			1585	983
			1585	984
			1585	985
			1586	986
			1586	987
			1586	988
			1586	989
			1586	990
			1586	991
			1586	992
			1586	993
			1586	994
			1586	995
			1586	996
			1586	997
			1586	998
			1586	999
			1586	1000
			1586	1001
			1586	1002
			1586	1003
			1585	1004
			1585	1005
			1585	1006
			1585	1007
			1585	1008
			1585	1009
			1585	1010
			1585	1011
			1585	1012
			1585	1013
			1585	1014
			1585	1015
			1585	1016
			1585	1017
			1585	1018
			1585	1019
			1585	1020
			1585	1021
			1585	1022
			1585	1023
			1585	1024
			1585	1025
			1585	1026
			1585	1027
			1585	1028
			1585	1029
			1585	1030
			1585	1031
			1586	1032
			1586	1033
			1586	1034
			1586	1035
			1586	1036
			1586	1037
			1586	1038
			1586	1039
			1586	1040
			1586	1041
			1586	1042
			1586	1043
			1586	1044
			1586	1045
			1586	1046
			1586	1047
			1586	1048
			1586	1049
			1586	1050
			1586	1051
			1586	1052
			1586	1053
			1586	1054
			1586	1055
			1586	1056
			1586	1057
			1586	1058
			1586	1059
			1586	1060
			1586	1061
			1586	1062
			1586	1063
			1586	1064
			1586	1065
			1586	1066
			1586	1067
			1586	1068
			1586	1069
			1586	1070
			1586	1071
			1586	1072
			1586	1073
			1586	1074
			1586	1075
			1586	1076
			1586	1077
			1586	1078
			1586	1079
			1586	1080
			1586	1081
			1586	1082
			1586	1083
			1586	1084
			1586	1085
			1586	1086
			1586	1087
			1586	1088
			1586	1089
			1586	1090
			1586	1091
			1586	1092
			1585	1093
			1585	1094
			1585	1095
			1585	1096
			1585	1097
			1585	1098
			1585	1099
			1585	1100
			1585	1101
			1585	1102
			1585	1103
			1585	1104
			1585	1105
			1585	1106
			1584	1107
			1584	1108
			1584	1109
			1584	1110
			1584	1111
			1584	1112
			1584	1113
			1584	1114
			1583	1115
			1583	1116
			1583	1117
			1583	1118
			1583	1119
			1582	1120
			1582	1121
			1582	1122
			1582	1123
			1581	1124
			1580	1125
			1580	1126
			1580	1127
			1579	1128
			1579	1129
			1578	1129
			1578	1130
			1578	1131
			1577	1132
			1577	1133
			1576	1134
			1576	1135
			1576	1136
			1575	1137
			1575	1138
			1575	1139
			1574	1140
			1574	1141
			1574	1142
			1573	1143
			1573	1144
			1573	1145
			1573	1146
			1572	1147
			1572	1148
			1572	1149
			1572	1150
			1572	1151
			1571	1151
			1571	1152
			1571	1153
			1571	1154
			1571	1155
			1570	1156
			1570	1157
			1570	1158
			1570	1159
			1570	1160
			1570	1161
			1570	1162
			1569	1163
			1569	1164
			1569	1165
			1569	1166
			1569	1167
			1569	1168
			1569	1169
			1569	1170
			1569	1171
			1569	1172
			1569	1173
			1569	1174
			1569	1175
			1569	1176
			1568	1177
			1568	1178
			1568	1179
			1568	1180
			1568	1181
			1568	1182
			1568	1183
			1569	1184
			1569	1185
			1569	1186
			1569	1187
			1569	1188
			1569	1189
			1569	1190
			1569	1191
			1569	1192
			1569	1193
			1569	1194
			1569	1195
			1569	1196
			1569	1197
			1569	1198
			1570	1199
			1570	1200
			1570	1201
			1570	1202
			1570	1203
			1570	1204
			1570	1205
			1570	1206
			1571	1207
			1571	1208
			1571	1209
			1571	1210
			1571	1211
			1571	1212
			1572	1213
			1572	1214
			1572	1215
			1572	1216
			1572	1217
			1573	1218
			1573	1219
			1573	1220
			1573	1221
			1573	1222
			1574	1223
			1574	1224
			1574	1225
			1574	1226
			1575	1227
			1575	1228
			1575	1229
			1575	1230
			1576	1231
			1576	1232
			1576	1233
			1576	1234
			1577	1235
			1577	1236
			1577	1237
			1578	1238
			1578	1239
			1578	1240
			1578	1241
			1579	1241
			1579	1242
			1579	1243
			1579	1244
			1580	1245
			1580	1246
			1580	1247
			1580	1248
			1581	1248
			1581	1249
			1581	1250
			1581	1251
			1582	1251
			1582	1252
			1582	1253
			1583	1254
			1583	1255
			1583	1256
			1584	1257
			1584	1258
			1584	1259
			1585	1260
			1585	1261
			1585	1262
			1586	1263
			1586	1264
			1587	1265
			1587	1266
			1587	1267
			1588	1268
			1588	1269
			1588	1270
			1589	1271
			1589	1272
			1590	1273
			1590	1274
			1590	1275
			1591	1276
		</curvaD_espina_dorsal>
		<curvaI_espina_dorsal type=matrix rownames=FALSE colnames=FALSE nrow=351 ncol=2 as.numeric=TRUE >
			1577	936
			1577	937
			1577	938
			1577	939
			1577	940
			1577	941
			1577	942
			1576	943
			1576	944
			1576	945
			1576	946
			1576	947
			1576	948
			1576	949
			1576	950
			1576	951
			1576	952
			1576	953
			1576	954
			1576	955
			1575	956
			1575	957
			1575	958
			1575	959
			1575	960
			1575	961
			1575	962
			1575	963
			1575	964
			1575	965
			1575	966
			1574	967
			1574	968
			1574	969
			1574	970
			1574	971
			1574	972
			1574	973
			1574	974
			1574	975
			1574	976
			1574	977
			1573	978
			1573	979
			1573	980
			1573	981
			1573	982
			1573	983
			1573	984
			1573	985
			1573	986
			1573	987
			1572	988
			1572	989
			1572	990
			1572	991
			1572	992
			1572	993
			1572	994
			1572	995
			1572	996
			1571	997
			1571	998
			1571	999
			1571	1000
			1571	1001
			1571	1002
			1571	1003
			1571	1004
			1571	1005
			1571	1006
			1570	1007
			1570	1008
			1570	1009
			1570	1010
			1570	1011
			1570	1012
			1570	1013
			1570	1014
			1570	1015
			1570	1016
			1570	1017
			1569	1018
			1569	1019
			1569	1020
			1569	1021
			1569	1022
			1569	1023
			1569	1024
			1569	1025
			1569	1026
			1569	1027
			1569	1028
			1568	1029
			1568	1030
			1568	1031
			1568	1032
			1568	1033
			1568	1034
			1568	1035
			1568	1036
			1568	1037
			1567	1038
			1567	1039
			1567	1040
			1567	1041
			1567	1042
			1567	1043
			1567	1044
			1566	1045
			1566	1046
			1566	1047
			1566	1048
			1566	1049
			1566	1050
			1566	1051
			1565	1052
			1565	1053
			1565	1054
			1565	1055
			1565	1056
			1565	1057
			1564	1058
			1564	1059
			1564	1060
			1564	1061
			1564	1062
			1563	1063
			1563	1064
			1563	1065
			1563	1066
			1563	1067
			1563	1068
			1562	1069
			1562	1070
			1562	1071
			1561	1072
			1561	1073
			1561	1074
			1561	1075
			1561	1076
			1560	1077
			1560	1078
			1560	1079
			1560	1080
			1559	1081
			1559	1082
			1559	1083
			1559	1084
			1558	1085
			1558	1086
			1558	1087
			1557	1088
			1557	1089
			1557	1090
			1556	1091
			1556	1092
			1556	1093
			1555	1094
			1555	1095
			1555	1096
			1554	1097
			1554	1098
			1554	1099
			1553	1100
			1553	1101
			1553	1102
			1552	1103
			1552	1104
			1551	1105
			1551	1106
			1551	1107
			1550	1108
			1550	1109
			1550	1110
			1549	1110
			1549	1111
			1548	1112
			1548	1113
			1547	1113
			1546	1113
			1545	1113
			1544	1113
			1543	1113
			1542	1113
			1541	1113
			1540	1113
			1539	1113
			1538	1113
			1537	1113
			1536	1113
			1535	1113
			1534	1113
			1533	1113
			1532	1113
			1531	1113
			1530	1113
			1529	1113
			1528	1112
			1527	1112
			1526	1112
			1525	1112
			1524	1112
			1523	1112
			1522	1111
			1521	1111
			1520	1111
			1519	1111
			1519	1110
			1518	1110
			1517	1110
			1516	1109
			1515	1109
			1514	1109
			1513	1108
			1512	1108
			1511	1108
			1510	1107
			1509	1107
			1508	1107
			1507	1106
			1506	1106
			1505	1105
			1504	1105
			1503	1104
			1502	1104
			1501	1103
			1500	1103
			1499	1102
			1498	1102
			1497	1101
			1496	1101
			1495	1100
			1494	1100
			1493	1099
			1492	1099
			1491	1098
			1490	1097
			1489	1097
			1488	1096
			1487	1095
			1486	1095
			1485	1094
			1484	1093
			1483	1093
			1482	1092
			1481	1091
			1480	1091
			1479	1090
			1478	1089
			1477	1088
			1476	1087
			1475	1087
			1474	1086
			1473	1085
			1472	1084
			1472	1083
			1471	1083
			1470	1082
			1469	1081
			1468	1080
			1467	1079
			1466	1078
			1465	1077
			1464	1076
			1463	1075
			1462	1074
			1461	1073
			1460	1072
			1459	1071
			1458	1070
			1457	1069
			1456	1068
			1455	1067
			1454	1066
			1453	1065
			1452	1064
			1451	1063
			1450	1062
			1449	1061
			1448	1060
			1447	1059
			1446	1058
			1445	1058
			1444	1058
			1443	1057
			1442	1057
			1441	1056
			1440	1056
			1439	1056
			1438	1055
			1437	1055
			1436	1054
			1435	1054
			1434	1054
			1433	1053
			1432	1053
			1431	1053
			1430	1052
			1429	1052
			1428	1052
			1427	1051
			1426	1051
			1425	1050
			1424	1050
			1423	1050
			1422	1050
			1421	1049
			1420	1049
			1419	1049
			1418	1049
			1418	1048
			1417	1048
			1416	1048
			1415	1048
			1414	1047
			1413	1047
			1412	1047
			1411	1047
			1410	1046
			1409	1046
			1408	1046
			1407	1046
			1406	1046
			1405	1045
			1404	1045
			1403	1045
			1402	1045
			1401	1045
			1400	1045
			1399	1045
			1398	1044
			1397	1044
			1396	1044
			1395	1044
			1394	1044
			1393	1044
			1392	1044
			1391	1044
			1390	1044
			1389	1044
			1388	1044
			1387	1044
			1386	1044
			1385	1044
			1384	1044
			1383	1044
			1382	1044
			1381	1045
			1380	1045
			1379	1045
		</curvaI_espina_dorsal>
	</curves.pixel>
	<curves.scaled type=list>
		<curvaD_espina_dorsal type=matrix rownames=FALSE colnames=FALSE nrow=346 ncol=2 as.numeric=TRUE >
			2.93668019676586	-1.74301373758582
			2.93668019676586	-1.74487593174991
			2.93854239092995	-1.746738125914
			2.93854239092995	-1.74860032007809
			2.93854239092995	-1.75046251424217
			2.94040458509404	-1.75232470840626
			2.94040458509404	-1.75418690257035
			2.94040458509404	-1.75604909673444
			2.94226677925812	-1.75791129089852
			2.94226677925812	-1.75977348506261
			2.94226677925812	-1.7616356792267
			2.94226677925812	-1.76349787339079
			2.94412897342221	-1.76536006755487
			2.94412897342221	-1.76722226171896
			2.94412897342221	-1.76908445588305
			2.94412897342221	-1.77094665004714
			2.9459911675863	-1.77280884421122
			2.9459911675863	-1.77467103837531
			2.9459911675863	-1.7765332325394
			2.9459911675863	-1.77839542670349
			2.9459911675863	-1.78025762086757
			2.94785336175039	-1.78211981503166
			2.94785336175039	-1.78398200919575
			2.94785336175039	-1.78584420335984
			2.94785336175039	-1.78770639752392
			2.94785336175039	-1.78956859168801
			2.94785336175039	-1.7914307858521
			2.94971555591447	-1.79329298001618
			2.94971555591447	-1.79515517418027
			2.94971555591447	-1.79701736834436
			2.94971555591447	-1.79887956250845
			2.94971555591447	-1.80074175667253
			2.94971555591447	-1.80260395083662
			2.94971555591447	-1.80446614500071
			2.94971555591447	-1.8063283391648
			2.95157775007856	-1.80819053332888
			2.95157775007856	-1.81005272749297
			2.95157775007856	-1.81191492165706
			2.95157775007856	-1.81377711582115
			2.95157775007856	-1.81563930998523
			2.95157775007856	-1.81750150414932
			2.95157775007856	-1.81936369831341
			2.95157775007856	-1.8212258924775
			2.95157775007856	-1.82308808664158
			2.95157775007856	-1.82495028080567
			2.95157775007856	-1.82681247496976
			2.95157775007856	-1.82867466913385
			2.95157775007856	-1.83053686329793
			2.95157775007856	-1.83239905746202
			2.95157775007856	-1.83426125162611
			2.95343994424265	-1.8361234457902
			2.95343994424265	-1.83798563995428
			2.95343994424265	-1.83984783411837
			2.95343994424265	-1.84171002828246
			2.95343994424265	-1.84357222244655
			2.95343994424265	-1.84543441661063
			2.95343994424265	-1.84729661077472
			2.95343994424265	-1.84915880493881
			2.95343994424265	-1.8510209991029
			2.95343994424265	-1.85288319326698
			2.95343994424265	-1.85474538743107
			2.95343994424265	-1.85660758159516
			2.95343994424265	-1.85846977575924
			2.95343994424265	-1.86033196992333
			2.95343994424265	-1.86219416408742
			2.95343994424265	-1.86405635825151
			2.95343994424265	-1.86591855241559
			2.95343994424265	-1.86778074657968
			2.95157775007856	-1.86964294074377
			2.95157775007856	-1.87150513490786
			2.95157775007856	-1.87336732907194
			2.95157775007856	-1.87522952323603
			2.95157775007856	-1.87709171740012
			2.95157775007856	-1.87895391156421
			2.95157775007856	-1.88081610572829
			2.95157775007856	-1.88267829989238
			2.95157775007856	-1.88454049405647
			2.95157775007856	-1.88640268822056
			2.95157775007856	-1.88826488238464
			2.95157775007856	-1.89012707654873
			2.95157775007856	-1.89198927071282
			2.95157775007856	-1.89385146487691
			2.95157775007856	-1.89571365904099
			2.95157775007856	-1.89757585320508
			2.95157775007856	-1.89943804736917
			2.95157775007856	-1.90130024153326
			2.95157775007856	-1.90316243569734
			2.95157775007856	-1.90502462986143
			2.95157775007856	-1.90688682402552
			2.95157775007856	-1.90874901818961
			2.95157775007856	-1.91061121235369
			2.95157775007856	-1.91247340651778
			2.95157775007856	-1.91433560068187
			2.95157775007856	-1.91619779484595
			2.95157775007856	-1.91805998901004
			2.95157775007856	-1.91992218317413
			2.95343994424265	-1.92178437733822
			2.95343994424265	-1.9236465715023
			2.95343994424265	-1.92550876566639
			2.95343994424265	-1.92737095983048
			2.95343994424265	-1.92923315399457
			2.95343994424265	-1.93109534815865
			2.95343994424265	-1.93295754232274
			2.95343994424265	-1.93481973648683
			2.95343994424265	-1.93668193065092
			2.95343994424265	-1.938544124815
			2.95343994424265	-1.94040631897909
			2.95343994424265	-1.94226851314318
			2.95343994424265	-1.94413070730727
			2.95343994424265	-1.94599290147135
			2.95343994424265	-1.94785509563544
			2.95343994424265	-1.94971728979953
			2.95343994424265	-1.95157948396362
			2.95343994424265	-1.9534416781277
			2.95343994424265	-1.95530387229179
			2.95343994424265	-1.95716606645588
			2.95343994424265	-1.95902826061997
			2.95343994424265	-1.96089045478405
			2.95343994424265	-1.96275264894814
			2.95343994424265	-1.96461484311223
			2.95343994424265	-1.96647703727632
			2.95343994424265	-1.9683392314404
			2.95343994424265	-1.97020142560449
			2.95343994424265	-1.97206361976858
			2.95343994424265	-1.97392581393266
			2.95343994424265	-1.97578800809675
			2.95343994424265	-1.97765020226084
			2.95343994424265	-1.97951239642493
			2.95343994424265	-1.98137459058901
			2.95343994424265	-1.9832367847531
			2.95343994424265	-1.98509897891719
			2.95343994424265	-1.98696117308128
			2.95343994424265	-1.98882336724536
			2.95343994424265	-1.99068556140945
			2.95343994424265	-1.99254775557354
			2.95343994424265	-1.99440994973763
			2.95343994424265	-1.99627214390171
			2.95343994424265	-1.9981343380658
			2.95343994424265	-1.99999653222989
			2.95343994424265	-2.00185872639398
			2.95343994424265	-2.00372092055806
			2.95343994424265	-2.00558311472215
			2.95343994424265	-2.00744530888624
			2.95343994424265	-2.00930750305033
			2.95343994424265	-2.01116969721441
			2.95343994424265	-2.0130318913785
			2.95343994424265	-2.01489408554259
			2.95343994424265	-2.01675627970668
			2.95343994424265	-2.01861847387076
			2.95343994424265	-2.02048066803485
			2.95343994424265	-2.02234286219894
			2.95343994424265	-2.02420505636303
			2.95343994424265	-2.02606725052711
			2.95343994424265	-2.0279294446912
			2.95343994424265	-2.02979163885529
			2.95343994424265	-2.03165383301937
			2.95343994424265	-2.03351602718346
			2.95157775007856	-2.03537822134755
			2.95157775007856	-2.03724041551164
			2.95157775007856	-2.03910260967572
			2.95157775007856	-2.04096480383981
			2.95157775007856	-2.0428269980039
			2.95157775007856	-2.04468919216799
			2.95157775007856	-2.04655138633207
			2.95157775007856	-2.04841358049616
			2.95157775007856	-2.05027577466025
			2.95157775007856	-2.05213796882434
			2.95157775007856	-2.05400016298842
			2.95157775007856	-2.05586235715251
			2.95157775007856	-2.0577245513166
			2.95157775007856	-2.05958674548069
			2.94971555591447	-2.06144893964477
			2.94971555591447	-2.06331113380886
			2.94971555591447	-2.06517332797295
			2.94971555591447	-2.06703552213704
			2.94971555591447	-2.06889771630112
			2.94971555591447	-2.07075991046521
			2.94971555591447	-2.0726221046293
			2.94971555591447	-2.07448429879339
			2.94785336175039	-2.07634649295747
			2.94785336175039	-2.07820868712156
			2.94785336175039	-2.08007088128565
			2.94785336175039	-2.08193307544974
			2.94785336175039	-2.08379526961382
			2.9459911675863	-2.08565746377791
			2.9459911675863	-2.087519657942
			2.9459911675863	-2.08938185210608
			2.9459911675863	-2.09124404627017
			2.94412897342221	-2.09310624043426
			2.94226677925812	-2.09496843459835
			2.94226677925812	-2.09683062876243
			2.94226677925812	-2.09869282292652
			2.94040458509404	-2.10055501709061
			2.94040458509404	-2.1024172112547
			2.93854239092995	-2.1024172112547
			2.93854239092995	-2.10427940541878
			2.93854239092995	-2.10614159958287
			2.93668019676586	-2.10800379374696
			2.93668019676586	-2.10986598791105
			2.93481800260177	-2.11172818207513
			2.93481800260177	-2.11359037623922
			2.93481800260177	-2.11545257040331
			2.93295580843769	-2.1173147645674
			2.93295580843769	-2.11917695873148
			2.93295580843769	-2.12103915289557
			2.9310936142736	-2.12290134705966
			2.9310936142736	-2.12476354122375
			2.9310936142736	-2.12662573538783
			2.92923142010951	-2.12848792955192
			2.92923142010951	-2.13035012371601
			2.92923142010951	-2.1322123178801
			2.92923142010951	-2.13407451204418
			2.92736922594542	-2.13593670620827
			2.92736922594542	-2.13779890037236
			2.92736922594542	-2.13966109453645
			2.92736922594542	-2.14152328870053
			2.92736922594542	-2.14338548286462
			2.92550703178134	-2.14338548286462
			2.92550703178134	-2.14524767702871
			2.92550703178134	-2.14710987119279
			2.92550703178134	-2.14897206535688
			2.92550703178134	-2.15083425952097
			2.92364483761725	-2.15269645368506
			2.92364483761725	-2.15455864784914
			2.92364483761725	-2.15642084201323
			2.92364483761725	-2.15828303617732
			2.92364483761725	-2.16014523034141
			2.92364483761725	-2.16200742450549
			2.92364483761725	-2.16386961866958
			2.92178264345316	-2.16573181283367
			2.92178264345316	-2.16759400699776
			2.92178264345316	-2.16945620116184
			2.92178264345316	-2.17131839532593
			2.92178264345316	-2.17318058949002
			2.92178264345316	-2.17504278365411
			2.92178264345316	-2.17690497781819
			2.92178264345316	-2.17876717198228
			2.92178264345316	-2.18062936614637
			2.92178264345316	-2.18249156031046
			2.92178264345316	-2.18435375447454
			2.92178264345316	-2.18621594863863
			2.92178264345316	-2.18807814280272
			2.92178264345316	-2.18994033696681
			2.91992044928907	-2.19180253113089
			2.91992044928907	-2.19366472529498
			2.91992044928907	-2.19552691945907
			2.91992044928907	-2.19738911362316
			2.91992044928907	-2.19925130778724
			2.91992044928907	-2.20111350195133
			2.91992044928907	-2.20297569611542
			2.92178264345316	-2.2048378902795
			2.92178264345316	-2.20670008444359
			2.92178264345316	-2.20856227860768
			2.92178264345316	-2.21042447277177
			2.92178264345316	-2.21228666693585
			2.92178264345316	-2.21414886109994
			2.92178264345316	-2.21601105526403
			2.92178264345316	-2.21787324942812
			2.92178264345316	-2.2197354435922
			2.92178264345316	-2.22159763775629
			2.92178264345316	-2.22345983192038
			2.92178264345316	-2.22532202608447
			2.92178264345316	-2.22718422024855
			2.92178264345316	-2.22904641441264
			2.92178264345316	-2.23090860857673
			2.92364483761725	-2.23277080274082
			2.92364483761725	-2.2346329969049
			2.92364483761725	-2.23649519106899
			2.92364483761725	-2.23835738523308
			2.92364483761725	-2.24021957939717
			2.92364483761725	-2.24208177356125
			2.92364483761725	-2.24394396772534
			2.92364483761725	-2.24580616188943
			2.92550703178134	-2.24766835605352
			2.92550703178134	-2.2495305502176
			2.92550703178134	-2.25139274438169
			2.92550703178134	-2.25325493854578
			2.92550703178134	-2.25511713270987
			2.92550703178134	-2.25697932687395
			2.92736922594542	-2.25884152103804
			2.92736922594542	-2.26070371520213
			2.92736922594542	-2.26256590936621
			2.92736922594542	-2.2644281035303
			2.92736922594542	-2.26629029769439
			2.92923142010951	-2.26815249185848
			2.92923142010951	-2.27001468602256
			2.92923142010951	-2.27187688018665
			2.92923142010951	-2.27373907435074
			2.92923142010951	-2.27560126851483
			2.9310936142736	-2.27746346267891
			2.9310936142736	-2.279325656843
			2.9310936142736	-2.28118785100709
			2.9310936142736	-2.28305004517118
			2.93295580843769	-2.28491223933526
			2.93295580843769	-2.28677443349935
			2.93295580843769	-2.28863662766344
			2.93295580843769	-2.29049882182753
			2.93481800260177	-2.29236101599161
			2.93481800260177	-2.2942232101557
			2.93481800260177	-2.29608540431979
			2.93481800260177	-2.29794759848388
			2.93668019676586	-2.29980979264796
			2.93668019676586	-2.30167198681205
			2.93668019676586	-2.30353418097614
			2.93854239092995	-2.30539637514023
			2.93854239092995	-2.30725856930431
			2.93854239092995	-2.3091207634684
			2.93854239092995	-2.31098295763249
			2.94040458509404	-2.31098295763249
			2.94040458509404	-2.31284515179658
			2.94040458509404	-2.31470734596066
			2.94040458509404	-2.31656954012475
			2.94226677925812	-2.31843173428884
			2.94226677925812	-2.32029392845292
			2.94226677925812	-2.32215612261701
			2.94226677925812	-2.3240183167811
			2.94412897342221	-2.3240183167811
			2.94412897342221	-2.32588051094519
			2.94412897342221	-2.32774270510927
			2.94412897342221	-2.32960489927336
			2.9459911675863	-2.32960489927336
			2.9459911675863	-2.33146709343745
			2.9459911675863	-2.33332928760154
			2.94785336175039	-2.33519148176562
			2.94785336175039	-2.33705367592971
			2.94785336175039	-2.3389158700938
			2.94971555591447	-2.34077806425789
			2.94971555591447	-2.34264025842197
			2.94971555591447	-2.34450245258606
			2.95157775007856	-2.34636464675015
			2.95157775007856	-2.34822684091424
			2.95157775007856	-2.35008903507832
			2.95343994424265	-2.35195122924241
			2.95343994424265	-2.3538134234065
			2.95530213840674	-2.35567561757059
			2.95530213840674	-2.35753781173467
			2.95530213840674	-2.35940000589876
			2.95716433257082	-2.36126220006285
			2.95716433257082	-2.36312439422694
			2.95716433257082	-2.36498658839102
			2.95902652673491	-2.36684878255511
			2.95902652673491	-2.3687109767192
			2.960888720899	-2.37057317088329
			2.960888720899	-2.37243536504737
			2.960888720899	-2.37429755921146
			2.96275091506308	-2.37615975337555
		</curvaD_espina_dorsal>
		<curvaI_espina_dorsal type=matrix rownames=FALSE colnames=FALSE nrow=351 ncol=2 as.numeric=TRUE >
			2.93668019676586	-1.74301373758582
			2.93668019676586	-1.74487593174991
			2.93668019676586	-1.746738125914
			2.93668019676586	-1.74860032007809
			2.93668019676586	-1.75046251424217
			2.93668019676586	-1.75232470840626
			2.93668019676586	-1.75418690257035
			2.93481800260177	-1.75604909673444
			2.93481800260177	-1.75791129089852
			2.93481800260177	-1.75977348506261
			2.93481800260177	-1.7616356792267
			2.93481800260177	-1.76349787339079
			2.93481800260177	-1.76536006755487
			2.93481800260177	-1.76722226171896
			2.93481800260177	-1.76908445588305
			2.93481800260177	-1.77094665004714
			2.93481800260177	-1.77280884421122
			2.93481800260177	-1.77467103837531
			2.93481800260177	-1.7765332325394
			2.93481800260177	-1.77839542670349
			2.93295580843769	-1.78025762086757
			2.93295580843769	-1.78211981503166
			2.93295580843769	-1.78398200919575
			2.93295580843769	-1.78584420335984
			2.93295580843769	-1.78770639752392
			2.93295580843769	-1.78956859168801
			2.93295580843769	-1.7914307858521
			2.93295580843769	-1.79329298001618
			2.93295580843769	-1.79515517418027
			2.93295580843769	-1.79701736834436
			2.93295580843769	-1.79887956250845
			2.9310936142736	-1.80074175667253
			2.9310936142736	-1.80260395083662
			2.9310936142736	-1.80446614500071
			2.9310936142736	-1.8063283391648
			2.9310936142736	-1.80819053332888
			2.9310936142736	-1.81005272749297
			2.9310936142736	-1.81191492165706
			2.9310936142736	-1.81377711582115
			2.9310936142736	-1.81563930998523
			2.9310936142736	-1.81750150414932
			2.9310936142736	-1.81936369831341
			2.92923142010951	-1.8212258924775
			2.92923142010951	-1.82308808664158
			2.92923142010951	-1.82495028080567
			2.92923142010951	-1.82681247496976
			2.92923142010951	-1.82867466913385
			2.92923142010951	-1.83053686329793
			2.92923142010951	-1.83239905746202
			2.92923142010951	-1.83426125162611
			2.92923142010951	-1.8361234457902
			2.92923142010951	-1.83798563995428
			2.92736922594542	-1.83984783411837
			2.92736922594542	-1.84171002828246
			2.92736922594542	-1.84357222244655
			2.92736922594542	-1.84543441661063
			2.92736922594542	-1.84729661077472
			2.92736922594542	-1.84915880493881
			2.92736922594542	-1.8510209991029
			2.92736922594542	-1.85288319326698
			2.92736922594542	-1.85474538743107
			2.92550703178134	-1.85660758159516
			2.92550703178134	-1.85846977575924
			2.92550703178134	-1.86033196992333
			2.92550703178134	-1.86219416408742
			2.92550703178134	-1.86405635825151
			2.92550703178134	-1.86591855241559
			2.92550703178134	-1.86778074657968
			2.92550703178134	-1.86964294074377
			2.92550703178134	-1.87150513490786
			2.92550703178134	-1.87336732907194
			2.92364483761725	-1.87522952323603
			2.92364483761725	-1.87709171740012
			2.92364483761725	-1.87895391156421
			2.92364483761725	-1.88081610572829
			2.92364483761725	-1.88267829989238
			2.92364483761725	-1.88454049405647
			2.92364483761725	-1.88640268822056
			2.92364483761725	-1.88826488238464
			2.92364483761725	-1.89012707654873
			2.92364483761725	-1.89198927071282
			2.92364483761725	-1.89385146487691
			2.92178264345316	-1.89571365904099
			2.92178264345316	-1.89757585320508
			2.92178264345316	-1.89943804736917
			2.92178264345316	-1.90130024153326
			2.92178264345316	-1.90316243569734
			2.92178264345316	-1.90502462986143
			2.92178264345316	-1.90688682402552
			2.92178264345316	-1.90874901818961
			2.92178264345316	-1.91061121235369
			2.92178264345316	-1.91247340651778
			2.92178264345316	-1.91433560068187
			2.91992044928907	-1.91619779484595
			2.91992044928907	-1.91805998901004
			2.91992044928907	-1.91992218317413
			2.91992044928907	-1.92178437733822
			2.91992044928907	-1.9236465715023
			2.91992044928907	-1.92550876566639
			2.91992044928907	-1.92737095983048
			2.91992044928907	-1.92923315399457
			2.91992044928907	-1.93109534815865
			2.91805825512499	-1.93295754232274
			2.91805825512499	-1.93481973648683
			2.91805825512499	-1.93668193065092
			2.91805825512499	-1.938544124815
			2.91805825512499	-1.94040631897909
			2.91805825512499	-1.94226851314318
			2.91805825512499	-1.94413070730727
			2.9161960609609	-1.94599290147135
			2.9161960609609	-1.94785509563544
			2.9161960609609	-1.94971728979953
			2.9161960609609	-1.95157948396362
			2.9161960609609	-1.9534416781277
			2.9161960609609	-1.95530387229179
			2.9161960609609	-1.95716606645588
			2.91433386679681	-1.95902826061997
			2.91433386679681	-1.96089045478405
			2.91433386679681	-1.96275264894814
			2.91433386679681	-1.96461484311223
			2.91433386679681	-1.96647703727632
			2.91433386679681	-1.9683392314404
			2.91247167263272	-1.97020142560449
			2.91247167263272	-1.97206361976858
			2.91247167263272	-1.97392581393266
			2.91247167263272	-1.97578800809675
			2.91247167263272	-1.97765020226084
			2.91060947846864	-1.97951239642493
			2.91060947846864	-1.98137459058901
			2.91060947846864	-1.9832367847531
			2.91060947846864	-1.98509897891719
			2.91060947846864	-1.98696117308128
			2.91060947846864	-1.98882336724536
			2.90874728430455	-1.99068556140945
			2.90874728430455	-1.99254775557354
			2.90874728430455	-1.99440994973763
			2.90688509014046	-1.99627214390171
			2.90688509014046	-1.9981343380658
			2.90688509014046	-1.99999653222989
			2.90688509014046	-2.00185872639398
			2.90688509014046	-2.00372092055806
			2.90502289597637	-2.00558311472215
			2.90502289597637	-2.00744530888624
			2.90502289597637	-2.00930750305033
			2.90502289597637	-2.01116969721441
			2.90316070181229	-2.0130318913785
			2.90316070181229	-2.01489408554259
			2.90316070181229	-2.01675627970668
			2.90316070181229	-2.01861847387076
			2.9012985076482	-2.02048066803485
			2.9012985076482	-2.02234286219894
			2.9012985076482	-2.02420505636303
			2.89943631348411	-2.02606725052711
			2.89943631348411	-2.0279294446912
			2.89943631348411	-2.02979163885529
			2.89757411932003	-2.03165383301937
			2.89757411932003	-2.03351602718346
			2.89757411932003	-2.03537822134755
			2.89571192515594	-2.03724041551164
			2.89571192515594	-2.03910260967572
			2.89571192515594	-2.04096480383981
			2.89384973099185	-2.0428269980039
			2.89384973099185	-2.04468919216799
			2.89384973099185	-2.04655138633207
			2.89198753682776	-2.04841358049616
			2.89198753682776	-2.05027577466025
			2.89198753682776	-2.05213796882434
			2.89012534266368	-2.05400016298842
			2.89012534266368	-2.05586235715251
			2.88826314849959	-2.0577245513166
			2.88826314849959	-2.05958674548069
			2.88826314849959	-2.06144893964477
			2.8864009543355	-2.06331113380886
			2.8864009543355	-2.06517332797295
			2.8864009543355	-2.06703552213704
			2.88453876017141	-2.06703552213704
			2.88453876017141	-2.06889771630112
			2.88267656600733	-2.07075991046521
			2.88267656600733	-2.0726221046293
			2.88081437184324	-2.0726221046293
			2.87895217767915	-2.0726221046293
			2.87708998351506	-2.0726221046293
			2.87522778935098	-2.0726221046293
			2.87336559518689	-2.0726221046293
			2.8715034010228	-2.0726221046293
			2.86964120685871	-2.0726221046293
			2.86777901269463	-2.0726221046293
			2.86591681853054	-2.0726221046293
			2.86405462436645	-2.0726221046293
			2.86219243020236	-2.0726221046293
			2.86033023603828	-2.0726221046293
			2.85846804187419	-2.0726221046293
			2.8566058477101	-2.0726221046293
			2.85474365354601	-2.0726221046293
			2.85288145938193	-2.0726221046293
			2.85101926521784	-2.0726221046293
			2.84915707105375	-2.0726221046293
			2.84729487688966	-2.0726221046293
			2.84543268272558	-2.07075991046521
			2.84357048856149	-2.07075991046521
			2.8417082943974	-2.07075991046521
			2.83984610023332	-2.07075991046521
			2.83798390606923	-2.07075991046521
			2.83612171190514	-2.07075991046521
			2.83425951774105	-2.06889771630112
			2.83239732357697	-2.06889771630112
			2.83053512941288	-2.06889771630112
			2.82867293524879	-2.06889771630112
			2.82867293524879	-2.06703552213704
			2.8268107410847	-2.06703552213704
			2.82494854692062	-2.06703552213704
			2.82308635275653	-2.06517332797295
			2.82122415859244	-2.06517332797295
			2.81936196442835	-2.06517332797295
			2.81749977026427	-2.06331113380886
			2.81563757610018	-2.06331113380886
			2.81377538193609	-2.06331113380886
			2.811913187772	-2.06144893964477
			2.81005099360792	-2.06144893964477
			2.80818879944383	-2.06144893964477
			2.80632660527974	-2.05958674548069
			2.80446441111565	-2.05958674548069
			2.80260221695157	-2.0577245513166
			2.80074002278748	-2.0577245513166
			2.79887782862339	-2.05586235715251
			2.7970156344593	-2.05586235715251
			2.79515344029522	-2.05400016298842
			2.79329124613113	-2.05400016298842
			2.79142905196704	-2.05213796882434
			2.78956685780295	-2.05213796882434
			2.78770466363887	-2.05027577466025
			2.78584246947478	-2.05027577466025
			2.78398027531069	-2.04841358049616
			2.78211808114661	-2.04841358049616
			2.78025588698252	-2.04655138633207
			2.77839369281843	-2.04655138633207
			2.77653149865434	-2.04468919216799
			2.77466930449026	-2.0428269980039
			2.77280711032617	-2.0428269980039
			2.77094491616208	-2.04096480383981
			2.76908272199799	-2.03910260967572
			2.76722052783391	-2.03910260967572
			2.76535833366982	-2.03724041551164
			2.76349613950573	-2.03537822134755
			2.76163394534164	-2.03537822134755
			2.75977175117756	-2.03351602718346
			2.75790955701347	-2.03165383301937
			2.75604736284938	-2.03165383301937
			2.75418516868529	-2.02979163885529
			2.75232297452121	-2.0279294446912
			2.75046078035712	-2.02606725052711
			2.74859858619303	-2.02420505636303
			2.74673639202894	-2.02420505636303
			2.74487419786486	-2.02234286219894
			2.74301200370077	-2.02048066803485
			2.74114980953668	-2.01861847387076
			2.74114980953668	-2.01675627970668
			2.73928761537259	-2.01675627970668
			2.73742542120851	-2.01489408554259
			2.73556322704442	-2.0130318913785
			2.73370103288033	-2.01116969721441
			2.73183883871624	-2.00930750305033
			2.72997664455216	-2.00744530888624
			2.72811445038807	-2.00558311472215
			2.72625225622398	-2.00372092055806
			2.7243900620599	-2.00185872639398
			2.72252786789581	-1.99999653222989
			2.72066567373172	-1.9981343380658
			2.71880347956763	-1.99627214390171
			2.71694128540355	-1.99440994973763
			2.71507909123946	-1.99254775557354
			2.71321689707537	-1.99068556140945
			2.71135470291128	-1.98882336724536
			2.7094925087472	-1.98696117308128
			2.70763031458311	-1.98509897891719
			2.70576812041902	-1.9832367847531
			2.70390592625493	-1.98137459058901
			2.70204373209085	-1.97951239642493
			2.70018153792676	-1.97765020226084
			2.69831934376267	-1.97578800809675
			2.69645714959858	-1.97392581393266
			2.6945949554345	-1.97206361976858
			2.69273276127041	-1.97020142560449
			2.69087056710632	-1.97020142560449
			2.68900837294223	-1.97020142560449
			2.68714617877815	-1.9683392314404
			2.68528398461406	-1.9683392314404
			2.68342179044997	-1.96647703727632
			2.68155959628588	-1.96647703727632
			2.6796974021218	-1.96647703727632
			2.67783520795771	-1.96461484311223
			2.67597301379362	-1.96461484311223
			2.67411081962953	-1.96275264894814
			2.67224862546545	-1.96275264894814
			2.67038643130136	-1.96275264894814
			2.66852423713727	-1.96089045478405
			2.66666204297319	-1.96089045478405
			2.6647998488091	-1.96089045478405
			2.66293765464501	-1.95902826061997
			2.66107546048092	-1.95902826061997
			2.65921326631684	-1.95902826061997
			2.65735107215275	-1.95716606645588
			2.65548887798866	-1.95716606645588
			2.65362668382457	-1.95530387229179
			2.65176448966049	-1.95530387229179
			2.6499022954964	-1.95530387229179
			2.64804010133231	-1.95530387229179
			2.64617790716822	-1.9534416781277
			2.64431571300414	-1.9534416781277
			2.64245351884005	-1.9534416781277
			2.64059132467596	-1.9534416781277
			2.64059132467596	-1.95157948396362
			2.63872913051187	-1.95157948396362
			2.63686693634779	-1.95157948396362
			2.6350047421837	-1.95157948396362
			2.63314254801961	-1.94971728979953
			2.63128035385552	-1.94971728979953
			2.62941815969144	-1.94971728979953
			2.62755596552735	-1.94971728979953
			2.62569377136326	-1.94785509563544
			2.62383157719917	-1.94785509563544
			2.62196938303509	-1.94785509563544
			2.620107188871	-1.94785509563544
			2.61824499470691	-1.94785509563544
			2.61638280054282	-1.94599290147135
			2.61452060637874	-1.94599290147135
			2.61265841221465	-1.94599290147135
			2.61079621805056	-1.94599290147135
			2.60893402388647	-1.94599290147135
			2.60707182972239	-1.94599290147135
			2.6052096355583	-1.94599290147135
			2.60334744139421	-1.94413070730727
			2.60148524723013	-1.94413070730727
			2.59962305306604	-1.94413070730727
			2.59776085890195	-1.94413070730727
			2.59589866473786	-1.94413070730727
			2.59403647057378	-1.94413070730727
			2.59217427640969	-1.94413070730727
			2.5903120822456	-1.94413070730727
			2.58844988808151	-1.94413070730727
			2.58658769391743	-1.94413070730727
			2.58472549975334	-1.94413070730727
			2.58286330558925	-1.94413070730727
			2.58100111142516	-1.94413070730727
			2.57913891726108	-1.94413070730727
			2.57727672309699	-1.94413070730727
			2.5754145289329	-1.94413070730727
			2.57355233476881	-1.94413070730727
			2.57169014060473	-1.94599290147135
			2.56982794644064	-1.94599290147135
			2.56796575227655	-1.94599290147135
		</curvaI_espina_dorsal>
	</curves.scaled>
	<ruler.points type=matrix rownames=TRUE colnames=FALSE nrow=2 ncol=2 as.numeric=TRUE >
		Ruler point 1	1569	576
		Ruler point 2	2106	575
	</ruler.points>
</shapes>

