<shapes type=list>
	<ruler.pixel type=vector names=FALSE length=1 as.numeric=TRUE >536.008395456638</ruler.pixel>
	<ruler.interval type=vector names=FALSE length=1 as.numeric=TRUE >1</ruler.interval>
	<scaling.units type=vector names=FALSE length=1 as.numeric=FALSE >mm</scaling.units>
	<scaling type=vector names=FALSE length=1 as.numeric=TRUE >0.00186219416408742</scaling>
	<landmarks.pixel type=matrix rownames=TRUE colnames=FALSE nrow=3 ncol=2 as.numeric=TRUE >
		punta_espina_dorsal	1286	1024
		esq_izq_caparaza	1411	1237
		organo_dorsal	1660	1023
	</landmarks.pixel>
	<landmarks.scaled type=matrix rownames=TRUE colnames=FALSE nrow=3 ncol=2 as.numeric=TRUE >
		punta_espina_dorsal	2.39478169501642	-1.90688682402552
		esq_izq_caparaza	2.62755596552735	-2.30353418097614
		organo_dorsal	3.09124231238512	-1.90502462986143
	</landmarks.scaled>
	<curves.control type=list>
		<curvaD_espina_dorsal type=matrix rownames=FALSE colnames=FALSE nrow=7 ncol=2 as.numeric=TRUE >
			1286	1024
			1310	1022
			1388	1030
			1461	1042
			1504	1054
			1554	1080
			1660	1023
		</curvaD_espina_dorsal>
		<curvaI_espina_dorsal type=matrix rownames=FALSE colnames=FALSE nrow=9 ncol=2 as.numeric=TRUE >
			1286	1024
			1348	1032
			1397	1049
			1461	1070
			1483	1085
			1494	1129
			1425	1182
			1413	1203
			1411	1237
		</curvaI_espina_dorsal>
	</curves.control>
	<curves.pixel type=list>
		<curvaD_espina_dorsal type=matrix rownames=FALSE colnames=FALSE nrow=378 ncol=2 as.numeric=TRUE >
			1286	1024
			1287	1024
			1288	1024
			1289	1024
			1290	1024
			1291	1024
			1292	1024
			1293	1024
			1294	1024
			1295	1024
			1296	1024
			1297	1024
			1298	1024
			1299	1024
			1300	1024
			1301	1024
			1302	1024
			1303	1024
			1304	1024
			1305	1024
			1306	1024
			1307	1024
			1308	1024
			1309	1024
			1310	1024
			1311	1024
			1312	1024
			1313	1024
			1314	1024
			1315	1024
			1316	1024
			1317	1024
			1318	1024
			1319	1024
			1320	1024
			1321	1024
			1322	1024
			1323	1024
			1324	1025
			1325	1025
			1326	1025
			1327	1025
			1328	1025
			1329	1025
			1330	1025
			1331	1025
			1332	1025
			1333	1025
			1334	1025
			1335	1025
			1336	1025
			1337	1025
			1338	1025
			1339	1026
			1340	1026
			1341	1026
			1342	1026
			1343	1026
			1344	1026
			1345	1026
			1346	1026
			1347	1026
			1348	1026
			1349	1026
			1350	1026
			1351	1027
			1352	1027
			1353	1027
			1354	1027
			1355	1027
			1356	1027
			1357	1027
			1358	1027
			1359	1027
			1360	1027
			1361	1027
			1362	1027
			1363	1028
			1364	1028
			1365	1028
			1366	1028
			1367	1028
			1368	1028
			1369	1028
			1370	1028
			1371	1028
			1372	1028
			1373	1029
			1374	1029
			1375	1029
			1376	1029
			1377	1029
			1378	1029
			1379	1029
			1380	1029
			1381	1029
			1382	1029
			1383	1029
			1384	1030
			1385	1030
			1386	1030
			1387	1030
			1388	1030
			1389	1030
			1390	1030
			1391	1030
			1392	1031
			1393	1031
			1394	1031
			1395	1031
			1396	1031
			1397	1032
			1398	1032
			1399	1032
			1400	1032
			1401	1032
			1402	1032
			1403	1033
			1404	1033
			1405	1033
			1406	1033
			1407	1033
			1408	1033
			1409	1034
			1410	1034
			1411	1034
			1412	1034
			1413	1034
			1414	1035
			1415	1035
			1416	1035
			1417	1035
			1418	1035
			1419	1035
			1420	1036
			1421	1036
			1422	1036
			1423	1036
			1424	1036
			1425	1036
			1426	1037
			1427	1037
			1428	1037
			1429	1037
			1430	1037
			1431	1038
			1432	1038
			1433	1038
			1434	1038
			1435	1038
			1436	1039
			1437	1039
			1438	1039
			1439	1039
			1440	1039
			1441	1040
			1442	1040
			1443	1040
			1444	1040
			1445	1040
			1446	1040
			1446	1041
			1447	1041
			1448	1041
			1449	1041
			1450	1041
			1451	1041
			1452	1042
			1453	1042
			1454	1042
			1455	1042
			1456	1043
			1457	1043
			1458	1043
			1459	1043
			1460	1043
			1461	1044
			1462	1044
			1463	1044
			1464	1044
			1465	1044
			1466	1045
			1467	1045
			1468	1045
			1469	1045
			1470	1045
			1471	1046
			1472	1046
			1473	1046
			1474	1047
			1475	1047
			1476	1047
			1477	1047
			1478	1047
			1479	1048
			1480	1048
			1481	1048
			1482	1048
			1483	1049
			1484	1049
			1485	1049
			1486	1049
			1487	1049
			1487	1050
			1488	1050
			1489	1050
			1490	1050
			1491	1051
			1492	1051
			1493	1051
			1494	1051
			1495	1052
			1496	1052
			1497	1052
			1498	1052
			1499	1053
			1500	1053
			1501	1053
			1502	1053
			1503	1054
			1504	1054
			1505	1054
			1506	1055
			1507	1056
			1508	1056
			1509	1056
			1510	1057
			1511	1057
			1512	1058
			1513	1058
			1514	1058
			1515	1058
			1516	1059
			1517	1059
			1518	1059
			1519	1060
			1520	1060
			1521	1060
			1522	1060
			1523	1061
			1524	1061
			1525	1061
			1526	1061
			1527	1061
			1528	1061
			1529	1061
			1530	1062
			1531	1062
			1532	1062
			1533	1062
			1534	1062
			1535	1062
			1536	1062
			1537	1062
			1538	1062
			1539	1062
			1540	1062
			1541	1062
			1542	1062
			1543	1062
			1544	1062
			1545	1062
			1546	1062
			1547	1062
			1548	1062
			1549	1062
			1550	1062
			1551	1062
			1552	1062
			1553	1062
			1554	1061
			1555	1061
			1556	1061
			1557	1061
			1558	1061
			1559	1061
			1560	1061
			1561	1060
			1562	1060
			1563	1060
			1564	1060
			1565	1060
			1566	1060
			1567	1059
			1568	1059
			1569	1059
			1570	1059
			1571	1059
			1572	1058
			1573	1058
			1574	1058
			1575	1058
			1576	1057
			1577	1057
			1578	1057
			1579	1057
			1580	1056
			1581	1056
			1582	1056
			1583	1056
			1584	1055
			1585	1055
			1586	1055
			1587	1054
			1588	1054
			1589	1054
			1590	1054
			1591	1053
			1592	1053
			1593	1053
			1594	1052
			1595	1052
			1596	1052
			1597	1051
			1598	1051
			1599	1051
			1600	1050
			1601	1050
			1602	1049
			1603	1049
			1604	1049
			1605	1049
			1605	1048
			1606	1048
			1607	1048
			1608	1047
			1609	1047
			1610	1046
			1611	1046
			1612	1046
			1613	1045
			1614	1045
			1615	1045
			1616	1044
			1617	1044
			1618	1043
			1619	1043
			1620	1042
			1621	1042
			1622	1042
			1623	1041
			1624	1041
			1625	1040
			1626	1040
			1627	1039
			1628	1039
			1629	1039
			1630	1038
			1631	1038
			1632	1037
			1633	1037
			1634	1036
			1635	1036
			1636	1035
			1637	1035
			1638	1034
			1639	1034
			1640	1033
			1641	1033
			1642	1032
			1643	1032
			1644	1031
			1645	1031
			1646	1030
			1647	1030
			1648	1029
			1649	1029
			1650	1028
			1651	1028
			1652	1027
			1653	1027
			1654	1026
			1655	1026
			1656	1025
			1657	1025
			1658	1024
			1659	1024
			1660	1023
		</curvaD_espina_dorsal>
		<curvaI_espina_dorsal type=matrix rownames=FALSE colnames=FALSE nrow=367 ncol=2 as.numeric=TRUE >
			1286	1024
			1287	1024
			1288	1024
			1289	1024
			1290	1024
			1290	1025
			1291	1025
			1292	1025
			1293	1025
			1294	1025
			1295	1025
			1296	1025
			1297	1025
			1298	1026
			1299	1026
			1300	1026
			1301	1026
			1302	1026
			1303	1026
			1304	1027
			1305	1027
			1306	1027
			1307	1027
			1308	1027
			1309	1027
			1310	1027
			1310	1028
			1311	1028
			1312	1028
			1313	1028
			1314	1028
			1315	1028
			1316	1029
			1317	1029
			1318	1029
			1319	1029
			1320	1029
			1321	1029
			1322	1030
			1323	1030
			1324	1030
			1325	1030
			1326	1030
			1327	1031
			1328	1031
			1329	1031
			1330	1031
			1331	1031
			1332	1032
			1333	1032
			1334	1032
			1335	1032
			1336	1032
			1337	1033
			1338	1033
			1339	1033
			1340	1033
			1341	1034
			1342	1034
			1343	1034
			1344	1034
			1345	1034
			1346	1035
			1347	1035
			1348	1035
			1349	1035
			1350	1035
			1351	1036
			1352	1036
			1353	1036
			1354	1036
			1355	1037
			1356	1037
			1357	1037
			1358	1038
			1359	1038
			1360	1038
			1361	1038
			1362	1039
			1363	1039
			1364	1039
			1365	1039
			1366	1040
			1367	1040
			1368	1040
			1369	1040
			1370	1041
			1371	1041
			1372	1041
			1373	1041
			1373	1042
			1374	1042
			1375	1042
			1376	1042
			1377	1043
			1378	1043
			1379	1043
			1380	1043
			1381	1044
			1382	1044
			1383	1044
			1384	1045
			1385	1045
			1386	1045
			1387	1046
			1388	1046
			1389	1046
			1390	1047
			1391	1047
			1392	1047
			1393	1048
			1394	1048
			1395	1048
			1396	1049
			1397	1049
			1398	1049
			1399	1050
			1400	1050
			1401	1050
			1402	1051
			1403	1051
			1404	1051
			1405	1052
			1406	1052
			1407	1052
			1408	1053
			1409	1053
			1410	1053
			1411	1054
			1412	1054
			1413	1054
			1414	1055
			1415	1055
			1416	1055
			1416	1056
			1417	1056
			1418	1056
			1419	1057
			1420	1057
			1421	1057
			1422	1057
			1423	1058
			1424	1058
			1425	1059
			1426	1059
			1427	1059
			1428	1060
			1429	1060
			1430	1061
			1431	1061
			1432	1061
			1433	1062
			1434	1062
			1435	1062
			1436	1063
			1437	1063
			1438	1063
			1439	1064
			1440	1064
			1441	1065
			1442	1065
			1443	1066
			1444	1066
			1445	1066
			1446	1067
			1447	1067
			1448	1068
			1449	1068
			1450	1068
			1451	1069
			1452	1069
			1453	1070
			1454	1070
			1455	1070
			1456	1071
			1457	1071
			1458	1072
			1459	1072
			1460	1073
			1461	1073
			1462	1074
			1463	1074
			1464	1075
			1465	1075
			1466	1076
			1467	1076
			1468	1076
			1469	1077
			1470	1077
			1471	1078
			1472	1079
			1473	1079
			1474	1080
			1475	1080
			1476	1081
			1477	1081
			1478	1082
			1479	1082
			1479	1083
			1480	1083
			1481	1084
			1482	1084
			1483	1085
			1483	1086
			1484	1087
			1484	1088
			1484	1089
			1484	1090
			1484	1091
			1484	1092
			1484	1093
			1484	1094
			1484	1095
			1484	1096
			1485	1096
			1485	1097
			1485	1098
			1484	1099
			1484	1100
			1484	1101
			1484	1102
			1484	1103
			1484	1104
			1484	1105
			1484	1106
			1484	1107
			1483	1108
			1483	1109
			1483	1110
			1483	1111
			1483	1112
			1482	1112
			1482	1113
			1482	1114
			1482	1115
			1481	1116
			1481	1117
			1480	1118
			1480	1119
			1480	1120
			1479	1121
			1479	1122
			1478	1123
			1478	1124
			1477	1125
			1477	1126
			1476	1127
			1476	1128
			1475	1129
			1475	1130
			1474	1131
			1473	1132
			1473	1133
			1472	1134
			1471	1135
			1471	1136
			1470	1137
			1469	1138
			1469	1139
			1468	1140
			1467	1141
			1466	1142
			1466	1143
			1465	1144
			1464	1145
			1463	1146
			1463	1147
			1462	1147
			1462	1148
			1461	1149
			1460	1150
			1459	1151
			1458	1152
			1457	1153
			1457	1154
			1456	1155
			1455	1155
			1454	1156
			1454	1157
			1453	1158
			1452	1158
			1451	1159
			1451	1160
			1450	1161
			1449	1161
			1448	1162
			1447	1163
			1447	1164
			1446	1165
			1445	1165
			1444	1166
			1443	1167
			1442	1168
			1441	1169
			1440	1170
			1439	1171
			1438	1172
			1437	1172
			1437	1173
			1436	1173
			1435	1174
			1434	1175
			1433	1176
			1432	1176
			1431	1177
			1430	1178
			1429	1179
			1428	1180
			1427	1181
			1426	1182
			1425	1182
			1425	1183
			1424	1183
			1424	1184
			1423	1185
			1423	1186
			1422	1187
			1422	1188
			1422	1189
			1421	1190
			1420	1191
			1420	1192
			1420	1193
			1419	1194
			1419	1195
			1419	1196
			1418	1197
			1418	1198
			1418	1199
			1417	1200
			1417	1201
			1417	1202
			1416	1203
			1416	1204
			1416	1205
			1415	1206
			1415	1207
			1415	1208
			1415	1209
			1415	1210
			1414	1211
			1414	1212
			1414	1213
			1414	1214
			1414	1215
			1413	1216
			1413	1217
			1413	1218
			1413	1219
			1413	1220
			1413	1221
			1412	1222
			1412	1223
			1412	1224
			1412	1225
			1412	1226
			1412	1227
			1412	1228
			1412	1229
			1412	1230
			1411	1231
			1411	1232
			1411	1233
			1411	1234
			1411	1235
			1411	1236
			1411	1237
		</curvaI_espina_dorsal>
	</curves.pixel>
	<curves.scaled type=list>
		<curvaD_espina_dorsal type=matrix rownames=FALSE colnames=FALSE nrow=378 ncol=2 as.numeric=TRUE >
			2.39478169501642	-1.90688682402552
			2.39664388918051	-1.90688682402552
			2.3985060833446	-1.90688682402552
			2.40036827750868	-1.90688682402552
			2.40223047167277	-1.90688682402552
			2.40409266583686	-1.90688682402552
			2.40595486000095	-1.90688682402552
			2.40781705416503	-1.90688682402552
			2.40967924832912	-1.90688682402552
			2.41154144249321	-1.90688682402552
			2.4134036366573	-1.90688682402552
			2.41526583082138	-1.90688682402552
			2.41712802498547	-1.90688682402552
			2.41899021914956	-1.90688682402552
			2.42085241331365	-1.90688682402552
			2.42271460747773	-1.90688682402552
			2.42457680164182	-1.90688682402552
			2.42643899580591	-1.90688682402552
			2.42830118997	-1.90688682402552
			2.43016338413408	-1.90688682402552
			2.43202557829817	-1.90688682402552
			2.43388777246226	-1.90688682402552
			2.43574996662634	-1.90688682402552
			2.43761216079043	-1.90688682402552
			2.43947435495452	-1.90688682402552
			2.44133654911861	-1.90688682402552
			2.44319874328269	-1.90688682402552
			2.44506093744678	-1.90688682402552
			2.44692313161087	-1.90688682402552
			2.44878532577496	-1.90688682402552
			2.45064751993904	-1.90688682402552
			2.45250971410313	-1.90688682402552
			2.45437190826722	-1.90688682402552
			2.45623410243131	-1.90688682402552
			2.45809629659539	-1.90688682402552
			2.45995849075948	-1.90688682402552
			2.46182068492357	-1.90688682402552
			2.46368287908766	-1.90688682402552
			2.46554507325174	-1.90874901818961
			2.46740726741583	-1.90874901818961
			2.46926946157992	-1.90874901818961
			2.47113165574401	-1.90874901818961
			2.47299384990809	-1.90874901818961
			2.47485604407218	-1.90874901818961
			2.47671823823627	-1.90874901818961
			2.47858043240036	-1.90874901818961
			2.48044262656444	-1.90874901818961
			2.48230482072853	-1.90874901818961
			2.48416701489262	-1.90874901818961
			2.48602920905671	-1.90874901818961
			2.48789140322079	-1.90874901818961
			2.48975359738488	-1.90874901818961
			2.49161579154897	-1.90874901818961
			2.49347798571305	-1.91061121235369
			2.49534017987714	-1.91061121235369
			2.49720237404123	-1.91061121235369
			2.49906456820532	-1.91061121235369
			2.5009267623694	-1.91061121235369
			2.50278895653349	-1.91061121235369
			2.50465115069758	-1.91061121235369
			2.50651334486167	-1.91061121235369
			2.50837553902575	-1.91061121235369
			2.51023773318984	-1.91061121235369
			2.51209992735393	-1.91061121235369
			2.51396212151802	-1.91061121235369
			2.5158243156821	-1.91247340651778
			2.51768650984619	-1.91247340651778
			2.51954870401028	-1.91247340651778
			2.52141089817437	-1.91247340651778
			2.52327309233845	-1.91247340651778
			2.52513528650254	-1.91247340651778
			2.52699748066663	-1.91247340651778
			2.52885967483072	-1.91247340651778
			2.5307218689948	-1.91247340651778
			2.53258406315889	-1.91247340651778
			2.53444625732298	-1.91247340651778
			2.53630845148707	-1.91247340651778
			2.53817064565115	-1.91433560068187
			2.54003283981524	-1.91433560068187
			2.54189503397933	-1.91433560068187
			2.54375722814342	-1.91433560068187
			2.5456194223075	-1.91433560068187
			2.54748161647159	-1.91433560068187
			2.54934381063568	-1.91433560068187
			2.55120600479976	-1.91433560068187
			2.55306819896385	-1.91433560068187
			2.55493039312794	-1.91433560068187
			2.55679258729203	-1.91619779484595
			2.55865478145611	-1.91619779484595
			2.5605169756202	-1.91619779484595
			2.56237916978429	-1.91619779484595
			2.56424136394838	-1.91619779484595
			2.56610355811246	-1.91619779484595
			2.56796575227655	-1.91619779484595
			2.56982794644064	-1.91619779484595
			2.57169014060473	-1.91619779484595
			2.57355233476881	-1.91619779484595
			2.5754145289329	-1.91619779484595
			2.57727672309699	-1.91805998901004
			2.57913891726108	-1.91805998901004
			2.58100111142516	-1.91805998901004
			2.58286330558925	-1.91805998901004
			2.58472549975334	-1.91805998901004
			2.58658769391743	-1.91805998901004
			2.58844988808151	-1.91805998901004
			2.5903120822456	-1.91805998901004
			2.59217427640969	-1.91992218317413
			2.59403647057378	-1.91992218317413
			2.59589866473786	-1.91992218317413
			2.59776085890195	-1.91992218317413
			2.59962305306604	-1.91992218317413
			2.60148524723013	-1.92178437733822
			2.60334744139421	-1.92178437733822
			2.6052096355583	-1.92178437733822
			2.60707182972239	-1.92178437733822
			2.60893402388647	-1.92178437733822
			2.61079621805056	-1.92178437733822
			2.61265841221465	-1.9236465715023
			2.61452060637874	-1.9236465715023
			2.61638280054282	-1.9236465715023
			2.61824499470691	-1.9236465715023
			2.620107188871	-1.9236465715023
			2.62196938303509	-1.9236465715023
			2.62383157719917	-1.92550876566639
			2.62569377136326	-1.92550876566639
			2.62755596552735	-1.92550876566639
			2.62941815969144	-1.92550876566639
			2.63128035385552	-1.92550876566639
			2.63314254801961	-1.92737095983048
			2.6350047421837	-1.92737095983048
			2.63686693634779	-1.92737095983048
			2.63872913051187	-1.92737095983048
			2.64059132467596	-1.92737095983048
			2.64245351884005	-1.92737095983048
			2.64431571300414	-1.92923315399457
			2.64617790716822	-1.92923315399457
			2.64804010133231	-1.92923315399457
			2.6499022954964	-1.92923315399457
			2.65176448966049	-1.92923315399457
			2.65362668382457	-1.92923315399457
			2.65548887798866	-1.93109534815865
			2.65735107215275	-1.93109534815865
			2.65921326631684	-1.93109534815865
			2.66107546048092	-1.93109534815865
			2.66293765464501	-1.93109534815865
			2.6647998488091	-1.93295754232274
			2.66666204297319	-1.93295754232274
			2.66852423713727	-1.93295754232274
			2.67038643130136	-1.93295754232274
			2.67224862546545	-1.93295754232274
			2.67411081962953	-1.93481973648683
			2.67597301379362	-1.93481973648683
			2.67783520795771	-1.93481973648683
			2.6796974021218	-1.93481973648683
			2.68155959628588	-1.93481973648683
			2.68342179044997	-1.93668193065092
			2.68528398461406	-1.93668193065092
			2.68714617877815	-1.93668193065092
			2.68900837294223	-1.93668193065092
			2.69087056710632	-1.93668193065092
			2.69273276127041	-1.93668193065092
			2.69273276127041	-1.938544124815
			2.6945949554345	-1.938544124815
			2.69645714959858	-1.938544124815
			2.69831934376267	-1.938544124815
			2.70018153792676	-1.938544124815
			2.70204373209085	-1.938544124815
			2.70390592625493	-1.94040631897909
			2.70576812041902	-1.94040631897909
			2.70763031458311	-1.94040631897909
			2.7094925087472	-1.94040631897909
			2.71135470291128	-1.94226851314318
			2.71321689707537	-1.94226851314318
			2.71507909123946	-1.94226851314318
			2.71694128540355	-1.94226851314318
			2.71880347956763	-1.94226851314318
			2.72066567373172	-1.94413070730727
			2.72252786789581	-1.94413070730727
			2.7243900620599	-1.94413070730727
			2.72625225622398	-1.94413070730727
			2.72811445038807	-1.94413070730727
			2.72997664455216	-1.94599290147135
			2.73183883871624	-1.94599290147135
			2.73370103288033	-1.94599290147135
			2.73556322704442	-1.94599290147135
			2.73742542120851	-1.94599290147135
			2.73928761537259	-1.94785509563544
			2.74114980953668	-1.94785509563544
			2.74301200370077	-1.94785509563544
			2.74487419786486	-1.94971728979953
			2.74673639202894	-1.94971728979953
			2.74859858619303	-1.94971728979953
			2.75046078035712	-1.94971728979953
			2.75232297452121	-1.94971728979953
			2.75418516868529	-1.95157948396362
			2.75604736284938	-1.95157948396362
			2.75790955701347	-1.95157948396362
			2.75977175117756	-1.95157948396362
			2.76163394534164	-1.9534416781277
			2.76349613950573	-1.9534416781277
			2.76535833366982	-1.9534416781277
			2.76722052783391	-1.9534416781277
			2.76908272199799	-1.9534416781277
			2.76908272199799	-1.95530387229179
			2.77094491616208	-1.95530387229179
			2.77280711032617	-1.95530387229179
			2.77466930449026	-1.95530387229179
			2.77653149865434	-1.95716606645588
			2.77839369281843	-1.95716606645588
			2.78025588698252	-1.95716606645588
			2.78211808114661	-1.95716606645588
			2.78398027531069	-1.95902826061997
			2.78584246947478	-1.95902826061997
			2.78770466363887	-1.95902826061997
			2.78956685780295	-1.95902826061997
			2.79142905196704	-1.96089045478405
			2.79329124613113	-1.96089045478405
			2.79515344029522	-1.96089045478405
			2.7970156344593	-1.96089045478405
			2.79887782862339	-1.96275264894814
			2.80074002278748	-1.96275264894814
			2.80260221695157	-1.96275264894814
			2.80446441111565	-1.96461484311223
			2.80632660527974	-1.96647703727632
			2.80818879944383	-1.96647703727632
			2.81005099360792	-1.96647703727632
			2.811913187772	-1.9683392314404
			2.81377538193609	-1.9683392314404
			2.81563757610018	-1.97020142560449
			2.81749977026427	-1.97020142560449
			2.81936196442835	-1.97020142560449
			2.82122415859244	-1.97020142560449
			2.82308635275653	-1.97206361976858
			2.82494854692062	-1.97206361976858
			2.8268107410847	-1.97206361976858
			2.82867293524879	-1.97392581393266
			2.83053512941288	-1.97392581393266
			2.83239732357697	-1.97392581393266
			2.83425951774105	-1.97392581393266
			2.83612171190514	-1.97578800809675
			2.83798390606923	-1.97578800809675
			2.83984610023332	-1.97578800809675
			2.8417082943974	-1.97578800809675
			2.84357048856149	-1.97578800809675
			2.84543268272558	-1.97578800809675
			2.84729487688966	-1.97578800809675
			2.84915707105375	-1.97765020226084
			2.85101926521784	-1.97765020226084
			2.85288145938193	-1.97765020226084
			2.85474365354601	-1.97765020226084
			2.8566058477101	-1.97765020226084
			2.85846804187419	-1.97765020226084
			2.86033023603828	-1.97765020226084
			2.86219243020236	-1.97765020226084
			2.86405462436645	-1.97765020226084
			2.86591681853054	-1.97765020226084
			2.86777901269463	-1.97765020226084
			2.86964120685871	-1.97765020226084
			2.8715034010228	-1.97765020226084
			2.87336559518689	-1.97765020226084
			2.87522778935098	-1.97765020226084
			2.87708998351506	-1.97765020226084
			2.87895217767915	-1.97765020226084
			2.88081437184324	-1.97765020226084
			2.88267656600733	-1.97765020226084
			2.88453876017141	-1.97765020226084
			2.8864009543355	-1.97765020226084
			2.88826314849959	-1.97765020226084
			2.89012534266368	-1.97765020226084
			2.89198753682776	-1.97765020226084
			2.89384973099185	-1.97578800809675
			2.89571192515594	-1.97578800809675
			2.89757411932003	-1.97578800809675
			2.89943631348411	-1.97578800809675
			2.9012985076482	-1.97578800809675
			2.90316070181229	-1.97578800809675
			2.90502289597637	-1.97578800809675
			2.90688509014046	-1.97392581393266
			2.90874728430455	-1.97392581393266
			2.91060947846864	-1.97392581393266
			2.91247167263272	-1.97392581393266
			2.91433386679681	-1.97392581393266
			2.9161960609609	-1.97392581393266
			2.91805825512499	-1.97206361976858
			2.91992044928907	-1.97206361976858
			2.92178264345316	-1.97206361976858
			2.92364483761725	-1.97206361976858
			2.92550703178134	-1.97206361976858
			2.92736922594542	-1.97020142560449
			2.92923142010951	-1.97020142560449
			2.9310936142736	-1.97020142560449
			2.93295580843769	-1.97020142560449
			2.93481800260177	-1.9683392314404
			2.93668019676586	-1.9683392314404
			2.93854239092995	-1.9683392314404
			2.94040458509404	-1.9683392314404
			2.94226677925812	-1.96647703727632
			2.94412897342221	-1.96647703727632
			2.9459911675863	-1.96647703727632
			2.94785336175039	-1.96647703727632
			2.94971555591447	-1.96461484311223
			2.95157775007856	-1.96461484311223
			2.95343994424265	-1.96461484311223
			2.95530213840674	-1.96275264894814
			2.95716433257082	-1.96275264894814
			2.95902652673491	-1.96275264894814
			2.960888720899	-1.96275264894814
			2.96275091506308	-1.96089045478405
			2.96461310922717	-1.96089045478405
			2.96647530339126	-1.96089045478405
			2.96833749755535	-1.95902826061997
			2.97019969171943	-1.95902826061997
			2.97206188588352	-1.95902826061997
			2.97392408004761	-1.95716606645588
			2.9757862742117	-1.95716606645588
			2.97764846837578	-1.95716606645588
			2.97951066253987	-1.95530387229179
			2.98137285670396	-1.95530387229179
			2.98323505086805	-1.9534416781277
			2.98509724503213	-1.9534416781277
			2.98695943919622	-1.9534416781277
			2.98882163336031	-1.9534416781277
			2.98882163336031	-1.95157948396362
			2.9906838275244	-1.95157948396362
			2.99254602168848	-1.95157948396362
			2.99440821585257	-1.94971728979953
			2.99627041001666	-1.94971728979953
			2.99813260418075	-1.94785509563544
			2.99999479834483	-1.94785509563544
			3.00185699250892	-1.94785509563544
			3.00371918667301	-1.94599290147135
			3.0055813808371	-1.94599290147135
			3.00744357500118	-1.94599290147135
			3.00930576916527	-1.94413070730727
			3.01116796332936	-1.94413070730727
			3.01303015749345	-1.94226851314318
			3.01489235165753	-1.94226851314318
			3.01675454582162	-1.94040631897909
			3.01861673998571	-1.94040631897909
			3.02047893414979	-1.94040631897909
			3.02234112831388	-1.938544124815
			3.02420332247797	-1.938544124815
			3.02606551664206	-1.93668193065092
			3.02792771080614	-1.93668193065092
			3.02978990497023	-1.93481973648683
			3.03165209913432	-1.93481973648683
			3.03351429329841	-1.93481973648683
			3.03537648746249	-1.93295754232274
			3.03723868162658	-1.93295754232274
			3.03910087579067	-1.93109534815865
			3.04096306995476	-1.93109534815865
			3.04282526411884	-1.92923315399457
			3.04468745828293	-1.92923315399457
			3.04654965244702	-1.92737095983048
			3.04841184661111	-1.92737095983048
			3.05027404077519	-1.92550876566639
			3.05213623493928	-1.92550876566639
			3.05399842910337	-1.9236465715023
			3.05586062326746	-1.9236465715023
			3.05772281743154	-1.92178437733822
			3.05958501159563	-1.92178437733822
			3.06144720575972	-1.91992218317413
			3.06330939992381	-1.91992218317413
			3.06517159408789	-1.91805998901004
			3.06703378825198	-1.91805998901004
			3.06889598241607	-1.91619779484595
			3.07075817658016	-1.91619779484595
			3.07262037074424	-1.91433560068187
			3.07448256490833	-1.91433560068187
			3.07634475907242	-1.91247340651778
			3.0782069532365	-1.91247340651778
			3.08006914740059	-1.91061121235369
			3.08193134156468	-1.91061121235369
			3.08379353572877	-1.90874901818961
			3.08565572989285	-1.90874901818961
			3.08751792405694	-1.90688682402552
			3.08938011822103	-1.90688682402552
			3.09124231238512	-1.90502462986143
		</curvaD_espina_dorsal>
		<curvaI_espina_dorsal type=matrix rownames=FALSE colnames=FALSE nrow=367 ncol=2 as.numeric=TRUE >
			2.39478169501642	-1.90688682402552
			2.39664388918051	-1.90688682402552
			2.3985060833446	-1.90688682402552
			2.40036827750868	-1.90688682402552
			2.40223047167277	-1.90688682402552
			2.40223047167277	-1.90874901818961
			2.40409266583686	-1.90874901818961
			2.40595486000095	-1.90874901818961
			2.40781705416503	-1.90874901818961
			2.40967924832912	-1.90874901818961
			2.41154144249321	-1.90874901818961
			2.4134036366573	-1.90874901818961
			2.41526583082138	-1.90874901818961
			2.41712802498547	-1.91061121235369
			2.41899021914956	-1.91061121235369
			2.42085241331365	-1.91061121235369
			2.42271460747773	-1.91061121235369
			2.42457680164182	-1.91061121235369
			2.42643899580591	-1.91061121235369
			2.42830118997	-1.91247340651778
			2.43016338413408	-1.91247340651778
			2.43202557829817	-1.91247340651778
			2.43388777246226	-1.91247340651778
			2.43574996662634	-1.91247340651778
			2.43761216079043	-1.91247340651778
			2.43947435495452	-1.91247340651778
			2.43947435495452	-1.91433560068187
			2.44133654911861	-1.91433560068187
			2.44319874328269	-1.91433560068187
			2.44506093744678	-1.91433560068187
			2.44692313161087	-1.91433560068187
			2.44878532577496	-1.91433560068187
			2.45064751993904	-1.91619779484595
			2.45250971410313	-1.91619779484595
			2.45437190826722	-1.91619779484595
			2.45623410243131	-1.91619779484595
			2.45809629659539	-1.91619779484595
			2.45995849075948	-1.91619779484595
			2.46182068492357	-1.91805998901004
			2.46368287908766	-1.91805998901004
			2.46554507325174	-1.91805998901004
			2.46740726741583	-1.91805998901004
			2.46926946157992	-1.91805998901004
			2.47113165574401	-1.91992218317413
			2.47299384990809	-1.91992218317413
			2.47485604407218	-1.91992218317413
			2.47671823823627	-1.91992218317413
			2.47858043240036	-1.91992218317413
			2.48044262656444	-1.92178437733822
			2.48230482072853	-1.92178437733822
			2.48416701489262	-1.92178437733822
			2.48602920905671	-1.92178437733822
			2.48789140322079	-1.92178437733822
			2.48975359738488	-1.9236465715023
			2.49161579154897	-1.9236465715023
			2.49347798571305	-1.9236465715023
			2.49534017987714	-1.9236465715023
			2.49720237404123	-1.92550876566639
			2.49906456820532	-1.92550876566639
			2.5009267623694	-1.92550876566639
			2.50278895653349	-1.92550876566639
			2.50465115069758	-1.92550876566639
			2.50651334486167	-1.92737095983048
			2.50837553902575	-1.92737095983048
			2.51023773318984	-1.92737095983048
			2.51209992735393	-1.92737095983048
			2.51396212151802	-1.92737095983048
			2.5158243156821	-1.92923315399457
			2.51768650984619	-1.92923315399457
			2.51954870401028	-1.92923315399457
			2.52141089817437	-1.92923315399457
			2.52327309233845	-1.93109534815865
			2.52513528650254	-1.93109534815865
			2.52699748066663	-1.93109534815865
			2.52885967483072	-1.93295754232274
			2.5307218689948	-1.93295754232274
			2.53258406315889	-1.93295754232274
			2.53444625732298	-1.93295754232274
			2.53630845148707	-1.93481973648683
			2.53817064565115	-1.93481973648683
			2.54003283981524	-1.93481973648683
			2.54189503397933	-1.93481973648683
			2.54375722814342	-1.93668193065092
			2.5456194223075	-1.93668193065092
			2.54748161647159	-1.93668193065092
			2.54934381063568	-1.93668193065092
			2.55120600479976	-1.938544124815
			2.55306819896385	-1.938544124815
			2.55493039312794	-1.938544124815
			2.55679258729203	-1.938544124815
			2.55679258729203	-1.94040631897909
			2.55865478145611	-1.94040631897909
			2.5605169756202	-1.94040631897909
			2.56237916978429	-1.94040631897909
			2.56424136394838	-1.94226851314318
			2.56610355811246	-1.94226851314318
			2.56796575227655	-1.94226851314318
			2.56982794644064	-1.94226851314318
			2.57169014060473	-1.94413070730727
			2.57355233476881	-1.94413070730727
			2.5754145289329	-1.94413070730727
			2.57727672309699	-1.94599290147135
			2.57913891726108	-1.94599290147135
			2.58100111142516	-1.94599290147135
			2.58286330558925	-1.94785509563544
			2.58472549975334	-1.94785509563544
			2.58658769391743	-1.94785509563544
			2.58844988808151	-1.94971728979953
			2.5903120822456	-1.94971728979953
			2.59217427640969	-1.94971728979953
			2.59403647057378	-1.95157948396362
			2.59589866473786	-1.95157948396362
			2.59776085890195	-1.95157948396362
			2.59962305306604	-1.9534416781277
			2.60148524723013	-1.9534416781277
			2.60334744139421	-1.9534416781277
			2.6052096355583	-1.95530387229179
			2.60707182972239	-1.95530387229179
			2.60893402388647	-1.95530387229179
			2.61079621805056	-1.95716606645588
			2.61265841221465	-1.95716606645588
			2.61452060637874	-1.95716606645588
			2.61638280054282	-1.95902826061997
			2.61824499470691	-1.95902826061997
			2.620107188871	-1.95902826061997
			2.62196938303509	-1.96089045478405
			2.62383157719917	-1.96089045478405
			2.62569377136326	-1.96089045478405
			2.62755596552735	-1.96275264894814
			2.62941815969144	-1.96275264894814
			2.63128035385552	-1.96275264894814
			2.63314254801961	-1.96461484311223
			2.6350047421837	-1.96461484311223
			2.63686693634779	-1.96461484311223
			2.63686693634779	-1.96647703727632
			2.63872913051187	-1.96647703727632
			2.64059132467596	-1.96647703727632
			2.64245351884005	-1.9683392314404
			2.64431571300414	-1.9683392314404
			2.64617790716822	-1.9683392314404
			2.64804010133231	-1.9683392314404
			2.6499022954964	-1.97020142560449
			2.65176448966049	-1.97020142560449
			2.65362668382457	-1.97206361976858
			2.65548887798866	-1.97206361976858
			2.65735107215275	-1.97206361976858
			2.65921326631684	-1.97392581393266
			2.66107546048092	-1.97392581393266
			2.66293765464501	-1.97578800809675
			2.6647998488091	-1.97578800809675
			2.66666204297319	-1.97578800809675
			2.66852423713727	-1.97765020226084
			2.67038643130136	-1.97765020226084
			2.67224862546545	-1.97765020226084
			2.67411081962953	-1.97951239642493
			2.67597301379362	-1.97951239642493
			2.67783520795771	-1.97951239642493
			2.6796974021218	-1.98137459058901
			2.68155959628588	-1.98137459058901
			2.68342179044997	-1.9832367847531
			2.68528398461406	-1.9832367847531
			2.68714617877815	-1.98509897891719
			2.68900837294223	-1.98509897891719
			2.69087056710632	-1.98509897891719
			2.69273276127041	-1.98696117308128
			2.6945949554345	-1.98696117308128
			2.69645714959858	-1.98882336724536
			2.69831934376267	-1.98882336724536
			2.70018153792676	-1.98882336724536
			2.70204373209085	-1.99068556140945
			2.70390592625493	-1.99068556140945
			2.70576812041902	-1.99254775557354
			2.70763031458311	-1.99254775557354
			2.7094925087472	-1.99254775557354
			2.71135470291128	-1.99440994973763
			2.71321689707537	-1.99440994973763
			2.71507909123946	-1.99627214390171
			2.71694128540355	-1.99627214390171
			2.71880347956763	-1.9981343380658
			2.72066567373172	-1.9981343380658
			2.72252786789581	-1.99999653222989
			2.7243900620599	-1.99999653222989
			2.72625225622398	-2.00185872639398
			2.72811445038807	-2.00185872639398
			2.72997664455216	-2.00372092055806
			2.73183883871624	-2.00372092055806
			2.73370103288033	-2.00372092055806
			2.73556322704442	-2.00558311472215
			2.73742542120851	-2.00558311472215
			2.73928761537259	-2.00744530888624
			2.74114980953668	-2.00930750305033
			2.74301200370077	-2.00930750305033
			2.74487419786486	-2.01116969721441
			2.74673639202894	-2.01116969721441
			2.74859858619303	-2.0130318913785
			2.75046078035712	-2.0130318913785
			2.75232297452121	-2.01489408554259
			2.75418516868529	-2.01489408554259
			2.75418516868529	-2.01675627970668
			2.75604736284938	-2.01675627970668
			2.75790955701347	-2.01861847387076
			2.75977175117756	-2.01861847387076
			2.76163394534164	-2.02048066803485
			2.76163394534164	-2.02234286219894
			2.76349613950573	-2.02420505636303
			2.76349613950573	-2.02606725052711
			2.76349613950573	-2.0279294446912
			2.76349613950573	-2.02979163885529
			2.76349613950573	-2.03165383301937
			2.76349613950573	-2.03351602718346
			2.76349613950573	-2.03537822134755
			2.76349613950573	-2.03724041551164
			2.76349613950573	-2.03910260967572
			2.76349613950573	-2.04096480383981
			2.76535833366982	-2.04096480383981
			2.76535833366982	-2.0428269980039
			2.76535833366982	-2.04468919216799
			2.76349613950573	-2.04655138633207
			2.76349613950573	-2.04841358049616
			2.76349613950573	-2.05027577466025
			2.76349613950573	-2.05213796882434
			2.76349613950573	-2.05400016298842
			2.76349613950573	-2.05586235715251
			2.76349613950573	-2.0577245513166
			2.76349613950573	-2.05958674548069
			2.76349613950573	-2.06144893964477
			2.76163394534164	-2.06331113380886
			2.76163394534164	-2.06517332797295
			2.76163394534164	-2.06703552213704
			2.76163394534164	-2.06889771630112
			2.76163394534164	-2.07075991046521
			2.75977175117756	-2.07075991046521
			2.75977175117756	-2.0726221046293
			2.75977175117756	-2.07448429879339
			2.75977175117756	-2.07634649295747
			2.75790955701347	-2.07820868712156
			2.75790955701347	-2.08007088128565
			2.75604736284938	-2.08193307544974
			2.75604736284938	-2.08379526961382
			2.75604736284938	-2.08565746377791
			2.75418516868529	-2.087519657942
			2.75418516868529	-2.08938185210608
			2.75232297452121	-2.09124404627017
			2.75232297452121	-2.09310624043426
			2.75046078035712	-2.09496843459835
			2.75046078035712	-2.09683062876243
			2.74859858619303	-2.09869282292652
			2.74859858619303	-2.10055501709061
			2.74673639202894	-2.1024172112547
			2.74673639202894	-2.10427940541878
			2.74487419786486	-2.10614159958287
			2.74301200370077	-2.10800379374696
			2.74301200370077	-2.10986598791105
			2.74114980953668	-2.11172818207513
			2.73928761537259	-2.11359037623922
			2.73928761537259	-2.11545257040331
			2.73742542120851	-2.1173147645674
			2.73556322704442	-2.11917695873148
			2.73556322704442	-2.12103915289557
			2.73370103288033	-2.12290134705966
			2.73183883871624	-2.12476354122375
			2.72997664455216	-2.12662573538783
			2.72997664455216	-2.12848792955192
			2.72811445038807	-2.13035012371601
			2.72625225622398	-2.1322123178801
			2.7243900620599	-2.13407451204418
			2.7243900620599	-2.13593670620827
			2.72252786789581	-2.13593670620827
			2.72252786789581	-2.13779890037236
			2.72066567373172	-2.13966109453645
			2.71880347956763	-2.14152328870053
			2.71694128540355	-2.14338548286462
			2.71507909123946	-2.14524767702871
			2.71321689707537	-2.14710987119279
			2.71321689707537	-2.14897206535688
			2.71135470291128	-2.15083425952097
			2.7094925087472	-2.15083425952097
			2.70763031458311	-2.15269645368506
			2.70763031458311	-2.15455864784914
			2.70576812041902	-2.15642084201323
			2.70390592625493	-2.15642084201323
			2.70204373209085	-2.15828303617732
			2.70204373209085	-2.16014523034141
			2.70018153792676	-2.16200742450549
			2.69831934376267	-2.16200742450549
			2.69645714959858	-2.16386961866958
			2.6945949554345	-2.16573181283367
			2.6945949554345	-2.16759400699776
			2.69273276127041	-2.16945620116184
			2.69087056710632	-2.16945620116184
			2.68900837294223	-2.17131839532593
			2.68714617877815	-2.17318058949002
			2.68528398461406	-2.17504278365411
			2.68342179044997	-2.17690497781819
			2.68155959628588	-2.17876717198228
			2.6796974021218	-2.18062936614637
			2.67783520795771	-2.18249156031046
			2.67597301379362	-2.18249156031046
			2.67597301379362	-2.18435375447454
			2.67411081962953	-2.18435375447454
			2.67224862546545	-2.18621594863863
			2.67038643130136	-2.18807814280272
			2.66852423713727	-2.18994033696681
			2.66666204297319	-2.18994033696681
			2.6647998488091	-2.19180253113089
			2.66293765464501	-2.19366472529498
			2.66107546048092	-2.19552691945907
			2.65921326631684	-2.19738911362316
			2.65735107215275	-2.19925130778724
			2.65548887798866	-2.20111350195133
			2.65362668382457	-2.20111350195133
			2.65362668382457	-2.20297569611542
			2.65176448966049	-2.20297569611542
			2.65176448966049	-2.2048378902795
			2.6499022954964	-2.20670008444359
			2.6499022954964	-2.20856227860768
			2.64804010133231	-2.21042447277177
			2.64804010133231	-2.21228666693585
			2.64804010133231	-2.21414886109994
			2.64617790716822	-2.21601105526403
			2.64431571300414	-2.21787324942812
			2.64431571300414	-2.2197354435922
			2.64431571300414	-2.22159763775629
			2.64245351884005	-2.22345983192038
			2.64245351884005	-2.22532202608447
			2.64245351884005	-2.22718422024855
			2.64059132467596	-2.22904641441264
			2.64059132467596	-2.23090860857673
			2.64059132467596	-2.23277080274082
			2.63872913051187	-2.2346329969049
			2.63872913051187	-2.23649519106899
			2.63872913051187	-2.23835738523308
			2.63686693634779	-2.24021957939717
			2.63686693634779	-2.24208177356125
			2.63686693634779	-2.24394396772534
			2.6350047421837	-2.24580616188943
			2.6350047421837	-2.24766835605352
			2.6350047421837	-2.2495305502176
			2.6350047421837	-2.25139274438169
			2.6350047421837	-2.25325493854578
			2.63314254801961	-2.25511713270987
			2.63314254801961	-2.25697932687395
			2.63314254801961	-2.25884152103804
			2.63314254801961	-2.26070371520213
			2.63314254801961	-2.26256590936621
			2.63128035385552	-2.2644281035303
			2.63128035385552	-2.26629029769439
			2.63128035385552	-2.26815249185848
			2.63128035385552	-2.27001468602256
			2.63128035385552	-2.27187688018665
			2.63128035385552	-2.27373907435074
			2.62941815969144	-2.27560126851483
			2.62941815969144	-2.27746346267891
			2.62941815969144	-2.279325656843
			2.62941815969144	-2.28118785100709
			2.62941815969144	-2.28305004517118
			2.62941815969144	-2.28491223933526
			2.62941815969144	-2.28677443349935
			2.62941815969144	-2.28863662766344
			2.62941815969144	-2.29049882182753
			2.62755596552735	-2.29236101599161
			2.62755596552735	-2.2942232101557
			2.62755596552735	-2.29608540431979
			2.62755596552735	-2.29794759848388
			2.62755596552735	-2.29980979264796
			2.62755596552735	-2.30167198681205
			2.62755596552735	-2.30353418097614
		</curvaI_espina_dorsal>
	</curves.scaled>
	<ruler.points type=matrix rownames=TRUE colnames=FALSE nrow=2 ncol=2 as.numeric=TRUE >
		Ruler point 1	1569	576
		Ruler point 2	2106	575
	</ruler.points>
</shapes>

