<shapes type=list>
	<ruler.pixel type=vector names=FALSE length=1 as.numeric=TRUE >536.008395456638</ruler.pixel>
	<ruler.interval type=vector names=FALSE length=1 as.numeric=TRUE >1</ruler.interval>
	<scaling.units type=vector names=FALSE length=1 as.numeric=FALSE >mm</scaling.units>
	<scaling type=vector names=FALSE length=1 as.numeric=TRUE >0.00186219416408742</scaling>
	<landmarks.pixel type=matrix rownames=TRUE colnames=FALSE nrow=3 ncol=2 as.numeric=TRUE >
		punta_espina_dorsal	1295	1122
		esq_izq_caparaza	1513	1295
		organo_dorsal	1618	985
	</landmarks.pixel>
	<landmarks.scaled type=matrix rownames=TRUE colnames=FALSE nrow=3 ncol=2 as.numeric=TRUE >
		punta_espina_dorsal	2.41154144249321	-2.08938185210608
		esq_izq_caparaza	2.81749977026427	-2.41154144249321
		organo_dorsal	3.01303015749345	-1.83426125162611
	</landmarks.scaled>
	<curves.control type=list>
		<curvaD_espina_dorsal type=matrix rownames=FALSE colnames=FALSE nrow=7 ncol=2 as.numeric=TRUE >
			1295	1122
			1349	1090
			1400	1081
			1462	1063
			1500	1062
			1557	1074
			1618	985
		</curvaD_espina_dorsal>
		<curvaI_espina_dorsal type=matrix rownames=FALSE colnames=FALSE nrow=9 ncol=2 as.numeric=TRUE >
			1295	1122
			1332	1107
			1387	1100
			1467	1087
			1486	1099
			1516	1135
			1484	1212
			1484	1257
			1513	1295
		</curvaI_espina_dorsal>
	</curves.control>
	<curves.pixel type=list>
		<curvaD_espina_dorsal type=matrix rownames=FALSE colnames=FALSE nrow=352 ncol=2 as.numeric=TRUE >
			1295	1122
			1296	1121
			1297	1121
			1298	1120
			1299	1120
			1299	1119
			1300	1119
			1301	1118
			1302	1118
			1303	1117
			1304	1117
			1305	1116
			1306	1116
			1307	1115
			1308	1114
			1309	1114
			1310	1113
			1311	1113
			1312	1112
			1313	1112
			1314	1111
			1315	1111
			1316	1110
			1317	1110
			1318	1110
			1318	1109
			1319	1109
			1320	1108
			1321	1108
			1322	1107
			1323	1107
			1324	1106
			1325	1106
			1326	1106
			1327	1105
			1328	1105
			1328	1104
			1329	1104
			1330	1103
			1331	1103
			1332	1103
			1333	1102
			1334	1102
			1335	1101
			1336	1101
			1337	1101
			1337	1100
			1338	1100
			1339	1099
			1340	1099
			1341	1099
			1342	1098
			1343	1098
			1344	1098
			1345	1097
			1346	1097
			1346	1096
			1347	1096
			1348	1096
			1349	1095
			1350	1095
			1351	1095
			1352	1094
			1353	1094
			1354	1094
			1355	1093
			1356	1093
			1357	1092
			1358	1092
			1359	1092
			1360	1092
			1360	1091
			1361	1091
			1362	1091
			1363	1090
			1364	1090
			1365	1090
			1366	1089
			1367	1089
			1368	1089
			1369	1089
			1369	1088
			1370	1088
			1371	1088
			1372	1088
			1372	1087
			1373	1087
			1374	1087
			1375	1087
			1376	1086
			1377	1086
			1378	1086
			1379	1086
			1380	1085
			1381	1085
			1382	1085
			1383	1085
			1383	1084
			1384	1084
			1385	1084
			1386	1084
			1387	1084
			1388	1083
			1389	1083
			1390	1083
			1391	1083
			1392	1083
			1393	1082
			1394	1082
			1395	1082
			1396	1082
			1397	1082
			1397	1081
			1398	1081
			1399	1081
			1400	1081
			1401	1081
			1402	1080
			1403	1080
			1404	1080
			1405	1080
			1406	1079
			1407	1079
			1408	1079
			1409	1078
			1410	1078
			1411	1078
			1412	1078
			1412	1077
			1413	1077
			1414	1077
			1415	1077
			1416	1076
			1417	1076
			1418	1076
			1419	1076
			1420	1075
			1421	1075
			1422	1075
			1423	1075
			1424	1074
			1425	1074
			1426	1074
			1427	1074
			1428	1073
			1429	1073
			1430	1073
			1431	1073
			1432	1073
			1432	1072
			1433	1072
			1434	1072
			1435	1072
			1436	1071
			1437	1071
			1438	1071
			1439	1071
			1440	1071
			1441	1070
			1442	1070
			1443	1070
			1444	1070
			1445	1070
			1445	1069
			1446	1069
			1447	1069
			1448	1069
			1449	1069
			1450	1068
			1451	1068
			1452	1068
			1453	1068
			1454	1068
			1455	1067
			1456	1067
			1457	1067
			1458	1067
			1459	1067
			1460	1066
			1461	1066
			1462	1066
			1463	1066
			1464	1066
			1465	1066
			1466	1066
			1467	1065
			1468	1065
			1469	1065
			1470	1065
			1471	1065
			1472	1064
			1473	1064
			1474	1064
			1475	1064
			1476	1064
			1477	1064
			1478	1064
			1479	1064
			1480	1063
			1481	1063
			1482	1063
			1483	1063
			1484	1063
			1485	1063
			1486	1063
			1487	1063
			1488	1063
			1489	1063
			1490	1063
			1491	1062
			1492	1062
			1493	1062
			1494	1062
			1495	1062
			1496	1062
			1497	1062
			1498	1062
			1499	1062
			1500	1062
			1501	1062
			1502	1062
			1503	1063
			1504	1063
			1505	1063
			1506	1063
			1507	1063
			1508	1063
			1509	1063
			1510	1063
			1511	1063
			1512	1063
			1513	1063
			1514	1063
			1515	1063
			1516	1063
			1517	1063
			1518	1063
			1519	1063
			1520	1063
			1521	1063
			1522	1063
			1523	1063
			1524	1063
			1525	1062
			1526	1062
			1527	1062
			1528	1062
			1529	1062
			1530	1061
			1531	1061
			1532	1061
			1533	1061
			1534	1060
			1535	1060
			1536	1060
			1537	1059
			1538	1059
			1539	1059
			1540	1058
			1541	1058
			1542	1057
			1543	1057
			1544	1057
			1545	1056
			1546	1055
			1547	1055
			1548	1055
			1549	1054
			1550	1054
			1551	1053
			1552	1053
			1553	1052
			1554	1051
			1555	1051
			1555	1050
			1556	1050
			1557	1049
			1558	1049
			1559	1048
			1560	1047
			1561	1047
			1562	1046
			1563	1045
			1564	1045
			1565	1044
			1566	1043
			1567	1043
			1568	1042
			1569	1041
			1570	1040
			1571	1039
			1572	1038
			1573	1038
			1573	1037
			1574	1036
			1575	1036
			1575	1035
			1576	1035
			1577	1034
			1578	1033
			1579	1032
			1580	1031
			1581	1030
			1582	1029
			1583	1028
			1584	1028
			1584	1027
			1585	1026
			1586	1025
			1587	1024
			1588	1023
			1588	1022
			1589	1022
			1590	1021
			1591	1020
			1592	1019
			1593	1018
			1593	1017
			1594	1016
			1595	1015
			1596	1014
			1597	1013
			1597	1012
			1598	1011
			1599	1010
			1600	1009
			1601	1008
			1602	1007
			1602	1006
			1603	1005
			1604	1004
			1605	1003
			1606	1002
			1607	1001
			1607	1000
			1608	999
			1609	998
			1610	997
			1610	996
			1611	996
			1611	995
			1612	994
			1612	993
			1613	993
			1613	992
			1614	991
			1615	990
			1616	989
			1616	988
			1617	987
			1617	986
			1618	985
		</curvaD_espina_dorsal>
		<curvaI_espina_dorsal type=matrix rownames=FALSE colnames=FALSE nrow=401 ncol=2 as.numeric=TRUE >
			1295	1122
			1296	1122
			1296	1121
			1297	1121
			1298	1121
			1299	1121
			1299	1120
			1300	1120
			1301	1120
			1302	1119
			1303	1119
			1304	1119
			1305	1118
			1306	1118
			1307	1118
			1308	1117
			1309	1117
			1310	1117
			1311	1116
			1312	1116
			1313	1116
			1314	1115
			1315	1115
			1316	1115
			1317	1114
			1318	1114
			1319	1114
			1320	1113
			1321	1113
			1322	1113
			1323	1113
			1324	1112
			1325	1112
			1326	1112
			1327	1111
			1328	1111
			1329	1111
			1330	1111
			1331	1110
			1332	1110
			1333	1110
			1334	1110
			1335	1109
			1336	1109
			1337	1109
			1338	1109
			1339	1108
			1340	1108
			1341	1108
			1342	1108
			1343	1108
			1344	1107
			1345	1107
			1346	1107
			1347	1107
			1348	1106
			1349	1106
			1350	1106
			1351	1106
			1352	1106
			1353	1105
			1354	1105
			1355	1105
			1356	1105
			1357	1105
			1358	1104
			1359	1104
			1360	1104
			1361	1104
			1362	1104
			1363	1104
			1364	1103
			1365	1103
			1366	1103
			1367	1103
			1368	1103
			1369	1103
			1370	1102
			1371	1102
			1372	1102
			1373	1102
			1374	1102
			1375	1102
			1376	1102
			1377	1101
			1378	1101
			1379	1101
			1380	1101
			1381	1101
			1382	1101
			1383	1101
			1384	1100
			1385	1100
			1386	1100
			1387	1100
			1388	1100
			1389	1100
			1390	1100
			1391	1099
			1392	1099
			1393	1099
			1394	1099
			1395	1099
			1396	1099
			1397	1098
			1398	1098
			1399	1098
			1400	1098
			1401	1098
			1402	1098
			1403	1098
			1404	1097
			1405	1097
			1406	1097
			1407	1097
			1408	1097
			1409	1097
			1410	1097
			1411	1096
			1412	1096
			1413	1096
			1414	1096
			1415	1096
			1416	1096
			1417	1096
			1418	1096
			1419	1096
			1419	1095
			1420	1095
			1421	1095
			1422	1095
			1423	1095
			1424	1095
			1425	1095
			1426	1095
			1427	1095
			1428	1095
			1429	1094
			1430	1094
			1431	1094
			1432	1094
			1433	1094
			1434	1094
			1435	1094
			1436	1094
			1437	1094
			1438	1094
			1439	1094
			1440	1094
			1441	1094
			1442	1094
			1443	1094
			1444	1093
			1445	1093
			1446	1093
			1447	1093
			1448	1093
			1449	1093
			1450	1093
			1451	1093
			1452	1093
			1453	1093
			1454	1093
			1455	1093
			1456	1093
			1457	1093
			1458	1093
			1459	1093
			1460	1093
			1461	1093
			1462	1093
			1463	1094
			1464	1094
			1465	1094
			1466	1094
			1467	1094
			1468	1094
			1469	1094
			1470	1094
			1471	1094
			1472	1094
			1472	1095
			1473	1095
			1474	1095
			1475	1095
			1476	1095
			1477	1095
			1478	1096
			1479	1096
			1480	1096
			1481	1097
			1482	1097
			1483	1097
			1484	1098
			1485	1098
			1485	1099
			1486	1099
			1487	1100
			1488	1101
			1488	1102
			1489	1103
			1489	1104
			1490	1104
			1491	1105
			1491	1106
			1492	1107
			1492	1108
			1492	1109
			1493	1109
			1493	1110
			1494	1111
			1494	1112
			1495	1113
			1495	1114
			1495	1115
			1496	1116
			1496	1117
			1497	1118
			1497	1119
			1497	1120
			1498	1121
			1498	1122
			1498	1123
			1498	1124
			1499	1125
			1499	1126
			1499	1127
			1499	1128
			1499	1129
			1500	1130
			1500	1131
			1500	1132
			1500	1133
			1500	1134
			1500	1135
			1500	1136
			1500	1137
			1500	1138
			1500	1139
			1500	1140
			1500	1141
			1501	1142
			1501	1143
			1501	1144
			1501	1145
			1500	1146
			1500	1147
			1500	1148
			1500	1149
			1500	1150
			1500	1151
			1500	1152
			1500	1153
			1500	1154
			1500	1155
			1500	1156
			1500	1157
			1500	1158
			1499	1159
			1499	1160
			1499	1161
			1499	1162
			1499	1163
			1499	1164
			1498	1165
			1498	1166
			1498	1167
			1498	1168
			1498	1169
			1497	1170
			1497	1171
			1497	1172
			1497	1173
			1497	1174
			1496	1175
			1496	1176
			1496	1177
			1496	1178
			1495	1179
			1495	1180
			1495	1181
			1495	1182
			1494	1182
			1494	1183
			1494	1184
			1494	1185
			1494	1186
			1493	1186
			1493	1187
			1493	1188
			1493	1189
			1492	1190
			1492	1191
			1491	1192
			1491	1193
			1491	1194
			1490	1195
			1490	1196
			1490	1197
			1489	1198
			1489	1199
			1489	1200
			1488	1201
			1488	1202
			1487	1203
			1487	1204
			1487	1205
			1486	1206
			1486	1207
			1485	1208
			1485	1209
			1485	1210
			1484	1211
			1484	1212
			1484	1213
			1484	1214
			1484	1215
			1484	1216
			1484	1217
			1484	1218
			1484	1219
			1484	1220
			1484	1221
			1484	1222
			1484	1223
			1485	1224
			1485	1225
			1485	1226
			1485	1227
			1485	1228
			1485	1229
			1485	1230
			1485	1231
			1485	1232
			1486	1233
			1486	1234
			1486	1235
			1486	1236
			1486	1237
			1487	1238
			1487	1239
			1487	1240
			1487	1241
			1487	1242
			1488	1243
			1488	1244
			1488	1245
			1488	1246
			1489	1247
			1489	1248
			1489	1249
			1490	1250
			1490	1251
			1490	1252
			1491	1253
			1491	1254
			1491	1255
			1491	1256
			1492	1257
			1492	1258
			1493	1259
			1493	1260
			1494	1261
			1494	1262
			1494	1263
			1495	1264
			1495	1265
			1496	1266
			1496	1267
			1496	1268
			1497	1269
			1498	1270
			1498	1271
			1498	1272
			1499	1273
			1499	1274
			1500	1275
			1501	1276
			1501	1277
			1502	1278
			1503	1279
			1503	1280
			1503	1281
			1504	1281
			1504	1282
			1504	1283
			1505	1283
			1505	1284
			1506	1284
			1506	1285
			1506	1286
			1507	1286
			1507	1287
			1508	1288
			1508	1289
			1509	1290
			1510	1291
			1511	1292
			1512	1293
			1512	1294
			1513	1295
		</curvaI_espina_dorsal>
	</curves.pixel>
	<curves.scaled type=list>
		<curvaD_espina_dorsal type=matrix rownames=FALSE colnames=FALSE nrow=352 ncol=2 as.numeric=TRUE >
			2.41154144249321	-2.08938185210608
			2.4134036366573	-2.087519657942
			2.41526583082138	-2.087519657942
			2.41712802498547	-2.08565746377791
			2.41899021914956	-2.08565746377791
			2.41899021914956	-2.08379526961382
			2.42085241331365	-2.08379526961382
			2.42271460747773	-2.08193307544974
			2.42457680164182	-2.08193307544974
			2.42643899580591	-2.08007088128565
			2.42830118997	-2.08007088128565
			2.43016338413408	-2.07820868712156
			2.43202557829817	-2.07820868712156
			2.43388777246226	-2.07634649295747
			2.43574996662634	-2.07448429879339
			2.43761216079043	-2.07448429879339
			2.43947435495452	-2.0726221046293
			2.44133654911861	-2.0726221046293
			2.44319874328269	-2.07075991046521
			2.44506093744678	-2.07075991046521
			2.44692313161087	-2.06889771630112
			2.44878532577496	-2.06889771630112
			2.45064751993904	-2.06703552213704
			2.45250971410313	-2.06703552213704
			2.45437190826722	-2.06703552213704
			2.45437190826722	-2.06517332797295
			2.45623410243131	-2.06517332797295
			2.45809629659539	-2.06331113380886
			2.45995849075948	-2.06331113380886
			2.46182068492357	-2.06144893964477
			2.46368287908766	-2.06144893964477
			2.46554507325174	-2.05958674548069
			2.46740726741583	-2.05958674548069
			2.46926946157992	-2.05958674548069
			2.47113165574401	-2.0577245513166
			2.47299384990809	-2.0577245513166
			2.47299384990809	-2.05586235715251
			2.47485604407218	-2.05586235715251
			2.47671823823627	-2.05400016298842
			2.47858043240036	-2.05400016298842
			2.48044262656444	-2.05400016298842
			2.48230482072853	-2.05213796882434
			2.48416701489262	-2.05213796882434
			2.48602920905671	-2.05027577466025
			2.48789140322079	-2.05027577466025
			2.48975359738488	-2.05027577466025
			2.48975359738488	-2.04841358049616
			2.49161579154897	-2.04841358049616
			2.49347798571305	-2.04655138633207
			2.49534017987714	-2.04655138633207
			2.49720237404123	-2.04655138633207
			2.49906456820532	-2.04468919216799
			2.5009267623694	-2.04468919216799
			2.50278895653349	-2.04468919216799
			2.50465115069758	-2.0428269980039
			2.50651334486167	-2.0428269980039
			2.50651334486167	-2.04096480383981
			2.50837553902575	-2.04096480383981
			2.51023773318984	-2.04096480383981
			2.51209992735393	-2.03910260967572
			2.51396212151802	-2.03910260967572
			2.5158243156821	-2.03910260967572
			2.51768650984619	-2.03724041551164
			2.51954870401028	-2.03724041551164
			2.52141089817437	-2.03724041551164
			2.52327309233845	-2.03537822134755
			2.52513528650254	-2.03537822134755
			2.52699748066663	-2.03351602718346
			2.52885967483072	-2.03351602718346
			2.5307218689948	-2.03351602718346
			2.53258406315889	-2.03351602718346
			2.53258406315889	-2.03165383301937
			2.53444625732298	-2.03165383301937
			2.53630845148707	-2.03165383301937
			2.53817064565115	-2.02979163885529
			2.54003283981524	-2.02979163885529
			2.54189503397933	-2.02979163885529
			2.54375722814342	-2.0279294446912
			2.5456194223075	-2.0279294446912
			2.54748161647159	-2.0279294446912
			2.54934381063568	-2.0279294446912
			2.54934381063568	-2.02606725052711
			2.55120600479976	-2.02606725052711
			2.55306819896385	-2.02606725052711
			2.55493039312794	-2.02606725052711
			2.55493039312794	-2.02420505636303
			2.55679258729203	-2.02420505636303
			2.55865478145611	-2.02420505636303
			2.5605169756202	-2.02420505636303
			2.56237916978429	-2.02234286219894
			2.56424136394838	-2.02234286219894
			2.56610355811246	-2.02234286219894
			2.56796575227655	-2.02234286219894
			2.56982794644064	-2.02048066803485
			2.57169014060473	-2.02048066803485
			2.57355233476881	-2.02048066803485
			2.5754145289329	-2.02048066803485
			2.5754145289329	-2.01861847387076
			2.57727672309699	-2.01861847387076
			2.57913891726108	-2.01861847387076
			2.58100111142516	-2.01861847387076
			2.58286330558925	-2.01861847387076
			2.58472549975334	-2.01675627970668
			2.58658769391743	-2.01675627970668
			2.58844988808151	-2.01675627970668
			2.5903120822456	-2.01675627970668
			2.59217427640969	-2.01675627970668
			2.59403647057378	-2.01489408554259
			2.59589866473786	-2.01489408554259
			2.59776085890195	-2.01489408554259
			2.59962305306604	-2.01489408554259
			2.60148524723013	-2.01489408554259
			2.60148524723013	-2.0130318913785
			2.60334744139421	-2.0130318913785
			2.6052096355583	-2.0130318913785
			2.60707182972239	-2.0130318913785
			2.60893402388647	-2.0130318913785
			2.61079621805056	-2.01116969721441
			2.61265841221465	-2.01116969721441
			2.61452060637874	-2.01116969721441
			2.61638280054282	-2.01116969721441
			2.61824499470691	-2.00930750305033
			2.620107188871	-2.00930750305033
			2.62196938303509	-2.00930750305033
			2.62383157719917	-2.00744530888624
			2.62569377136326	-2.00744530888624
			2.62755596552735	-2.00744530888624
			2.62941815969144	-2.00744530888624
			2.62941815969144	-2.00558311472215
			2.63128035385552	-2.00558311472215
			2.63314254801961	-2.00558311472215
			2.6350047421837	-2.00558311472215
			2.63686693634779	-2.00372092055806
			2.63872913051187	-2.00372092055806
			2.64059132467596	-2.00372092055806
			2.64245351884005	-2.00372092055806
			2.64431571300414	-2.00185872639398
			2.64617790716822	-2.00185872639398
			2.64804010133231	-2.00185872639398
			2.6499022954964	-2.00185872639398
			2.65176448966049	-1.99999653222989
			2.65362668382457	-1.99999653222989
			2.65548887798866	-1.99999653222989
			2.65735107215275	-1.99999653222989
			2.65921326631684	-1.9981343380658
			2.66107546048092	-1.9981343380658
			2.66293765464501	-1.9981343380658
			2.6647998488091	-1.9981343380658
			2.66666204297319	-1.9981343380658
			2.66666204297319	-1.99627214390171
			2.66852423713727	-1.99627214390171
			2.67038643130136	-1.99627214390171
			2.67224862546545	-1.99627214390171
			2.67411081962953	-1.99440994973763
			2.67597301379362	-1.99440994973763
			2.67783520795771	-1.99440994973763
			2.6796974021218	-1.99440994973763
			2.68155959628588	-1.99440994973763
			2.68342179044997	-1.99254775557354
			2.68528398461406	-1.99254775557354
			2.68714617877815	-1.99254775557354
			2.68900837294223	-1.99254775557354
			2.69087056710632	-1.99254775557354
			2.69087056710632	-1.99068556140945
			2.69273276127041	-1.99068556140945
			2.6945949554345	-1.99068556140945
			2.69645714959858	-1.99068556140945
			2.69831934376267	-1.99068556140945
			2.70018153792676	-1.98882336724536
			2.70204373209085	-1.98882336724536
			2.70390592625493	-1.98882336724536
			2.70576812041902	-1.98882336724536
			2.70763031458311	-1.98882336724536
			2.7094925087472	-1.98696117308128
			2.71135470291128	-1.98696117308128
			2.71321689707537	-1.98696117308128
			2.71507909123946	-1.98696117308128
			2.71694128540355	-1.98696117308128
			2.71880347956763	-1.98509897891719
			2.72066567373172	-1.98509897891719
			2.72252786789581	-1.98509897891719
			2.7243900620599	-1.98509897891719
			2.72625225622398	-1.98509897891719
			2.72811445038807	-1.98509897891719
			2.72997664455216	-1.98509897891719
			2.73183883871624	-1.9832367847531
			2.73370103288033	-1.9832367847531
			2.73556322704442	-1.9832367847531
			2.73742542120851	-1.9832367847531
			2.73928761537259	-1.9832367847531
			2.74114980953668	-1.98137459058901
			2.74301200370077	-1.98137459058901
			2.74487419786486	-1.98137459058901
			2.74673639202894	-1.98137459058901
			2.74859858619303	-1.98137459058901
			2.75046078035712	-1.98137459058901
			2.75232297452121	-1.98137459058901
			2.75418516868529	-1.98137459058901
			2.75604736284938	-1.97951239642493
			2.75790955701347	-1.97951239642493
			2.75977175117756	-1.97951239642493
			2.76163394534164	-1.97951239642493
			2.76349613950573	-1.97951239642493
			2.76535833366982	-1.97951239642493
			2.76722052783391	-1.97951239642493
			2.76908272199799	-1.97951239642493
			2.77094491616208	-1.97951239642493
			2.77280711032617	-1.97951239642493
			2.77466930449026	-1.97951239642493
			2.77653149865434	-1.97765020226084
			2.77839369281843	-1.97765020226084
			2.78025588698252	-1.97765020226084
			2.78211808114661	-1.97765020226084
			2.78398027531069	-1.97765020226084
			2.78584246947478	-1.97765020226084
			2.78770466363887	-1.97765020226084
			2.78956685780295	-1.97765020226084
			2.79142905196704	-1.97765020226084
			2.79329124613113	-1.97765020226084
			2.79515344029522	-1.97765020226084
			2.7970156344593	-1.97765020226084
			2.79887782862339	-1.97951239642493
			2.80074002278748	-1.97951239642493
			2.80260221695157	-1.97951239642493
			2.80446441111565	-1.97951239642493
			2.80632660527974	-1.97951239642493
			2.80818879944383	-1.97951239642493
			2.81005099360792	-1.97951239642493
			2.811913187772	-1.97951239642493
			2.81377538193609	-1.97951239642493
			2.81563757610018	-1.97951239642493
			2.81749977026427	-1.97951239642493
			2.81936196442835	-1.97951239642493
			2.82122415859244	-1.97951239642493
			2.82308635275653	-1.97951239642493
			2.82494854692062	-1.97951239642493
			2.8268107410847	-1.97951239642493
			2.82867293524879	-1.97951239642493
			2.83053512941288	-1.97951239642493
			2.83239732357697	-1.97951239642493
			2.83425951774105	-1.97951239642493
			2.83612171190514	-1.97951239642493
			2.83798390606923	-1.97951239642493
			2.83984610023332	-1.97765020226084
			2.8417082943974	-1.97765020226084
			2.84357048856149	-1.97765020226084
			2.84543268272558	-1.97765020226084
			2.84729487688966	-1.97765020226084
			2.84915707105375	-1.97578800809675
			2.85101926521784	-1.97578800809675
			2.85288145938193	-1.97578800809675
			2.85474365354601	-1.97578800809675
			2.8566058477101	-1.97392581393266
			2.85846804187419	-1.97392581393266
			2.86033023603828	-1.97392581393266
			2.86219243020236	-1.97206361976858
			2.86405462436645	-1.97206361976858
			2.86591681853054	-1.97206361976858
			2.86777901269463	-1.97020142560449
			2.86964120685871	-1.97020142560449
			2.8715034010228	-1.9683392314404
			2.87336559518689	-1.9683392314404
			2.87522778935098	-1.9683392314404
			2.87708998351506	-1.96647703727632
			2.87895217767915	-1.96461484311223
			2.88081437184324	-1.96461484311223
			2.88267656600733	-1.96461484311223
			2.88453876017141	-1.96275264894814
			2.8864009543355	-1.96275264894814
			2.88826314849959	-1.96089045478405
			2.89012534266368	-1.96089045478405
			2.89198753682776	-1.95902826061997
			2.89384973099185	-1.95716606645588
			2.89571192515594	-1.95716606645588
			2.89571192515594	-1.95530387229179
			2.89757411932003	-1.95530387229179
			2.89943631348411	-1.9534416781277
			2.9012985076482	-1.9534416781277
			2.90316070181229	-1.95157948396362
			2.90502289597637	-1.94971728979953
			2.90688509014046	-1.94971728979953
			2.90874728430455	-1.94785509563544
			2.91060947846864	-1.94599290147135
			2.91247167263272	-1.94599290147135
			2.91433386679681	-1.94413070730727
			2.9161960609609	-1.94226851314318
			2.91805825512499	-1.94226851314318
			2.91992044928907	-1.94040631897909
			2.92178264345316	-1.938544124815
			2.92364483761725	-1.93668193065092
			2.92550703178134	-1.93481973648683
			2.92736922594542	-1.93295754232274
			2.92923142010951	-1.93295754232274
			2.92923142010951	-1.93109534815865
			2.9310936142736	-1.92923315399457
			2.93295580843769	-1.92923315399457
			2.93295580843769	-1.92737095983048
			2.93481800260177	-1.92737095983048
			2.93668019676586	-1.92550876566639
			2.93854239092995	-1.9236465715023
			2.94040458509404	-1.92178437733822
			2.94226677925812	-1.91992218317413
			2.94412897342221	-1.91805998901004
			2.9459911675863	-1.91619779484595
			2.94785336175039	-1.91433560068187
			2.94971555591447	-1.91433560068187
			2.94971555591447	-1.91247340651778
			2.95157775007856	-1.91061121235369
			2.95343994424265	-1.90874901818961
			2.95530213840674	-1.90688682402552
			2.95716433257082	-1.90502462986143
			2.95716433257082	-1.90316243569734
			2.95902652673491	-1.90316243569734
			2.960888720899	-1.90130024153326
			2.96275091506308	-1.89943804736917
			2.96461310922717	-1.89757585320508
			2.96647530339126	-1.89571365904099
			2.96647530339126	-1.89385146487691
			2.96833749755535	-1.89198927071282
			2.97019969171943	-1.89012707654873
			2.97206188588352	-1.88826488238464
			2.97392408004761	-1.88640268822056
			2.97392408004761	-1.88454049405647
			2.9757862742117	-1.88267829989238
			2.97764846837578	-1.88081610572829
			2.97951066253987	-1.87895391156421
			2.98137285670396	-1.87709171740012
			2.98323505086805	-1.87522952323603
			2.98323505086805	-1.87336732907194
			2.98509724503213	-1.87150513490786
			2.98695943919622	-1.86964294074377
			2.98882163336031	-1.86778074657968
			2.9906838275244	-1.86591855241559
			2.99254602168848	-1.86405635825151
			2.99254602168848	-1.86219416408742
			2.99440821585257	-1.86033196992333
			2.99627041001666	-1.85846977575924
			2.99813260418075	-1.85660758159516
			2.99813260418075	-1.85474538743107
			2.99999479834483	-1.85474538743107
			2.99999479834483	-1.85288319326698
			3.00185699250892	-1.8510209991029
			3.00185699250892	-1.84915880493881
			3.00371918667301	-1.84915880493881
			3.00371918667301	-1.84729661077472
			3.0055813808371	-1.84543441661063
			3.00744357500118	-1.84357222244655
			3.00930576916527	-1.84171002828246
			3.00930576916527	-1.83984783411837
			3.01116796332936	-1.83798563995428
			3.01116796332936	-1.8361234457902
			3.01303015749345	-1.83426125162611
		</curvaD_espina_dorsal>
		<curvaI_espina_dorsal type=matrix rownames=FALSE colnames=FALSE nrow=401 ncol=2 as.numeric=TRUE >
			2.41154144249321	-2.08938185210608
			2.4134036366573	-2.08938185210608
			2.4134036366573	-2.087519657942
			2.41526583082138	-2.087519657942
			2.41712802498547	-2.087519657942
			2.41899021914956	-2.087519657942
			2.41899021914956	-2.08565746377791
			2.42085241331365	-2.08565746377791
			2.42271460747773	-2.08565746377791
			2.42457680164182	-2.08379526961382
			2.42643899580591	-2.08379526961382
			2.42830118997	-2.08379526961382
			2.43016338413408	-2.08193307544974
			2.43202557829817	-2.08193307544974
			2.43388777246226	-2.08193307544974
			2.43574996662634	-2.08007088128565
			2.43761216079043	-2.08007088128565
			2.43947435495452	-2.08007088128565
			2.44133654911861	-2.07820868712156
			2.44319874328269	-2.07820868712156
			2.44506093744678	-2.07820868712156
			2.44692313161087	-2.07634649295747
			2.44878532577496	-2.07634649295747
			2.45064751993904	-2.07634649295747
			2.45250971410313	-2.07448429879339
			2.45437190826722	-2.07448429879339
			2.45623410243131	-2.07448429879339
			2.45809629659539	-2.0726221046293
			2.45995849075948	-2.0726221046293
			2.46182068492357	-2.0726221046293
			2.46368287908766	-2.0726221046293
			2.46554507325174	-2.07075991046521
			2.46740726741583	-2.07075991046521
			2.46926946157992	-2.07075991046521
			2.47113165574401	-2.06889771630112
			2.47299384990809	-2.06889771630112
			2.47485604407218	-2.06889771630112
			2.47671823823627	-2.06889771630112
			2.47858043240036	-2.06703552213704
			2.48044262656444	-2.06703552213704
			2.48230482072853	-2.06703552213704
			2.48416701489262	-2.06703552213704
			2.48602920905671	-2.06517332797295
			2.48789140322079	-2.06517332797295
			2.48975359738488	-2.06517332797295
			2.49161579154897	-2.06517332797295
			2.49347798571305	-2.06331113380886
			2.49534017987714	-2.06331113380886
			2.49720237404123	-2.06331113380886
			2.49906456820532	-2.06331113380886
			2.5009267623694	-2.06331113380886
			2.50278895653349	-2.06144893964477
			2.50465115069758	-2.06144893964477
			2.50651334486167	-2.06144893964477
			2.50837553902575	-2.06144893964477
			2.51023773318984	-2.05958674548069
			2.51209992735393	-2.05958674548069
			2.51396212151802	-2.05958674548069
			2.5158243156821	-2.05958674548069
			2.51768650984619	-2.05958674548069
			2.51954870401028	-2.0577245513166
			2.52141089817437	-2.0577245513166
			2.52327309233845	-2.0577245513166
			2.52513528650254	-2.0577245513166
			2.52699748066663	-2.0577245513166
			2.52885967483072	-2.05586235715251
			2.5307218689948	-2.05586235715251
			2.53258406315889	-2.05586235715251
			2.53444625732298	-2.05586235715251
			2.53630845148707	-2.05586235715251
			2.53817064565115	-2.05586235715251
			2.54003283981524	-2.05400016298842
			2.54189503397933	-2.05400016298842
			2.54375722814342	-2.05400016298842
			2.5456194223075	-2.05400016298842
			2.54748161647159	-2.05400016298842
			2.54934381063568	-2.05400016298842
			2.55120600479976	-2.05213796882434
			2.55306819896385	-2.05213796882434
			2.55493039312794	-2.05213796882434
			2.55679258729203	-2.05213796882434
			2.55865478145611	-2.05213796882434
			2.5605169756202	-2.05213796882434
			2.56237916978429	-2.05213796882434
			2.56424136394838	-2.05027577466025
			2.56610355811246	-2.05027577466025
			2.56796575227655	-2.05027577466025
			2.56982794644064	-2.05027577466025
			2.57169014060473	-2.05027577466025
			2.57355233476881	-2.05027577466025
			2.5754145289329	-2.05027577466025
			2.57727672309699	-2.04841358049616
			2.57913891726108	-2.04841358049616
			2.58100111142516	-2.04841358049616
			2.58286330558925	-2.04841358049616
			2.58472549975334	-2.04841358049616
			2.58658769391743	-2.04841358049616
			2.58844988808151	-2.04841358049616
			2.5903120822456	-2.04655138633207
			2.59217427640969	-2.04655138633207
			2.59403647057378	-2.04655138633207
			2.59589866473786	-2.04655138633207
			2.59776085890195	-2.04655138633207
			2.59962305306604	-2.04655138633207
			2.60148524723013	-2.04468919216799
			2.60334744139421	-2.04468919216799
			2.6052096355583	-2.04468919216799
			2.60707182972239	-2.04468919216799
			2.60893402388647	-2.04468919216799
			2.61079621805056	-2.04468919216799
			2.61265841221465	-2.04468919216799
			2.61452060637874	-2.0428269980039
			2.61638280054282	-2.0428269980039
			2.61824499470691	-2.0428269980039
			2.620107188871	-2.0428269980039
			2.62196938303509	-2.0428269980039
			2.62383157719917	-2.0428269980039
			2.62569377136326	-2.0428269980039
			2.62755596552735	-2.04096480383981
			2.62941815969144	-2.04096480383981
			2.63128035385552	-2.04096480383981
			2.63314254801961	-2.04096480383981
			2.6350047421837	-2.04096480383981
			2.63686693634779	-2.04096480383981
			2.63872913051187	-2.04096480383981
			2.64059132467596	-2.04096480383981
			2.64245351884005	-2.04096480383981
			2.64245351884005	-2.03910260967572
			2.64431571300414	-2.03910260967572
			2.64617790716822	-2.03910260967572
			2.64804010133231	-2.03910260967572
			2.6499022954964	-2.03910260967572
			2.65176448966049	-2.03910260967572
			2.65362668382457	-2.03910260967572
			2.65548887798866	-2.03910260967572
			2.65735107215275	-2.03910260967572
			2.65921326631684	-2.03910260967572
			2.66107546048092	-2.03724041551164
			2.66293765464501	-2.03724041551164
			2.6647998488091	-2.03724041551164
			2.66666204297319	-2.03724041551164
			2.66852423713727	-2.03724041551164
			2.67038643130136	-2.03724041551164
			2.67224862546545	-2.03724041551164
			2.67411081962953	-2.03724041551164
			2.67597301379362	-2.03724041551164
			2.67783520795771	-2.03724041551164
			2.6796974021218	-2.03724041551164
			2.68155959628588	-2.03724041551164
			2.68342179044997	-2.03724041551164
			2.68528398461406	-2.03724041551164
			2.68714617877815	-2.03724041551164
			2.68900837294223	-2.03537822134755
			2.69087056710632	-2.03537822134755
			2.69273276127041	-2.03537822134755
			2.6945949554345	-2.03537822134755
			2.69645714959858	-2.03537822134755
			2.69831934376267	-2.03537822134755
			2.70018153792676	-2.03537822134755
			2.70204373209085	-2.03537822134755
			2.70390592625493	-2.03537822134755
			2.70576812041902	-2.03537822134755
			2.70763031458311	-2.03537822134755
			2.7094925087472	-2.03537822134755
			2.71135470291128	-2.03537822134755
			2.71321689707537	-2.03537822134755
			2.71507909123946	-2.03537822134755
			2.71694128540355	-2.03537822134755
			2.71880347956763	-2.03537822134755
			2.72066567373172	-2.03537822134755
			2.72252786789581	-2.03537822134755
			2.7243900620599	-2.03724041551164
			2.72625225622398	-2.03724041551164
			2.72811445038807	-2.03724041551164
			2.72997664455216	-2.03724041551164
			2.73183883871624	-2.03724041551164
			2.73370103288033	-2.03724041551164
			2.73556322704442	-2.03724041551164
			2.73742542120851	-2.03724041551164
			2.73928761537259	-2.03724041551164
			2.74114980953668	-2.03724041551164
			2.74114980953668	-2.03910260967572
			2.74301200370077	-2.03910260967572
			2.74487419786486	-2.03910260967572
			2.74673639202894	-2.03910260967572
			2.74859858619303	-2.03910260967572
			2.75046078035712	-2.03910260967572
			2.75232297452121	-2.04096480383981
			2.75418516868529	-2.04096480383981
			2.75604736284938	-2.04096480383981
			2.75790955701347	-2.0428269980039
			2.75977175117756	-2.0428269980039
			2.76163394534164	-2.0428269980039
			2.76349613950573	-2.04468919216799
			2.76535833366982	-2.04468919216799
			2.76535833366982	-2.04655138633207
			2.76722052783391	-2.04655138633207
			2.76908272199799	-2.04841358049616
			2.77094491616208	-2.05027577466025
			2.77094491616208	-2.05213796882434
			2.77280711032617	-2.05400016298842
			2.77280711032617	-2.05586235715251
			2.77466930449026	-2.05586235715251
			2.77653149865434	-2.0577245513166
			2.77653149865434	-2.05958674548069
			2.77839369281843	-2.06144893964477
			2.77839369281843	-2.06331113380886
			2.77839369281843	-2.06517332797295
			2.78025588698252	-2.06517332797295
			2.78025588698252	-2.06703552213704
			2.78211808114661	-2.06889771630112
			2.78211808114661	-2.07075991046521
			2.78398027531069	-2.0726221046293
			2.78398027531069	-2.07448429879339
			2.78398027531069	-2.07634649295747
			2.78584246947478	-2.07820868712156
			2.78584246947478	-2.08007088128565
			2.78770466363887	-2.08193307544974
			2.78770466363887	-2.08379526961382
			2.78770466363887	-2.08565746377791
			2.78956685780295	-2.087519657942
			2.78956685780295	-2.08938185210608
			2.78956685780295	-2.09124404627017
			2.78956685780295	-2.09310624043426
			2.79142905196704	-2.09496843459835
			2.79142905196704	-2.09683062876243
			2.79142905196704	-2.09869282292652
			2.79142905196704	-2.10055501709061
			2.79142905196704	-2.1024172112547
			2.79329124613113	-2.10427940541878
			2.79329124613113	-2.10614159958287
			2.79329124613113	-2.10800379374696
			2.79329124613113	-2.10986598791105
			2.79329124613113	-2.11172818207513
			2.79329124613113	-2.11359037623922
			2.79329124613113	-2.11545257040331
			2.79329124613113	-2.1173147645674
			2.79329124613113	-2.11917695873148
			2.79329124613113	-2.12103915289557
			2.79329124613113	-2.12290134705966
			2.79329124613113	-2.12476354122375
			2.79515344029522	-2.12662573538783
			2.79515344029522	-2.12848792955192
			2.79515344029522	-2.13035012371601
			2.79515344029522	-2.1322123178801
			2.79329124613113	-2.13407451204418
			2.79329124613113	-2.13593670620827
			2.79329124613113	-2.13779890037236
			2.79329124613113	-2.13966109453645
			2.79329124613113	-2.14152328870053
			2.79329124613113	-2.14338548286462
			2.79329124613113	-2.14524767702871
			2.79329124613113	-2.14710987119279
			2.79329124613113	-2.14897206535688
			2.79329124613113	-2.15083425952097
			2.79329124613113	-2.15269645368506
			2.79329124613113	-2.15455864784914
			2.79329124613113	-2.15642084201323
			2.79142905196704	-2.15828303617732
			2.79142905196704	-2.16014523034141
			2.79142905196704	-2.16200742450549
			2.79142905196704	-2.16386961866958
			2.79142905196704	-2.16573181283367
			2.79142905196704	-2.16759400699776
			2.78956685780295	-2.16945620116184
			2.78956685780295	-2.17131839532593
			2.78956685780295	-2.17318058949002
			2.78956685780295	-2.17504278365411
			2.78956685780295	-2.17690497781819
			2.78770466363887	-2.17876717198228
			2.78770466363887	-2.18062936614637
			2.78770466363887	-2.18249156031046
			2.78770466363887	-2.18435375447454
			2.78770466363887	-2.18621594863863
			2.78584246947478	-2.18807814280272
			2.78584246947478	-2.18994033696681
			2.78584246947478	-2.19180253113089
			2.78584246947478	-2.19366472529498
			2.78398027531069	-2.19552691945907
			2.78398027531069	-2.19738911362316
			2.78398027531069	-2.19925130778724
			2.78398027531069	-2.20111350195133
			2.78211808114661	-2.20111350195133
			2.78211808114661	-2.20297569611542
			2.78211808114661	-2.2048378902795
			2.78211808114661	-2.20670008444359
			2.78211808114661	-2.20856227860768
			2.78025588698252	-2.20856227860768
			2.78025588698252	-2.21042447277177
			2.78025588698252	-2.21228666693585
			2.78025588698252	-2.21414886109994
			2.77839369281843	-2.21601105526403
			2.77839369281843	-2.21787324942812
			2.77653149865434	-2.2197354435922
			2.77653149865434	-2.22159763775629
			2.77653149865434	-2.22345983192038
			2.77466930449026	-2.22532202608447
			2.77466930449026	-2.22718422024855
			2.77466930449026	-2.22904641441264
			2.77280711032617	-2.23090860857673
			2.77280711032617	-2.23277080274082
			2.77280711032617	-2.2346329969049
			2.77094491616208	-2.23649519106899
			2.77094491616208	-2.23835738523308
			2.76908272199799	-2.24021957939717
			2.76908272199799	-2.24208177356125
			2.76908272199799	-2.24394396772534
			2.76722052783391	-2.24580616188943
			2.76722052783391	-2.24766835605352
			2.76535833366982	-2.2495305502176
			2.76535833366982	-2.25139274438169
			2.76535833366982	-2.25325493854578
			2.76349613950573	-2.25511713270987
			2.76349613950573	-2.25697932687395
			2.76349613950573	-2.25884152103804
			2.76349613950573	-2.26070371520213
			2.76349613950573	-2.26256590936621
			2.76349613950573	-2.2644281035303
			2.76349613950573	-2.26629029769439
			2.76349613950573	-2.26815249185848
			2.76349613950573	-2.27001468602256
			2.76349613950573	-2.27187688018665
			2.76349613950573	-2.27373907435074
			2.76349613950573	-2.27560126851483
			2.76349613950573	-2.27746346267891
			2.76535833366982	-2.279325656843
			2.76535833366982	-2.28118785100709
			2.76535833366982	-2.28305004517118
			2.76535833366982	-2.28491223933526
			2.76535833366982	-2.28677443349935
			2.76535833366982	-2.28863662766344
			2.76535833366982	-2.29049882182753
			2.76535833366982	-2.29236101599161
			2.76535833366982	-2.2942232101557
			2.76722052783391	-2.29608540431979
			2.76722052783391	-2.29794759848388
			2.76722052783391	-2.29980979264796
			2.76722052783391	-2.30167198681205
			2.76722052783391	-2.30353418097614
			2.76908272199799	-2.30539637514023
			2.76908272199799	-2.30725856930431
			2.76908272199799	-2.3091207634684
			2.76908272199799	-2.31098295763249
			2.76908272199799	-2.31284515179658
			2.77094491616208	-2.31470734596066
			2.77094491616208	-2.31656954012475
			2.77094491616208	-2.31843173428884
			2.77094491616208	-2.32029392845292
			2.77280711032617	-2.32215612261701
			2.77280711032617	-2.3240183167811
			2.77280711032617	-2.32588051094519
			2.77466930449026	-2.32774270510927
			2.77466930449026	-2.32960489927336
			2.77466930449026	-2.33146709343745
			2.77653149865434	-2.33332928760154
			2.77653149865434	-2.33519148176562
			2.77653149865434	-2.33705367592971
			2.77653149865434	-2.3389158700938
			2.77839369281843	-2.34077806425789
			2.77839369281843	-2.34264025842197
			2.78025588698252	-2.34450245258606
			2.78025588698252	-2.34636464675015
			2.78211808114661	-2.34822684091424
			2.78211808114661	-2.35008903507832
			2.78211808114661	-2.35195122924241
			2.78398027531069	-2.3538134234065
			2.78398027531069	-2.35567561757059
			2.78584246947478	-2.35753781173467
			2.78584246947478	-2.35940000589876
			2.78584246947478	-2.36126220006285
			2.78770466363887	-2.36312439422694
			2.78956685780295	-2.36498658839102
			2.78956685780295	-2.36684878255511
			2.78956685780295	-2.3687109767192
			2.79142905196704	-2.37057317088329
			2.79142905196704	-2.37243536504737
			2.79329124613113	-2.37429755921146
			2.79515344029522	-2.37615975337555
			2.79515344029522	-2.37802194753963
			2.7970156344593	-2.37988414170372
			2.79887782862339	-2.38174633586781
			2.79887782862339	-2.3836085300319
			2.79887782862339	-2.38547072419598
			2.80074002278748	-2.38547072419598
			2.80074002278748	-2.38733291836007
			2.80074002278748	-2.38919511252416
			2.80260221695157	-2.38919511252416
			2.80260221695157	-2.39105730668825
			2.80446441111565	-2.39105730668825
			2.80446441111565	-2.39291950085233
			2.80446441111565	-2.39478169501642
			2.80632660527974	-2.39478169501642
			2.80632660527974	-2.39664388918051
			2.80818879944383	-2.3985060833446
			2.80818879944383	-2.40036827750868
			2.81005099360792	-2.40223047167277
			2.811913187772	-2.40409266583686
			2.81377538193609	-2.40595486000095
			2.81563757610018	-2.40781705416503
			2.81563757610018	-2.40967924832912
			2.81749977026427	-2.41154144249321
		</curvaI_espina_dorsal>
	</curves.scaled>
	<ruler.points type=matrix rownames=TRUE colnames=FALSE nrow=2 ncol=2 as.numeric=TRUE >
		Ruler point 1	1569	576
		Ruler point 2	2106	575
	</ruler.points>
</shapes>

