<shapes type=list>
	<ruler.pixel type=vector names=FALSE length=1 as.numeric=TRUE >539.003710562367</ruler.pixel>
	<ruler.interval type=vector names=FALSE length=1 as.numeric=TRUE >1</ruler.interval>
	<scaling.units type=vector names=FALSE length=1 as.numeric=FALSE >mm</scaling.units>
	<scaling type=vector names=FALSE length=1 as.numeric=TRUE >0.00186561969275678</scaling>
	<landmarks.pixel type=matrix rownames=TRUE colnames=FALSE nrow=3 ncol=2 as.numeric=TRUE >
		punta_espina_dorsal	1183	854
		esq_izq_caparaza	1290	1089
		organo_dorsal	1538	872
	</landmarks.pixel>
	<landmarks.scaled type=matrix rownames=TRUE colnames=FALSE nrow=3 ncol=2 as.numeric=TRUE >
		punta_espina_dorsal	2.20702809653127	-1.59323921761429
		esq_izq_caparaza	2.40664940365624	-2.03165984541213
		organo_dorsal	2.86932308745992	-1.62682037208391
	</landmarks.scaled>
	<curves.control type=list>
		<curvaD_espina_dorsal type=matrix rownames=FALSE colnames=FALSE nrow=7 ncol=2 as.numeric=TRUE >
			1183	854
			1228	850
			1257	854
			1320	864
			1383	885
			1410	906
			1538	872
		</curvaD_espina_dorsal>
		<curvaI_espina_dorsal type=matrix rownames=FALSE colnames=FALSE nrow=9 ncol=2 as.numeric=TRUE >
			1183	854
			1249	862
			1291	877
			1369	903
			1364	918
			1357	962
			1318	1003
			1294	1042
			1290	1089
		</curvaI_espina_dorsal>
	</curves.control>
	<curves.pixel type=list>
		<curvaD_espina_dorsal type=matrix rownames=FALSE colnames=FALSE nrow=359 ncol=2 as.numeric=TRUE >
			1183	854
			1184	854
			1185	854
			1186	854
			1187	854
			1188	854
			1189	854
			1190	853
			1191	853
			1192	853
			1193	853
			1194	853
			1195	853
			1196	853
			1197	853
			1198	853
			1199	853
			1200	853
			1201	853
			1202	853
			1203	853
			1204	853
			1205	852
			1206	852
			1207	852
			1208	852
			1209	852
			1210	852
			1211	852
			1212	852
			1213	852
			1214	852
			1215	852
			1216	852
			1217	852
			1218	852
			1219	852
			1220	852
			1221	852
			1222	852
			1223	852
			1224	852
			1225	852
			1226	852
			1227	852
			1228	852
			1229	852
			1230	852
			1231	852
			1232	852
			1233	852
			1234	852
			1235	852
			1236	852
			1237	852
			1238	852
			1239	852
			1240	852
			1241	852
			1242	853
			1243	853
			1244	853
			1245	853
			1246	853
			1247	853
			1248	853
			1249	853
			1250	853
			1251	853
			1252	853
			1253	854
			1254	854
			1255	854
			1256	854
			1257	854
			1258	854
			1259	854
			1260	854
			1260	855
			1261	855
			1262	855
			1263	855
			1264	855
			1265	855
			1266	856
			1267	856
			1268	856
			1269	856
			1270	856
			1271	856
			1272	857
			1273	857
			1274	857
			1275	857
			1276	857
			1277	857
			1278	858
			1279	858
			1280	858
			1281	858
			1282	858
			1283	859
			1284	859
			1285	859
			1286	859
			1287	859
			1288	859
			1289	860
			1290	860
			1291	860
			1292	860
			1293	861
			1294	861
			1295	861
			1296	861
			1297	861
			1298	862
			1299	862
			1300	862
			1301	862
			1302	863
			1303	863
			1304	863
			1305	863
			1306	863
			1307	864
			1308	864
			1309	864
			1310	864
			1311	865
			1312	865
			1313	865
			1314	865
			1315	866
			1316	866
			1317	866
			1318	866
			1319	867
			1320	867
			1321	867
			1322	867
			1323	868
			1324	868
			1325	868
			1326	868
			1327	869
			1328	869
			1329	869
			1330	869
			1331	870
			1332	870
			1333	870
			1334	870
			1335	871
			1336	871
			1337	871
			1338	871
			1339	872
			1340	872
			1341	872
			1342	873
			1343	873
			1344	873
			1345	873
			1346	874
			1347	874
			1348	874
			1349	875
			1350	875
			1351	875
			1352	875
			1353	876
			1354	876
			1355	876
			1356	877
			1357	877
			1358	877
			1359	878
			1360	878
			1361	878
			1362	878
			1363	879
			1364	879
			1365	879
			1366	880
			1367	880
			1368	880
			1369	881
			1370	881
			1371	881
			1372	882
			1373	882
			1374	882
			1375	883
			1376	883
			1377	883
			1378	884
			1379	884
			1380	884
			1381	884
			1382	885
			1383	885
			1384	886
			1385	886
			1386	887
			1387	888
			1388	888
			1389	888
			1390	889
			1391	889
			1392	890
			1393	890
			1394	890
			1395	890
			1395	891
			1396	891
			1397	891
			1398	891
			1399	891
			1400	892
			1401	892
			1402	892
			1403	892
			1404	892
			1405	892
			1406	892
			1407	893
			1408	893
			1409	893
			1410	893
			1411	893
			1412	893
			1413	893
			1414	893
			1415	893
			1416	893
			1417	893
			1418	893
			1419	893
			1420	893
			1421	893
			1422	893
			1423	893
			1424	893
			1425	893
			1426	893
			1427	893
			1428	893
			1429	893
			1430	893
			1431	893
			1432	893
			1433	892
			1434	892
			1435	892
			1436	892
			1437	892
			1438	892
			1439	892
			1440	892
			1441	892
			1442	892
			1443	892
			1444	891
			1445	891
			1446	891
			1447	891
			1448	891
			1449	891
			1450	891
			1451	890
			1452	890
			1453	890
			1454	890
			1455	890
			1456	890
			1457	890
			1458	890
			1458	889
			1459	889
			1460	889
			1461	889
			1462	889
			1463	889
			1464	888
			1465	888
			1466	888
			1467	888
			1468	888
			1469	888
			1470	887
			1471	887
			1472	887
			1473	887
			1474	887
			1475	887
			1476	886
			1477	886
			1478	886
			1479	886
			1480	886
			1481	885
			1482	885
			1483	885
			1484	885
			1485	885
			1486	884
			1487	884
			1488	884
			1489	884
			1490	884
			1491	883
			1492	883
			1493	883
			1494	883
			1495	883
			1496	882
			1497	882
			1498	882
			1499	882
			1500	881
			1501	881
			1502	881
			1503	881
			1504	880
			1505	880
			1506	880
			1507	880
			1508	880
			1509	879
			1510	879
			1511	879
			1512	878
			1513	878
			1514	878
			1515	878
			1516	878
			1517	877
			1518	877
			1519	877
			1520	877
			1521	876
			1522	876
			1523	876
			1524	876
			1525	875
			1526	875
			1527	875
			1528	875
			1529	874
			1530	874
			1531	874
			1532	874
			1533	873
			1534	873
			1535	873
			1536	873
			1537	872
			1538	872
		</curvaD_espina_dorsal>
		<curvaI_espina_dorsal type=matrix rownames=FALSE colnames=FALSE nrow=372 ncol=2 as.numeric=TRUE >
			1183	854
			1184	854
			1185	854
			1186	854
			1187	854
			1188	855
			1189	855
			1190	855
			1191	855
			1192	855
			1193	855
			1194	855
			1195	856
			1196	856
			1197	856
			1198	856
			1199	856
			1200	856
			1201	856
			1202	856
			1202	857
			1203	857
			1204	857
			1205	857
			1206	857
			1207	857
			1208	857
			1209	858
			1210	858
			1211	858
			1212	858
			1213	858
			1214	858
			1215	859
			1216	859
			1217	859
			1218	859
			1219	859
			1220	859
			1221	860
			1222	860
			1223	860
			1224	860
			1225	860
			1226	860
			1227	861
			1228	861
			1229	861
			1230	861
			1231	861
			1232	861
			1233	862
			1234	862
			1235	862
			1236	862
			1237	863
			1238	863
			1239	863
			1240	863
			1241	863
			1242	864
			1243	864
			1244	864
			1245	864
			1246	864
			1247	865
			1248	865
			1249	865
			1250	865
			1251	866
			1252	866
			1253	866
			1254	866
			1255	866
			1256	867
			1257	867
			1258	867
			1259	867
			1260	868
			1261	868
			1262	868
			1263	868
			1263	869
			1264	869
			1265	869
			1266	869
			1267	870
			1268	870
			1269	870
			1270	870
			1271	871
			1272	871
			1273	871
			1274	872
			1275	872
			1276	872
			1277	872
			1278	873
			1279	873
			1280	873
			1281	874
			1282	874
			1283	874
			1284	875
			1285	875
			1286	875
			1287	875
			1287	876
			1288	876
			1289	876
			1290	877
			1291	877
			1292	877
			1293	878
			1294	878
			1295	878
			1296	879
			1297	879
			1298	879
			1299	880
			1300	880
			1301	881
			1302	881
			1303	881
			1304	882
			1305	882
			1306	882
			1307	883
			1308	883
			1309	883
			1310	884
			1311	884
			1312	884
			1313	885
			1314	885
			1315	885
			1315	886
			1316	886
			1317	886
			1318	887
			1319	887
			1320	887
			1321	888
			1322	888
			1323	889
			1324	889
			1325	889
			1326	890
			1327	890
			1328	891
			1329	891
			1330	891
			1331	892
			1332	892
			1333	893
			1334	893
			1335	894
			1336	894
			1337	895
			1338	895
			1339	896
			1340	896
			1341	896
			1342	897
			1343	897
			1343	898
			1344	898
			1345	899
			1346	899
			1347	899
			1347	900
			1348	900
			1349	901
			1350	901
			1351	902
			1352	903
			1353	903
			1354	904
			1355	904
			1355	905
			1356	905
			1357	906
			1358	907
			1359	907
			1360	908
			1361	909
			1362	910
			1362	911
			1363	912
			1363	913
			1364	913
			1364	914
			1364	915
			1364	916
			1364	917
			1364	918
			1364	919
			1364	920
			1364	921
			1363	922
			1363	923
			1363	924
			1363	925
			1362	926
			1362	927
			1362	928
			1362	929
			1361	930
			1361	931
			1361	932
			1361	933
			1360	934
			1360	935
			1360	936
			1359	937
			1359	938
			1359	939
			1359	940
			1358	941
			1358	942
			1357	943
			1357	944
			1357	945
			1356	945
			1356	946
			1356	947
			1355	948
			1355	949
			1354	950
			1354	951
			1354	952
			1353	953
			1353	954
			1352	955
			1352	956
			1351	957
			1351	958
			1350	959
			1350	960
			1349	961
			1349	962
			1348	963
			1348	964
			1347	964
			1347	965
			1346	966
			1346	967
			1345	968
			1344	969
			1344	970
			1343	971
			1343	972
			1342	973
			1341	974
			1341	975
			1340	976
			1340	977
			1339	978
			1338	979
			1337	980
			1336	981
			1336	982
			1335	983
			1334	984
			1333	985
			1332	986
			1332	987
			1331	988
			1331	989
			1330	989
			1329	990
			1329	991
			1328	992
			1327	993
			1326	994
			1325	995
			1324	996
			1323	997
			1323	998
			1322	999
			1321	1000
			1320	1001
			1319	1002
			1318	1003
			1318	1004
			1317	1005
			1316	1006
			1315	1007
			1315	1008
			1315	1009
			1314	1009
			1314	1010
			1313	1011
			1313	1012
			1312	1013
			1312	1014
			1311	1015
			1311	1016
			1310	1017
			1310	1018
			1309	1019
			1309	1020
			1308	1021
			1308	1022
			1307	1023
			1307	1024
			1306	1025
			1306	1026
			1305	1027
			1305	1028
			1305	1029
			1304	1030
			1304	1031
			1303	1032
			1303	1033
			1303	1034
			1302	1035
			1302	1036
			1301	1037
			1301	1038
			1301	1039
			1300	1040
			1300	1041
			1300	1042
			1299	1043
			1299	1044
			1299	1045
			1298	1046
			1298	1047
			1298	1048
			1297	1049
			1297	1050
			1297	1051
			1297	1052
			1296	1053
			1296	1054
			1296	1055
			1295	1056
			1295	1057
			1295	1058
			1295	1059
			1294	1060
			1294	1061
			1294	1062
			1294	1063
			1294	1064
			1293	1065
			1293	1066
			1293	1067
			1293	1068
			1293	1069
			1293	1070
			1292	1071
			1292	1072
			1292	1073
			1292	1074
			1292	1075
			1292	1076
			1291	1076
			1291	1077
			1291	1078
			1291	1079
			1291	1080
			1291	1081
			1291	1082
			1291	1083
			1290	1084
			1290	1085
			1290	1086
			1290	1087
			1290	1088
			1290	1089
		</curvaI_espina_dorsal>
	</curves.pixel>
	<curves.scaled type=list>
		<curvaD_espina_dorsal type=matrix rownames=FALSE colnames=FALSE nrow=359 ncol=2 as.numeric=TRUE >
			2.20702809653127	-1.59323921761429
			2.20889371622402	-1.59323921761429
			2.21075933591678	-1.59323921761429
			2.21262495560954	-1.59323921761429
			2.2144905753023	-1.59323921761429
			2.21635619499505	-1.59323921761429
			2.21822181468781	-1.59323921761429
			2.22008743438057	-1.59137359792153
			2.22195305407332	-1.59137359792153
			2.22381867376608	-1.59137359792153
			2.22568429345884	-1.59137359792153
			2.22754991315159	-1.59137359792153
			2.22941553284435	-1.59137359792153
			2.23128115253711	-1.59137359792153
			2.23314677222986	-1.59137359792153
			2.23501239192262	-1.59137359792153
			2.23687801161538	-1.59137359792153
			2.23874363130813	-1.59137359792153
			2.24060925100089	-1.59137359792153
			2.24247487069365	-1.59137359792153
			2.2443404903864	-1.59137359792153
			2.24620611007916	-1.59137359792153
			2.24807172977192	-1.58950797822877
			2.24993734946467	-1.58950797822877
			2.25180296915743	-1.58950797822877
			2.25366858885019	-1.58950797822877
			2.25553420854294	-1.58950797822877
			2.2573998282357	-1.58950797822877
			2.25926544792846	-1.58950797822877
			2.26113106762121	-1.58950797822877
			2.26299668731397	-1.58950797822877
			2.26486230700673	-1.58950797822877
			2.26672792669949	-1.58950797822877
			2.26859354639224	-1.58950797822877
			2.270459166085	-1.58950797822877
			2.27232478577776	-1.58950797822877
			2.27419040547051	-1.58950797822877
			2.27605602516327	-1.58950797822877
			2.27792164485603	-1.58950797822877
			2.27978726454878	-1.58950797822877
			2.28165288424154	-1.58950797822877
			2.2835185039343	-1.58950797822877
			2.28538412362705	-1.58950797822877
			2.28724974331981	-1.58950797822877
			2.28911536301257	-1.58950797822877
			2.29098098270532	-1.58950797822877
			2.29284660239808	-1.58950797822877
			2.29471222209084	-1.58950797822877
			2.29657784178359	-1.58950797822877
			2.29844346147635	-1.58950797822877
			2.30030908116911	-1.58950797822877
			2.30217470086186	-1.58950797822877
			2.30404032055462	-1.58950797822877
			2.30590594024738	-1.58950797822877
			2.30777155994013	-1.58950797822877
			2.30963717963289	-1.58950797822877
			2.31150279932565	-1.58950797822877
			2.3133684190184	-1.58950797822877
			2.31523403871116	-1.58950797822877
			2.31709965840392	-1.59137359792153
			2.31896527809667	-1.59137359792153
			2.32083089778943	-1.59137359792153
			2.32269651748219	-1.59137359792153
			2.32456213717494	-1.59137359792153
			2.3264277568677	-1.59137359792153
			2.32829337656046	-1.59137359792153
			2.33015899625322	-1.59137359792153
			2.33202461594597	-1.59137359792153
			2.33389023563873	-1.59137359792153
			2.33575585533149	-1.59137359792153
			2.33762147502424	-1.59323921761429
			2.339487094717	-1.59323921761429
			2.34135271440976	-1.59323921761429
			2.34321833410251	-1.59323921761429
			2.34508395379527	-1.59323921761429
			2.34694957348803	-1.59323921761429
			2.34881519318078	-1.59323921761429
			2.35068081287354	-1.59323921761429
			2.35068081287354	-1.59510483730704
			2.3525464325663	-1.59510483730704
			2.35441205225905	-1.59510483730704
			2.35627767195181	-1.59510483730704
			2.35814329164457	-1.59510483730704
			2.36000891133732	-1.59510483730704
			2.36187453103008	-1.5969704569998
			2.36374015072284	-1.5969704569998
			2.36560577041559	-1.5969704569998
			2.36747139010835	-1.5969704569998
			2.36933700980111	-1.5969704569998
			2.37120262949386	-1.5969704569998
			2.37306824918662	-1.59883607669256
			2.37493386887938	-1.59883607669256
			2.37679948857213	-1.59883607669256
			2.37866510826489	-1.59883607669256
			2.38053072795765	-1.59883607669256
			2.38239634765041	-1.59883607669256
			2.38426196734316	-1.60070169638532
			2.38612758703592	-1.60070169638532
			2.38799320672868	-1.60070169638532
			2.38985882642143	-1.60070169638532
			2.39172444611419	-1.60070169638532
			2.39359006580695	-1.60256731607807
			2.3954556854997	-1.60256731607807
			2.39732130519246	-1.60256731607807
			2.39918692488522	-1.60256731607807
			2.40105254457797	-1.60256731607807
			2.40291816427073	-1.60256731607807
			2.40478378396349	-1.60443293577083
			2.40664940365624	-1.60443293577083
			2.408515023349	-1.60443293577083
			2.41038064304176	-1.60443293577083
			2.41224626273451	-1.60629855546359
			2.41411188242727	-1.60629855546359
			2.41597750212003	-1.60629855546359
			2.41784312181278	-1.60629855546359
			2.41970874150554	-1.60629855546359
			2.4215743611983	-1.60816417515634
			2.42343998089105	-1.60816417515634
			2.42530560058381	-1.60816417515634
			2.42717122027657	-1.60816417515634
			2.42903683996932	-1.6100297948491
			2.43090245966208	-1.6100297948491
			2.43276807935484	-1.6100297948491
			2.43463369904759	-1.6100297948491
			2.43649931874035	-1.6100297948491
			2.43836493843311	-1.61189541454186
			2.44023055812587	-1.61189541454186
			2.44209617781862	-1.61189541454186
			2.44396179751138	-1.61189541454186
			2.44582741720414	-1.61376103423461
			2.44769303689689	-1.61376103423461
			2.44955865658965	-1.61376103423461
			2.45142427628241	-1.61376103423461
			2.45328989597516	-1.61562665392737
			2.45515551566792	-1.61562665392737
			2.45702113536068	-1.61562665392737
			2.45888675505343	-1.61562665392737
			2.46075237474619	-1.61749227362013
			2.46261799443895	-1.61749227362013
			2.4644836141317	-1.61749227362013
			2.46634923382446	-1.61749227362013
			2.46821485351722	-1.61935789331288
			2.47008047320997	-1.61935789331288
			2.47194609290273	-1.61935789331288
			2.47381171259549	-1.61935789331288
			2.47567733228824	-1.62122351300564
			2.477542951981	-1.62122351300564
			2.47940857167376	-1.62122351300564
			2.48127419136651	-1.62122351300564
			2.48313981105927	-1.6230891326984
			2.48500543075203	-1.6230891326984
			2.48687105044478	-1.6230891326984
			2.48873667013754	-1.6230891326984
			2.4906022898303	-1.62495475239115
			2.49246790952306	-1.62495475239115
			2.49433352921581	-1.62495475239115
			2.49619914890857	-1.62495475239115
			2.49806476860133	-1.62682037208391
			2.49993038829408	-1.62682037208391
			2.50179600798684	-1.62682037208391
			2.5036616276796	-1.62868599177667
			2.50552724737235	-1.62868599177667
			2.50739286706511	-1.62868599177667
			2.50925848675787	-1.62868599177667
			2.51112410645062	-1.63055161146942
			2.51298972614338	-1.63055161146942
			2.51485534583614	-1.63055161146942
			2.51672096552889	-1.63241723116218
			2.51858658522165	-1.63241723116218
			2.52045220491441	-1.63241723116218
			2.52231782460716	-1.63241723116218
			2.52418344429992	-1.63428285085494
			2.52604906399268	-1.63428285085494
			2.52791468368543	-1.63428285085494
			2.52978030337819	-1.63614847054769
			2.53164592307095	-1.63614847054769
			2.5335115427637	-1.63614847054769
			2.53537716245646	-1.63801409024045
			2.53724278214922	-1.63801409024045
			2.53910840184197	-1.63801409024045
			2.54097402153473	-1.63801409024045
			2.54283964122749	-1.63987970993321
			2.54470526092024	-1.63987970993321
			2.546570880613	-1.63987970993321
			2.54843650030576	-1.64174532962596
			2.55030211999851	-1.64174532962596
			2.55216773969127	-1.64174532962596
			2.55403335938403	-1.64361094931872
			2.55589897907679	-1.64361094931872
			2.55776459876954	-1.64361094931872
			2.5596302184623	-1.64547656901148
			2.56149583815506	-1.64547656901148
			2.56336145784781	-1.64547656901148
			2.56522707754057	-1.64734218870423
			2.56709269723333	-1.64734218870423
			2.56895831692608	-1.64734218870423
			2.57082393661884	-1.64920780839699
			2.5726895563116	-1.64920780839699
			2.57455517600435	-1.64920780839699
			2.57642079569711	-1.64920780839699
			2.57828641538987	-1.65107342808975
			2.58015203508262	-1.65107342808975
			2.58201765477538	-1.6529390477825
			2.58388327446814	-1.6529390477825
			2.58574889416089	-1.65480466747526
			2.58761451385365	-1.65667028716802
			2.58948013354641	-1.65667028716802
			2.59134575323916	-1.65667028716802
			2.59321137293192	-1.65853590686078
			2.59507699262468	-1.65853590686078
			2.59694261231743	-1.66040152655353
			2.59880823201019	-1.66040152655353
			2.60067385170295	-1.66040152655353
			2.6025394713957	-1.66040152655353
			2.6025394713957	-1.66226714624629
			2.60440509108846	-1.66226714624629
			2.60627071078122	-1.66226714624629
			2.60813633047398	-1.66226714624629
			2.61000195016673	-1.66226714624629
			2.61186756985949	-1.66413276593905
			2.61373318955225	-1.66413276593905
			2.615598809245	-1.66413276593905
			2.61746442893776	-1.66413276593905
			2.61933004863052	-1.66413276593905
			2.62119566832327	-1.66413276593905
			2.62306128801603	-1.66413276593905
			2.62492690770879	-1.6659983856318
			2.62679252740154	-1.6659983856318
			2.6286581470943	-1.6659983856318
			2.63052376678706	-1.6659983856318
			2.63238938647981	-1.6659983856318
			2.63425500617257	-1.6659983856318
			2.63612062586533	-1.6659983856318
			2.63798624555808	-1.6659983856318
			2.63985186525084	-1.6659983856318
			2.6417174849436	-1.6659983856318
			2.64358310463635	-1.6659983856318
			2.64544872432911	-1.6659983856318
			2.64731434402187	-1.6659983856318
			2.64917996371462	-1.6659983856318
			2.65104558340738	-1.6659983856318
			2.65291120310014	-1.6659983856318
			2.65477682279289	-1.6659983856318
			2.65664244248565	-1.6659983856318
			2.65850806217841	-1.6659983856318
			2.66037368187117	-1.6659983856318
			2.66223930156392	-1.6659983856318
			2.66410492125668	-1.6659983856318
			2.66597054094944	-1.6659983856318
			2.66783616064219	-1.6659983856318
			2.66970178033495	-1.6659983856318
			2.67156740002771	-1.6659983856318
			2.67343301972046	-1.66413276593905
			2.67529863941322	-1.66413276593905
			2.67716425910598	-1.66413276593905
			2.67902987879873	-1.66413276593905
			2.68089549849149	-1.66413276593905
			2.68276111818425	-1.66413276593905
			2.684626737877	-1.66413276593905
			2.68649235756976	-1.66413276593905
			2.68835797726252	-1.66413276593905
			2.69022359695527	-1.66413276593905
			2.69208921664803	-1.66413276593905
			2.69395483634079	-1.66226714624629
			2.69582045603354	-1.66226714624629
			2.6976860757263	-1.66226714624629
			2.69955169541906	-1.66226714624629
			2.70141731511181	-1.66226714624629
			2.70328293480457	-1.66226714624629
			2.70514855449733	-1.66226714624629
			2.70701417419008	-1.66040152655353
			2.70887979388284	-1.66040152655353
			2.7107454135756	-1.66040152655353
			2.71261103326835	-1.66040152655353
			2.71447665296111	-1.66040152655353
			2.71634227265387	-1.66040152655353
			2.71820789234663	-1.66040152655353
			2.72007351203938	-1.66040152655353
			2.72007351203938	-1.65853590686078
			2.72193913173214	-1.65853590686078
			2.7238047514249	-1.65853590686078
			2.72567037111765	-1.65853590686078
			2.72753599081041	-1.65853590686078
			2.72940161050317	-1.65853590686078
			2.73126723019592	-1.65667028716802
			2.73313284988868	-1.65667028716802
			2.73499846958144	-1.65667028716802
			2.73686408927419	-1.65667028716802
			2.73872970896695	-1.65667028716802
			2.74059532865971	-1.65667028716802
			2.74246094835246	-1.65480466747526
			2.74432656804522	-1.65480466747526
			2.74619218773798	-1.65480466747526
			2.74805780743073	-1.65480466747526
			2.74992342712349	-1.65480466747526
			2.75178904681625	-1.65480466747526
			2.753654666509	-1.6529390477825
			2.75552028620176	-1.6529390477825
			2.75738590589452	-1.6529390477825
			2.75925152558727	-1.6529390477825
			2.76111714528003	-1.6529390477825
			2.76298276497279	-1.65107342808975
			2.76484838466554	-1.65107342808975
			2.7667140043583	-1.65107342808975
			2.76857962405106	-1.65107342808975
			2.77044524374381	-1.65107342808975
			2.77231086343657	-1.64920780839699
			2.77417648312933	-1.64920780839699
			2.77604210282209	-1.64920780839699
			2.77790772251484	-1.64920780839699
			2.7797733422076	-1.64920780839699
			2.78163896190036	-1.64734218870423
			2.78350458159311	-1.64734218870423
			2.78537020128587	-1.64734218870423
			2.78723582097863	-1.64734218870423
			2.78910144067138	-1.64734218870423
			2.79096706036414	-1.64547656901148
			2.7928326800569	-1.64547656901148
			2.79469829974965	-1.64547656901148
			2.79656391944241	-1.64547656901148
			2.79842953913517	-1.64361094931872
			2.80029515882792	-1.64361094931872
			2.80216077852068	-1.64361094931872
			2.80402639821344	-1.64361094931872
			2.80589201790619	-1.64174532962596
			2.80775763759895	-1.64174532962596
			2.80962325729171	-1.64174532962596
			2.81148887698446	-1.64174532962596
			2.81335449667722	-1.64174532962596
			2.81522011636998	-1.63987970993321
			2.81708573606273	-1.63987970993321
			2.81895135575549	-1.63987970993321
			2.82081697544825	-1.63801409024045
			2.822682595141	-1.63801409024045
			2.82454821483376	-1.63801409024045
			2.82641383452652	-1.63801409024045
			2.82827945421927	-1.63801409024045
			2.83014507391203	-1.63614847054769
			2.83201069360479	-1.63614847054769
			2.83387631329755	-1.63614847054769
			2.8357419329903	-1.63614847054769
			2.83760755268306	-1.63428285085494
			2.83947317237582	-1.63428285085494
			2.84133879206857	-1.63428285085494
			2.84320441176133	-1.63428285085494
			2.84507003145409	-1.63241723116218
			2.84693565114684	-1.63241723116218
			2.8488012708396	-1.63241723116218
			2.85066689053236	-1.63241723116218
			2.85253251022511	-1.63055161146942
			2.85439812991787	-1.63055161146942
			2.85626374961063	-1.63055161146942
			2.85812936930338	-1.63055161146942
			2.85999498899614	-1.62868599177667
			2.8618606086889	-1.62868599177667
			2.86372622838165	-1.62868599177667
			2.86559184807441	-1.62868599177667
			2.86745746776717	-1.62682037208391
			2.86932308745992	-1.62682037208391
		</curvaD_espina_dorsal>
		<curvaI_espina_dorsal type=matrix rownames=FALSE colnames=FALSE nrow=372 ncol=2 as.numeric=TRUE >
			2.20702809653127	-1.59323921761429
			2.20889371622402	-1.59323921761429
			2.21075933591678	-1.59323921761429
			2.21262495560954	-1.59323921761429
			2.2144905753023	-1.59323921761429
			2.21635619499505	-1.59510483730704
			2.21822181468781	-1.59510483730704
			2.22008743438057	-1.59510483730704
			2.22195305407332	-1.59510483730704
			2.22381867376608	-1.59510483730704
			2.22568429345884	-1.59510483730704
			2.22754991315159	-1.59510483730704
			2.22941553284435	-1.5969704569998
			2.23128115253711	-1.5969704569998
			2.23314677222986	-1.5969704569998
			2.23501239192262	-1.5969704569998
			2.23687801161538	-1.5969704569998
			2.23874363130813	-1.5969704569998
			2.24060925100089	-1.5969704569998
			2.24247487069365	-1.5969704569998
			2.24247487069365	-1.59883607669256
			2.2443404903864	-1.59883607669256
			2.24620611007916	-1.59883607669256
			2.24807172977192	-1.59883607669256
			2.24993734946467	-1.59883607669256
			2.25180296915743	-1.59883607669256
			2.25366858885019	-1.59883607669256
			2.25553420854294	-1.60070169638532
			2.2573998282357	-1.60070169638532
			2.25926544792846	-1.60070169638532
			2.26113106762121	-1.60070169638532
			2.26299668731397	-1.60070169638532
			2.26486230700673	-1.60070169638532
			2.26672792669949	-1.60256731607807
			2.26859354639224	-1.60256731607807
			2.270459166085	-1.60256731607807
			2.27232478577776	-1.60256731607807
			2.27419040547051	-1.60256731607807
			2.27605602516327	-1.60256731607807
			2.27792164485603	-1.60443293577083
			2.27978726454878	-1.60443293577083
			2.28165288424154	-1.60443293577083
			2.2835185039343	-1.60443293577083
			2.28538412362705	-1.60443293577083
			2.28724974331981	-1.60443293577083
			2.28911536301257	-1.60629855546359
			2.29098098270532	-1.60629855546359
			2.29284660239808	-1.60629855546359
			2.29471222209084	-1.60629855546359
			2.29657784178359	-1.60629855546359
			2.29844346147635	-1.60629855546359
			2.30030908116911	-1.60816417515634
			2.30217470086186	-1.60816417515634
			2.30404032055462	-1.60816417515634
			2.30590594024738	-1.60816417515634
			2.30777155994013	-1.6100297948491
			2.30963717963289	-1.6100297948491
			2.31150279932565	-1.6100297948491
			2.3133684190184	-1.6100297948491
			2.31523403871116	-1.6100297948491
			2.31709965840392	-1.61189541454186
			2.31896527809667	-1.61189541454186
			2.32083089778943	-1.61189541454186
			2.32269651748219	-1.61189541454186
			2.32456213717494	-1.61189541454186
			2.3264277568677	-1.61376103423461
			2.32829337656046	-1.61376103423461
			2.33015899625322	-1.61376103423461
			2.33202461594597	-1.61376103423461
			2.33389023563873	-1.61562665392737
			2.33575585533149	-1.61562665392737
			2.33762147502424	-1.61562665392737
			2.339487094717	-1.61562665392737
			2.34135271440976	-1.61562665392737
			2.34321833410251	-1.61749227362013
			2.34508395379527	-1.61749227362013
			2.34694957348803	-1.61749227362013
			2.34881519318078	-1.61749227362013
			2.35068081287354	-1.61935789331288
			2.3525464325663	-1.61935789331288
			2.35441205225905	-1.61935789331288
			2.35627767195181	-1.61935789331288
			2.35627767195181	-1.62122351300564
			2.35814329164457	-1.62122351300564
			2.36000891133732	-1.62122351300564
			2.36187453103008	-1.62122351300564
			2.36374015072284	-1.6230891326984
			2.36560577041559	-1.6230891326984
			2.36747139010835	-1.6230891326984
			2.36933700980111	-1.6230891326984
			2.37120262949386	-1.62495475239115
			2.37306824918662	-1.62495475239115
			2.37493386887938	-1.62495475239115
			2.37679948857213	-1.62682037208391
			2.37866510826489	-1.62682037208391
			2.38053072795765	-1.62682037208391
			2.38239634765041	-1.62682037208391
			2.38426196734316	-1.62868599177667
			2.38612758703592	-1.62868599177667
			2.38799320672868	-1.62868599177667
			2.38985882642143	-1.63055161146942
			2.39172444611419	-1.63055161146942
			2.39359006580695	-1.63055161146942
			2.3954556854997	-1.63241723116218
			2.39732130519246	-1.63241723116218
			2.39918692488522	-1.63241723116218
			2.40105254457797	-1.63241723116218
			2.40105254457797	-1.63428285085494
			2.40291816427073	-1.63428285085494
			2.40478378396349	-1.63428285085494
			2.40664940365624	-1.63614847054769
			2.408515023349	-1.63614847054769
			2.41038064304176	-1.63614847054769
			2.41224626273451	-1.63801409024045
			2.41411188242727	-1.63801409024045
			2.41597750212003	-1.63801409024045
			2.41784312181278	-1.63987970993321
			2.41970874150554	-1.63987970993321
			2.4215743611983	-1.63987970993321
			2.42343998089105	-1.64174532962596
			2.42530560058381	-1.64174532962596
			2.42717122027657	-1.64361094931872
			2.42903683996932	-1.64361094931872
			2.43090245966208	-1.64361094931872
			2.43276807935484	-1.64547656901148
			2.43463369904759	-1.64547656901148
			2.43649931874035	-1.64547656901148
			2.43836493843311	-1.64734218870423
			2.44023055812587	-1.64734218870423
			2.44209617781862	-1.64734218870423
			2.44396179751138	-1.64920780839699
			2.44582741720414	-1.64920780839699
			2.44769303689689	-1.64920780839699
			2.44955865658965	-1.65107342808975
			2.45142427628241	-1.65107342808975
			2.45328989597516	-1.65107342808975
			2.45328989597516	-1.6529390477825
			2.45515551566792	-1.6529390477825
			2.45702113536068	-1.6529390477825
			2.45888675505343	-1.65480466747526
			2.46075237474619	-1.65480466747526
			2.46261799443895	-1.65480466747526
			2.4644836141317	-1.65667028716802
			2.46634923382446	-1.65667028716802
			2.46821485351722	-1.65853590686078
			2.47008047320997	-1.65853590686078
			2.47194609290273	-1.65853590686078
			2.47381171259549	-1.66040152655353
			2.47567733228824	-1.66040152655353
			2.477542951981	-1.66226714624629
			2.47940857167376	-1.66226714624629
			2.48127419136651	-1.66226714624629
			2.48313981105927	-1.66413276593905
			2.48500543075203	-1.66413276593905
			2.48687105044478	-1.6659983856318
			2.48873667013754	-1.6659983856318
			2.4906022898303	-1.66786400532456
			2.49246790952306	-1.66786400532456
			2.49433352921581	-1.66972962501732
			2.49619914890857	-1.66972962501732
			2.49806476860133	-1.67159524471007
			2.49993038829408	-1.67159524471007
			2.50179600798684	-1.67159524471007
			2.5036616276796	-1.67346086440283
			2.50552724737235	-1.67346086440283
			2.50552724737235	-1.67532648409559
			2.50739286706511	-1.67532648409559
			2.50925848675787	-1.67719210378834
			2.51112410645062	-1.67719210378834
			2.51298972614338	-1.67719210378834
			2.51298972614338	-1.6790577234811
			2.51485534583614	-1.6790577234811
			2.51672096552889	-1.68092334317386
			2.51858658522165	-1.68092334317386
			2.52045220491441	-1.68278896286661
			2.52231782460716	-1.68465458255937
			2.52418344429992	-1.68465458255937
			2.52604906399268	-1.68652020225213
			2.52791468368543	-1.68652020225213
			2.52791468368543	-1.68838582194488
			2.52978030337819	-1.68838582194488
			2.53164592307095	-1.69025144163764
			2.5335115427637	-1.6921170613304
			2.53537716245646	-1.6921170613304
			2.53724278214922	-1.69398268102315
			2.53910840184197	-1.69584830071591
			2.54097402153473	-1.69771392040867
			2.54097402153473	-1.69957954010142
			2.54283964122749	-1.70144515979418
			2.54283964122749	-1.70331077948694
			2.54470526092024	-1.70331077948694
			2.54470526092024	-1.70517639917969
			2.54470526092024	-1.70704201887245
			2.54470526092024	-1.70890763856521
			2.54470526092024	-1.71077325825797
			2.54470526092024	-1.71263887795072
			2.54470526092024	-1.71450449764348
			2.54470526092024	-1.71637011733624
			2.54470526092024	-1.71823573702899
			2.54283964122749	-1.72010135672175
			2.54283964122749	-1.72196697641451
			2.54283964122749	-1.72383259610726
			2.54283964122749	-1.72569821580002
			2.54097402153473	-1.72756383549278
			2.54097402153473	-1.72942945518553
			2.54097402153473	-1.73129507487829
			2.54097402153473	-1.73316069457105
			2.53910840184197	-1.7350263142638
			2.53910840184197	-1.73689193395656
			2.53910840184197	-1.73875755364932
			2.53910840184197	-1.74062317334207
			2.53724278214922	-1.74248879303483
			2.53724278214922	-1.74435441272759
			2.53724278214922	-1.74622003242034
			2.53537716245646	-1.7480856521131
			2.53537716245646	-1.74995127180586
			2.53537716245646	-1.75181689149861
			2.53537716245646	-1.75368251119137
			2.5335115427637	-1.75554813088413
			2.5335115427637	-1.75741375057688
			2.53164592307095	-1.75927937026964
			2.53164592307095	-1.7611449899624
			2.53164592307095	-1.76301060965515
			2.52978030337819	-1.76301060965515
			2.52978030337819	-1.76487622934791
			2.52978030337819	-1.76674184904067
			2.52791468368543	-1.76860746873343
			2.52791468368543	-1.77047308842618
			2.52604906399268	-1.77233870811894
			2.52604906399268	-1.7742043278117
			2.52604906399268	-1.77606994750445
			2.52418344429992	-1.77793556719721
			2.52418344429992	-1.77980118688997
			2.52231782460716	-1.78166680658272
			2.52231782460716	-1.78353242627548
			2.52045220491441	-1.78539804596824
			2.52045220491441	-1.78726366566099
			2.51858658522165	-1.78912928535375
			2.51858658522165	-1.79099490504651
			2.51672096552889	-1.79286052473926
			2.51672096552889	-1.79472614443202
			2.51485534583614	-1.79659176412478
			2.51485534583614	-1.79845738381753
			2.51298972614338	-1.79845738381753
			2.51298972614338	-1.80032300351029
			2.51112410645062	-1.80218862320305
			2.51112410645062	-1.8040542428958
			2.50925848675787	-1.80591986258856
			2.50739286706511	-1.80778548228132
			2.50739286706511	-1.80965110197407
			2.50552724737235	-1.81151672166683
			2.50552724737235	-1.81338234135959
			2.5036616276796	-1.81524796105234
			2.50179600798684	-1.8171135807451
			2.50179600798684	-1.81897920043786
			2.49993038829408	-1.82084482013062
			2.49993038829408	-1.82271043982337
			2.49806476860133	-1.82457605951613
			2.49619914890857	-1.82644167920889
			2.49433352921581	-1.82830729890164
			2.49246790952306	-1.8301729185944
			2.49246790952306	-1.83203853828716
			2.4906022898303	-1.83390415797991
			2.48873667013754	-1.83576977767267
			2.48687105044478	-1.83763539736543
			2.48500543075203	-1.83950101705818
			2.48500543075203	-1.84136663675094
			2.48313981105927	-1.8432322564437
			2.48313981105927	-1.84509787613645
			2.48127419136651	-1.84509787613645
			2.47940857167376	-1.84696349582921
			2.47940857167376	-1.84882911552197
			2.477542951981	-1.85069473521472
			2.47567733228824	-1.85256035490748
			2.47381171259549	-1.85442597460024
			2.47194609290273	-1.85629159429299
			2.47008047320997	-1.85815721398575
			2.46821485351722	-1.86002283367851
			2.46821485351722	-1.86188845337126
			2.46634923382446	-1.86375407306402
			2.4644836141317	-1.86561969275678
			2.46261799443895	-1.86748531244953
			2.46075237474619	-1.86935093214229
			2.45888675505343	-1.87121655183505
			2.45888675505343	-1.8730821715278
			2.45702113536068	-1.87494779122056
			2.45515551566792	-1.87681341091332
			2.45328989597516	-1.87867903060608
			2.45328989597516	-1.88054465029883
			2.45328989597516	-1.88241026999159
			2.45142427628241	-1.88241026999159
			2.45142427628241	-1.88427588968435
			2.44955865658965	-1.8861415093771
			2.44955865658965	-1.88800712906986
			2.44769303689689	-1.88987274876262
			2.44769303689689	-1.89173836845537
			2.44582741720414	-1.89360398814813
			2.44582741720414	-1.89546960784089
			2.44396179751138	-1.89733522753364
			2.44396179751138	-1.8992008472264
			2.44209617781862	-1.90106646691916
			2.44209617781862	-1.90293208661191
			2.44023055812587	-1.90479770630467
			2.44023055812587	-1.90666332599743
			2.43836493843311	-1.90852894569018
			2.43836493843311	-1.91039456538294
			2.43649931874035	-1.9122601850757
			2.43649931874035	-1.91412580476845
			2.43463369904759	-1.91599142446121
			2.43463369904759	-1.91785704415397
			2.43463369904759	-1.91972266384672
			2.43276807935484	-1.92158828353948
			2.43276807935484	-1.92345390323224
			2.43090245966208	-1.92531952292499
			2.43090245966208	-1.92718514261775
			2.43090245966208	-1.92905076231051
			2.42903683996932	-1.93091638200326
			2.42903683996932	-1.93278200169602
			2.42717122027657	-1.93464762138878
			2.42717122027657	-1.93651324108154
			2.42717122027657	-1.93837886077429
			2.42530560058381	-1.94024448046705
			2.42530560058381	-1.94211010015981
			2.42530560058381	-1.94397571985256
			2.42343998089105	-1.94584133954532
			2.42343998089105	-1.94770695923808
			2.42343998089105	-1.94957257893083
			2.4215743611983	-1.95143819862359
			2.4215743611983	-1.95330381831635
			2.4215743611983	-1.9551694380091
			2.41970874150554	-1.95703505770186
			2.41970874150554	-1.95890067739462
			2.41970874150554	-1.96076629708737
			2.41970874150554	-1.96263191678013
			2.41784312181278	-1.96449753647289
			2.41784312181278	-1.96636315616564
			2.41784312181278	-1.9682287758584
			2.41597750212003	-1.97009439555116
			2.41597750212003	-1.97196001524391
			2.41597750212003	-1.97382563493667
			2.41597750212003	-1.97569125462943
			2.41411188242727	-1.97755687432218
			2.41411188242727	-1.97942249401494
			2.41411188242727	-1.9812881137077
			2.41411188242727	-1.98315373340045
			2.41411188242727	-1.98501935309321
			2.41224626273451	-1.98688497278597
			2.41224626273451	-1.98875059247872
			2.41224626273451	-1.99061621217148
			2.41224626273451	-1.99248183186424
			2.41224626273451	-1.994347451557
			2.41224626273451	-1.99621307124975
			2.41038064304176	-1.99807869094251
			2.41038064304176	-1.99994431063527
			2.41038064304176	-2.00180993032802
			2.41038064304176	-2.00367555002078
			2.41038064304176	-2.00554116971354
			2.41038064304176	-2.00740678940629
			2.408515023349	-2.00740678940629
			2.408515023349	-2.00927240909905
			2.408515023349	-2.01113802879181
			2.408515023349	-2.01300364848456
			2.408515023349	-2.01486926817732
			2.408515023349	-2.01673488787008
			2.408515023349	-2.01860050756283
			2.408515023349	-2.02046612725559
			2.40664940365624	-2.02233174694835
			2.40664940365624	-2.0241973666411
			2.40664940365624	-2.02606298633386
			2.40664940365624	-2.02792860602662
			2.40664940365624	-2.02979422571937
			2.40664940365624	-2.03165984541213
		</curvaI_espina_dorsal>
	</curves.scaled>
	<ruler.points type=matrix rownames=TRUE colnames=FALSE nrow=2 ncol=2 as.numeric=TRUE >
		Ruler point 1	1519	537
		Ruler point 2	2055	533
	</ruler.points>
</shapes>

