<shapes type=list>
	<ruler.pixel type=vector names=FALSE length=1 as.numeric=TRUE >539.003710562367</ruler.pixel>
	<ruler.interval type=vector names=FALSE length=1 as.numeric=TRUE >1</ruler.interval>
	<scaling.units type=vector names=FALSE length=1 as.numeric=FALSE >mm</scaling.units>
	<scaling type=vector names=FALSE length=1 as.numeric=TRUE >0.00186561969275678</scaling>
	<landmarks.pixel type=matrix rownames=TRUE colnames=FALSE nrow=3 ncol=2 as.numeric=TRUE >
		punta_espina_dorsal	1471	832
		esq_izq_caparaza	1416	1125
		organo_dorsal	1732	1078
	</landmarks.pixel>
	<landmarks.scaled type=matrix rownames=TRUE colnames=FALSE nrow=3 ncol=2 as.numeric=TRUE >
		punta_espina_dorsal	2.74432656804522	-1.55219558437364
		esq_izq_caparaza	2.6417174849436	-2.09882215435137
		organo_dorsal	3.23125330785474	-2.01113802879181
	</landmarks.scaled>
	<curves.control type=list>
		<curvaD_espina_dorsal type=matrix rownames=FALSE colnames=FALSE nrow=7 ncol=2 as.numeric=TRUE >
			1471	832
			1522	871
			1546	907
			1562	932
			1613	1004
			1622	1049
			1732	1078
		</curvaD_espina_dorsal>
		<curvaI_espina_dorsal type=matrix rownames=FALSE colnames=FALSE nrow=9 ncol=2 as.numeric=TRUE >
			1471	832
			1495	868
			1507	880
			1574	974
			1570	1008
			1551	1057
			1471	1064
			1429	1095
			1416	1125
		</curvaI_espina_dorsal>
	</curves.control>
	<curves.pixel type=list>
		<curvaD_espina_dorsal type=matrix rownames=FALSE colnames=FALSE nrow=338 ncol=2 as.numeric=TRUE >
			1471	832
			1472	833
			1473	833
			1473	834
			1474	835
			1475	835
			1476	836
			1477	836
			1477	837
			1478	838
			1479	838
			1480	839
			1481	840
			1482	841
			1483	842
			1484	842
			1485	843
			1486	844
			1487	845
			1488	845
			1489	846
			1490	847
			1490	848
			1491	848
			1492	849
			1493	850
			1494	851
			1495	851
			1496	852
			1496	853
			1497	853
			1498	854
			1499	855
			1500	856
			1501	856
			1501	857
			1502	858
			1503	859
			1504	859
			1505	860
			1506	861
			1506	862
			1507	862
			1508	863
			1509	864
			1509	865
			1510	865
			1511	866
			1512	867
			1513	868
			1514	869
			1515	870
			1516	871
			1517	872
			1518	873
			1519	874
			1520	875
			1521	876
			1522	877
			1523	878
			1524	879
			1524	880
			1525	880
			1525	881
			1526	882
			1527	882
			1527	883
			1528	883
			1528	884
			1529	885
			1530	886
			1531	887
			1532	888
			1533	889
			1533	890
			1534	891
			1535	892
			1536	893
			1536	894
			1537	895
			1538	896
			1538	897
			1539	897
			1540	898
			1540	899
			1541	900
			1542	901
			1542	902
			1543	903
			1544	904
			1545	905
			1546	906
			1546	907
			1547	908
			1547	909
			1548	910
			1549	911
			1549	912
			1550	913
			1551	914
			1551	915
			1552	916
			1552	917
			1553	917
			1553	918
			1554	919
			1554	920
			1555	920
			1555	921
			1556	922
			1556	923
			1557	923
			1557	924
			1558	925
			1558	926
			1559	927
			1560	927
			1560	928
			1561	929
			1561	930
			1562	931
			1562	932
			1563	933
			1564	933
			1564	934
			1565	935
			1566	936
			1566	937
			1567	938
			1568	939
			1568	940
			1569	941
			1570	942
			1570	943
			1571	944
			1572	945
			1572	946
			1573	947
			1574	948
			1575	949
			1575	950
			1576	951
			1577	952
			1577	953
			1578	954
			1579	955
			1580	956
			1580	957
			1581	958
			1581	959
			1582	960
			1582	961
			1583	961
			1584	962
			1584	963
			1585	964
			1585	965
			1586	966
			1587	967
			1587	968
			1588	968
			1589	969
			1589	970
			1590	971
			1590	972
			1591	973
			1592	974
			1592	975
			1593	976
			1594	977
			1594	978
			1595	979
			1596	979
			1596	980
			1597	981
			1598	982
			1598	983
			1599	984
			1600	985
			1600	986
			1601	987
			1602	988
			1603	989
			1603	990
			1604	991
			1605	992
			1605	993
			1606	994
			1607	995
			1608	996
			1608	997
			1609	998
			1609	999
			1610	1000
			1611	1001
			1611	1002
			1612	1003
			1613	1003
			1613	1004
			1613	1005
			1613	1006
			1614	1007
			1614	1008
			1614	1009
			1615	1010
			1615	1011
			1615	1012
			1616	1013
			1616	1014
			1617	1014
			1617	1015
			1617	1016
			1618	1017
			1618	1018
			1619	1018
			1619	1019
			1620	1020
			1620	1021
			1621	1022
			1622	1023
			1623	1024
			1623	1025
			1624	1026
			1625	1027
			1626	1028
			1627	1029
			1627	1030
			1628	1030
			1629	1031
			1630	1032
			1631	1033
			1632	1034
			1633	1035
			1634	1036
			1635	1037
			1636	1038
			1637	1038
			1638	1039
			1639	1040
			1640	1040
			1641	1041
			1642	1041
			1643	1042
			1644	1043
			1645	1044
			1646	1044
			1647	1045
			1648	1046
			1649	1046
			1650	1047
			1651	1047
			1652	1048
			1653	1049
			1654	1049
			1655	1050
			1656	1050
			1657	1051
			1658	1051
			1659	1052
			1660	1052
			1661	1053
			1662	1053
			1663	1054
			1664	1054
			1665	1055
			1666	1055
			1667	1055
			1667	1056
			1668	1056
			1669	1056
			1669	1057
			1670	1057
			1671	1057
			1671	1058
			1672	1058
			1673	1058
			1674	1059
			1675	1059
			1676	1060
			1677	1060
			1678	1060
			1679	1061
			1680	1061
			1681	1061
			1681	1062
			1682	1062
			1683	1062
			1684	1063
			1685	1063
			1686	1063
			1687	1064
			1688	1064
			1689	1064
			1689	1065
			1690	1065
			1691	1066
			1692	1066
			1693	1066
			1694	1067
			1695	1067
			1696	1067
			1697	1068
			1698	1068
			1699	1068
			1700	1069
			1701	1069
			1702	1069
			1703	1069
			1704	1070
			1705	1070
			1706	1070
			1707	1071
			1708	1071
			1709	1071
			1710	1072
			1711	1072
			1712	1072
			1713	1073
			1714	1073
			1715	1073
			1716	1074
			1717	1074
			1718	1074
			1719	1074
			1719	1075
			1720	1075
			1721	1075
			1722	1075
			1723	1076
			1724	1076
			1725	1076
			1726	1076
			1727	1077
			1728	1077
			1729	1077
			1730	1077
			1731	1078
			1732	1078
		</curvaD_espina_dorsal>
		<curvaI_espina_dorsal type=matrix rownames=FALSE colnames=FALSE nrow=374 ncol=2 as.numeric=TRUE >
			1471	832
			1471	833
			1472	833
			1472	834
			1473	835
			1474	836
			1474	837
			1475	838
			1475	839
			1476	839
			1476	840
			1477	841
			1478	842
			1479	843
			1479	844
			1480	845
			1480	846
			1481	847
			1482	848
			1483	849
			1484	850
			1484	851
			1485	852
			1486	853
			1486	854
			1487	855
			1488	856
			1488	857
			1489	858
			1490	859
			1490	860
			1491	860
			1491	861
			1492	862
			1493	863
			1493	864
			1494	864
			1494	865
			1495	866
			1496	867
			1497	868
			1498	869
			1498	870
			1499	871
			1500	872
			1500	873
			1501	873
			1501	874
			1502	875
			1503	875
			1503	876
			1504	877
			1505	878
			1506	879
			1507	880
			1508	881
			1509	882
			1509	883
			1510	884
			1511	885
			1512	886
			1512	887
			1513	888
			1514	889
			1514	890
			1515	891
			1516	892
			1516	893
			1517	894
			1517	895
			1518	896
			1519	897
			1519	898
			1520	899
			1521	900
			1521	901
			1522	901
			1523	902
			1523	903
			1524	904
			1524	905
			1525	906
			1526	907
			1526	908
			1527	909
			1527	910
			1528	910
			1528	911
			1529	912
			1530	913
			1530	914
			1531	915
			1531	916
			1532	917
			1533	918
			1534	919
			1534	920
			1535	921
			1535	922
			1536	923
			1537	924
			1537	925
			1538	926
			1539	927
			1539	928
			1540	929
			1540	930
			1541	931
			1541	932
			1542	933
			1543	934
			1543	935
			1544	936
			1544	937
			1545	938
			1545	939
			1546	940
			1546	941
			1547	941
			1547	942
			1548	943
			1548	944
			1549	945
			1549	946
			1550	947
			1550	948
			1551	949
			1552	950
			1552	951
			1553	952
			1553	953
			1554	954
			1554	955
			1555	956
			1555	957
			1556	958
			1556	959
			1557	960
			1557	961
			1558	962
			1558	963
			1559	964
			1559	965
			1560	966
			1560	967
			1560	968
			1561	969
			1561	970
			1562	970
			1562	971
			1562	972
			1563	973
			1563	974
			1563	975
			1564	976
			1564	977
			1565	978
			1565	979
			1565	980
			1566	981
			1566	982
			1566	983
			1567	984
			1567	985
			1567	986
			1567	987
			1568	988
			1568	989
			1568	990
			1569	991
			1569	992
			1569	993
			1569	994
			1569	995
			1570	996
			1570	997
			1570	998
			1570	999
			1570	1000
			1570	1001
			1570	1002
			1570	1003
			1570	1004
			1570	1005
			1570	1006
			1570	1007
			1570	1008
			1569	1009
			1569	1010
			1569	1011
			1569	1012
			1568	1012
			1568	1013
			1567	1014
			1567	1015
			1566	1016
			1566	1017
			1565	1018
			1565	1019
			1564	1019
			1564	1020
			1563	1021
			1563	1022
			1562	1023
			1561	1024
			1561	1025
			1560	1026
			1559	1027
			1558	1028
			1558	1029
			1557	1030
			1556	1031
			1555	1031
			1554	1032
			1554	1033
			1553	1034
			1552	1035
			1551	1036
			1550	1036
			1549	1037
			1548	1038
			1547	1039
			1546	1039
			1545	1040
			1544	1041
			1543	1042
			1542	1042
			1541	1043
			1540	1044
			1539	1044
			1538	1045
			1537	1046
			1536	1046
			1535	1047
			1534	1048
			1533	1048
			1532	1049
			1531	1049
			1530	1049
			1530	1050
			1529	1050
			1528	1050
			1528	1051
			1527	1051
			1526	1051
			1525	1052
			1524	1052
			1523	1053
			1522	1053
			1521	1053
			1520	1054
			1519	1054
			1518	1054
			1517	1055
			1516	1055
			1515	1055
			1514	1056
			1513	1056
			1512	1056
			1511	1057
			1510	1057
			1509	1057
			1508	1058
			1507	1058
			1506	1058
			1505	1058
			1504	1059
			1503	1059
			1502	1059
			1501	1060
			1500	1060
			1499	1060
			1498	1060
			1497	1060
			1496	1060
			1495	1061
			1494	1061
			1493	1061
			1492	1061
			1491	1061
			1490	1062
			1489	1062
			1488	1062
			1487	1062
			1486	1062
			1485	1062
			1484	1063
			1483	1063
			1482	1063
			1481	1063
			1480	1063
			1479	1063
			1478	1063
			1477	1063
			1476	1064
			1475	1064
			1474	1064
			1473	1064
			1472	1064
			1471	1064
			1470	1064
			1470	1065
			1469	1065
			1469	1066
			1468	1066
			1467	1067
			1466	1067
			1466	1068
			1465	1069
			1464	1070
			1463	1070
			1462	1071
			1461	1072
			1460	1073
			1459	1073
			1458	1074
			1457	1075
			1456	1076
			1455	1076
			1454	1077
			1454	1078
			1453	1079
			1452	1079
			1451	1080
			1450	1081
			1449	1082
			1448	1083
			1447	1084
			1446	1085
			1445	1086
			1444	1087
			1443	1088
			1442	1089
			1441	1089
			1440	1090
			1440	1091
			1439	1092
			1438	1093
			1437	1094
			1436	1095
			1435	1096
			1435	1097
			1434	1097
			1433	1098
			1432	1099
			1432	1100
			1431	1101
			1430	1102
			1429	1103
			1429	1104
			1428	1105
			1427	1105
			1427	1106
			1426	1107
			1426	1108
			1425	1109
			1424	1110
			1424	1111
			1423	1112
			1423	1113
			1422	1113
			1422	1114
			1421	1115
			1421	1116
			1420	1117
			1420	1118
			1419	1119
			1419	1120
			1418	1120
			1418	1121
			1417	1122
			1417	1123
			1416	1124
			1416	1125
		</curvaI_espina_dorsal>
	</curves.pixel>
	<curves.scaled type=list>
		<curvaD_espina_dorsal type=matrix rownames=FALSE colnames=FALSE nrow=338 ncol=2 as.numeric=TRUE >
			2.74432656804522	-1.55219558437364
			2.74619218773798	-1.5540612040664
			2.74805780743073	-1.5540612040664
			2.74805780743073	-1.55592682375915
			2.74992342712349	-1.55779244345191
			2.75178904681625	-1.55779244345191
			2.753654666509	-1.55965806314467
			2.75552028620176	-1.55965806314467
			2.75552028620176	-1.56152368283742
			2.75738590589452	-1.56338930253018
			2.75925152558727	-1.56338930253018
			2.76111714528003	-1.56525492222294
			2.76298276497279	-1.56712054191569
			2.76484838466554	-1.56898616160845
			2.7667140043583	-1.57085178130121
			2.76857962405106	-1.57085178130121
			2.77044524374381	-1.57271740099396
			2.77231086343657	-1.57458302068672
			2.77417648312933	-1.57644864037948
			2.77604210282209	-1.57644864037948
			2.77790772251484	-1.57831426007223
			2.7797733422076	-1.58017987976499
			2.7797733422076	-1.58204549945775
			2.78163896190036	-1.58204549945775
			2.78350458159311	-1.5839111191505
			2.78537020128587	-1.58577673884326
			2.78723582097863	-1.58764235853602
			2.78910144067138	-1.58764235853602
			2.79096706036414	-1.58950797822877
			2.79096706036414	-1.59137359792153
			2.7928326800569	-1.59137359792153
			2.79469829974965	-1.59323921761429
			2.79656391944241	-1.59510483730704
			2.79842953913517	-1.5969704569998
			2.80029515882792	-1.5969704569998
			2.80029515882792	-1.59883607669256
			2.80216077852068	-1.60070169638532
			2.80402639821344	-1.60256731607807
			2.80589201790619	-1.60256731607807
			2.80775763759895	-1.60443293577083
			2.80962325729171	-1.60629855546359
			2.80962325729171	-1.60816417515634
			2.81148887698446	-1.60816417515634
			2.81335449667722	-1.6100297948491
			2.81522011636998	-1.61189541454186
			2.81522011636998	-1.61376103423461
			2.81708573606273	-1.61376103423461
			2.81895135575549	-1.61562665392737
			2.82081697544825	-1.61749227362013
			2.822682595141	-1.61935789331288
			2.82454821483376	-1.62122351300564
			2.82641383452652	-1.6230891326984
			2.82827945421927	-1.62495475239115
			2.83014507391203	-1.62682037208391
			2.83201069360479	-1.62868599177667
			2.83387631329755	-1.63055161146942
			2.8357419329903	-1.63241723116218
			2.83760755268306	-1.63428285085494
			2.83947317237582	-1.63614847054769
			2.84133879206857	-1.63801409024045
			2.84320441176133	-1.63987970993321
			2.84320441176133	-1.64174532962596
			2.84507003145409	-1.64174532962596
			2.84507003145409	-1.64361094931872
			2.84693565114684	-1.64547656901148
			2.8488012708396	-1.64547656901148
			2.8488012708396	-1.64734218870423
			2.85066689053236	-1.64734218870423
			2.85066689053236	-1.64920780839699
			2.85253251022511	-1.65107342808975
			2.85439812991787	-1.6529390477825
			2.85626374961063	-1.65480466747526
			2.85812936930338	-1.65667028716802
			2.85999498899614	-1.65853590686078
			2.85999498899614	-1.66040152655353
			2.8618606086889	-1.66226714624629
			2.86372622838165	-1.66413276593905
			2.86559184807441	-1.6659983856318
			2.86559184807441	-1.66786400532456
			2.86745746776717	-1.66972962501732
			2.86932308745992	-1.67159524471007
			2.86932308745992	-1.67346086440283
			2.87118870715268	-1.67346086440283
			2.87305432684544	-1.67532648409559
			2.87305432684544	-1.67719210378834
			2.87491994653819	-1.6790577234811
			2.87678556623095	-1.68092334317386
			2.87678556623095	-1.68278896286661
			2.87865118592371	-1.68465458255937
			2.88051680561646	-1.68652020225213
			2.88238242530922	-1.68838582194488
			2.88424804500198	-1.69025144163764
			2.88424804500198	-1.6921170613304
			2.88611366469474	-1.69398268102315
			2.88611366469474	-1.69584830071591
			2.88797928438749	-1.69771392040867
			2.88984490408025	-1.69957954010142
			2.88984490408025	-1.70144515979418
			2.89171052377301	-1.70331077948694
			2.89357614346576	-1.70517639917969
			2.89357614346576	-1.70704201887245
			2.89544176315852	-1.70890763856521
			2.89544176315852	-1.71077325825797
			2.89730738285128	-1.71077325825797
			2.89730738285128	-1.71263887795072
			2.89917300254403	-1.71450449764348
			2.89917300254403	-1.71637011733624
			2.90103862223679	-1.71637011733624
			2.90103862223679	-1.71823573702899
			2.90290424192955	-1.72010135672175
			2.90290424192955	-1.72196697641451
			2.9047698616223	-1.72196697641451
			2.9047698616223	-1.72383259610726
			2.90663548131506	-1.72569821580002
			2.90663548131506	-1.72756383549278
			2.90850110100782	-1.72942945518553
			2.91036672070057	-1.72942945518553
			2.91036672070057	-1.73129507487829
			2.91223234039333	-1.73316069457105
			2.91223234039333	-1.7350263142638
			2.91409796008609	-1.73689193395656
			2.91409796008609	-1.73875755364932
			2.91596357977884	-1.74062317334207
			2.9178291994716	-1.74062317334207
			2.9178291994716	-1.74248879303483
			2.91969481916436	-1.74435441272759
			2.92156043885711	-1.74622003242034
			2.92156043885711	-1.7480856521131
			2.92342605854987	-1.74995127180586
			2.92529167824263	-1.75181689149861
			2.92529167824263	-1.75368251119137
			2.92715729793538	-1.75554813088413
			2.92902291762814	-1.75741375057688
			2.92902291762814	-1.75927937026964
			2.9308885373209	-1.7611449899624
			2.93275415701365	-1.76301060965515
			2.93275415701365	-1.76487622934791
			2.93461977670641	-1.76674184904067
			2.93648539639917	-1.76860746873343
			2.93835101609193	-1.77047308842618
			2.93835101609193	-1.77233870811894
			2.94021663578468	-1.7742043278117
			2.94208225547744	-1.77606994750445
			2.94208225547744	-1.77793556719721
			2.9439478751702	-1.77980118688997
			2.94581349486295	-1.78166680658272
			2.94767911455571	-1.78353242627548
			2.94767911455571	-1.78539804596824
			2.94954473424847	-1.78726366566099
			2.94954473424847	-1.78912928535375
			2.95141035394122	-1.79099490504651
			2.95141035394122	-1.79286052473926
			2.95327597363398	-1.79286052473926
			2.95514159332674	-1.79472614443202
			2.95514159332674	-1.79659176412478
			2.95700721301949	-1.79845738381753
			2.95700721301949	-1.80032300351029
			2.95887283271225	-1.80218862320305
			2.96073845240501	-1.8040542428958
			2.96073845240501	-1.80591986258856
			2.96260407209776	-1.80591986258856
			2.96446969179052	-1.80778548228132
			2.96446969179052	-1.80965110197407
			2.96633531148328	-1.81151672166683
			2.96633531148328	-1.81338234135959
			2.96820093117603	-1.81524796105234
			2.97006655086879	-1.8171135807451
			2.97006655086879	-1.81897920043786
			2.97193217056155	-1.82084482013062
			2.9737977902543	-1.82271043982337
			2.9737977902543	-1.82457605951613
			2.97566340994706	-1.82644167920889
			2.97752902963982	-1.82644167920889
			2.97752902963982	-1.82830729890164
			2.97939464933257	-1.8301729185944
			2.98126026902533	-1.83203853828716
			2.98126026902533	-1.83390415797991
			2.98312588871809	-1.83576977767267
			2.98499150841084	-1.83763539736543
			2.98499150841084	-1.83950101705818
			2.9868571281036	-1.84136663675094
			2.98872274779636	-1.8432322564437
			2.99058836748911	-1.84509787613645
			2.99058836748911	-1.84696349582921
			2.99245398718187	-1.84882911552197
			2.99431960687463	-1.85069473521472
			2.99431960687463	-1.85256035490748
			2.99618522656738	-1.85442597460024
			2.99805084626014	-1.85629159429299
			2.9999164659529	-1.85815721398575
			2.9999164659529	-1.86002283367851
			3.00178208564566	-1.86188845337126
			3.00178208564566	-1.86375407306402
			3.00364770533841	-1.86561969275678
			3.00551332503117	-1.86748531244953
			3.00551332503117	-1.86935093214229
			3.00737894472393	-1.87121655183505
			3.00924456441668	-1.87121655183505
			3.00924456441668	-1.8730821715278
			3.00924456441668	-1.87494779122056
			3.00924456441668	-1.87681341091332
			3.01111018410944	-1.87867903060608
			3.01111018410944	-1.88054465029883
			3.01111018410944	-1.88241026999159
			3.0129758038022	-1.88427588968435
			3.0129758038022	-1.8861415093771
			3.0129758038022	-1.88800712906986
			3.01484142349495	-1.88987274876262
			3.01484142349495	-1.89173836845537
			3.01670704318771	-1.89173836845537
			3.01670704318771	-1.89360398814813
			3.01670704318771	-1.89546960784089
			3.01857266288047	-1.89733522753364
			3.01857266288047	-1.8992008472264
			3.02043828257322	-1.8992008472264
			3.02043828257322	-1.90106646691916
			3.02230390226598	-1.90293208661191
			3.02230390226598	-1.90479770630467
			3.02416952195874	-1.90666332599743
			3.02603514165149	-1.90852894569018
			3.02790076134425	-1.91039456538294
			3.02790076134425	-1.9122601850757
			3.02976638103701	-1.91412580476845
			3.03163200072976	-1.91599142446121
			3.03349762042252	-1.91785704415397
			3.03536324011528	-1.91972266384672
			3.03536324011528	-1.92158828353948
			3.03722885980803	-1.92158828353948
			3.03909447950079	-1.92345390323224
			3.04096009919355	-1.92531952292499
			3.0428257188863	-1.92718514261775
			3.04469133857906	-1.92905076231051
			3.04655695827182	-1.93091638200326
			3.04842257796457	-1.93278200169602
			3.05028819765733	-1.93464762138878
			3.05215381735009	-1.93651324108154
			3.05401943704285	-1.93651324108154
			3.0558850567356	-1.93837886077429
			3.05775067642836	-1.94024448046705
			3.05961629612112	-1.94024448046705
			3.06148191581387	-1.94211010015981
			3.06334753550663	-1.94211010015981
			3.06521315519939	-1.94397571985256
			3.06707877489214	-1.94584133954532
			3.0689443945849	-1.94770695923808
			3.07081001427766	-1.94770695923808
			3.07267563397041	-1.94957257893083
			3.07454125366317	-1.95143819862359
			3.07640687335593	-1.95143819862359
			3.07827249304868	-1.95330381831635
			3.08013811274144	-1.95330381831635
			3.0820037324342	-1.9551694380091
			3.08386935212695	-1.95703505770186
			3.08573497181971	-1.95703505770186
			3.08760059151247	-1.95890067739462
			3.08946621120522	-1.95890067739462
			3.09133183089798	-1.96076629708737
			3.09319745059074	-1.96076629708737
			3.09506307028349	-1.96263191678013
			3.09692868997625	-1.96263191678013
			3.09879430966901	-1.96449753647289
			3.10065992936176	-1.96449753647289
			3.10252554905452	-1.96636315616564
			3.10439116874728	-1.96636315616564
			3.10625678844003	-1.9682287758584
			3.10812240813279	-1.9682287758584
			3.10998802782555	-1.9682287758584
			3.10998802782555	-1.97009439555116
			3.11185364751831	-1.97009439555116
			3.11371926721106	-1.97009439555116
			3.11371926721106	-1.97196001524391
			3.11558488690382	-1.97196001524391
			3.11745050659658	-1.97196001524391
			3.11745050659658	-1.97382563493667
			3.11931612628933	-1.97382563493667
			3.12118174598209	-1.97382563493667
			3.12304736567485	-1.97569125462943
			3.1249129853676	-1.97569125462943
			3.12677860506036	-1.97755687432218
			3.12864422475312	-1.97755687432218
			3.13050984444587	-1.97755687432218
			3.13237546413863	-1.97942249401494
			3.13424108383139	-1.97942249401494
			3.13610670352414	-1.97942249401494
			3.13610670352414	-1.9812881137077
			3.1379723232169	-1.9812881137077
			3.13983794290966	-1.9812881137077
			3.14170356260241	-1.98315373340045
			3.14356918229517	-1.98315373340045
			3.14543480198793	-1.98315373340045
			3.14730042168068	-1.98501935309321
			3.14916604137344	-1.98501935309321
			3.1510316610662	-1.98501935309321
			3.1510316610662	-1.98688497278597
			3.15289728075895	-1.98688497278597
			3.15476290045171	-1.98875059247872
			3.15662852014447	-1.98875059247872
			3.15849413983722	-1.98875059247872
			3.16035975952998	-1.99061621217148
			3.16222537922274	-1.99061621217148
			3.1640909989155	-1.99061621217148
			3.16595661860825	-1.99248183186424
			3.16782223830101	-1.99248183186424
			3.16968785799377	-1.99248183186424
			3.17155347768652	-1.994347451557
			3.17341909737928	-1.994347451557
			3.17528471707204	-1.994347451557
			3.17715033676479	-1.994347451557
			3.17901595645755	-1.99621307124975
			3.18088157615031	-1.99621307124975
			3.18274719584306	-1.99621307124975
			3.18461281553582	-1.99807869094251
			3.18647843522858	-1.99807869094251
			3.18834405492133	-1.99807869094251
			3.19020967461409	-1.99994431063527
			3.19207529430685	-1.99994431063527
			3.1939409139996	-1.99994431063527
			3.19580653369236	-2.00180993032802
			3.19767215338512	-2.00180993032802
			3.19953777307787	-2.00180993032802
			3.20140339277063	-2.00367555002078
			3.20326901246339	-2.00367555002078
			3.20513463215614	-2.00367555002078
			3.2070002518489	-2.00367555002078
			3.2070002518489	-2.00554116971354
			3.20886587154166	-2.00554116971354
			3.21073149123441	-2.00554116971354
			3.21259711092717	-2.00554116971354
			3.21446273061993	-2.00740678940629
			3.21632835031268	-2.00740678940629
			3.21819397000544	-2.00740678940629
			3.2200595896982	-2.00740678940629
			3.22192520939095	-2.00927240909905
			3.22379082908371	-2.00927240909905
			3.22565644877647	-2.00927240909905
			3.22752206846923	-2.00927240909905
			3.22938768816198	-2.01113802879181
			3.23125330785474	-2.01113802879181
		</curvaD_espina_dorsal>
		<curvaI_espina_dorsal type=matrix rownames=FALSE colnames=FALSE nrow=374 ncol=2 as.numeric=TRUE >
			2.74432656804522	-1.55219558437364
			2.74432656804522	-1.5540612040664
			2.74619218773798	-1.5540612040664
			2.74619218773798	-1.55592682375915
			2.74805780743073	-1.55779244345191
			2.74992342712349	-1.55965806314467
			2.74992342712349	-1.56152368283742
			2.75178904681625	-1.56338930253018
			2.75178904681625	-1.56525492222294
			2.753654666509	-1.56525492222294
			2.753654666509	-1.56712054191569
			2.75552028620176	-1.56898616160845
			2.75738590589452	-1.57085178130121
			2.75925152558727	-1.57271740099396
			2.75925152558727	-1.57458302068672
			2.76111714528003	-1.57644864037948
			2.76111714528003	-1.57831426007223
			2.76298276497279	-1.58017987976499
			2.76484838466554	-1.58204549945775
			2.7667140043583	-1.5839111191505
			2.76857962405106	-1.58577673884326
			2.76857962405106	-1.58764235853602
			2.77044524374381	-1.58950797822877
			2.77231086343657	-1.59137359792153
			2.77231086343657	-1.59323921761429
			2.77417648312933	-1.59510483730704
			2.77604210282209	-1.5969704569998
			2.77604210282209	-1.59883607669256
			2.77790772251484	-1.60070169638532
			2.7797733422076	-1.60256731607807
			2.7797733422076	-1.60443293577083
			2.78163896190036	-1.60443293577083
			2.78163896190036	-1.60629855546359
			2.78350458159311	-1.60816417515634
			2.78537020128587	-1.6100297948491
			2.78537020128587	-1.61189541454186
			2.78723582097863	-1.61189541454186
			2.78723582097863	-1.61376103423461
			2.78910144067138	-1.61562665392737
			2.79096706036414	-1.61749227362013
			2.7928326800569	-1.61935789331288
			2.79469829974965	-1.62122351300564
			2.79469829974965	-1.6230891326984
			2.79656391944241	-1.62495475239115
			2.79842953913517	-1.62682037208391
			2.79842953913517	-1.62868599177667
			2.80029515882792	-1.62868599177667
			2.80029515882792	-1.63055161146942
			2.80216077852068	-1.63241723116218
			2.80402639821344	-1.63241723116218
			2.80402639821344	-1.63428285085494
			2.80589201790619	-1.63614847054769
			2.80775763759895	-1.63801409024045
			2.80962325729171	-1.63987970993321
			2.81148887698446	-1.64174532962596
			2.81335449667722	-1.64361094931872
			2.81522011636998	-1.64547656901148
			2.81522011636998	-1.64734218870423
			2.81708573606273	-1.64920780839699
			2.81895135575549	-1.65107342808975
			2.82081697544825	-1.6529390477825
			2.82081697544825	-1.65480466747526
			2.822682595141	-1.65667028716802
			2.82454821483376	-1.65853590686078
			2.82454821483376	-1.66040152655353
			2.82641383452652	-1.66226714624629
			2.82827945421927	-1.66413276593905
			2.82827945421927	-1.6659983856318
			2.83014507391203	-1.66786400532456
			2.83014507391203	-1.66972962501732
			2.83201069360479	-1.67159524471007
			2.83387631329755	-1.67346086440283
			2.83387631329755	-1.67532648409559
			2.8357419329903	-1.67719210378834
			2.83760755268306	-1.6790577234811
			2.83760755268306	-1.68092334317386
			2.83947317237582	-1.68092334317386
			2.84133879206857	-1.68278896286661
			2.84133879206857	-1.68465458255937
			2.84320441176133	-1.68652020225213
			2.84320441176133	-1.68838582194488
			2.84507003145409	-1.69025144163764
			2.84693565114684	-1.6921170613304
			2.84693565114684	-1.69398268102315
			2.8488012708396	-1.69584830071591
			2.8488012708396	-1.69771392040867
			2.85066689053236	-1.69771392040867
			2.85066689053236	-1.69957954010142
			2.85253251022511	-1.70144515979418
			2.85439812991787	-1.70331077948694
			2.85439812991787	-1.70517639917969
			2.85626374961063	-1.70704201887245
			2.85626374961063	-1.70890763856521
			2.85812936930338	-1.71077325825797
			2.85999498899614	-1.71263887795072
			2.8618606086889	-1.71450449764348
			2.8618606086889	-1.71637011733624
			2.86372622838165	-1.71823573702899
			2.86372622838165	-1.72010135672175
			2.86559184807441	-1.72196697641451
			2.86745746776717	-1.72383259610726
			2.86745746776717	-1.72569821580002
			2.86932308745992	-1.72756383549278
			2.87118870715268	-1.72942945518553
			2.87118870715268	-1.73129507487829
			2.87305432684544	-1.73316069457105
			2.87305432684544	-1.7350263142638
			2.87491994653819	-1.73689193395656
			2.87491994653819	-1.73875755364932
			2.87678556623095	-1.74062317334207
			2.87865118592371	-1.74248879303483
			2.87865118592371	-1.74435441272759
			2.88051680561646	-1.74622003242034
			2.88051680561646	-1.7480856521131
			2.88238242530922	-1.74995127180586
			2.88238242530922	-1.75181689149861
			2.88424804500198	-1.75368251119137
			2.88424804500198	-1.75554813088413
			2.88611366469474	-1.75554813088413
			2.88611366469474	-1.75741375057688
			2.88797928438749	-1.75927937026964
			2.88797928438749	-1.7611449899624
			2.88984490408025	-1.76301060965515
			2.88984490408025	-1.76487622934791
			2.89171052377301	-1.76674184904067
			2.89171052377301	-1.76860746873343
			2.89357614346576	-1.77047308842618
			2.89544176315852	-1.77233870811894
			2.89544176315852	-1.7742043278117
			2.89730738285128	-1.77606994750445
			2.89730738285128	-1.77793556719721
			2.89917300254403	-1.77980118688997
			2.89917300254403	-1.78166680658272
			2.90103862223679	-1.78353242627548
			2.90103862223679	-1.78539804596824
			2.90290424192955	-1.78726366566099
			2.90290424192955	-1.78912928535375
			2.9047698616223	-1.79099490504651
			2.9047698616223	-1.79286052473926
			2.90663548131506	-1.79472614443202
			2.90663548131506	-1.79659176412478
			2.90850110100782	-1.79845738381753
			2.90850110100782	-1.80032300351029
			2.91036672070057	-1.80218862320305
			2.91036672070057	-1.8040542428958
			2.91036672070057	-1.80591986258856
			2.91223234039333	-1.80778548228132
			2.91223234039333	-1.80965110197407
			2.91409796008609	-1.80965110197407
			2.91409796008609	-1.81151672166683
			2.91409796008609	-1.81338234135959
			2.91596357977884	-1.81524796105234
			2.91596357977884	-1.8171135807451
			2.91596357977884	-1.81897920043786
			2.9178291994716	-1.82084482013062
			2.9178291994716	-1.82271043982337
			2.91969481916436	-1.82457605951613
			2.91969481916436	-1.82644167920889
			2.91969481916436	-1.82830729890164
			2.92156043885711	-1.8301729185944
			2.92156043885711	-1.83203853828716
			2.92156043885711	-1.83390415797991
			2.92342605854987	-1.83576977767267
			2.92342605854987	-1.83763539736543
			2.92342605854987	-1.83950101705818
			2.92342605854987	-1.84136663675094
			2.92529167824263	-1.8432322564437
			2.92529167824263	-1.84509787613645
			2.92529167824263	-1.84696349582921
			2.92715729793538	-1.84882911552197
			2.92715729793538	-1.85069473521472
			2.92715729793538	-1.85256035490748
			2.92715729793538	-1.85442597460024
			2.92715729793538	-1.85629159429299
			2.92902291762814	-1.85815721398575
			2.92902291762814	-1.86002283367851
			2.92902291762814	-1.86188845337126
			2.92902291762814	-1.86375407306402
			2.92902291762814	-1.86561969275678
			2.92902291762814	-1.86748531244953
			2.92902291762814	-1.86935093214229
			2.92902291762814	-1.87121655183505
			2.92902291762814	-1.8730821715278
			2.92902291762814	-1.87494779122056
			2.92902291762814	-1.87681341091332
			2.92902291762814	-1.87867903060608
			2.92902291762814	-1.88054465029883
			2.92715729793538	-1.88241026999159
			2.92715729793538	-1.88427588968435
			2.92715729793538	-1.8861415093771
			2.92715729793538	-1.88800712906986
			2.92529167824263	-1.88800712906986
			2.92529167824263	-1.88987274876262
			2.92342605854987	-1.89173836845537
			2.92342605854987	-1.89360398814813
			2.92156043885711	-1.89546960784089
			2.92156043885711	-1.89733522753364
			2.91969481916436	-1.8992008472264
			2.91969481916436	-1.90106646691916
			2.9178291994716	-1.90106646691916
			2.9178291994716	-1.90293208661191
			2.91596357977884	-1.90479770630467
			2.91596357977884	-1.90666332599743
			2.91409796008609	-1.90852894569018
			2.91223234039333	-1.91039456538294
			2.91223234039333	-1.9122601850757
			2.91036672070057	-1.91412580476845
			2.90850110100782	-1.91599142446121
			2.90663548131506	-1.91785704415397
			2.90663548131506	-1.91972266384672
			2.9047698616223	-1.92158828353948
			2.90290424192955	-1.92345390323224
			2.90103862223679	-1.92345390323224
			2.89917300254403	-1.92531952292499
			2.89917300254403	-1.92718514261775
			2.89730738285128	-1.92905076231051
			2.89544176315852	-1.93091638200326
			2.89357614346576	-1.93278200169602
			2.89171052377301	-1.93278200169602
			2.88984490408025	-1.93464762138878
			2.88797928438749	-1.93651324108154
			2.88611366469474	-1.93837886077429
			2.88424804500198	-1.93837886077429
			2.88238242530922	-1.94024448046705
			2.88051680561646	-1.94211010015981
			2.87865118592371	-1.94397571985256
			2.87678556623095	-1.94397571985256
			2.87491994653819	-1.94584133954532
			2.87305432684544	-1.94770695923808
			2.87118870715268	-1.94770695923808
			2.86932308745992	-1.94957257893083
			2.86745746776717	-1.95143819862359
			2.86559184807441	-1.95143819862359
			2.86372622838165	-1.95330381831635
			2.8618606086889	-1.9551694380091
			2.85999498899614	-1.9551694380091
			2.85812936930338	-1.95703505770186
			2.85626374961063	-1.95703505770186
			2.85439812991787	-1.95703505770186
			2.85439812991787	-1.95890067739462
			2.85253251022511	-1.95890067739462
			2.85066689053236	-1.95890067739462
			2.85066689053236	-1.96076629708737
			2.8488012708396	-1.96076629708737
			2.84693565114684	-1.96076629708737
			2.84507003145409	-1.96263191678013
			2.84320441176133	-1.96263191678013
			2.84133879206857	-1.96449753647289
			2.83947317237582	-1.96449753647289
			2.83760755268306	-1.96449753647289
			2.8357419329903	-1.96636315616564
			2.83387631329755	-1.96636315616564
			2.83201069360479	-1.96636315616564
			2.83014507391203	-1.9682287758584
			2.82827945421927	-1.9682287758584
			2.82641383452652	-1.9682287758584
			2.82454821483376	-1.97009439555116
			2.822682595141	-1.97009439555116
			2.82081697544825	-1.97009439555116
			2.81895135575549	-1.97196001524391
			2.81708573606273	-1.97196001524391
			2.81522011636998	-1.97196001524391
			2.81335449667722	-1.97382563493667
			2.81148887698446	-1.97382563493667
			2.80962325729171	-1.97382563493667
			2.80775763759895	-1.97382563493667
			2.80589201790619	-1.97569125462943
			2.80402639821344	-1.97569125462943
			2.80216077852068	-1.97569125462943
			2.80029515882792	-1.97755687432218
			2.79842953913517	-1.97755687432218
			2.79656391944241	-1.97755687432218
			2.79469829974965	-1.97755687432218
			2.7928326800569	-1.97755687432218
			2.79096706036414	-1.97755687432218
			2.78910144067138	-1.97942249401494
			2.78723582097863	-1.97942249401494
			2.78537020128587	-1.97942249401494
			2.78350458159311	-1.97942249401494
			2.78163896190036	-1.97942249401494
			2.7797733422076	-1.9812881137077
			2.77790772251484	-1.9812881137077
			2.77604210282209	-1.9812881137077
			2.77417648312933	-1.9812881137077
			2.77231086343657	-1.9812881137077
			2.77044524374381	-1.9812881137077
			2.76857962405106	-1.98315373340045
			2.7667140043583	-1.98315373340045
			2.76484838466554	-1.98315373340045
			2.76298276497279	-1.98315373340045
			2.76111714528003	-1.98315373340045
			2.75925152558727	-1.98315373340045
			2.75738590589452	-1.98315373340045
			2.75552028620176	-1.98315373340045
			2.753654666509	-1.98501935309321
			2.75178904681625	-1.98501935309321
			2.74992342712349	-1.98501935309321
			2.74805780743073	-1.98501935309321
			2.74619218773798	-1.98501935309321
			2.74432656804522	-1.98501935309321
			2.74246094835246	-1.98501935309321
			2.74246094835246	-1.98688497278597
			2.74059532865971	-1.98688497278597
			2.74059532865971	-1.98875059247872
			2.73872970896695	-1.98875059247872
			2.73686408927419	-1.99061621217148
			2.73499846958144	-1.99061621217148
			2.73499846958144	-1.99248183186424
			2.73313284988868	-1.994347451557
			2.73126723019592	-1.99621307124975
			2.72940161050317	-1.99621307124975
			2.72753599081041	-1.99807869094251
			2.72567037111765	-1.99994431063527
			2.7238047514249	-2.00180993032802
			2.72193913173214	-2.00180993032802
			2.72007351203938	-2.00367555002078
			2.71820789234663	-2.00554116971354
			2.71634227265387	-2.00740678940629
			2.71447665296111	-2.00740678940629
			2.71261103326835	-2.00927240909905
			2.71261103326835	-2.01113802879181
			2.7107454135756	-2.01300364848456
			2.70887979388284	-2.01300364848456
			2.70701417419008	-2.01486926817732
			2.70514855449733	-2.01673488787008
			2.70328293480457	-2.01860050756283
			2.70141731511181	-2.02046612725559
			2.69955169541906	-2.02233174694835
			2.6976860757263	-2.0241973666411
			2.69582045603354	-2.02606298633386
			2.69395483634079	-2.02792860602662
			2.69208921664803	-2.02979422571937
			2.69022359695527	-2.03165984541213
			2.68835797726252	-2.03165984541213
			2.68649235756976	-2.03352546510489
			2.68649235756976	-2.03539108479764
			2.684626737877	-2.0372567044904
			2.68276111818425	-2.03912232418316
			2.68089549849149	-2.04098794387591
			2.67902987879873	-2.04285356356867
			2.67716425910598	-2.04471918326143
			2.67716425910598	-2.04658480295419
			2.67529863941322	-2.04658480295419
			2.67343301972046	-2.04845042264694
			2.67156740002771	-2.0503160423397
			2.67156740002771	-2.05218166203246
			2.66970178033495	-2.05404728172521
			2.66783616064219	-2.05591290141797
			2.66597054094944	-2.05777852111073
			2.66597054094944	-2.05964414080348
			2.66410492125668	-2.06150976049624
			2.66223930156392	-2.06150976049624
			2.66223930156392	-2.063375380189
			2.66037368187117	-2.06524099988175
			2.66037368187117	-2.06710661957451
			2.65850806217841	-2.06897223926727
			2.65664244248565	-2.07083785896002
			2.65664244248565	-2.07270347865278
			2.65477682279289	-2.07456909834554
			2.65477682279289	-2.07643471803829
			2.65291120310014	-2.07643471803829
			2.65291120310014	-2.07830033773105
			2.65104558340738	-2.08016595742381
			2.65104558340738	-2.08203157711656
			2.64917996371462	-2.08389719680932
			2.64917996371462	-2.08576281650208
			2.64731434402187	-2.08762843619483
			2.64731434402187	-2.08949405588759
			2.64544872432911	-2.08949405588759
			2.64544872432911	-2.09135967558035
			2.64358310463635	-2.0932252952731
			2.64358310463635	-2.09509091496586
			2.6417174849436	-2.09695653465862
			2.6417174849436	-2.09882215435137
		</curvaI_espina_dorsal>
	</curves.scaled>
	<ruler.points type=matrix rownames=TRUE colnames=FALSE nrow=2 ncol=2 as.numeric=TRUE >
		Ruler point 1	1519	537
		Ruler point 2	2055	533
	</ruler.points>
</shapes>

