<shapes type=list>
	<ruler.pixel type=vector names=FALSE length=1 as.numeric=TRUE >539.003710562367</ruler.pixel>
	<ruler.interval type=vector names=FALSE length=1 as.numeric=TRUE >1</ruler.interval>
	<scaling.units type=vector names=FALSE length=1 as.numeric=FALSE >mm</scaling.units>
	<scaling type=vector names=FALSE length=1 as.numeric=TRUE >0.00186561969275678</scaling>
	<landmarks.pixel type=matrix rownames=TRUE colnames=FALSE nrow=3 ncol=2 as.numeric=TRUE >
		punta_espina_dorsal	1504	1015
		esq_izq_caparaza	1274	1150
		organo_dorsal	1517	1325
	</landmarks.pixel>
	<landmarks.scaled type=matrix rownames=TRUE colnames=FALSE nrow=3 ncol=2 as.numeric=TRUE >
		punta_espina_dorsal	2.80589201790619	-1.89360398814813
		esq_izq_caparaza	2.37679948857213	-2.14546264667029
		organo_dorsal	2.83014507391203	-2.47194609290273
	</landmarks.scaled>
	<curves.control type=list>
		<curvaD_espina_dorsal type=matrix rownames=FALSE colnames=FALSE nrow=7 ncol=2 as.numeric=TRUE >
			1504	1015
			1508	1032
			1509	1044
			1511	1143
			1491	1224
			1482	1273
			1517	1325
		</curvaD_espina_dorsal>
		<curvaI_espina_dorsal type=matrix rownames=FALSE colnames=FALSE nrow=9 ncol=2 as.numeric=TRUE >
			1504	1015
			1506	1056
			1489	1133
			1475	1194
			1462	1201
			1415	1207
			1362	1161
			1311	1142
			1274	1150
		</curvaI_espina_dorsal>
	</curves.control>
	<curves.pixel type=list>
		<curvaD_espina_dorsal type=matrix rownames=FALSE colnames=FALSE nrow=315 ncol=2 as.numeric=TRUE >
			1504	1015
			1504	1016
			1504	1017
			1505	1018
			1505	1019
			1505	1020
			1505	1021
			1505	1022
			1506	1022
			1506	1023
			1506	1024
			1506	1025
			1506	1026
			1507	1027
			1507	1028
			1507	1029
			1507	1030
			1507	1031
			1507	1032
			1508	1033
			1508	1034
			1508	1035
			1508	1036
			1508	1037
			1508	1038
			1509	1039
			1509	1040
			1509	1041
			1509	1042
			1509	1043
			1509	1044
			1509	1045
			1509	1046
			1509	1047
			1509	1048
			1509	1049
			1509	1050
			1509	1051
			1509	1052
			1509	1053
			1509	1054
			1509	1055
			1509	1056
			1509	1057
			1509	1058
			1509	1059
			1509	1060
			1509	1061
			1509	1062
			1509	1063
			1509	1064
			1509	1065
			1509	1066
			1509	1067
			1509	1068
			1509	1069
			1509	1070
			1509	1071
			1509	1072
			1509	1073
			1509	1074
			1509	1075
			1509	1076
			1509	1077
			1509	1078
			1509	1079
			1509	1080
			1509	1081
			1509	1082
			1509	1083
			1509	1084
			1509	1085
			1509	1086
			1509	1087
			1509	1088
			1509	1089
			1509	1090
			1509	1091
			1509	1092
			1509	1093
			1509	1094
			1509	1095
			1508	1096
			1508	1097
			1508	1098
			1508	1099
			1508	1100
			1508	1101
			1508	1102
			1508	1103
			1508	1104
			1508	1105
			1508	1106
			1508	1107
			1508	1108
			1508	1109
			1508	1110
			1508	1111
			1508	1112
			1508	1113
			1508	1114
			1507	1115
			1507	1116
			1507	1117
			1507	1118
			1507	1119
			1507	1120
			1507	1121
			1507	1122
			1507	1123
			1507	1124
			1507	1125
			1507	1126
			1507	1127
			1506	1128
			1506	1129
			1506	1130
			1506	1131
			1506	1132
			1506	1133
			1506	1134
			1506	1135
			1506	1136
			1506	1137
			1506	1138
			1505	1139
			1505	1140
			1505	1141
			1505	1142
			1505	1143
			1505	1144
			1505	1145
			1505	1146
			1505	1147
			1504	1148
			1504	1149
			1504	1150
			1504	1151
			1504	1152
			1504	1153
			1504	1154
			1504	1155
			1504	1156
			1503	1157
			1503	1158
			1503	1159
			1503	1160
			1503	1161
			1503	1162
			1503	1163
			1502	1164
			1502	1165
			1502	1166
			1502	1167
			1502	1168
			1502	1169
			1502	1170
			1501	1171
			1501	1172
			1501	1173
			1501	1174
			1501	1175
			1501	1176
			1500	1177
			1500	1178
			1500	1179
			1500	1180
			1500	1181
			1500	1182
			1500	1183
			1499	1184
			1499	1185
			1499	1186
			1499	1187
			1499	1188
			1499	1189
			1498	1190
			1498	1191
			1498	1192
			1498	1193
			1498	1194
			1497	1195
			1497	1196
			1497	1197
			1497	1198
			1497	1199
			1496	1200
			1496	1201
			1496	1202
			1496	1203
			1496	1204
			1495	1205
			1495	1206
			1495	1207
			1495	1208
			1494	1209
			1494	1210
			1494	1211
			1494	1212
			1494	1213
			1493	1214
			1493	1215
			1493	1216
			1493	1217
			1493	1218
			1492	1219
			1492	1220
			1492	1221
			1491	1222
			1491	1223
			1491	1224
			1491	1225
			1491	1226
			1490	1227
			1490	1228
			1490	1229
			1490	1230
			1490	1231
			1490	1232
			1490	1233
			1490	1234
			1490	1235
			1489	1236
			1489	1237
			1489	1238
			1489	1239
			1489	1240
			1489	1241
			1489	1242
			1489	1243
			1489	1244
			1489	1245
			1489	1246
			1489	1247
			1489	1248
			1489	1249
			1489	1250
			1489	1251
			1489	1252
			1490	1253
			1490	1254
			1490	1255
			1490	1256
			1490	1257
			1490	1258
			1490	1259
			1490	1260
			1490	1261
			1491	1262
			1491	1263
			1491	1264
			1491	1265
			1491	1266
			1492	1267
			1492	1268
			1492	1269
			1492	1270
			1492	1271
			1493	1272
			1493	1273
			1493	1274
			1493	1275
			1494	1276
			1494	1277
			1494	1278
			1494	1279
			1495	1280
			1495	1281
			1495	1282
			1496	1283
			1496	1284
			1497	1285
			1497	1286
			1497	1287
			1497	1288
			1498	1288
			1498	1289
			1498	1290
			1499	1291
			1499	1292
			1500	1293
			1500	1294
			1500	1295
			1501	1296
			1501	1297
			1502	1298
			1502	1299
			1503	1300
			1503	1301
			1504	1302
			1504	1303
			1504	1304
			1505	1305
			1505	1306
			1506	1307
			1507	1308
			1507	1309
			1508	1310
			1508	1311
			1509	1312
			1510	1313
			1510	1314
			1511	1315
			1511	1316
			1512	1316
			1512	1317
			1513	1318
			1513	1319
			1514	1320
			1514	1321
			1515	1321
			1515	1322
			1516	1323
			1516	1324
			1517	1325
		</curvaD_espina_dorsal>
		<curvaI_espina_dorsal type=matrix rownames=FALSE colnames=FALSE nrow=386 ncol=2 as.numeric=TRUE >
			1504	1015
			1504	1016
			1504	1017
			1504	1018
			1504	1019
			1504	1020
			1504	1021
			1504	1022
			1504	1023
			1504	1024
			1504	1025
			1504	1026
			1504	1027
			1504	1028
			1504	1029
			1504	1030
			1504	1031
			1504	1032
			1504	1033
			1504	1034
			1504	1035
			1504	1036
			1504	1037
			1504	1038
			1504	1039
			1504	1040
			1504	1041
			1504	1042
			1503	1043
			1503	1044
			1503	1045
			1503	1046
			1503	1047
			1503	1048
			1503	1049
			1503	1050
			1503	1051
			1503	1052
			1503	1053
			1502	1054
			1502	1055
			1502	1056
			1502	1057
			1502	1058
			1502	1059
			1502	1060
			1502	1061
			1502	1062
			1501	1063
			1501	1064
			1501	1065
			1501	1066
			1501	1067
			1501	1068
			1501	1069
			1501	1070
			1500	1071
			1500	1072
			1500	1073
			1500	1074
			1500	1075
			1500	1076
			1500	1077
			1499	1078
			1499	1079
			1499	1080
			1499	1081
			1499	1082
			1499	1083
			1498	1084
			1498	1085
			1498	1086
			1498	1087
			1498	1088
			1498	1089
			1497	1090
			1497	1091
			1497	1092
			1497	1093
			1497	1094
			1497	1095
			1496	1096
			1496	1097
			1496	1098
			1496	1099
			1496	1100
			1496	1101
			1495	1102
			1495	1103
			1495	1104
			1495	1105
			1495	1106
			1494	1107
			1494	1108
			1494	1109
			1494	1110
			1494	1111
			1493	1112
			1493	1113
			1493	1114
			1493	1115
			1493	1116
			1492	1117
			1492	1118
			1492	1119
			1492	1120
			1492	1121
			1491	1122
			1491	1123
			1491	1124
			1491	1125
			1491	1126
			1490	1127
			1490	1128
			1490	1129
			1490	1130
			1489	1131
			1489	1132
			1489	1133
			1489	1134
			1489	1135
			1488	1136
			1488	1137
			1488	1138
			1488	1139
			1487	1140
			1487	1141
			1487	1142
			1487	1143
			1486	1144
			1486	1145
			1486	1146
			1486	1147
			1485	1148
			1485	1149
			1485	1150
			1485	1151
			1484	1152
			1484	1153
			1484	1154
			1483	1155
			1483	1156
			1483	1157
			1483	1158
			1483	1159
			1482	1159
			1482	1160
			1482	1161
			1482	1162
			1481	1163
			1481	1164
			1481	1165
			1480	1166
			1480	1167
			1480	1168
			1479	1169
			1479	1170
			1479	1171
			1479	1172
			1478	1172
			1478	1173
			1478	1174
			1477	1175
			1477	1176
			1477	1177
			1476	1178
			1476	1179
			1476	1180
			1475	1181
			1475	1182
			1474	1183
			1474	1184
			1473	1185
			1473	1186
			1473	1187
			1472	1187
			1472	1188
			1471	1189
			1471	1190
			1471	1191
			1470	1191
			1470	1192
			1469	1193
			1469	1194
			1468	1195
			1467	1196
			1466	1197
			1466	1198
			1465	1199
			1464	1200
			1463	1200
			1463	1201
			1462	1201
			1461	1201
			1460	1201
			1459	1201
			1458	1201
			1457	1201
			1456	1202
			1455	1202
			1454	1202
			1453	1202
			1452	1202
			1451	1202
			1450	1202
			1449	1202
			1448	1202
			1447	1202
			1446	1202
			1445	1201
			1444	1201
			1443	1201
			1442	1201
			1441	1201
			1440	1201
			1439	1201
			1438	1201
			1437	1201
			1436	1200
			1435	1200
			1434	1200
			1433	1200
			1432	1200
			1431	1199
			1430	1199
			1429	1199
			1428	1199
			1427	1198
			1426	1198
			1425	1198
			1424	1198
			1423	1197
			1422	1197
			1421	1197
			1420	1196
			1419	1196
			1418	1196
			1417	1195
			1416	1195
			1415	1195
			1414	1194
			1413	1194
			1412	1194
			1412	1193
			1411	1193
			1410	1192
			1409	1192
			1408	1192
			1407	1191
			1406	1191
			1405	1190
			1404	1190
			1403	1189
			1402	1189
			1401	1188
			1400	1188
			1399	1187
			1398	1187
			1397	1186
			1396	1185
			1395	1185
			1394	1184
			1393	1184
			1392	1183
			1391	1183
			1391	1182
			1390	1182
			1389	1181
			1388	1181
			1387	1180
			1386	1180
			1386	1179
			1385	1179
			1384	1178
			1383	1178
			1382	1177
			1382	1176
			1381	1176
			1380	1175
			1379	1175
			1378	1174
			1378	1173
			1377	1173
			1376	1172
			1375	1172
			1374	1171
			1373	1170
			1372	1169
			1371	1168
			1370	1168
			1369	1167
			1368	1166
			1367	1165
			1366	1164
			1365	1163
			1364	1163
			1363	1162
			1362	1161
			1361	1161
			1360	1160
			1359	1160
			1358	1160
			1357	1159
			1356	1159
			1355	1159
			1354	1158
			1353	1158
			1352	1158
			1351	1157
			1350	1157
			1349	1156
			1348	1156
			1347	1156
			1346	1156
			1345	1155
			1344	1155
			1343	1155
			1342	1154
			1341	1154
			1340	1154
			1339	1154
			1338	1153
			1337	1153
			1336	1153
			1335	1153
			1334	1152
			1333	1152
			1332	1152
			1331	1152
			1330	1151
			1329	1151
			1328	1151
			1327	1151
			1326	1151
			1325	1150
			1324	1150
			1323	1150
			1322	1150
			1321	1150
			1320	1150
			1319	1149
			1318	1149
			1317	1149
			1316	1149
			1315	1149
			1314	1149
			1313	1149
			1312	1148
			1311	1148
			1310	1148
			1309	1148
			1308	1148
			1307	1148
			1306	1148
			1305	1148
			1304	1148
			1303	1148
			1302	1148
			1301	1148
			1300	1148
			1299	1148
			1298	1148
			1297	1148
			1296	1148
			1295	1148
			1294	1148
			1293	1148
			1292	1148
			1291	1148
			1290	1148
			1289	1148
			1288	1148
			1287	1148
			1286	1148
			1285	1148
			1284	1148
			1283	1149
			1282	1149
			1281	1149
			1280	1149
			1279	1149
			1278	1149
			1277	1149
			1276	1150
			1275	1150
			1274	1150
		</curvaI_espina_dorsal>
	</curves.pixel>
	<curves.scaled type=list>
		<curvaD_espina_dorsal type=matrix rownames=FALSE colnames=FALSE nrow=315 ncol=2 as.numeric=TRUE >
			2.80589201790619	-1.89360398814813
			2.80589201790619	-1.89546960784089
			2.80589201790619	-1.89733522753364
			2.80775763759895	-1.8992008472264
			2.80775763759895	-1.90106646691916
			2.80775763759895	-1.90293208661191
			2.80775763759895	-1.90479770630467
			2.80775763759895	-1.90666332599743
			2.80962325729171	-1.90666332599743
			2.80962325729171	-1.90852894569018
			2.80962325729171	-1.91039456538294
			2.80962325729171	-1.9122601850757
			2.80962325729171	-1.91412580476845
			2.81148887698446	-1.91599142446121
			2.81148887698446	-1.91785704415397
			2.81148887698446	-1.91972266384672
			2.81148887698446	-1.92158828353948
			2.81148887698446	-1.92345390323224
			2.81148887698446	-1.92531952292499
			2.81335449667722	-1.92718514261775
			2.81335449667722	-1.92905076231051
			2.81335449667722	-1.93091638200326
			2.81335449667722	-1.93278200169602
			2.81335449667722	-1.93464762138878
			2.81335449667722	-1.93651324108154
			2.81522011636998	-1.93837886077429
			2.81522011636998	-1.94024448046705
			2.81522011636998	-1.94211010015981
			2.81522011636998	-1.94397571985256
			2.81522011636998	-1.94584133954532
			2.81522011636998	-1.94770695923808
			2.81522011636998	-1.94957257893083
			2.81522011636998	-1.95143819862359
			2.81522011636998	-1.95330381831635
			2.81522011636998	-1.9551694380091
			2.81522011636998	-1.95703505770186
			2.81522011636998	-1.95890067739462
			2.81522011636998	-1.96076629708737
			2.81522011636998	-1.96263191678013
			2.81522011636998	-1.96449753647289
			2.81522011636998	-1.96636315616564
			2.81522011636998	-1.9682287758584
			2.81522011636998	-1.97009439555116
			2.81522011636998	-1.97196001524391
			2.81522011636998	-1.97382563493667
			2.81522011636998	-1.97569125462943
			2.81522011636998	-1.97755687432218
			2.81522011636998	-1.97942249401494
			2.81522011636998	-1.9812881137077
			2.81522011636998	-1.98315373340045
			2.81522011636998	-1.98501935309321
			2.81522011636998	-1.98688497278597
			2.81522011636998	-1.98875059247872
			2.81522011636998	-1.99061621217148
			2.81522011636998	-1.99248183186424
			2.81522011636998	-1.994347451557
			2.81522011636998	-1.99621307124975
			2.81522011636998	-1.99807869094251
			2.81522011636998	-1.99994431063527
			2.81522011636998	-2.00180993032802
			2.81522011636998	-2.00367555002078
			2.81522011636998	-2.00554116971354
			2.81522011636998	-2.00740678940629
			2.81522011636998	-2.00927240909905
			2.81522011636998	-2.01113802879181
			2.81522011636998	-2.01300364848456
			2.81522011636998	-2.01486926817732
			2.81522011636998	-2.01673488787008
			2.81522011636998	-2.01860050756283
			2.81522011636998	-2.02046612725559
			2.81522011636998	-2.02233174694835
			2.81522011636998	-2.0241973666411
			2.81522011636998	-2.02606298633386
			2.81522011636998	-2.02792860602662
			2.81522011636998	-2.02979422571937
			2.81522011636998	-2.03165984541213
			2.81522011636998	-2.03352546510489
			2.81522011636998	-2.03539108479764
			2.81522011636998	-2.0372567044904
			2.81522011636998	-2.03912232418316
			2.81522011636998	-2.04098794387591
			2.81522011636998	-2.04285356356867
			2.81335449667722	-2.04471918326143
			2.81335449667722	-2.04658480295419
			2.81335449667722	-2.04845042264694
			2.81335449667722	-2.0503160423397
			2.81335449667722	-2.05218166203246
			2.81335449667722	-2.05404728172521
			2.81335449667722	-2.05591290141797
			2.81335449667722	-2.05777852111073
			2.81335449667722	-2.05964414080348
			2.81335449667722	-2.06150976049624
			2.81335449667722	-2.063375380189
			2.81335449667722	-2.06524099988175
			2.81335449667722	-2.06710661957451
			2.81335449667722	-2.06897223926727
			2.81335449667722	-2.07083785896002
			2.81335449667722	-2.07270347865278
			2.81335449667722	-2.07456909834554
			2.81335449667722	-2.07643471803829
			2.81335449667722	-2.07830033773105
			2.81148887698446	-2.08016595742381
			2.81148887698446	-2.08203157711656
			2.81148887698446	-2.08389719680932
			2.81148887698446	-2.08576281650208
			2.81148887698446	-2.08762843619483
			2.81148887698446	-2.08949405588759
			2.81148887698446	-2.09135967558035
			2.81148887698446	-2.0932252952731
			2.81148887698446	-2.09509091496586
			2.81148887698446	-2.09695653465862
			2.81148887698446	-2.09882215435137
			2.81148887698446	-2.10068777404413
			2.81148887698446	-2.10255339373689
			2.80962325729171	-2.10441901342965
			2.80962325729171	-2.1062846331224
			2.80962325729171	-2.10815025281516
			2.80962325729171	-2.11001587250792
			2.80962325729171	-2.11188149220067
			2.80962325729171	-2.11374711189343
			2.80962325729171	-2.11561273158619
			2.80962325729171	-2.11747835127894
			2.80962325729171	-2.1193439709717
			2.80962325729171	-2.12120959066446
			2.80962325729171	-2.12307521035721
			2.80775763759895	-2.12494083004997
			2.80775763759895	-2.12680644974273
			2.80775763759895	-2.12867206943548
			2.80775763759895	-2.13053768912824
			2.80775763759895	-2.132403308821
			2.80775763759895	-2.13426892851375
			2.80775763759895	-2.13613454820651
			2.80775763759895	-2.13800016789927
			2.80775763759895	-2.13986578759202
			2.80589201790619	-2.14173140728478
			2.80589201790619	-2.14359702697754
			2.80589201790619	-2.14546264667029
			2.80589201790619	-2.14732826636305
			2.80589201790619	-2.14919388605581
			2.80589201790619	-2.15105950574856
			2.80589201790619	-2.15292512544132
			2.80589201790619	-2.15479074513408
			2.80589201790619	-2.15665636482683
			2.80402639821344	-2.15852198451959
			2.80402639821344	-2.16038760421235
			2.80402639821344	-2.16225322390511
			2.80402639821344	-2.16411884359786
			2.80402639821344	-2.16598446329062
			2.80402639821344	-2.16785008298338
			2.80402639821344	-2.16971570267613
			2.80216077852068	-2.17158132236889
			2.80216077852068	-2.17344694206165
			2.80216077852068	-2.1753125617544
			2.80216077852068	-2.17717818144716
			2.80216077852068	-2.17904380113992
			2.80216077852068	-2.18090942083267
			2.80216077852068	-2.18277504052543
			2.80029515882792	-2.18464066021819
			2.80029515882792	-2.18650627991094
			2.80029515882792	-2.1883718996037
			2.80029515882792	-2.19023751929646
			2.80029515882792	-2.19210313898921
			2.80029515882792	-2.19396875868197
			2.79842953913517	-2.19583437837473
			2.79842953913517	-2.19769999806748
			2.79842953913517	-2.19956561776024
			2.79842953913517	-2.201431237453
			2.79842953913517	-2.20329685714575
			2.79842953913517	-2.20516247683851
			2.79842953913517	-2.20702809653127
			2.79656391944241	-2.20889371622402
			2.79656391944241	-2.21075933591678
			2.79656391944241	-2.21262495560954
			2.79656391944241	-2.2144905753023
			2.79656391944241	-2.21635619499505
			2.79656391944241	-2.21822181468781
			2.79469829974965	-2.22008743438057
			2.79469829974965	-2.22195305407332
			2.79469829974965	-2.22381867376608
			2.79469829974965	-2.22568429345884
			2.79469829974965	-2.22754991315159
			2.7928326800569	-2.22941553284435
			2.7928326800569	-2.23128115253711
			2.7928326800569	-2.23314677222986
			2.7928326800569	-2.23501239192262
			2.7928326800569	-2.23687801161538
			2.79096706036414	-2.23874363130813
			2.79096706036414	-2.24060925100089
			2.79096706036414	-2.24247487069365
			2.79096706036414	-2.2443404903864
			2.79096706036414	-2.24620611007916
			2.78910144067138	-2.24807172977192
			2.78910144067138	-2.24993734946467
			2.78910144067138	-2.25180296915743
			2.78910144067138	-2.25366858885019
			2.78723582097863	-2.25553420854294
			2.78723582097863	-2.2573998282357
			2.78723582097863	-2.25926544792846
			2.78723582097863	-2.26113106762121
			2.78723582097863	-2.26299668731397
			2.78537020128587	-2.26486230700673
			2.78537020128587	-2.26672792669949
			2.78537020128587	-2.26859354639224
			2.78537020128587	-2.270459166085
			2.78537020128587	-2.27232478577776
			2.78350458159311	-2.27419040547051
			2.78350458159311	-2.27605602516327
			2.78350458159311	-2.27792164485603
			2.78163896190036	-2.27978726454878
			2.78163896190036	-2.28165288424154
			2.78163896190036	-2.2835185039343
			2.78163896190036	-2.28538412362705
			2.78163896190036	-2.28724974331981
			2.7797733422076	-2.28911536301257
			2.7797733422076	-2.29098098270532
			2.7797733422076	-2.29284660239808
			2.7797733422076	-2.29471222209084
			2.7797733422076	-2.29657784178359
			2.7797733422076	-2.29844346147635
			2.7797733422076	-2.30030908116911
			2.7797733422076	-2.30217470086186
			2.7797733422076	-2.30404032055462
			2.77790772251484	-2.30590594024738
			2.77790772251484	-2.30777155994013
			2.77790772251484	-2.30963717963289
			2.77790772251484	-2.31150279932565
			2.77790772251484	-2.3133684190184
			2.77790772251484	-2.31523403871116
			2.77790772251484	-2.31709965840392
			2.77790772251484	-2.31896527809667
			2.77790772251484	-2.32083089778943
			2.77790772251484	-2.32269651748219
			2.77790772251484	-2.32456213717494
			2.77790772251484	-2.3264277568677
			2.77790772251484	-2.32829337656046
			2.77790772251484	-2.33015899625322
			2.77790772251484	-2.33202461594597
			2.77790772251484	-2.33389023563873
			2.77790772251484	-2.33575585533149
			2.7797733422076	-2.33762147502424
			2.7797733422076	-2.339487094717
			2.7797733422076	-2.34135271440976
			2.7797733422076	-2.34321833410251
			2.7797733422076	-2.34508395379527
			2.7797733422076	-2.34694957348803
			2.7797733422076	-2.34881519318078
			2.7797733422076	-2.35068081287354
			2.7797733422076	-2.3525464325663
			2.78163896190036	-2.35441205225905
			2.78163896190036	-2.35627767195181
			2.78163896190036	-2.35814329164457
			2.78163896190036	-2.36000891133732
			2.78163896190036	-2.36187453103008
			2.78350458159311	-2.36374015072284
			2.78350458159311	-2.36560577041559
			2.78350458159311	-2.36747139010835
			2.78350458159311	-2.36933700980111
			2.78350458159311	-2.37120262949386
			2.78537020128587	-2.37306824918662
			2.78537020128587	-2.37493386887938
			2.78537020128587	-2.37679948857213
			2.78537020128587	-2.37866510826489
			2.78723582097863	-2.38053072795765
			2.78723582097863	-2.38239634765041
			2.78723582097863	-2.38426196734316
			2.78723582097863	-2.38612758703592
			2.78910144067138	-2.38799320672868
			2.78910144067138	-2.38985882642143
			2.78910144067138	-2.39172444611419
			2.79096706036414	-2.39359006580695
			2.79096706036414	-2.3954556854997
			2.7928326800569	-2.39732130519246
			2.7928326800569	-2.39918692488522
			2.7928326800569	-2.40105254457797
			2.7928326800569	-2.40291816427073
			2.79469829974965	-2.40291816427073
			2.79469829974965	-2.40478378396349
			2.79469829974965	-2.40664940365624
			2.79656391944241	-2.408515023349
			2.79656391944241	-2.41038064304176
			2.79842953913517	-2.41224626273451
			2.79842953913517	-2.41411188242727
			2.79842953913517	-2.41597750212003
			2.80029515882792	-2.41784312181278
			2.80029515882792	-2.41970874150554
			2.80216077852068	-2.4215743611983
			2.80216077852068	-2.42343998089105
			2.80402639821344	-2.42530560058381
			2.80402639821344	-2.42717122027657
			2.80589201790619	-2.42903683996932
			2.80589201790619	-2.43090245966208
			2.80589201790619	-2.43276807935484
			2.80775763759895	-2.43463369904759
			2.80775763759895	-2.43649931874035
			2.80962325729171	-2.43836493843311
			2.81148887698446	-2.44023055812587
			2.81148887698446	-2.44209617781862
			2.81335449667722	-2.44396179751138
			2.81335449667722	-2.44582741720414
			2.81522011636998	-2.44769303689689
			2.81708573606273	-2.44955865658965
			2.81708573606273	-2.45142427628241
			2.81895135575549	-2.45328989597516
			2.81895135575549	-2.45515551566792
			2.82081697544825	-2.45515551566792
			2.82081697544825	-2.45702113536068
			2.822682595141	-2.45888675505343
			2.822682595141	-2.46075237474619
			2.82454821483376	-2.46261799443895
			2.82454821483376	-2.4644836141317
			2.82641383452652	-2.4644836141317
			2.82641383452652	-2.46634923382446
			2.82827945421927	-2.46821485351722
			2.82827945421927	-2.47008047320997
			2.83014507391203	-2.47194609290273
		</curvaD_espina_dorsal>
		<curvaI_espina_dorsal type=matrix rownames=FALSE colnames=FALSE nrow=386 ncol=2 as.numeric=TRUE >
			2.80589201790619	-1.89360398814813
			2.80589201790619	-1.89546960784089
			2.80589201790619	-1.89733522753364
			2.80589201790619	-1.8992008472264
			2.80589201790619	-1.90106646691916
			2.80589201790619	-1.90293208661191
			2.80589201790619	-1.90479770630467
			2.80589201790619	-1.90666332599743
			2.80589201790619	-1.90852894569018
			2.80589201790619	-1.91039456538294
			2.80589201790619	-1.9122601850757
			2.80589201790619	-1.91412580476845
			2.80589201790619	-1.91599142446121
			2.80589201790619	-1.91785704415397
			2.80589201790619	-1.91972266384672
			2.80589201790619	-1.92158828353948
			2.80589201790619	-1.92345390323224
			2.80589201790619	-1.92531952292499
			2.80589201790619	-1.92718514261775
			2.80589201790619	-1.92905076231051
			2.80589201790619	-1.93091638200326
			2.80589201790619	-1.93278200169602
			2.80589201790619	-1.93464762138878
			2.80589201790619	-1.93651324108154
			2.80589201790619	-1.93837886077429
			2.80589201790619	-1.94024448046705
			2.80589201790619	-1.94211010015981
			2.80589201790619	-1.94397571985256
			2.80402639821344	-1.94584133954532
			2.80402639821344	-1.94770695923808
			2.80402639821344	-1.94957257893083
			2.80402639821344	-1.95143819862359
			2.80402639821344	-1.95330381831635
			2.80402639821344	-1.9551694380091
			2.80402639821344	-1.95703505770186
			2.80402639821344	-1.95890067739462
			2.80402639821344	-1.96076629708737
			2.80402639821344	-1.96263191678013
			2.80402639821344	-1.96449753647289
			2.80216077852068	-1.96636315616564
			2.80216077852068	-1.9682287758584
			2.80216077852068	-1.97009439555116
			2.80216077852068	-1.97196001524391
			2.80216077852068	-1.97382563493667
			2.80216077852068	-1.97569125462943
			2.80216077852068	-1.97755687432218
			2.80216077852068	-1.97942249401494
			2.80216077852068	-1.9812881137077
			2.80029515882792	-1.98315373340045
			2.80029515882792	-1.98501935309321
			2.80029515882792	-1.98688497278597
			2.80029515882792	-1.98875059247872
			2.80029515882792	-1.99061621217148
			2.80029515882792	-1.99248183186424
			2.80029515882792	-1.994347451557
			2.80029515882792	-1.99621307124975
			2.79842953913517	-1.99807869094251
			2.79842953913517	-1.99994431063527
			2.79842953913517	-2.00180993032802
			2.79842953913517	-2.00367555002078
			2.79842953913517	-2.00554116971354
			2.79842953913517	-2.00740678940629
			2.79842953913517	-2.00927240909905
			2.79656391944241	-2.01113802879181
			2.79656391944241	-2.01300364848456
			2.79656391944241	-2.01486926817732
			2.79656391944241	-2.01673488787008
			2.79656391944241	-2.01860050756283
			2.79656391944241	-2.02046612725559
			2.79469829974965	-2.02233174694835
			2.79469829974965	-2.0241973666411
			2.79469829974965	-2.02606298633386
			2.79469829974965	-2.02792860602662
			2.79469829974965	-2.02979422571937
			2.79469829974965	-2.03165984541213
			2.7928326800569	-2.03352546510489
			2.7928326800569	-2.03539108479764
			2.7928326800569	-2.0372567044904
			2.7928326800569	-2.03912232418316
			2.7928326800569	-2.04098794387591
			2.7928326800569	-2.04285356356867
			2.79096706036414	-2.04471918326143
			2.79096706036414	-2.04658480295419
			2.79096706036414	-2.04845042264694
			2.79096706036414	-2.0503160423397
			2.79096706036414	-2.05218166203246
			2.79096706036414	-2.05404728172521
			2.78910144067138	-2.05591290141797
			2.78910144067138	-2.05777852111073
			2.78910144067138	-2.05964414080348
			2.78910144067138	-2.06150976049624
			2.78910144067138	-2.063375380189
			2.78723582097863	-2.06524099988175
			2.78723582097863	-2.06710661957451
			2.78723582097863	-2.06897223926727
			2.78723582097863	-2.07083785896002
			2.78723582097863	-2.07270347865278
			2.78537020128587	-2.07456909834554
			2.78537020128587	-2.07643471803829
			2.78537020128587	-2.07830033773105
			2.78537020128587	-2.08016595742381
			2.78537020128587	-2.08203157711656
			2.78350458159311	-2.08389719680932
			2.78350458159311	-2.08576281650208
			2.78350458159311	-2.08762843619483
			2.78350458159311	-2.08949405588759
			2.78350458159311	-2.09135967558035
			2.78163896190036	-2.0932252952731
			2.78163896190036	-2.09509091496586
			2.78163896190036	-2.09695653465862
			2.78163896190036	-2.09882215435137
			2.78163896190036	-2.10068777404413
			2.7797733422076	-2.10255339373689
			2.7797733422076	-2.10441901342965
			2.7797733422076	-2.1062846331224
			2.7797733422076	-2.10815025281516
			2.77790772251484	-2.11001587250792
			2.77790772251484	-2.11188149220067
			2.77790772251484	-2.11374711189343
			2.77790772251484	-2.11561273158619
			2.77790772251484	-2.11747835127894
			2.77604210282209	-2.1193439709717
			2.77604210282209	-2.12120959066446
			2.77604210282209	-2.12307521035721
			2.77604210282209	-2.12494083004997
			2.77417648312933	-2.12680644974273
			2.77417648312933	-2.12867206943548
			2.77417648312933	-2.13053768912824
			2.77417648312933	-2.132403308821
			2.77231086343657	-2.13426892851375
			2.77231086343657	-2.13613454820651
			2.77231086343657	-2.13800016789927
			2.77231086343657	-2.13986578759202
			2.77044524374381	-2.14173140728478
			2.77044524374381	-2.14359702697754
			2.77044524374381	-2.14546264667029
			2.77044524374381	-2.14732826636305
			2.76857962405106	-2.14919388605581
			2.76857962405106	-2.15105950574856
			2.76857962405106	-2.15292512544132
			2.7667140043583	-2.15479074513408
			2.7667140043583	-2.15665636482683
			2.7667140043583	-2.15852198451959
			2.7667140043583	-2.16038760421235
			2.7667140043583	-2.16225322390511
			2.76484838466554	-2.16225322390511
			2.76484838466554	-2.16411884359786
			2.76484838466554	-2.16598446329062
			2.76484838466554	-2.16785008298338
			2.76298276497279	-2.16971570267613
			2.76298276497279	-2.17158132236889
			2.76298276497279	-2.17344694206165
			2.76111714528003	-2.1753125617544
			2.76111714528003	-2.17717818144716
			2.76111714528003	-2.17904380113992
			2.75925152558727	-2.18090942083267
			2.75925152558727	-2.18277504052543
			2.75925152558727	-2.18464066021819
			2.75925152558727	-2.18650627991094
			2.75738590589452	-2.18650627991094
			2.75738590589452	-2.1883718996037
			2.75738590589452	-2.19023751929646
			2.75552028620176	-2.19210313898921
			2.75552028620176	-2.19396875868197
			2.75552028620176	-2.19583437837473
			2.753654666509	-2.19769999806748
			2.753654666509	-2.19956561776024
			2.753654666509	-2.201431237453
			2.75178904681625	-2.20329685714575
			2.75178904681625	-2.20516247683851
			2.74992342712349	-2.20702809653127
			2.74992342712349	-2.20889371622402
			2.74805780743073	-2.21075933591678
			2.74805780743073	-2.21262495560954
			2.74805780743073	-2.2144905753023
			2.74619218773798	-2.2144905753023
			2.74619218773798	-2.21635619499505
			2.74432656804522	-2.21822181468781
			2.74432656804522	-2.22008743438057
			2.74432656804522	-2.22195305407332
			2.74246094835246	-2.22195305407332
			2.74246094835246	-2.22381867376608
			2.74059532865971	-2.22568429345884
			2.74059532865971	-2.22754991315159
			2.73872970896695	-2.22941553284435
			2.73686408927419	-2.23128115253711
			2.73499846958144	-2.23314677222986
			2.73499846958144	-2.23501239192262
			2.73313284988868	-2.23687801161538
			2.73126723019592	-2.23874363130813
			2.72940161050317	-2.23874363130813
			2.72940161050317	-2.24060925100089
			2.72753599081041	-2.24060925100089
			2.72567037111765	-2.24060925100089
			2.7238047514249	-2.24060925100089
			2.72193913173214	-2.24060925100089
			2.72007351203938	-2.24060925100089
			2.71820789234663	-2.24060925100089
			2.71634227265387	-2.24247487069365
			2.71447665296111	-2.24247487069365
			2.71261103326835	-2.24247487069365
			2.7107454135756	-2.24247487069365
			2.70887979388284	-2.24247487069365
			2.70701417419008	-2.24247487069365
			2.70514855449733	-2.24247487069365
			2.70328293480457	-2.24247487069365
			2.70141731511181	-2.24247487069365
			2.69955169541906	-2.24247487069365
			2.6976860757263	-2.24247487069365
			2.69582045603354	-2.24060925100089
			2.69395483634079	-2.24060925100089
			2.69208921664803	-2.24060925100089
			2.69022359695527	-2.24060925100089
			2.68835797726252	-2.24060925100089
			2.68649235756976	-2.24060925100089
			2.684626737877	-2.24060925100089
			2.68276111818425	-2.24060925100089
			2.68089549849149	-2.24060925100089
			2.67902987879873	-2.23874363130813
			2.67716425910598	-2.23874363130813
			2.67529863941322	-2.23874363130813
			2.67343301972046	-2.23874363130813
			2.67156740002771	-2.23874363130813
			2.66970178033495	-2.23687801161538
			2.66783616064219	-2.23687801161538
			2.66597054094944	-2.23687801161538
			2.66410492125668	-2.23687801161538
			2.66223930156392	-2.23501239192262
			2.66037368187117	-2.23501239192262
			2.65850806217841	-2.23501239192262
			2.65664244248565	-2.23501239192262
			2.65477682279289	-2.23314677222986
			2.65291120310014	-2.23314677222986
			2.65104558340738	-2.23314677222986
			2.64917996371462	-2.23128115253711
			2.64731434402187	-2.23128115253711
			2.64544872432911	-2.23128115253711
			2.64358310463635	-2.22941553284435
			2.6417174849436	-2.22941553284435
			2.63985186525084	-2.22941553284435
			2.63798624555808	-2.22754991315159
			2.63612062586533	-2.22754991315159
			2.63425500617257	-2.22754991315159
			2.63425500617257	-2.22568429345884
			2.63238938647981	-2.22568429345884
			2.63052376678706	-2.22381867376608
			2.6286581470943	-2.22381867376608
			2.62679252740154	-2.22381867376608
			2.62492690770879	-2.22195305407332
			2.62306128801603	-2.22195305407332
			2.62119566832327	-2.22008743438057
			2.61933004863052	-2.22008743438057
			2.61746442893776	-2.21822181468781
			2.615598809245	-2.21822181468781
			2.61373318955225	-2.21635619499505
			2.61186756985949	-2.21635619499505
			2.61000195016673	-2.2144905753023
			2.60813633047398	-2.2144905753023
			2.60627071078122	-2.21262495560954
			2.60440509108846	-2.21075933591678
			2.6025394713957	-2.21075933591678
			2.60067385170295	-2.20889371622402
			2.59880823201019	-2.20889371622402
			2.59694261231743	-2.20702809653127
			2.59507699262468	-2.20702809653127
			2.59507699262468	-2.20516247683851
			2.59321137293192	-2.20516247683851
			2.59134575323916	-2.20329685714575
			2.58948013354641	-2.20329685714575
			2.58761451385365	-2.201431237453
			2.58574889416089	-2.201431237453
			2.58574889416089	-2.19956561776024
			2.58388327446814	-2.19956561776024
			2.58201765477538	-2.19769999806748
			2.58015203508262	-2.19769999806748
			2.57828641538987	-2.19583437837473
			2.57828641538987	-2.19396875868197
			2.57642079569711	-2.19396875868197
			2.57455517600435	-2.19210313898921
			2.5726895563116	-2.19210313898921
			2.57082393661884	-2.19023751929646
			2.57082393661884	-2.1883718996037
			2.56895831692608	-2.1883718996037
			2.56709269723333	-2.18650627991094
			2.56522707754057	-2.18650627991094
			2.56336145784781	-2.18464066021819
			2.56149583815506	-2.18277504052543
			2.5596302184623	-2.18090942083267
			2.55776459876954	-2.17904380113992
			2.55589897907679	-2.17904380113992
			2.55403335938403	-2.17717818144716
			2.55216773969127	-2.1753125617544
			2.55030211999851	-2.17344694206165
			2.54843650030576	-2.17158132236889
			2.546570880613	-2.16971570267613
			2.54470526092024	-2.16971570267613
			2.54283964122749	-2.16785008298338
			2.54097402153473	-2.16598446329062
			2.53910840184197	-2.16598446329062
			2.53724278214922	-2.16411884359786
			2.53537716245646	-2.16411884359786
			2.5335115427637	-2.16411884359786
			2.53164592307095	-2.16225322390511
			2.52978030337819	-2.16225322390511
			2.52791468368543	-2.16225322390511
			2.52604906399268	-2.16038760421235
			2.52418344429992	-2.16038760421235
			2.52231782460716	-2.16038760421235
			2.52045220491441	-2.15852198451959
			2.51858658522165	-2.15852198451959
			2.51672096552889	-2.15665636482683
			2.51485534583614	-2.15665636482683
			2.51298972614338	-2.15665636482683
			2.51112410645062	-2.15665636482683
			2.50925848675787	-2.15479074513408
			2.50739286706511	-2.15479074513408
			2.50552724737235	-2.15479074513408
			2.5036616276796	-2.15292512544132
			2.50179600798684	-2.15292512544132
			2.49993038829408	-2.15292512544132
			2.49806476860133	-2.15292512544132
			2.49619914890857	-2.15105950574856
			2.49433352921581	-2.15105950574856
			2.49246790952306	-2.15105950574856
			2.4906022898303	-2.15105950574856
			2.48873667013754	-2.14919388605581
			2.48687105044478	-2.14919388605581
			2.48500543075203	-2.14919388605581
			2.48313981105927	-2.14919388605581
			2.48127419136651	-2.14732826636305
			2.47940857167376	-2.14732826636305
			2.477542951981	-2.14732826636305
			2.47567733228824	-2.14732826636305
			2.47381171259549	-2.14732826636305
			2.47194609290273	-2.14546264667029
			2.47008047320997	-2.14546264667029
			2.46821485351722	-2.14546264667029
			2.46634923382446	-2.14546264667029
			2.4644836141317	-2.14546264667029
			2.46261799443895	-2.14546264667029
			2.46075237474619	-2.14359702697754
			2.45888675505343	-2.14359702697754
			2.45702113536068	-2.14359702697754
			2.45515551566792	-2.14359702697754
			2.45328989597516	-2.14359702697754
			2.45142427628241	-2.14359702697754
			2.44955865658965	-2.14359702697754
			2.44769303689689	-2.14173140728478
			2.44582741720414	-2.14173140728478
			2.44396179751138	-2.14173140728478
			2.44209617781862	-2.14173140728478
			2.44023055812587	-2.14173140728478
			2.43836493843311	-2.14173140728478
			2.43649931874035	-2.14173140728478
			2.43463369904759	-2.14173140728478
			2.43276807935484	-2.14173140728478
			2.43090245966208	-2.14173140728478
			2.42903683996932	-2.14173140728478
			2.42717122027657	-2.14173140728478
			2.42530560058381	-2.14173140728478
			2.42343998089105	-2.14173140728478
			2.4215743611983	-2.14173140728478
			2.41970874150554	-2.14173140728478
			2.41784312181278	-2.14173140728478
			2.41597750212003	-2.14173140728478
			2.41411188242727	-2.14173140728478
			2.41224626273451	-2.14173140728478
			2.41038064304176	-2.14173140728478
			2.408515023349	-2.14173140728478
			2.40664940365624	-2.14173140728478
			2.40478378396349	-2.14173140728478
			2.40291816427073	-2.14173140728478
			2.40105254457797	-2.14173140728478
			2.39918692488522	-2.14173140728478
			2.39732130519246	-2.14173140728478
			2.3954556854997	-2.14173140728478
			2.39359006580695	-2.14359702697754
			2.39172444611419	-2.14359702697754
			2.38985882642143	-2.14359702697754
			2.38799320672868	-2.14359702697754
			2.38612758703592	-2.14359702697754
			2.38426196734316	-2.14359702697754
			2.38239634765041	-2.14359702697754
			2.38053072795765	-2.14546264667029
			2.37866510826489	-2.14546264667029
			2.37679948857213	-2.14546264667029
		</curvaI_espina_dorsal>
	</curves.scaled>
	<ruler.points type=matrix rownames=TRUE colnames=FALSE nrow=2 ncol=2 as.numeric=TRUE >
		Ruler point 1	1519	537
		Ruler point 2	2055	533
	</ruler.points>
</shapes>

