<shapes type=list>
	<ruler.pixel type=vector names=FALSE length=1 as.numeric=TRUE >539.003710562367</ruler.pixel>
	<ruler.interval type=vector names=FALSE length=1 as.numeric=TRUE >1</ruler.interval>
	<scaling.units type=vector names=FALSE length=1 as.numeric=FALSE >mm</scaling.units>
	<scaling type=vector names=FALSE length=1 as.numeric=TRUE >0.00186561969275678</scaling>
	<landmarks.pixel type=matrix rownames=TRUE colnames=FALSE nrow=3 ncol=2 as.numeric=TRUE >
		punta_espina_dorsal	1419	1096
		esq_izq_caparaza	1362	1317
		organo_dorsal	1665	1276
	</landmarks.pixel>
	<landmarks.scaled type=matrix rownames=TRUE colnames=FALSE nrow=3 ncol=2 as.numeric=TRUE >
		punta_espina_dorsal	2.64731434402187	-2.04471918326143
		esq_izq_caparaza	2.54097402153473	-2.45702113536068
		organo_dorsal	3.10625678844003	-2.38053072795765
	</landmarks.scaled>
	<curves.control type=list>
		<curvaD_espina_dorsal type=matrix rownames=FALSE colnames=FALSE nrow=7 ncol=2 as.numeric=TRUE >
			1419	1096
			1437	1099
			1464	1121
			1541	1190
			1569	1223
			1586	1261
			1665	1276
		</curvaD_espina_dorsal>
		<curvaI_espina_dorsal type=matrix rownames=FALSE colnames=FALSE nrow=9 ncol=2 as.numeric=TRUE >
			1419	1096
			1468	1133
			1508	1183
			1543	1226
			1538	1240
			1489	1278
			1433	1273
			1394	1286
			1362	1317
		</curvaI_espina_dorsal>
	</curves.control>
	<curves.pixel type=list>
		<curvaD_espina_dorsal type=matrix rownames=FALSE colnames=FALSE nrow=279 ncol=2 as.numeric=TRUE >
			1419	1096
			1420	1096
			1421	1096
			1422	1097
			1423	1097
			1424	1097
			1425	1097
			1425	1098
			1426	1098
			1427	1098
			1428	1099
			1429	1099
			1430	1099
			1431	1100
			1432	1100
			1433	1101
			1434	1101
			1435	1102
			1436	1102
			1437	1103
			1438	1103
			1439	1104
			1440	1104
			1441	1105
			1442	1105
			1443	1106
			1444	1107
			1445	1107
			1446	1108
			1447	1108
			1447	1109
			1448	1109
			1449	1110
			1450	1111
			1451	1111
			1452	1112
			1453	1112
			1453	1113
			1454	1113
			1455	1114
			1456	1115
			1457	1115
			1458	1116
			1459	1117
			1460	1118
			1461	1119
			1462	1120
			1463	1121
			1464	1121
			1465	1122
			1466	1123
			1467	1123
			1467	1124
			1468	1125
			1469	1125
			1469	1126
			1470	1126
			1471	1127
			1471	1128
			1472	1128
			1473	1129
			1474	1130
			1475	1131
			1476	1132
			1477	1133
			1478	1134
			1479	1134
			1479	1135
			1480	1136
			1481	1136
			1482	1137
			1482	1138
			1483	1138
			1484	1139
			1485	1140
			1486	1141
			1487	1142
			1488	1143
			1489	1144
			1490	1145
			1491	1145
			1492	1146
			1492	1147
			1493	1148
			1494	1148
			1495	1149
			1496	1150
			1497	1151
			1498	1152
			1499	1153
			1500	1154
			1501	1155
			1502	1156
			1503	1157
			1504	1157
			1505	1158
			1506	1159
			1507	1160
			1508	1161
			1509	1162
			1509	1163
			1510	1163
			1511	1164
			1512	1165
			1513	1166
			1514	1167
			1515	1168
			1516	1168
			1517	1169
			1517	1170
			1518	1171
			1519	1172
			1520	1173
			1521	1173
			1522	1174
			1522	1175
			1523	1176
			1524	1176
			1525	1177
			1526	1178
			1527	1179
			1527	1180
			1528	1180
			1529	1181
			1530	1182
			1530	1183
			1531	1183
			1532	1184
			1533	1185
			1533	1186
			1534	1186
			1535	1187
			1536	1188
			1536	1189
			1537	1189
			1538	1190
			1539	1191
			1540	1192
			1541	1193
			1542	1194
			1543	1195
			1544	1196
			1545	1197
			1545	1198
			1546	1198
			1547	1199
			1548	1200
			1548	1201
			1549	1201
			1550	1202
			1551	1203
			1551	1204
			1552	1204
			1553	1205
			1554	1206
			1554	1207
			1555	1207
			1556	1208
			1556	1209
			1557	1210
			1558	1210
			1558	1211
			1559	1212
			1560	1212
			1560	1213
			1561	1214
			1562	1215
			1563	1216
			1564	1217
			1565	1218
			1565	1219
			1566	1219
			1567	1220
			1567	1221
			1568	1222
			1569	1223
			1569	1224
			1570	1225
			1570	1226
			1571	1227
			1571	1228
			1572	1229
			1573	1230
			1573	1231
			1574	1232
			1575	1233
			1576	1234
			1577	1235
			1577	1236
			1578	1237
			1579	1238
			1580	1239
			1581	1240
			1582	1241
			1583	1242
			1583	1243
			1584	1243
			1585	1244
			1586	1245
			1587	1245
			1587	1246
			1588	1247
			1589	1247
			1590	1248
			1591	1249
			1592	1249
			1593	1250
			1594	1251
			1595	1251
			1596	1252
			1597	1252
			1598	1253
			1599	1254
			1600	1254
			1601	1255
			1602	1255
			1603	1256
			1604	1257
			1605	1257
			1606	1258
			1607	1258
			1608	1259
			1609	1259
			1610	1259
			1611	1260
			1612	1260
			1613	1261
			1614	1261
			1615	1262
			1616	1262
			1617	1263
			1618	1263
			1619	1263
			1620	1264
			1621	1264
			1622	1264
			1623	1265
			1624	1265
			1625	1265
			1626	1266
			1627	1266
			1628	1266
			1629	1267
			1630	1267
			1631	1267
			1632	1268
			1633	1268
			1634	1268
			1635	1269
			1636	1269
			1637	1269
			1638	1270
			1639	1270
			1640	1270
			1641	1271
			1642	1271
			1643	1271
			1644	1271
			1645	1272
			1646	1272
			1647	1272
			1648	1272
			1649	1273
			1650	1273
			1651	1273
			1652	1273
			1653	1274
			1654	1274
			1655	1274
			1656	1274
			1657	1274
			1658	1275
			1659	1275
			1660	1275
			1661	1275
			1662	1275
			1663	1276
			1664	1276
			1665	1276
		</curvaD_espina_dorsal>
		<curvaI_espina_dorsal type=matrix rownames=FALSE colnames=FALSE nrow=340 ncol=2 as.numeric=TRUE >
			1419	1096
			1420	1097
			1421	1098
			1422	1098
			1423	1099
			1424	1100
			1425	1101
			1426	1101
			1427	1102
			1428	1103
			1429	1104
			1430	1105
			1431	1105
			1432	1106
			1433	1107
			1434	1108
			1435	1109
			1436	1109
			1437	1110
			1438	1111
			1439	1112
			1440	1113
			1441	1113
			1442	1114
			1443	1115
			1444	1116
			1445	1117
			1446	1118
			1447	1118
			1448	1119
			1448	1120
			1449	1121
			1450	1122
			1451	1123
			1452	1124
			1453	1124
			1454	1125
			1455	1126
			1456	1127
			1457	1128
			1458	1129
			1459	1130
			1460	1130
			1461	1131
			1462	1132
			1463	1133
			1463	1134
			1464	1135
			1465	1136
			1466	1137
			1467	1138
			1468	1139
			1469	1139
			1470	1140
			1471	1141
			1472	1142
			1473	1143
			1473	1144
			1474	1145
			1475	1146
			1476	1147
			1477	1148
			1478	1149
			1479	1150
			1480	1151
			1481	1151
			1482	1152
			1482	1153
			1483	1154
			1484	1155
			1485	1156
			1486	1157
			1487	1158
			1488	1159
			1489	1160
			1489	1161
			1490	1162
			1491	1163
			1492	1164
			1493	1165
			1494	1166
			1495	1167
			1495	1168
			1496	1169
			1497	1170
			1498	1171
			1499	1172
			1500	1173
			1501	1174
			1501	1175
			1502	1176
			1503	1177
			1504	1178
			1505	1179
			1506	1180
			1506	1181
			1507	1182
			1508	1183
			1509	1184
			1509	1185
			1510	1186
			1511	1187
			1512	1187
			1512	1188
			1513	1189
			1514	1190
			1514	1191
			1515	1192
			1516	1193
			1517	1194
			1518	1195
			1518	1196
			1519	1197
			1520	1198
			1520	1199
			1521	1200
			1522	1201
			1522	1202
			1523	1203
			1524	1203
			1524	1204
			1525	1205
			1525	1206
			1526	1207
			1526	1208
			1527	1209
			1528	1210
			1529	1211
			1529	1212
			1530	1213
			1530	1214
			1531	1215
			1531	1216
			1532	1217
			1533	1218
			1533	1219
			1534	1220
			1534	1221
			1535	1222
			1535	1223
			1536	1224
			1536	1225
			1536	1226
			1537	1227
			1537	1228
			1537	1229
			1538	1230
			1538	1231
			1538	1232
			1538	1233
			1538	1234
			1539	1235
			1539	1236
			1539	1237
			1539	1238
			1538	1239
			1537	1240
			1536	1241
			1535	1242
			1534	1243
			1533	1244
			1532	1245
			1531	1245
			1530	1246
			1529	1247
			1528	1248
			1527	1248
			1526	1248
			1526	1249
			1525	1249
			1524	1250
			1523	1251
			1522	1251
			1521	1252
			1520	1252
			1519	1253
			1518	1253
			1518	1254
			1517	1254
			1516	1255
			1515	1255
			1514	1256
			1513	1257
			1512	1257
			1511	1258
			1510	1258
			1509	1259
			1508	1259
			1507	1259
			1506	1260
			1505	1260
			1504	1261
			1503	1261
			1502	1262
			1501	1262
			1500	1263
			1499	1263
			1498	1263
			1497	1264
			1496	1264
			1495	1265
			1494	1265
			1493	1265
			1492	1266
			1491	1266
			1490	1266
			1489	1267
			1488	1267
			1487	1267
			1486	1268
			1485	1268
			1484	1268
			1483	1269
			1482	1269
			1481	1269
			1480	1269
			1479	1270
			1478	1270
			1477	1270
			1476	1270
			1475	1271
			1474	1271
			1473	1271
			1472	1271
			1471	1271
			1470	1272
			1469	1272
			1468	1272
			1467	1272
			1466	1272
			1465	1272
			1464	1272
			1463	1273
			1462	1273
			1461	1273
			1460	1273
			1459	1273
			1458	1273
			1457	1273
			1456	1273
			1455	1273
			1454	1273
			1453	1273
			1452	1273
			1451	1273
			1450	1274
			1449	1274
			1448	1274
			1447	1274
			1446	1274
			1445	1274
			1444	1274
			1443	1274
			1442	1274
			1441	1273
			1440	1273
			1439	1273
			1438	1273
			1437	1273
			1436	1273
			1435	1273
			1434	1273
			1433	1273
			1432	1273
			1431	1274
			1430	1274
			1429	1274
			1428	1275
			1427	1275
			1426	1276
			1425	1276
			1424	1276
			1423	1277
			1422	1277
			1421	1277
			1420	1278
			1419	1278
			1418	1279
			1417	1279
			1416	1279
			1415	1280
			1414	1281
			1413	1281
			1412	1282
			1411	1282
			1410	1283
			1409	1283
			1408	1284
			1407	1284
			1406	1284
			1405	1285
			1404	1286
			1403	1286
			1402	1287
			1401	1287
			1400	1288
			1399	1288
			1398	1289
			1397	1289
			1397	1290
			1396	1291
			1395	1291
			1394	1292
			1393	1292
			1392	1293
			1391	1293
			1390	1294
			1389	1295
			1388	1295
			1388	1296
			1387	1297
			1386	1297
			1385	1298
			1384	1298
			1383	1299
			1382	1300
			1381	1300
			1380	1301
			1380	1302
			1379	1302
			1378	1303
			1377	1304
			1376	1304
			1375	1305
			1374	1306
			1374	1307
			1373	1307
			1372	1308
			1371	1309
			1370	1309
			1369	1310
			1369	1311
			1368	1312
			1367	1312
			1366	1313
			1365	1314
			1364	1315
			1364	1316
			1363	1316
			1362	1317
		</curvaI_espina_dorsal>
	</curves.pixel>
	<curves.scaled type=list>
		<curvaD_espina_dorsal type=matrix rownames=FALSE colnames=FALSE nrow=279 ncol=2 as.numeric=TRUE >
			2.64731434402187	-2.04471918326143
			2.64917996371462	-2.04471918326143
			2.65104558340738	-2.04471918326143
			2.65291120310014	-2.04658480295419
			2.65477682279289	-2.04658480295419
			2.65664244248565	-2.04658480295419
			2.65850806217841	-2.04658480295419
			2.65850806217841	-2.04845042264694
			2.66037368187117	-2.04845042264694
			2.66223930156392	-2.04845042264694
			2.66410492125668	-2.0503160423397
			2.66597054094944	-2.0503160423397
			2.66783616064219	-2.0503160423397
			2.66970178033495	-2.05218166203246
			2.67156740002771	-2.05218166203246
			2.67343301972046	-2.05404728172521
			2.67529863941322	-2.05404728172521
			2.67716425910598	-2.05591290141797
			2.67902987879873	-2.05591290141797
			2.68089549849149	-2.05777852111073
			2.68276111818425	-2.05777852111073
			2.684626737877	-2.05964414080348
			2.68649235756976	-2.05964414080348
			2.68835797726252	-2.06150976049624
			2.69022359695527	-2.06150976049624
			2.69208921664803	-2.063375380189
			2.69395483634079	-2.06524099988175
			2.69582045603354	-2.06524099988175
			2.6976860757263	-2.06710661957451
			2.69955169541906	-2.06710661957451
			2.69955169541906	-2.06897223926727
			2.70141731511181	-2.06897223926727
			2.70328293480457	-2.07083785896002
			2.70514855449733	-2.07270347865278
			2.70701417419008	-2.07270347865278
			2.70887979388284	-2.07456909834554
			2.7107454135756	-2.07456909834554
			2.7107454135756	-2.07643471803829
			2.71261103326835	-2.07643471803829
			2.71447665296111	-2.07830033773105
			2.71634227265387	-2.08016595742381
			2.71820789234663	-2.08016595742381
			2.72007351203938	-2.08203157711656
			2.72193913173214	-2.08389719680932
			2.7238047514249	-2.08576281650208
			2.72567037111765	-2.08762843619483
			2.72753599081041	-2.08949405588759
			2.72940161050317	-2.09135967558035
			2.73126723019592	-2.09135967558035
			2.73313284988868	-2.0932252952731
			2.73499846958144	-2.09509091496586
			2.73686408927419	-2.09509091496586
			2.73686408927419	-2.09695653465862
			2.73872970896695	-2.09882215435137
			2.74059532865971	-2.09882215435137
			2.74059532865971	-2.10068777404413
			2.74246094835246	-2.10068777404413
			2.74432656804522	-2.10255339373689
			2.74432656804522	-2.10441901342965
			2.74619218773798	-2.10441901342965
			2.74805780743073	-2.1062846331224
			2.74992342712349	-2.10815025281516
			2.75178904681625	-2.11001587250792
			2.753654666509	-2.11188149220067
			2.75552028620176	-2.11374711189343
			2.75738590589452	-2.11561273158619
			2.75925152558727	-2.11561273158619
			2.75925152558727	-2.11747835127894
			2.76111714528003	-2.1193439709717
			2.76298276497279	-2.1193439709717
			2.76484838466554	-2.12120959066446
			2.76484838466554	-2.12307521035721
			2.7667140043583	-2.12307521035721
			2.76857962405106	-2.12494083004997
			2.77044524374381	-2.12680644974273
			2.77231086343657	-2.12867206943548
			2.77417648312933	-2.13053768912824
			2.77604210282209	-2.132403308821
			2.77790772251484	-2.13426892851375
			2.7797733422076	-2.13613454820651
			2.78163896190036	-2.13613454820651
			2.78350458159311	-2.13800016789927
			2.78350458159311	-2.13986578759202
			2.78537020128587	-2.14173140728478
			2.78723582097863	-2.14173140728478
			2.78910144067138	-2.14359702697754
			2.79096706036414	-2.14546264667029
			2.7928326800569	-2.14732826636305
			2.79469829974965	-2.14919388605581
			2.79656391944241	-2.15105950574856
			2.79842953913517	-2.15292512544132
			2.80029515882792	-2.15479074513408
			2.80216077852068	-2.15665636482683
			2.80402639821344	-2.15852198451959
			2.80589201790619	-2.15852198451959
			2.80775763759895	-2.16038760421235
			2.80962325729171	-2.16225322390511
			2.81148887698446	-2.16411884359786
			2.81335449667722	-2.16598446329062
			2.81522011636998	-2.16785008298338
			2.81522011636998	-2.16971570267613
			2.81708573606273	-2.16971570267613
			2.81895135575549	-2.17158132236889
			2.82081697544825	-2.17344694206165
			2.822682595141	-2.1753125617544
			2.82454821483376	-2.17717818144716
			2.82641383452652	-2.17904380113992
			2.82827945421927	-2.17904380113992
			2.83014507391203	-2.18090942083267
			2.83014507391203	-2.18277504052543
			2.83201069360479	-2.18464066021819
			2.83387631329755	-2.18650627991094
			2.8357419329903	-2.1883718996037
			2.83760755268306	-2.1883718996037
			2.83947317237582	-2.19023751929646
			2.83947317237582	-2.19210313898921
			2.84133879206857	-2.19396875868197
			2.84320441176133	-2.19396875868197
			2.84507003145409	-2.19583437837473
			2.84693565114684	-2.19769999806748
			2.8488012708396	-2.19956561776024
			2.8488012708396	-2.201431237453
			2.85066689053236	-2.201431237453
			2.85253251022511	-2.20329685714575
			2.85439812991787	-2.20516247683851
			2.85439812991787	-2.20702809653127
			2.85626374961063	-2.20702809653127
			2.85812936930338	-2.20889371622402
			2.85999498899614	-2.21075933591678
			2.85999498899614	-2.21262495560954
			2.8618606086889	-2.21262495560954
			2.86372622838165	-2.2144905753023
			2.86559184807441	-2.21635619499505
			2.86559184807441	-2.21822181468781
			2.86745746776717	-2.21822181468781
			2.86932308745992	-2.22008743438057
			2.87118870715268	-2.22195305407332
			2.87305432684544	-2.22381867376608
			2.87491994653819	-2.22568429345884
			2.87678556623095	-2.22754991315159
			2.87865118592371	-2.22941553284435
			2.88051680561646	-2.23128115253711
			2.88238242530922	-2.23314677222986
			2.88238242530922	-2.23501239192262
			2.88424804500198	-2.23501239192262
			2.88611366469474	-2.23687801161538
			2.88797928438749	-2.23874363130813
			2.88797928438749	-2.24060925100089
			2.88984490408025	-2.24060925100089
			2.89171052377301	-2.24247487069365
			2.89357614346576	-2.2443404903864
			2.89357614346576	-2.24620611007916
			2.89544176315852	-2.24620611007916
			2.89730738285128	-2.24807172977192
			2.89917300254403	-2.24993734946467
			2.89917300254403	-2.25180296915743
			2.90103862223679	-2.25180296915743
			2.90290424192955	-2.25366858885019
			2.90290424192955	-2.25553420854294
			2.9047698616223	-2.2573998282357
			2.90663548131506	-2.2573998282357
			2.90663548131506	-2.25926544792846
			2.90850110100782	-2.26113106762121
			2.91036672070057	-2.26113106762121
			2.91036672070057	-2.26299668731397
			2.91223234039333	-2.26486230700673
			2.91409796008609	-2.26672792669949
			2.91596357977884	-2.26859354639224
			2.9178291994716	-2.270459166085
			2.91969481916436	-2.27232478577776
			2.91969481916436	-2.27419040547051
			2.92156043885711	-2.27419040547051
			2.92342605854987	-2.27605602516327
			2.92342605854987	-2.27792164485603
			2.92529167824263	-2.27978726454878
			2.92715729793538	-2.28165288424154
			2.92715729793538	-2.2835185039343
			2.92902291762814	-2.28538412362705
			2.92902291762814	-2.28724974331981
			2.9308885373209	-2.28911536301257
			2.9308885373209	-2.29098098270532
			2.93275415701365	-2.29284660239808
			2.93461977670641	-2.29471222209084
			2.93461977670641	-2.29657784178359
			2.93648539639917	-2.29844346147635
			2.93835101609193	-2.30030908116911
			2.94021663578468	-2.30217470086186
			2.94208225547744	-2.30404032055462
			2.94208225547744	-2.30590594024738
			2.9439478751702	-2.30777155994013
			2.94581349486295	-2.30963717963289
			2.94767911455571	-2.31150279932565
			2.94954473424847	-2.3133684190184
			2.95141035394122	-2.31523403871116
			2.95327597363398	-2.31709965840392
			2.95327597363398	-2.31896527809667
			2.95514159332674	-2.31896527809667
			2.95700721301949	-2.32083089778943
			2.95887283271225	-2.32269651748219
			2.96073845240501	-2.32269651748219
			2.96073845240501	-2.32456213717494
			2.96260407209776	-2.3264277568677
			2.96446969179052	-2.3264277568677
			2.96633531148328	-2.32829337656046
			2.96820093117603	-2.33015899625322
			2.97006655086879	-2.33015899625322
			2.97193217056155	-2.33202461594597
			2.9737977902543	-2.33389023563873
			2.97566340994706	-2.33389023563873
			2.97752902963982	-2.33575585533149
			2.97939464933257	-2.33575585533149
			2.98126026902533	-2.33762147502424
			2.98312588871809	-2.339487094717
			2.98499150841084	-2.339487094717
			2.9868571281036	-2.34135271440976
			2.98872274779636	-2.34135271440976
			2.99058836748911	-2.34321833410251
			2.99245398718187	-2.34508395379527
			2.99431960687463	-2.34508395379527
			2.99618522656738	-2.34694957348803
			2.99805084626014	-2.34694957348803
			2.9999164659529	-2.34881519318078
			3.00178208564566	-2.34881519318078
			3.00364770533841	-2.34881519318078
			3.00551332503117	-2.35068081287354
			3.00737894472393	-2.35068081287354
			3.00924456441668	-2.3525464325663
			3.01111018410944	-2.3525464325663
			3.0129758038022	-2.35441205225905
			3.01484142349495	-2.35441205225905
			3.01670704318771	-2.35627767195181
			3.01857266288047	-2.35627767195181
			3.02043828257322	-2.35627767195181
			3.02230390226598	-2.35814329164457
			3.02416952195874	-2.35814329164457
			3.02603514165149	-2.35814329164457
			3.02790076134425	-2.36000891133732
			3.02976638103701	-2.36000891133732
			3.03163200072976	-2.36000891133732
			3.03349762042252	-2.36187453103008
			3.03536324011528	-2.36187453103008
			3.03722885980803	-2.36187453103008
			3.03909447950079	-2.36374015072284
			3.04096009919355	-2.36374015072284
			3.0428257188863	-2.36374015072284
			3.04469133857906	-2.36560577041559
			3.04655695827182	-2.36560577041559
			3.04842257796457	-2.36560577041559
			3.05028819765733	-2.36747139010835
			3.05215381735009	-2.36747139010835
			3.05401943704285	-2.36747139010835
			3.0558850567356	-2.36933700980111
			3.05775067642836	-2.36933700980111
			3.05961629612112	-2.36933700980111
			3.06148191581387	-2.37120262949386
			3.06334753550663	-2.37120262949386
			3.06521315519939	-2.37120262949386
			3.06707877489214	-2.37120262949386
			3.0689443945849	-2.37306824918662
			3.07081001427766	-2.37306824918662
			3.07267563397041	-2.37306824918662
			3.07454125366317	-2.37306824918662
			3.07640687335593	-2.37493386887938
			3.07827249304868	-2.37493386887938
			3.08013811274144	-2.37493386887938
			3.0820037324342	-2.37493386887938
			3.08386935212695	-2.37679948857213
			3.08573497181971	-2.37679948857213
			3.08760059151247	-2.37679948857213
			3.08946621120522	-2.37679948857213
			3.09133183089798	-2.37679948857213
			3.09319745059074	-2.37866510826489
			3.09506307028349	-2.37866510826489
			3.09692868997625	-2.37866510826489
			3.09879430966901	-2.37866510826489
			3.10065992936176	-2.37866510826489
			3.10252554905452	-2.38053072795765
			3.10439116874728	-2.38053072795765
			3.10625678844003	-2.38053072795765
		</curvaD_espina_dorsal>
		<curvaI_espina_dorsal type=matrix rownames=FALSE colnames=FALSE nrow=340 ncol=2 as.numeric=TRUE >
			2.64731434402187	-2.04471918326143
			2.64917996371462	-2.04658480295419
			2.65104558340738	-2.04845042264694
			2.65291120310014	-2.04845042264694
			2.65477682279289	-2.0503160423397
			2.65664244248565	-2.05218166203246
			2.65850806217841	-2.05404728172521
			2.66037368187117	-2.05404728172521
			2.66223930156392	-2.05591290141797
			2.66410492125668	-2.05777852111073
			2.66597054094944	-2.05964414080348
			2.66783616064219	-2.06150976049624
			2.66970178033495	-2.06150976049624
			2.67156740002771	-2.063375380189
			2.67343301972046	-2.06524099988175
			2.67529863941322	-2.06710661957451
			2.67716425910598	-2.06897223926727
			2.67902987879873	-2.06897223926727
			2.68089549849149	-2.07083785896002
			2.68276111818425	-2.07270347865278
			2.684626737877	-2.07456909834554
			2.68649235756976	-2.07643471803829
			2.68835797726252	-2.07643471803829
			2.69022359695527	-2.07830033773105
			2.69208921664803	-2.08016595742381
			2.69395483634079	-2.08203157711656
			2.69582045603354	-2.08389719680932
			2.6976860757263	-2.08576281650208
			2.69955169541906	-2.08576281650208
			2.70141731511181	-2.08762843619483
			2.70141731511181	-2.08949405588759
			2.70328293480457	-2.09135967558035
			2.70514855449733	-2.0932252952731
			2.70701417419008	-2.09509091496586
			2.70887979388284	-2.09695653465862
			2.7107454135756	-2.09695653465862
			2.71261103326835	-2.09882215435137
			2.71447665296111	-2.10068777404413
			2.71634227265387	-2.10255339373689
			2.71820789234663	-2.10441901342965
			2.72007351203938	-2.1062846331224
			2.72193913173214	-2.10815025281516
			2.7238047514249	-2.10815025281516
			2.72567037111765	-2.11001587250792
			2.72753599081041	-2.11188149220067
			2.72940161050317	-2.11374711189343
			2.72940161050317	-2.11561273158619
			2.73126723019592	-2.11747835127894
			2.73313284988868	-2.1193439709717
			2.73499846958144	-2.12120959066446
			2.73686408927419	-2.12307521035721
			2.73872970896695	-2.12494083004997
			2.74059532865971	-2.12494083004997
			2.74246094835246	-2.12680644974273
			2.74432656804522	-2.12867206943548
			2.74619218773798	-2.13053768912824
			2.74805780743073	-2.132403308821
			2.74805780743073	-2.13426892851375
			2.74992342712349	-2.13613454820651
			2.75178904681625	-2.13800016789927
			2.753654666509	-2.13986578759202
			2.75552028620176	-2.14173140728478
			2.75738590589452	-2.14359702697754
			2.75925152558727	-2.14546264667029
			2.76111714528003	-2.14732826636305
			2.76298276497279	-2.14732826636305
			2.76484838466554	-2.14919388605581
			2.76484838466554	-2.15105950574856
			2.7667140043583	-2.15292512544132
			2.76857962405106	-2.15479074513408
			2.77044524374381	-2.15665636482683
			2.77231086343657	-2.15852198451959
			2.77417648312933	-2.16038760421235
			2.77604210282209	-2.16225322390511
			2.77790772251484	-2.16411884359786
			2.77790772251484	-2.16598446329062
			2.7797733422076	-2.16785008298338
			2.78163896190036	-2.16971570267613
			2.78350458159311	-2.17158132236889
			2.78537020128587	-2.17344694206165
			2.78723582097863	-2.1753125617544
			2.78910144067138	-2.17717818144716
			2.78910144067138	-2.17904380113992
			2.79096706036414	-2.18090942083267
			2.7928326800569	-2.18277504052543
			2.79469829974965	-2.18464066021819
			2.79656391944241	-2.18650627991094
			2.79842953913517	-2.1883718996037
			2.80029515882792	-2.19023751929646
			2.80029515882792	-2.19210313898921
			2.80216077852068	-2.19396875868197
			2.80402639821344	-2.19583437837473
			2.80589201790619	-2.19769999806748
			2.80775763759895	-2.19956561776024
			2.80962325729171	-2.201431237453
			2.80962325729171	-2.20329685714575
			2.81148887698446	-2.20516247683851
			2.81335449667722	-2.20702809653127
			2.81522011636998	-2.20889371622402
			2.81522011636998	-2.21075933591678
			2.81708573606273	-2.21262495560954
			2.81895135575549	-2.2144905753023
			2.82081697544825	-2.2144905753023
			2.82081697544825	-2.21635619499505
			2.822682595141	-2.21822181468781
			2.82454821483376	-2.22008743438057
			2.82454821483376	-2.22195305407332
			2.82641383452652	-2.22381867376608
			2.82827945421927	-2.22568429345884
			2.83014507391203	-2.22754991315159
			2.83201069360479	-2.22941553284435
			2.83201069360479	-2.23128115253711
			2.83387631329755	-2.23314677222986
			2.8357419329903	-2.23501239192262
			2.8357419329903	-2.23687801161538
			2.83760755268306	-2.23874363130813
			2.83947317237582	-2.24060925100089
			2.83947317237582	-2.24247487069365
			2.84133879206857	-2.2443404903864
			2.84320441176133	-2.2443404903864
			2.84320441176133	-2.24620611007916
			2.84507003145409	-2.24807172977192
			2.84507003145409	-2.24993734946467
			2.84693565114684	-2.25180296915743
			2.84693565114684	-2.25366858885019
			2.8488012708396	-2.25553420854294
			2.85066689053236	-2.2573998282357
			2.85253251022511	-2.25926544792846
			2.85253251022511	-2.26113106762121
			2.85439812991787	-2.26299668731397
			2.85439812991787	-2.26486230700673
			2.85626374961063	-2.26672792669949
			2.85626374961063	-2.26859354639224
			2.85812936930338	-2.270459166085
			2.85999498899614	-2.27232478577776
			2.85999498899614	-2.27419040547051
			2.8618606086889	-2.27605602516327
			2.8618606086889	-2.27792164485603
			2.86372622838165	-2.27978726454878
			2.86372622838165	-2.28165288424154
			2.86559184807441	-2.2835185039343
			2.86559184807441	-2.28538412362705
			2.86559184807441	-2.28724974331981
			2.86745746776717	-2.28911536301257
			2.86745746776717	-2.29098098270532
			2.86745746776717	-2.29284660239808
			2.86932308745992	-2.29471222209084
			2.86932308745992	-2.29657784178359
			2.86932308745992	-2.29844346147635
			2.86932308745992	-2.30030908116911
			2.86932308745992	-2.30217470086186
			2.87118870715268	-2.30404032055462
			2.87118870715268	-2.30590594024738
			2.87118870715268	-2.30777155994013
			2.87118870715268	-2.30963717963289
			2.86932308745992	-2.31150279932565
			2.86745746776717	-2.3133684190184
			2.86559184807441	-2.31523403871116
			2.86372622838165	-2.31709965840392
			2.8618606086889	-2.31896527809667
			2.85999498899614	-2.32083089778943
			2.85812936930338	-2.32269651748219
			2.85626374961063	-2.32269651748219
			2.85439812991787	-2.32456213717494
			2.85253251022511	-2.3264277568677
			2.85066689053236	-2.32829337656046
			2.8488012708396	-2.32829337656046
			2.84693565114684	-2.32829337656046
			2.84693565114684	-2.33015899625322
			2.84507003145409	-2.33015899625322
			2.84320441176133	-2.33202461594597
			2.84133879206857	-2.33389023563873
			2.83947317237582	-2.33389023563873
			2.83760755268306	-2.33575585533149
			2.8357419329903	-2.33575585533149
			2.83387631329755	-2.33762147502424
			2.83201069360479	-2.33762147502424
			2.83201069360479	-2.339487094717
			2.83014507391203	-2.339487094717
			2.82827945421927	-2.34135271440976
			2.82641383452652	-2.34135271440976
			2.82454821483376	-2.34321833410251
			2.822682595141	-2.34508395379527
			2.82081697544825	-2.34508395379527
			2.81895135575549	-2.34694957348803
			2.81708573606273	-2.34694957348803
			2.81522011636998	-2.34881519318078
			2.81335449667722	-2.34881519318078
			2.81148887698446	-2.34881519318078
			2.80962325729171	-2.35068081287354
			2.80775763759895	-2.35068081287354
			2.80589201790619	-2.3525464325663
			2.80402639821344	-2.3525464325663
			2.80216077852068	-2.35441205225905
			2.80029515882792	-2.35441205225905
			2.79842953913517	-2.35627767195181
			2.79656391944241	-2.35627767195181
			2.79469829974965	-2.35627767195181
			2.7928326800569	-2.35814329164457
			2.79096706036414	-2.35814329164457
			2.78910144067138	-2.36000891133732
			2.78723582097863	-2.36000891133732
			2.78537020128587	-2.36000891133732
			2.78350458159311	-2.36187453103008
			2.78163896190036	-2.36187453103008
			2.7797733422076	-2.36187453103008
			2.77790772251484	-2.36374015072284
			2.77604210282209	-2.36374015072284
			2.77417648312933	-2.36374015072284
			2.77231086343657	-2.36560577041559
			2.77044524374381	-2.36560577041559
			2.76857962405106	-2.36560577041559
			2.7667140043583	-2.36747139010835
			2.76484838466554	-2.36747139010835
			2.76298276497279	-2.36747139010835
			2.76111714528003	-2.36747139010835
			2.75925152558727	-2.36933700980111
			2.75738590589452	-2.36933700980111
			2.75552028620176	-2.36933700980111
			2.753654666509	-2.36933700980111
			2.75178904681625	-2.37120262949386
			2.74992342712349	-2.37120262949386
			2.74805780743073	-2.37120262949386
			2.74619218773798	-2.37120262949386
			2.74432656804522	-2.37120262949386
			2.74246094835246	-2.37306824918662
			2.74059532865971	-2.37306824918662
			2.73872970896695	-2.37306824918662
			2.73686408927419	-2.37306824918662
			2.73499846958144	-2.37306824918662
			2.73313284988868	-2.37306824918662
			2.73126723019592	-2.37306824918662
			2.72940161050317	-2.37493386887938
			2.72753599081041	-2.37493386887938
			2.72567037111765	-2.37493386887938
			2.7238047514249	-2.37493386887938
			2.72193913173214	-2.37493386887938
			2.72007351203938	-2.37493386887938
			2.71820789234663	-2.37493386887938
			2.71634227265387	-2.37493386887938
			2.71447665296111	-2.37493386887938
			2.71261103326835	-2.37493386887938
			2.7107454135756	-2.37493386887938
			2.70887979388284	-2.37493386887938
			2.70701417419008	-2.37493386887938
			2.70514855449733	-2.37679948857213
			2.70328293480457	-2.37679948857213
			2.70141731511181	-2.37679948857213
			2.69955169541906	-2.37679948857213
			2.6976860757263	-2.37679948857213
			2.69582045603354	-2.37679948857213
			2.69395483634079	-2.37679948857213
			2.69208921664803	-2.37679948857213
			2.69022359695527	-2.37679948857213
			2.68835797726252	-2.37493386887938
			2.68649235756976	-2.37493386887938
			2.684626737877	-2.37493386887938
			2.68276111818425	-2.37493386887938
			2.68089549849149	-2.37493386887938
			2.67902987879873	-2.37493386887938
			2.67716425910598	-2.37493386887938
			2.67529863941322	-2.37493386887938
			2.67343301972046	-2.37493386887938
			2.67156740002771	-2.37493386887938
			2.66970178033495	-2.37679948857213
			2.66783616064219	-2.37679948857213
			2.66597054094944	-2.37679948857213
			2.66410492125668	-2.37866510826489
			2.66223930156392	-2.37866510826489
			2.66037368187117	-2.38053072795765
			2.65850806217841	-2.38053072795765
			2.65664244248565	-2.38053072795765
			2.65477682279289	-2.38239634765041
			2.65291120310014	-2.38239634765041
			2.65104558340738	-2.38239634765041
			2.64917996371462	-2.38426196734316
			2.64731434402187	-2.38426196734316
			2.64544872432911	-2.38612758703592
			2.64358310463635	-2.38612758703592
			2.6417174849436	-2.38612758703592
			2.63985186525084	-2.38799320672868
			2.63798624555808	-2.38985882642143
			2.63612062586533	-2.38985882642143
			2.63425500617257	-2.39172444611419
			2.63238938647981	-2.39172444611419
			2.63052376678706	-2.39359006580695
			2.6286581470943	-2.39359006580695
			2.62679252740154	-2.3954556854997
			2.62492690770879	-2.3954556854997
			2.62306128801603	-2.3954556854997
			2.62119566832327	-2.39732130519246
			2.61933004863052	-2.39918692488522
			2.61746442893776	-2.39918692488522
			2.615598809245	-2.40105254457797
			2.61373318955225	-2.40105254457797
			2.61186756985949	-2.40291816427073
			2.61000195016673	-2.40291816427073
			2.60813633047398	-2.40478378396349
			2.60627071078122	-2.40478378396349
			2.60627071078122	-2.40664940365624
			2.60440509108846	-2.408515023349
			2.6025394713957	-2.408515023349
			2.60067385170295	-2.41038064304176
			2.59880823201019	-2.41038064304176
			2.59694261231743	-2.41224626273451
			2.59507699262468	-2.41224626273451
			2.59321137293192	-2.41411188242727
			2.59134575323916	-2.41597750212003
			2.58948013354641	-2.41597750212003
			2.58948013354641	-2.41784312181278
			2.58761451385365	-2.41970874150554
			2.58574889416089	-2.41970874150554
			2.58388327446814	-2.4215743611983
			2.58201765477538	-2.4215743611983
			2.58015203508262	-2.42343998089105
			2.57828641538987	-2.42530560058381
			2.57642079569711	-2.42530560058381
			2.57455517600435	-2.42717122027657
			2.57455517600435	-2.42903683996932
			2.5726895563116	-2.42903683996932
			2.57082393661884	-2.43090245966208
			2.56895831692608	-2.43276807935484
			2.56709269723333	-2.43276807935484
			2.56522707754057	-2.43463369904759
			2.56336145784781	-2.43649931874035
			2.56336145784781	-2.43836493843311
			2.56149583815506	-2.43836493843311
			2.5596302184623	-2.44023055812587
			2.55776459876954	-2.44209617781862
			2.55589897907679	-2.44209617781862
			2.55403335938403	-2.44396179751138
			2.55403335938403	-2.44582741720414
			2.55216773969127	-2.44769303689689
			2.55030211999851	-2.44769303689689
			2.54843650030576	-2.44955865658965
			2.546570880613	-2.45142427628241
			2.54470526092024	-2.45328989597516
			2.54470526092024	-2.45515551566792
			2.54283964122749	-2.45515551566792
			2.54097402153473	-2.45702113536068
		</curvaI_espina_dorsal>
	</curves.scaled>
	<ruler.points type=matrix rownames=TRUE colnames=FALSE nrow=2 ncol=2 as.numeric=TRUE >
		Ruler point 1	1519	537
		Ruler point 2	2055	533
	</ruler.points>
</shapes>

