<shapes type=list>
	<ruler.pixel type=vector names=FALSE length=1 as.numeric=TRUE >539.003710562367</ruler.pixel>
	<ruler.interval type=vector names=FALSE length=1 as.numeric=TRUE >1</ruler.interval>
	<scaling.units type=vector names=FALSE length=1 as.numeric=FALSE >mm</scaling.units>
	<scaling type=vector names=FALSE length=1 as.numeric=TRUE >0.00186561969275678</scaling>
	<landmarks.pixel type=matrix rownames=TRUE colnames=FALSE nrow=3 ncol=2 as.numeric=TRUE >
		punta_espina_dorsal	1594	992
		esq_izq_caparaza	1357	1126
		organo_dorsal	1595	1295
	</landmarks.pixel>
	<landmarks.scaled type=matrix rownames=TRUE colnames=FALSE nrow=3 ncol=2 as.numeric=TRUE >
		punta_espina_dorsal	2.9737977902543	-1.85069473521472
		esq_izq_caparaza	2.53164592307095	-2.10068777404413
		organo_dorsal	2.97566340994706	-2.41597750212003
	</landmarks.scaled>
	<curves.control type=list>
		<curvaD_espina_dorsal type=matrix rownames=FALSE colnames=FALSE nrow=7 ncol=2 as.numeric=TRUE >
			1594	992
			1605	1004
			1601	1057
			1599	1099
			1592	1181
			1564	1262
			1595	1295
		</curvaD_espina_dorsal>
		<curvaI_espina_dorsal type=matrix rownames=FALSE colnames=FALSE nrow=9 ncol=2 as.numeric=TRUE >
			1594	992
			1590	1043
			1582	1091
			1578	1125
			1559	1175
			1491	1187
			1447	1129
			1406	1117
			1357	1126
		</curvaI_espina_dorsal>
	</curves.control>
	<curves.pixel type=list>
		<curvaD_espina_dorsal type=matrix rownames=FALSE colnames=FALSE nrow=305 ncol=2 as.numeric=TRUE >
			1594	992
			1595	993
			1596	994
			1596	995
			1597	996
			1597	997
			1598	998
			1598	999
			1598	1000
			1599	1001
			1599	1002
			1599	1003
			1600	1004
			1600	1005
			1600	1006
			1600	1007
			1600	1008
			1601	1009
			1601	1010
			1601	1011
			1601	1012
			1601	1013
			1601	1014
			1601	1015
			1601	1016
			1601	1017
			1602	1017
			1602	1018
			1602	1019
			1602	1020
			1602	1021
			1602	1022
			1602	1023
			1602	1024
			1602	1025
			1602	1026
			1602	1027
			1602	1028
			1602	1029
			1602	1030
			1602	1031
			1602	1032
			1602	1033
			1602	1034
			1602	1035
			1602	1036
			1602	1037
			1602	1038
			1602	1039
			1602	1040
			1602	1041
			1602	1042
			1602	1043
			1602	1044
			1602	1045
			1602	1046
			1602	1047
			1602	1048
			1602	1049
			1601	1050
			1601	1051
			1601	1052
			1601	1053
			1601	1054
			1601	1055
			1601	1056
			1601	1057
			1601	1058
			1601	1059
			1601	1060
			1601	1061
			1601	1062
			1601	1063
			1601	1064
			1601	1065
			1601	1066
			1600	1067
			1600	1068
			1600	1069
			1600	1070
			1600	1071
			1600	1072
			1600	1073
			1600	1074
			1600	1075
			1600	1076
			1600	1077
			1600	1078
			1600	1079
			1600	1080
			1600	1081
			1600	1082
			1600	1083
			1599	1084
			1599	1085
			1599	1086
			1599	1087
			1599	1088
			1599	1089
			1599	1090
			1599	1091
			1599	1092
			1599	1093
			1599	1094
			1599	1095
			1599	1096
			1599	1097
			1599	1098
			1598	1099
			1598	1100
			1598	1101
			1598	1102
			1598	1103
			1598	1104
			1598	1105
			1598	1106
			1598	1107
			1598	1108
			1598	1109
			1598	1110
			1598	1111
			1598	1112
			1597	1113
			1597	1114
			1597	1115
			1597	1116
			1597	1117
			1597	1118
			1597	1119
			1597	1120
			1597	1121
			1597	1122
			1597	1123
			1597	1124
			1597	1125
			1596	1126
			1596	1127
			1596	1128
			1596	1129
			1596	1130
			1596	1131
			1596	1132
			1596	1133
			1596	1134
			1596	1135
			1596	1136
			1596	1137
			1596	1138
			1595	1139
			1595	1140
			1595	1141
			1595	1142
			1595	1143
			1595	1144
			1595	1145
			1595	1146
			1595	1147
			1595	1148
			1595	1149
			1595	1150
			1594	1151
			1594	1152
			1594	1153
			1594	1154
			1594	1155
			1594	1156
			1594	1157
			1594	1158
			1594	1159
			1594	1160
			1594	1161
			1594	1162
			1594	1163
			1593	1164
			1593	1165
			1593	1166
			1593	1167
			1593	1168
			1593	1169
			1593	1170
			1593	1171
			1593	1172
			1593	1173
			1593	1174
			1593	1175
			1592	1176
			1592	1177
			1592	1178
			1592	1179
			1592	1180
			1592	1181
			1592	1182
			1591	1183
			1591	1184
			1590	1185
			1590	1186
			1590	1187
			1590	1188
			1589	1189
			1589	1190
			1589	1191
			1588	1192
			1588	1193
			1588	1194
			1587	1195
			1587	1196
			1587	1197
			1587	1198
			1586	1199
			1586	1200
			1586	1201
			1586	1202
			1585	1203
			1585	1204
			1585	1205
			1584	1206
			1584	1207
			1584	1208
			1584	1209
			1583	1210
			1583	1211
			1583	1212
			1583	1213
			1583	1214
			1582	1215
			1582	1216
			1582	1217
			1582	1218
			1582	1219
			1581	1220
			1581	1221
			1581	1222
			1581	1223
			1581	1224
			1580	1225
			1580	1226
			1580	1227
			1580	1228
			1580	1229
			1580	1230
			1580	1231
			1580	1232
			1579	1233
			1579	1234
			1579	1235
			1579	1236
			1579	1237
			1579	1238
			1579	1239
			1579	1240
			1579	1241
			1579	1242
			1579	1243
			1579	1244
			1579	1245
			1579	1246
			1579	1247
			1579	1248
			1579	1249
			1579	1250
			1579	1251
			1579	1252
			1579	1253
			1579	1254
			1579	1255
			1579	1256
			1579	1257
			1579	1258
			1579	1259
			1580	1260
			1580	1261
			1580	1262
			1580	1263
			1580	1264
			1580	1265
			1581	1266
			1581	1267
			1581	1268
			1581	1269
			1581	1270
			1582	1271
			1582	1272
			1582	1273
			1583	1274
			1583	1275
			1583	1276
			1584	1277
			1584	1278
			1585	1279
			1585	1280
			1586	1281
			1586	1282
			1587	1283
			1587	1284
			1588	1285
			1588	1286
			1589	1287
			1589	1288
			1590	1289
			1591	1290
			1592	1291
			1593	1292
			1593	1293
			1594	1294
			1595	1295
		</curvaD_espina_dorsal>
		<curvaI_espina_dorsal type=matrix rownames=FALSE colnames=FALSE nrow=395 ncol=2 as.numeric=TRUE >
			1594	992
			1594	993
			1594	994
			1594	995
			1594	996
			1594	997
			1594	998
			1593	999
			1593	1000
			1593	1001
			1593	1002
			1593	1003
			1593	1004
			1593	1005
			1593	1006
			1593	1007
			1593	1008
			1593	1009
			1592	1010
			1592	1011
			1592	1012
			1592	1013
			1592	1014
			1592	1015
			1592	1016
			1592	1017
			1592	1018
			1592	1019
			1591	1020
			1591	1021
			1591	1022
			1591	1023
			1591	1024
			1591	1025
			1591	1026
			1591	1027
			1591	1028
			1591	1029
			1590	1030
			1590	1031
			1590	1032
			1590	1033
			1590	1034
			1590	1035
			1590	1036
			1590	1037
			1590	1038
			1589	1039
			1589	1040
			1589	1041
			1589	1042
			1589	1043
			1589	1044
			1589	1045
			1589	1046
			1588	1047
			1588	1048
			1588	1049
			1588	1050
			1588	1051
			1588	1052
			1588	1053
			1587	1054
			1587	1055
			1587	1056
			1587	1057
			1587	1058
			1587	1059
			1587	1060
			1587	1061
			1586	1062
			1586	1063
			1586	1064
			1586	1065
			1586	1066
			1586	1067
			1586	1068
			1585	1069
			1585	1070
			1585	1071
			1585	1072
			1585	1073
			1585	1074
			1585	1075
			1584	1076
			1584	1077
			1584	1078
			1584	1079
			1584	1080
			1584	1081
			1583	1082
			1583	1083
			1583	1084
			1583	1085
			1583	1086
			1583	1087
			1582	1088
			1582	1089
			1582	1090
			1582	1091
			1582	1092
			1582	1093
			1582	1094
			1581	1095
			1581	1096
			1581	1097
			1581	1098
			1581	1099
			1581	1100
			1581	1101
			1580	1101
			1580	1102
			1580	1103
			1580	1104
			1580	1105
			1580	1106
			1579	1107
			1579	1108
			1579	1109
			1579	1110
			1579	1111
			1579	1112
			1578	1112
			1578	1113
			1578	1114
			1578	1115
			1577	1116
			1577	1117
			1577	1118
			1577	1119
			1577	1120
			1576	1121
			1576	1122
			1576	1123
			1576	1124
			1575	1125
			1575	1126
			1575	1127
			1574	1128
			1574	1129
			1574	1130
			1574	1131
			1573	1132
			1573	1133
			1573	1134
			1573	1135
			1572	1135
			1572	1136
			1572	1137
			1572	1138
			1571	1139
			1571	1140
			1571	1141
			1571	1142
			1570	1142
			1570	1143
			1570	1144
			1570	1145
			1569	1145
			1569	1146
			1569	1147
			1569	1148
			1568	1149
			1568	1150
			1567	1151
			1567	1152
			1567	1153
			1566	1154
			1566	1155
			1566	1156
			1565	1157
			1565	1158
			1565	1159
			1564	1160
			1564	1161
			1564	1162
			1563	1163
			1563	1164
			1563	1165
			1562	1166
			1562	1167
			1561	1168
			1561	1169
			1561	1170
			1560	1171
			1560	1172
			1560	1173
			1559	1174
			1559	1175
			1558	1175
			1557	1175
			1556	1176
			1555	1176
			1554	1176
			1553	1176
			1552	1176
			1551	1176
			1550	1176
			1549	1176
			1548	1176
			1548	1177
			1547	1177
			1546	1177
			1545	1177
			1544	1177
			1543	1177
			1542	1177
			1541	1177
			1540	1177
			1539	1177
			1538	1177
			1537	1177
			1536	1177
			1535	1177
			1534	1177
			1533	1177
			1532	1177
			1531	1177
			1530	1177
			1529	1177
			1528	1177
			1527	1177
			1526	1177
			1525	1176
			1524	1176
			1523	1176
			1522	1176
			1521	1176
			1520	1176
			1519	1176
			1518	1176
			1517	1175
			1516	1175
			1515	1175
			1514	1175
			1513	1175
			1512	1174
			1511	1174
			1510	1174
			1509	1173
			1508	1173
			1507	1173
			1506	1173
			1505	1172
			1504	1172
			1503	1172
			1502	1171
			1501	1171
			1500	1171
			1499	1170
			1498	1170
			1497	1170
			1496	1169
			1495	1169
			1494	1168
			1493	1168
			1492	1168
			1492	1167
			1491	1167
			1490	1166
			1489	1166
			1488	1165
			1487	1165
			1486	1164
			1485	1164
			1484	1163
			1483	1162
			1482	1162
			1481	1161
			1480	1160
			1479	1160
			1478	1159
			1477	1158
			1476	1158
			1475	1157
			1474	1156
			1473	1155
			1472	1155
			1471	1154
			1470	1153
			1469	1152
			1468	1151
			1467	1150
			1466	1150
			1465	1149
			1464	1148
			1463	1147
			1462	1146
			1461	1145
			1460	1144
			1459	1143
			1458	1142
			1457	1141
			1456	1140
			1455	1139
			1455	1138
			1454	1137
			1453	1136
			1452	1135
			1451	1134
			1450	1133
			1449	1132
			1448	1131
			1447	1130
			1447	1129
			1446	1129
			1445	1128
			1444	1128
			1443	1128
			1442	1128
			1441	1127
			1440	1127
			1439	1127
			1438	1127
			1437	1126
			1436	1126
			1435	1126
			1434	1126
			1433	1126
			1432	1125
			1431	1125
			1430	1125
			1429	1125
			1428	1125
			1427	1124
			1426	1124
			1425	1124
			1424	1124
			1423	1124
			1422	1124
			1421	1124
			1420	1123
			1419	1123
			1418	1123
			1417	1123
			1416	1123
			1415	1123
			1414	1123
			1413	1123
			1412	1123
			1411	1123
			1410	1123
			1409	1122
			1408	1122
			1407	1122
			1406	1122
			1405	1122
			1404	1122
			1403	1122
			1402	1122
			1401	1122
			1400	1122
			1399	1122
			1398	1122
			1397	1122
			1396	1122
			1395	1122
			1394	1122
			1393	1122
			1392	1122
			1391	1122
			1390	1122
			1389	1122
			1388	1122
			1387	1122
			1386	1122
			1385	1123
			1384	1123
			1383	1123
			1382	1123
			1381	1123
			1380	1123
			1379	1123
			1378	1123
			1377	1123
			1376	1123
			1375	1123
			1374	1123
			1373	1124
			1372	1124
			1371	1124
			1370	1124
			1369	1124
			1368	1124
			1367	1124
			1366	1125
			1365	1125
			1364	1125
			1363	1125
			1362	1125
			1361	1125
			1360	1126
			1359	1126
			1358	1126
			1357	1126
		</curvaI_espina_dorsal>
	</curves.pixel>
	<curves.scaled type=list>
		<curvaD_espina_dorsal type=matrix rownames=FALSE colnames=FALSE nrow=305 ncol=2 as.numeric=TRUE >
			2.9737977902543	-1.85069473521472
			2.97566340994706	-1.85256035490748
			2.97752902963982	-1.85442597460024
			2.97752902963982	-1.85629159429299
			2.97939464933257	-1.85815721398575
			2.97939464933257	-1.86002283367851
			2.98126026902533	-1.86188845337126
			2.98126026902533	-1.86375407306402
			2.98126026902533	-1.86561969275678
			2.98312588871809	-1.86748531244953
			2.98312588871809	-1.86935093214229
			2.98312588871809	-1.87121655183505
			2.98499150841084	-1.8730821715278
			2.98499150841084	-1.87494779122056
			2.98499150841084	-1.87681341091332
			2.98499150841084	-1.87867903060608
			2.98499150841084	-1.88054465029883
			2.9868571281036	-1.88241026999159
			2.9868571281036	-1.88427588968435
			2.9868571281036	-1.8861415093771
			2.9868571281036	-1.88800712906986
			2.9868571281036	-1.88987274876262
			2.9868571281036	-1.89173836845537
			2.9868571281036	-1.89360398814813
			2.9868571281036	-1.89546960784089
			2.9868571281036	-1.89733522753364
			2.98872274779636	-1.89733522753364
			2.98872274779636	-1.8992008472264
			2.98872274779636	-1.90106646691916
			2.98872274779636	-1.90293208661191
			2.98872274779636	-1.90479770630467
			2.98872274779636	-1.90666332599743
			2.98872274779636	-1.90852894569018
			2.98872274779636	-1.91039456538294
			2.98872274779636	-1.9122601850757
			2.98872274779636	-1.91412580476845
			2.98872274779636	-1.91599142446121
			2.98872274779636	-1.91785704415397
			2.98872274779636	-1.91972266384672
			2.98872274779636	-1.92158828353948
			2.98872274779636	-1.92345390323224
			2.98872274779636	-1.92531952292499
			2.98872274779636	-1.92718514261775
			2.98872274779636	-1.92905076231051
			2.98872274779636	-1.93091638200326
			2.98872274779636	-1.93278200169602
			2.98872274779636	-1.93464762138878
			2.98872274779636	-1.93651324108154
			2.98872274779636	-1.93837886077429
			2.98872274779636	-1.94024448046705
			2.98872274779636	-1.94211010015981
			2.98872274779636	-1.94397571985256
			2.98872274779636	-1.94584133954532
			2.98872274779636	-1.94770695923808
			2.98872274779636	-1.94957257893083
			2.98872274779636	-1.95143819862359
			2.98872274779636	-1.95330381831635
			2.98872274779636	-1.9551694380091
			2.98872274779636	-1.95703505770186
			2.9868571281036	-1.95890067739462
			2.9868571281036	-1.96076629708737
			2.9868571281036	-1.96263191678013
			2.9868571281036	-1.96449753647289
			2.9868571281036	-1.96636315616564
			2.9868571281036	-1.9682287758584
			2.9868571281036	-1.97009439555116
			2.9868571281036	-1.97196001524391
			2.9868571281036	-1.97382563493667
			2.9868571281036	-1.97569125462943
			2.9868571281036	-1.97755687432218
			2.9868571281036	-1.97942249401494
			2.9868571281036	-1.9812881137077
			2.9868571281036	-1.98315373340045
			2.9868571281036	-1.98501935309321
			2.9868571281036	-1.98688497278597
			2.9868571281036	-1.98875059247872
			2.98499150841084	-1.99061621217148
			2.98499150841084	-1.99248183186424
			2.98499150841084	-1.994347451557
			2.98499150841084	-1.99621307124975
			2.98499150841084	-1.99807869094251
			2.98499150841084	-1.99994431063527
			2.98499150841084	-2.00180993032802
			2.98499150841084	-2.00367555002078
			2.98499150841084	-2.00554116971354
			2.98499150841084	-2.00740678940629
			2.98499150841084	-2.00927240909905
			2.98499150841084	-2.01113802879181
			2.98499150841084	-2.01300364848456
			2.98499150841084	-2.01486926817732
			2.98499150841084	-2.01673488787008
			2.98499150841084	-2.01860050756283
			2.98499150841084	-2.02046612725559
			2.98312588871809	-2.02233174694835
			2.98312588871809	-2.0241973666411
			2.98312588871809	-2.02606298633386
			2.98312588871809	-2.02792860602662
			2.98312588871809	-2.02979422571937
			2.98312588871809	-2.03165984541213
			2.98312588871809	-2.03352546510489
			2.98312588871809	-2.03539108479764
			2.98312588871809	-2.0372567044904
			2.98312588871809	-2.03912232418316
			2.98312588871809	-2.04098794387591
			2.98312588871809	-2.04285356356867
			2.98312588871809	-2.04471918326143
			2.98312588871809	-2.04658480295419
			2.98312588871809	-2.04845042264694
			2.98126026902533	-2.0503160423397
			2.98126026902533	-2.05218166203246
			2.98126026902533	-2.05404728172521
			2.98126026902533	-2.05591290141797
			2.98126026902533	-2.05777852111073
			2.98126026902533	-2.05964414080348
			2.98126026902533	-2.06150976049624
			2.98126026902533	-2.063375380189
			2.98126026902533	-2.06524099988175
			2.98126026902533	-2.06710661957451
			2.98126026902533	-2.06897223926727
			2.98126026902533	-2.07083785896002
			2.98126026902533	-2.07270347865278
			2.98126026902533	-2.07456909834554
			2.97939464933257	-2.07643471803829
			2.97939464933257	-2.07830033773105
			2.97939464933257	-2.08016595742381
			2.97939464933257	-2.08203157711656
			2.97939464933257	-2.08389719680932
			2.97939464933257	-2.08576281650208
			2.97939464933257	-2.08762843619483
			2.97939464933257	-2.08949405588759
			2.97939464933257	-2.09135967558035
			2.97939464933257	-2.0932252952731
			2.97939464933257	-2.09509091496586
			2.97939464933257	-2.09695653465862
			2.97939464933257	-2.09882215435137
			2.97752902963982	-2.10068777404413
			2.97752902963982	-2.10255339373689
			2.97752902963982	-2.10441901342965
			2.97752902963982	-2.1062846331224
			2.97752902963982	-2.10815025281516
			2.97752902963982	-2.11001587250792
			2.97752902963982	-2.11188149220067
			2.97752902963982	-2.11374711189343
			2.97752902963982	-2.11561273158619
			2.97752902963982	-2.11747835127894
			2.97752902963982	-2.1193439709717
			2.97752902963982	-2.12120959066446
			2.97752902963982	-2.12307521035721
			2.97566340994706	-2.12494083004997
			2.97566340994706	-2.12680644974273
			2.97566340994706	-2.12867206943548
			2.97566340994706	-2.13053768912824
			2.97566340994706	-2.132403308821
			2.97566340994706	-2.13426892851375
			2.97566340994706	-2.13613454820651
			2.97566340994706	-2.13800016789927
			2.97566340994706	-2.13986578759202
			2.97566340994706	-2.14173140728478
			2.97566340994706	-2.14359702697754
			2.97566340994706	-2.14546264667029
			2.9737977902543	-2.14732826636305
			2.9737977902543	-2.14919388605581
			2.9737977902543	-2.15105950574856
			2.9737977902543	-2.15292512544132
			2.9737977902543	-2.15479074513408
			2.9737977902543	-2.15665636482683
			2.9737977902543	-2.15852198451959
			2.9737977902543	-2.16038760421235
			2.9737977902543	-2.16225322390511
			2.9737977902543	-2.16411884359786
			2.9737977902543	-2.16598446329062
			2.9737977902543	-2.16785008298338
			2.9737977902543	-2.16971570267613
			2.97193217056155	-2.17158132236889
			2.97193217056155	-2.17344694206165
			2.97193217056155	-2.1753125617544
			2.97193217056155	-2.17717818144716
			2.97193217056155	-2.17904380113992
			2.97193217056155	-2.18090942083267
			2.97193217056155	-2.18277504052543
			2.97193217056155	-2.18464066021819
			2.97193217056155	-2.18650627991094
			2.97193217056155	-2.1883718996037
			2.97193217056155	-2.19023751929646
			2.97193217056155	-2.19210313898921
			2.97006655086879	-2.19396875868197
			2.97006655086879	-2.19583437837473
			2.97006655086879	-2.19769999806748
			2.97006655086879	-2.19956561776024
			2.97006655086879	-2.201431237453
			2.97006655086879	-2.20329685714575
			2.97006655086879	-2.20516247683851
			2.96820093117603	-2.20702809653127
			2.96820093117603	-2.20889371622402
			2.96633531148328	-2.21075933591678
			2.96633531148328	-2.21262495560954
			2.96633531148328	-2.2144905753023
			2.96633531148328	-2.21635619499505
			2.96446969179052	-2.21822181468781
			2.96446969179052	-2.22008743438057
			2.96446969179052	-2.22195305407332
			2.96260407209776	-2.22381867376608
			2.96260407209776	-2.22568429345884
			2.96260407209776	-2.22754991315159
			2.96073845240501	-2.22941553284435
			2.96073845240501	-2.23128115253711
			2.96073845240501	-2.23314677222986
			2.96073845240501	-2.23501239192262
			2.95887283271225	-2.23687801161538
			2.95887283271225	-2.23874363130813
			2.95887283271225	-2.24060925100089
			2.95887283271225	-2.24247487069365
			2.95700721301949	-2.2443404903864
			2.95700721301949	-2.24620611007916
			2.95700721301949	-2.24807172977192
			2.95514159332674	-2.24993734946467
			2.95514159332674	-2.25180296915743
			2.95514159332674	-2.25366858885019
			2.95514159332674	-2.25553420854294
			2.95327597363398	-2.2573998282357
			2.95327597363398	-2.25926544792846
			2.95327597363398	-2.26113106762121
			2.95327597363398	-2.26299668731397
			2.95327597363398	-2.26486230700673
			2.95141035394122	-2.26672792669949
			2.95141035394122	-2.26859354639224
			2.95141035394122	-2.270459166085
			2.95141035394122	-2.27232478577776
			2.95141035394122	-2.27419040547051
			2.94954473424847	-2.27605602516327
			2.94954473424847	-2.27792164485603
			2.94954473424847	-2.27978726454878
			2.94954473424847	-2.28165288424154
			2.94954473424847	-2.2835185039343
			2.94767911455571	-2.28538412362705
			2.94767911455571	-2.28724974331981
			2.94767911455571	-2.28911536301257
			2.94767911455571	-2.29098098270532
			2.94767911455571	-2.29284660239808
			2.94767911455571	-2.29471222209084
			2.94767911455571	-2.29657784178359
			2.94767911455571	-2.29844346147635
			2.94581349486295	-2.30030908116911
			2.94581349486295	-2.30217470086186
			2.94581349486295	-2.30404032055462
			2.94581349486295	-2.30590594024738
			2.94581349486295	-2.30777155994013
			2.94581349486295	-2.30963717963289
			2.94581349486295	-2.31150279932565
			2.94581349486295	-2.3133684190184
			2.94581349486295	-2.31523403871116
			2.94581349486295	-2.31709965840392
			2.94581349486295	-2.31896527809667
			2.94581349486295	-2.32083089778943
			2.94581349486295	-2.32269651748219
			2.94581349486295	-2.32456213717494
			2.94581349486295	-2.3264277568677
			2.94581349486295	-2.32829337656046
			2.94581349486295	-2.33015899625322
			2.94581349486295	-2.33202461594597
			2.94581349486295	-2.33389023563873
			2.94581349486295	-2.33575585533149
			2.94581349486295	-2.33762147502424
			2.94581349486295	-2.339487094717
			2.94581349486295	-2.34135271440976
			2.94581349486295	-2.34321833410251
			2.94581349486295	-2.34508395379527
			2.94581349486295	-2.34694957348803
			2.94581349486295	-2.34881519318078
			2.94767911455571	-2.35068081287354
			2.94767911455571	-2.3525464325663
			2.94767911455571	-2.35441205225905
			2.94767911455571	-2.35627767195181
			2.94767911455571	-2.35814329164457
			2.94767911455571	-2.36000891133732
			2.94954473424847	-2.36187453103008
			2.94954473424847	-2.36374015072284
			2.94954473424847	-2.36560577041559
			2.94954473424847	-2.36747139010835
			2.94954473424847	-2.36933700980111
			2.95141035394122	-2.37120262949386
			2.95141035394122	-2.37306824918662
			2.95141035394122	-2.37493386887938
			2.95327597363398	-2.37679948857213
			2.95327597363398	-2.37866510826489
			2.95327597363398	-2.38053072795765
			2.95514159332674	-2.38239634765041
			2.95514159332674	-2.38426196734316
			2.95700721301949	-2.38612758703592
			2.95700721301949	-2.38799320672868
			2.95887283271225	-2.38985882642143
			2.95887283271225	-2.39172444611419
			2.96073845240501	-2.39359006580695
			2.96073845240501	-2.3954556854997
			2.96260407209776	-2.39732130519246
			2.96260407209776	-2.39918692488522
			2.96446969179052	-2.40105254457797
			2.96446969179052	-2.40291816427073
			2.96633531148328	-2.40478378396349
			2.96820093117603	-2.40664940365624
			2.97006655086879	-2.408515023349
			2.97193217056155	-2.41038064304176
			2.97193217056155	-2.41224626273451
			2.9737977902543	-2.41411188242727
			2.97566340994706	-2.41597750212003
		</curvaD_espina_dorsal>
		<curvaI_espina_dorsal type=matrix rownames=FALSE colnames=FALSE nrow=395 ncol=2 as.numeric=TRUE >
			2.9737977902543	-1.85069473521472
			2.9737977902543	-1.85256035490748
			2.9737977902543	-1.85442597460024
			2.9737977902543	-1.85629159429299
			2.9737977902543	-1.85815721398575
			2.9737977902543	-1.86002283367851
			2.9737977902543	-1.86188845337126
			2.97193217056155	-1.86375407306402
			2.97193217056155	-1.86561969275678
			2.97193217056155	-1.86748531244953
			2.97193217056155	-1.86935093214229
			2.97193217056155	-1.87121655183505
			2.97193217056155	-1.8730821715278
			2.97193217056155	-1.87494779122056
			2.97193217056155	-1.87681341091332
			2.97193217056155	-1.87867903060608
			2.97193217056155	-1.88054465029883
			2.97193217056155	-1.88241026999159
			2.97006655086879	-1.88427588968435
			2.97006655086879	-1.8861415093771
			2.97006655086879	-1.88800712906986
			2.97006655086879	-1.88987274876262
			2.97006655086879	-1.89173836845537
			2.97006655086879	-1.89360398814813
			2.97006655086879	-1.89546960784089
			2.97006655086879	-1.89733522753364
			2.97006655086879	-1.8992008472264
			2.97006655086879	-1.90106646691916
			2.96820093117603	-1.90293208661191
			2.96820093117603	-1.90479770630467
			2.96820093117603	-1.90666332599743
			2.96820093117603	-1.90852894569018
			2.96820093117603	-1.91039456538294
			2.96820093117603	-1.9122601850757
			2.96820093117603	-1.91412580476845
			2.96820093117603	-1.91599142446121
			2.96820093117603	-1.91785704415397
			2.96820093117603	-1.91972266384672
			2.96633531148328	-1.92158828353948
			2.96633531148328	-1.92345390323224
			2.96633531148328	-1.92531952292499
			2.96633531148328	-1.92718514261775
			2.96633531148328	-1.92905076231051
			2.96633531148328	-1.93091638200326
			2.96633531148328	-1.93278200169602
			2.96633531148328	-1.93464762138878
			2.96633531148328	-1.93651324108154
			2.96446969179052	-1.93837886077429
			2.96446969179052	-1.94024448046705
			2.96446969179052	-1.94211010015981
			2.96446969179052	-1.94397571985256
			2.96446969179052	-1.94584133954532
			2.96446969179052	-1.94770695923808
			2.96446969179052	-1.94957257893083
			2.96446969179052	-1.95143819862359
			2.96260407209776	-1.95330381831635
			2.96260407209776	-1.9551694380091
			2.96260407209776	-1.95703505770186
			2.96260407209776	-1.95890067739462
			2.96260407209776	-1.96076629708737
			2.96260407209776	-1.96263191678013
			2.96260407209776	-1.96449753647289
			2.96073845240501	-1.96636315616564
			2.96073845240501	-1.9682287758584
			2.96073845240501	-1.97009439555116
			2.96073845240501	-1.97196001524391
			2.96073845240501	-1.97382563493667
			2.96073845240501	-1.97569125462943
			2.96073845240501	-1.97755687432218
			2.96073845240501	-1.97942249401494
			2.95887283271225	-1.9812881137077
			2.95887283271225	-1.98315373340045
			2.95887283271225	-1.98501935309321
			2.95887283271225	-1.98688497278597
			2.95887283271225	-1.98875059247872
			2.95887283271225	-1.99061621217148
			2.95887283271225	-1.99248183186424
			2.95700721301949	-1.994347451557
			2.95700721301949	-1.99621307124975
			2.95700721301949	-1.99807869094251
			2.95700721301949	-1.99994431063527
			2.95700721301949	-2.00180993032802
			2.95700721301949	-2.00367555002078
			2.95700721301949	-2.00554116971354
			2.95514159332674	-2.00740678940629
			2.95514159332674	-2.00927240909905
			2.95514159332674	-2.01113802879181
			2.95514159332674	-2.01300364848456
			2.95514159332674	-2.01486926817732
			2.95514159332674	-2.01673488787008
			2.95327597363398	-2.01860050756283
			2.95327597363398	-2.02046612725559
			2.95327597363398	-2.02233174694835
			2.95327597363398	-2.0241973666411
			2.95327597363398	-2.02606298633386
			2.95327597363398	-2.02792860602662
			2.95141035394122	-2.02979422571937
			2.95141035394122	-2.03165984541213
			2.95141035394122	-2.03352546510489
			2.95141035394122	-2.03539108479764
			2.95141035394122	-2.0372567044904
			2.95141035394122	-2.03912232418316
			2.95141035394122	-2.04098794387591
			2.94954473424847	-2.04285356356867
			2.94954473424847	-2.04471918326143
			2.94954473424847	-2.04658480295419
			2.94954473424847	-2.04845042264694
			2.94954473424847	-2.0503160423397
			2.94954473424847	-2.05218166203246
			2.94954473424847	-2.05404728172521
			2.94767911455571	-2.05404728172521
			2.94767911455571	-2.05591290141797
			2.94767911455571	-2.05777852111073
			2.94767911455571	-2.05964414080348
			2.94767911455571	-2.06150976049624
			2.94767911455571	-2.063375380189
			2.94581349486295	-2.06524099988175
			2.94581349486295	-2.06710661957451
			2.94581349486295	-2.06897223926727
			2.94581349486295	-2.07083785896002
			2.94581349486295	-2.07270347865278
			2.94581349486295	-2.07456909834554
			2.9439478751702	-2.07456909834554
			2.9439478751702	-2.07643471803829
			2.9439478751702	-2.07830033773105
			2.9439478751702	-2.08016595742381
			2.94208225547744	-2.08203157711656
			2.94208225547744	-2.08389719680932
			2.94208225547744	-2.08576281650208
			2.94208225547744	-2.08762843619483
			2.94208225547744	-2.08949405588759
			2.94021663578468	-2.09135967558035
			2.94021663578468	-2.0932252952731
			2.94021663578468	-2.09509091496586
			2.94021663578468	-2.09695653465862
			2.93835101609193	-2.09882215435137
			2.93835101609193	-2.10068777404413
			2.93835101609193	-2.10255339373689
			2.93648539639917	-2.10441901342965
			2.93648539639917	-2.1062846331224
			2.93648539639917	-2.10815025281516
			2.93648539639917	-2.11001587250792
			2.93461977670641	-2.11188149220067
			2.93461977670641	-2.11374711189343
			2.93461977670641	-2.11561273158619
			2.93461977670641	-2.11747835127894
			2.93275415701365	-2.11747835127894
			2.93275415701365	-2.1193439709717
			2.93275415701365	-2.12120959066446
			2.93275415701365	-2.12307521035721
			2.9308885373209	-2.12494083004997
			2.9308885373209	-2.12680644974273
			2.9308885373209	-2.12867206943548
			2.9308885373209	-2.13053768912824
			2.92902291762814	-2.13053768912824
			2.92902291762814	-2.132403308821
			2.92902291762814	-2.13426892851375
			2.92902291762814	-2.13613454820651
			2.92715729793538	-2.13613454820651
			2.92715729793538	-2.13800016789927
			2.92715729793538	-2.13986578759202
			2.92715729793538	-2.14173140728478
			2.92529167824263	-2.14359702697754
			2.92529167824263	-2.14546264667029
			2.92342605854987	-2.14732826636305
			2.92342605854987	-2.14919388605581
			2.92342605854987	-2.15105950574856
			2.92156043885711	-2.15292512544132
			2.92156043885711	-2.15479074513408
			2.92156043885711	-2.15665636482683
			2.91969481916436	-2.15852198451959
			2.91969481916436	-2.16038760421235
			2.91969481916436	-2.16225322390511
			2.9178291994716	-2.16411884359786
			2.9178291994716	-2.16598446329062
			2.9178291994716	-2.16785008298338
			2.91596357977884	-2.16971570267613
			2.91596357977884	-2.17158132236889
			2.91596357977884	-2.17344694206165
			2.91409796008609	-2.1753125617544
			2.91409796008609	-2.17717818144716
			2.91223234039333	-2.17904380113992
			2.91223234039333	-2.18090942083267
			2.91223234039333	-2.18277504052543
			2.91036672070057	-2.18464066021819
			2.91036672070057	-2.18650627991094
			2.91036672070057	-2.1883718996037
			2.90850110100782	-2.19023751929646
			2.90850110100782	-2.19210313898921
			2.90663548131506	-2.19210313898921
			2.9047698616223	-2.19210313898921
			2.90290424192955	-2.19396875868197
			2.90103862223679	-2.19396875868197
			2.89917300254403	-2.19396875868197
			2.89730738285128	-2.19396875868197
			2.89544176315852	-2.19396875868197
			2.89357614346576	-2.19396875868197
			2.89171052377301	-2.19396875868197
			2.88984490408025	-2.19396875868197
			2.88797928438749	-2.19396875868197
			2.88797928438749	-2.19583437837473
			2.88611366469474	-2.19583437837473
			2.88424804500198	-2.19583437837473
			2.88238242530922	-2.19583437837473
			2.88051680561646	-2.19583437837473
			2.87865118592371	-2.19583437837473
			2.87678556623095	-2.19583437837473
			2.87491994653819	-2.19583437837473
			2.87305432684544	-2.19583437837473
			2.87118870715268	-2.19583437837473
			2.86932308745992	-2.19583437837473
			2.86745746776717	-2.19583437837473
			2.86559184807441	-2.19583437837473
			2.86372622838165	-2.19583437837473
			2.8618606086889	-2.19583437837473
			2.85999498899614	-2.19583437837473
			2.85812936930338	-2.19583437837473
			2.85626374961063	-2.19583437837473
			2.85439812991787	-2.19583437837473
			2.85253251022511	-2.19583437837473
			2.85066689053236	-2.19583437837473
			2.8488012708396	-2.19583437837473
			2.84693565114684	-2.19583437837473
			2.84507003145409	-2.19396875868197
			2.84320441176133	-2.19396875868197
			2.84133879206857	-2.19396875868197
			2.83947317237582	-2.19396875868197
			2.83760755268306	-2.19396875868197
			2.8357419329903	-2.19396875868197
			2.83387631329755	-2.19396875868197
			2.83201069360479	-2.19396875868197
			2.83014507391203	-2.19210313898921
			2.82827945421927	-2.19210313898921
			2.82641383452652	-2.19210313898921
			2.82454821483376	-2.19210313898921
			2.822682595141	-2.19210313898921
			2.82081697544825	-2.19023751929646
			2.81895135575549	-2.19023751929646
			2.81708573606273	-2.19023751929646
			2.81522011636998	-2.1883718996037
			2.81335449667722	-2.1883718996037
			2.81148887698446	-2.1883718996037
			2.80962325729171	-2.1883718996037
			2.80775763759895	-2.18650627991094
			2.80589201790619	-2.18650627991094
			2.80402639821344	-2.18650627991094
			2.80216077852068	-2.18464066021819
			2.80029515882792	-2.18464066021819
			2.79842953913517	-2.18464066021819
			2.79656391944241	-2.18277504052543
			2.79469829974965	-2.18277504052543
			2.7928326800569	-2.18277504052543
			2.79096706036414	-2.18090942083267
			2.78910144067138	-2.18090942083267
			2.78723582097863	-2.17904380113992
			2.78537020128587	-2.17904380113992
			2.78350458159311	-2.17904380113992
			2.78350458159311	-2.17717818144716
			2.78163896190036	-2.17717818144716
			2.7797733422076	-2.1753125617544
			2.77790772251484	-2.1753125617544
			2.77604210282209	-2.17344694206165
			2.77417648312933	-2.17344694206165
			2.77231086343657	-2.17158132236889
			2.77044524374381	-2.17158132236889
			2.76857962405106	-2.16971570267613
			2.7667140043583	-2.16785008298338
			2.76484838466554	-2.16785008298338
			2.76298276497279	-2.16598446329062
			2.76111714528003	-2.16411884359786
			2.75925152558727	-2.16411884359786
			2.75738590589452	-2.16225322390511
			2.75552028620176	-2.16038760421235
			2.753654666509	-2.16038760421235
			2.75178904681625	-2.15852198451959
			2.74992342712349	-2.15665636482683
			2.74805780743073	-2.15479074513408
			2.74619218773798	-2.15479074513408
			2.74432656804522	-2.15292512544132
			2.74246094835246	-2.15105950574856
			2.74059532865971	-2.14919388605581
			2.73872970896695	-2.14732826636305
			2.73686408927419	-2.14546264667029
			2.73499846958144	-2.14546264667029
			2.73313284988868	-2.14359702697754
			2.73126723019592	-2.14173140728478
			2.72940161050317	-2.13986578759202
			2.72753599081041	-2.13800016789927
			2.72567037111765	-2.13613454820651
			2.7238047514249	-2.13426892851375
			2.72193913173214	-2.132403308821
			2.72007351203938	-2.13053768912824
			2.71820789234663	-2.12867206943548
			2.71634227265387	-2.12680644974273
			2.71447665296111	-2.12494083004997
			2.71447665296111	-2.12307521035721
			2.71261103326835	-2.12120959066446
			2.7107454135756	-2.1193439709717
			2.70887979388284	-2.11747835127894
			2.70701417419008	-2.11561273158619
			2.70514855449733	-2.11374711189343
			2.70328293480457	-2.11188149220067
			2.70141731511181	-2.11001587250792
			2.69955169541906	-2.10815025281516
			2.69955169541906	-2.1062846331224
			2.6976860757263	-2.1062846331224
			2.69582045603354	-2.10441901342965
			2.69395483634079	-2.10441901342965
			2.69208921664803	-2.10441901342965
			2.69022359695527	-2.10441901342965
			2.68835797726252	-2.10255339373689
			2.68649235756976	-2.10255339373689
			2.684626737877	-2.10255339373689
			2.68276111818425	-2.10255339373689
			2.68089549849149	-2.10068777404413
			2.67902987879873	-2.10068777404413
			2.67716425910598	-2.10068777404413
			2.67529863941322	-2.10068777404413
			2.67343301972046	-2.10068777404413
			2.67156740002771	-2.09882215435137
			2.66970178033495	-2.09882215435137
			2.66783616064219	-2.09882215435137
			2.66597054094944	-2.09882215435137
			2.66410492125668	-2.09882215435137
			2.66223930156392	-2.09695653465862
			2.66037368187117	-2.09695653465862
			2.65850806217841	-2.09695653465862
			2.65664244248565	-2.09695653465862
			2.65477682279289	-2.09695653465862
			2.65291120310014	-2.09695653465862
			2.65104558340738	-2.09695653465862
			2.64917996371462	-2.09509091496586
			2.64731434402187	-2.09509091496586
			2.64544872432911	-2.09509091496586
			2.64358310463635	-2.09509091496586
			2.6417174849436	-2.09509091496586
			2.63985186525084	-2.09509091496586
			2.63798624555808	-2.09509091496586
			2.63612062586533	-2.09509091496586
			2.63425500617257	-2.09509091496586
			2.63238938647981	-2.09509091496586
			2.63052376678706	-2.09509091496586
			2.6286581470943	-2.0932252952731
			2.62679252740154	-2.0932252952731
			2.62492690770879	-2.0932252952731
			2.62306128801603	-2.0932252952731
			2.62119566832327	-2.0932252952731
			2.61933004863052	-2.0932252952731
			2.61746442893776	-2.0932252952731
			2.615598809245	-2.0932252952731
			2.61373318955225	-2.0932252952731
			2.61186756985949	-2.0932252952731
			2.61000195016673	-2.0932252952731
			2.60813633047398	-2.0932252952731
			2.60627071078122	-2.0932252952731
			2.60440509108846	-2.0932252952731
			2.6025394713957	-2.0932252952731
			2.60067385170295	-2.0932252952731
			2.59880823201019	-2.0932252952731
			2.59694261231743	-2.0932252952731
			2.59507699262468	-2.0932252952731
			2.59321137293192	-2.0932252952731
			2.59134575323916	-2.0932252952731
			2.58948013354641	-2.0932252952731
			2.58761451385365	-2.0932252952731
			2.58574889416089	-2.0932252952731
			2.58388327446814	-2.09509091496586
			2.58201765477538	-2.09509091496586
			2.58015203508262	-2.09509091496586
			2.57828641538987	-2.09509091496586
			2.57642079569711	-2.09509091496586
			2.57455517600435	-2.09509091496586
			2.5726895563116	-2.09509091496586
			2.57082393661884	-2.09509091496586
			2.56895831692608	-2.09509091496586
			2.56709269723333	-2.09509091496586
			2.56522707754057	-2.09509091496586
			2.56336145784781	-2.09509091496586
			2.56149583815506	-2.09695653465862
			2.5596302184623	-2.09695653465862
			2.55776459876954	-2.09695653465862
			2.55589897907679	-2.09695653465862
			2.55403335938403	-2.09695653465862
			2.55216773969127	-2.09695653465862
			2.55030211999851	-2.09695653465862
			2.54843650030576	-2.09882215435137
			2.546570880613	-2.09882215435137
			2.54470526092024	-2.09882215435137
			2.54283964122749	-2.09882215435137
			2.54097402153473	-2.09882215435137
			2.53910840184197	-2.09882215435137
			2.53724278214922	-2.10068777404413
			2.53537716245646	-2.10068777404413
			2.5335115427637	-2.10068777404413
			2.53164592307095	-2.10068777404413
		</curvaI_espina_dorsal>
	</curves.scaled>
	<ruler.points type=matrix rownames=TRUE colnames=FALSE nrow=2 ncol=2 as.numeric=TRUE >
		Ruler point 1	1519	537
		Ruler point 2	2055	533
	</ruler.points>
</shapes>

