<shapes type=list>
	<ruler.pixel type=vector names=FALSE length=1 as.numeric=TRUE >539.003710562367</ruler.pixel>
	<ruler.interval type=vector names=FALSE length=1 as.numeric=TRUE >1</ruler.interval>
	<scaling.units type=vector names=FALSE length=1 as.numeric=FALSE >mm</scaling.units>
	<scaling type=vector names=FALSE length=1 as.numeric=TRUE >0.00186561969275678</scaling>
	<landmarks.pixel type=matrix rownames=TRUE colnames=FALSE nrow=3 ncol=2 as.numeric=TRUE >
		punta_espina_dorsal	1534	994
		esq_izq_caparaza	1304	1193
		organo_dorsal	1590	1354
	</landmarks.pixel>
	<landmarks.scaled type=matrix rownames=TRUE colnames=FALSE nrow=3 ncol=2 as.numeric=TRUE >
		punta_espina_dorsal	2.8618606086889	-1.85442597460024
		esq_izq_caparaza	2.43276807935484	-2.22568429345884
		organo_dorsal	2.96633531148328	-2.52604906399268
	</landmarks.scaled>
	<curves.control type=list>
		<curvaD_espina_dorsal type=matrix rownames=FALSE colnames=FALSE nrow=7 ncol=2 as.numeric=TRUE >
			1534	994
			1544	1007
			1546	1062
			1549	1132
			1539	1217
			1521	1255
			1590	1354
		</curvaD_espina_dorsal>
		<curvaI_espina_dorsal type=matrix rownames=FALSE colnames=FALSE nrow=9 ncol=2 as.numeric=TRUE >
			1534	994
			1535	1057
			1531	1093
			1523	1167
			1500	1196
			1450	1220
			1388	1176
			1346	1174
			1304	1193
		</curvaI_espina_dorsal>
	</curves.control>
	<curves.pixel type=list>
		<curvaD_espina_dorsal type=matrix rownames=FALSE colnames=FALSE nrow=364 ncol=2 as.numeric=TRUE >
			1534	994
			1535	995
			1535	996
			1536	997
			1536	998
			1537	999
			1537	1000
			1538	1001
			1538	1002
			1539	1003
			1539	1004
			1539	1005
			1539	1006
			1540	1007
			1540	1008
			1540	1009
			1540	1010
			1541	1011
			1541	1012
			1541	1013
			1541	1014
			1542	1015
			1542	1016
			1542	1017
			1542	1018
			1542	1019
			1542	1020
			1543	1021
			1543	1022
			1543	1023
			1543	1024
			1543	1025
			1543	1026
			1543	1027
			1544	1028
			1544	1029
			1544	1030
			1544	1031
			1544	1032
			1544	1033
			1544	1034
			1544	1035
			1544	1036
			1544	1037
			1545	1038
			1545	1039
			1545	1040
			1545	1041
			1545	1042
			1545	1043
			1545	1044
			1545	1045
			1545	1046
			1545	1047
			1545	1048
			1545	1049
			1545	1050
			1545	1051
			1546	1052
			1546	1053
			1546	1054
			1546	1055
			1546	1056
			1546	1057
			1546	1058
			1546	1059
			1546	1060
			1546	1061
			1546	1062
			1546	1063
			1546	1064
			1546	1065
			1546	1066
			1546	1067
			1546	1068
			1546	1069
			1546	1070
			1546	1071
			1546	1072
			1546	1073
			1546	1074
			1546	1075
			1546	1076
			1546	1077
			1547	1078
			1547	1079
			1547	1080
			1547	1081
			1547	1082
			1547	1083
			1547	1084
			1547	1085
			1547	1086
			1547	1087
			1547	1088
			1547	1089
			1547	1090
			1547	1091
			1547	1092
			1547	1093
			1547	1094
			1547	1095
			1547	1096
			1547	1097
			1547	1098
			1547	1099
			1547	1100
			1547	1101
			1547	1102
			1547	1103
			1547	1104
			1547	1105
			1547	1106
			1547	1107
			1547	1108
			1547	1109
			1547	1110
			1547	1111
			1547	1112
			1547	1113
			1546	1114
			1546	1115
			1546	1116
			1546	1117
			1546	1118
			1546	1119
			1546	1120
			1546	1121
			1546	1122
			1546	1123
			1546	1124
			1546	1125
			1546	1126
			1546	1127
			1546	1128
			1546	1129
			1546	1130
			1546	1131
			1546	1132
			1546	1133
			1546	1134
			1546	1135
			1546	1136
			1546	1137
			1546	1138
			1546	1139
			1546	1140
			1545	1141
			1545	1142
			1545	1143
			1545	1144
			1545	1145
			1545	1146
			1545	1147
			1545	1148
			1545	1149
			1545	1150
			1545	1151
			1545	1152
			1545	1153
			1545	1154
			1545	1155
			1545	1156
			1545	1157
			1545	1158
			1544	1159
			1544	1160
			1544	1161
			1544	1162
			1544	1163
			1544	1164
			1544	1165
			1544	1166
			1544	1167
			1544	1168
			1544	1169
			1544	1170
			1544	1171
			1543	1172
			1543	1173
			1543	1174
			1543	1175
			1543	1176
			1543	1177
			1543	1178
			1543	1179
			1543	1180
			1543	1181
			1543	1182
			1543	1183
			1542	1184
			1542	1185
			1542	1186
			1542	1187
			1542	1188
			1542	1189
			1542	1190
			1542	1191
			1542	1192
			1542	1193
			1542	1194
			1541	1195
			1541	1196
			1541	1197
			1541	1198
			1541	1199
			1541	1200
			1541	1201
			1541	1202
			1541	1203
			1541	1204
			1540	1205
			1540	1206
			1540	1207
			1540	1208
			1540	1209
			1540	1210
			1540	1211
			1540	1212
			1540	1213
			1539	1214
			1539	1215
			1539	1216
			1539	1217
			1539	1218
			1538	1219
			1538	1220
			1538	1221
			1537	1222
			1537	1223
			1537	1224
			1536	1225
			1536	1226
			1536	1227
			1536	1228
			1536	1229
			1536	1230
			1535	1231
			1535	1232
			1535	1233
			1535	1234
			1535	1235
			1535	1236
			1535	1237
			1535	1238
			1535	1239
			1535	1240
			1536	1241
			1536	1242
			1536	1243
			1536	1244
			1536	1245
			1536	1246
			1536	1247
			1536	1248
			1537	1249
			1537	1250
			1537	1251
			1537	1252
			1537	1253
			1538	1254
			1538	1255
			1538	1256
			1539	1257
			1539	1258
			1539	1259
			1539	1260
			1540	1261
			1540	1262
			1540	1263
			1541	1264
			1541	1265
			1541	1266
			1542	1267
			1542	1268
			1542	1269
			1543	1270
			1543	1271
			1544	1272
			1544	1273
			1544	1274
			1545	1275
			1545	1276
			1546	1277
			1546	1278
			1546	1279
			1547	1280
			1547	1281
			1548	1282
			1548	1283
			1548	1284
			1549	1284
			1549	1285
			1549	1286
			1550	1287
			1550	1288
			1551	1288
			1551	1289
			1551	1290
			1552	1291
			1552	1292
			1553	1293
			1553	1294
			1554	1295
			1554	1296
			1555	1297
			1555	1298
			1556	1299
			1557	1300
			1557	1301
			1558	1302
			1558	1303
			1559	1304
			1559	1305
			1560	1306
			1560	1307
			1561	1308
			1561	1309
			1562	1310
			1563	1311
			1563	1312
			1564	1313
			1564	1314
			1565	1315
			1565	1316
			1566	1317
			1566	1318
			1567	1319
			1568	1320
			1568	1321
			1569	1322
			1569	1323
			1570	1324
			1571	1325
			1571	1326
			1572	1327
			1572	1328
			1573	1329
			1574	1330
			1574	1331
			1575	1332
			1576	1333
			1576	1334
			1577	1335
			1578	1336
			1578	1337
			1579	1338
			1580	1339
			1580	1340
			1581	1341
			1582	1342
			1582	1343
			1583	1344
			1584	1345
			1585	1346
			1585	1347
			1586	1348
			1587	1349
			1588	1350
			1588	1351
			1588	1352
			1589	1352
			1589	1353
			1590	1354
		</curvaD_espina_dorsal>
		<curvaI_espina_dorsal type=matrix rownames=FALSE colnames=FALSE nrow=401 ncol=2 as.numeric=TRUE >
			1534	994
			1534	995
			1534	996
			1534	997
			1534	998
			1534	999
			1534	1000
			1534	1001
			1534	1002
			1534	1003
			1534	1004
			1534	1005
			1534	1006
			1534	1007
			1534	1008
			1534	1009
			1534	1010
			1534	1011
			1534	1012
			1534	1013
			1534	1014
			1534	1015
			1534	1016
			1534	1017
			1534	1018
			1534	1019
			1534	1020
			1534	1021
			1534	1022
			1534	1023
			1534	1024
			1534	1025
			1534	1026
			1534	1027
			1534	1028
			1534	1029
			1534	1030
			1534	1031
			1534	1032
			1534	1033
			1534	1034
			1534	1035
			1534	1036
			1534	1037
			1534	1038
			1534	1039
			1534	1040
			1534	1041
			1534	1042
			1534	1043
			1534	1044
			1534	1045
			1534	1046
			1534	1047
			1534	1048
			1534	1049
			1534	1050
			1534	1051
			1534	1052
			1534	1053
			1534	1054
			1534	1055
			1534	1056
			1534	1057
			1533	1058
			1533	1059
			1533	1060
			1533	1061
			1533	1062
			1533	1063
			1533	1064
			1533	1065
			1533	1066
			1533	1067
			1533	1068
			1533	1069
			1533	1070
			1533	1071
			1533	1072
			1533	1073
			1533	1074
			1533	1075
			1532	1076
			1532	1077
			1532	1078
			1532	1079
			1532	1080
			1532	1081
			1532	1082
			1532	1083
			1532	1084
			1532	1085
			1532	1086
			1532	1087
			1532	1088
			1531	1089
			1531	1090
			1531	1091
			1531	1092
			1531	1093
			1531	1094
			1531	1095
			1531	1096
			1531	1097
			1530	1098
			1530	1099
			1530	1100
			1530	1101
			1530	1102
			1530	1103
			1530	1104
			1530	1105
			1529	1106
			1529	1107
			1529	1108
			1529	1109
			1529	1110
			1529	1111
			1529	1112
			1528	1113
			1528	1114
			1528	1115
			1528	1116
			1528	1117
			1528	1118
			1527	1119
			1527	1120
			1527	1121
			1527	1122
			1527	1123
			1527	1124
			1526	1125
			1526	1126
			1526	1127
			1526	1128
			1526	1129
			1526	1130
			1525	1131
			1525	1132
			1525	1133
			1525	1134
			1524	1135
			1524	1136
			1524	1137
			1524	1138
			1524	1139
			1523	1140
			1523	1141
			1523	1142
			1523	1143
			1522	1144
			1522	1145
			1522	1146
			1522	1147
			1521	1148
			1521	1149
			1521	1150
			1521	1151
			1520	1152
			1520	1153
			1520	1154
			1520	1155
			1519	1156
			1519	1157
			1518	1158
			1518	1159
			1518	1160
			1517	1161
			1517	1162
			1517	1163
			1516	1164
			1516	1165
			1516	1166
			1515	1167
			1515	1168
			1515	1169
			1514	1170
			1514	1171
			1514	1172
			1513	1173
			1513	1174
			1512	1175
			1512	1176
			1511	1177
			1511	1178
			1510	1179
			1510	1180
			1509	1181
			1509	1182
			1508	1183
			1508	1184
			1507	1185
			1507	1186
			1506	1187
			1506	1188
			1505	1189
			1504	1190
			1504	1191
			1503	1192
			1502	1193
			1502	1194
			1501	1195
			1500	1196
			1499	1197
			1498	1197
			1497	1197
			1496	1198
			1495	1198
			1494	1198
			1493	1199
			1492	1200
			1491	1200
			1490	1200
			1489	1200
			1489	1201
			1488	1201
			1487	1201
			1486	1201
			1485	1202
			1484	1202
			1483	1202
			1482	1202
			1481	1203
			1480	1203
			1479	1203
			1478	1203
			1477	1203
			1476	1204
			1475	1204
			1474	1204
			1473	1204
			1472	1204
			1471	1204
			1470	1204
			1469	1204
			1468	1204
			1467	1204
			1466	1204
			1465	1204
			1464	1204
			1463	1204
			1462	1204
			1461	1204
			1460	1204
			1459	1204
			1458	1204
			1457	1204
			1456	1204
			1455	1204
			1454	1204
			1453	1204
			1452	1204
			1451	1204
			1450	1203
			1449	1203
			1448	1203
			1447	1203
			1446	1203
			1445	1203
			1444	1202
			1443	1202
			1442	1202
			1441	1202
			1440	1202
			1439	1201
			1438	1201
			1437	1201
			1436	1200
			1435	1200
			1434	1200
			1433	1200
			1432	1199
			1431	1199
			1430	1198
			1429	1198
			1428	1198
			1427	1197
			1426	1197
			1425	1197
			1424	1196
			1423	1196
			1422	1195
			1421	1195
			1420	1194
			1419	1194
			1418	1194
			1417	1193
			1416	1193
			1415	1192
			1414	1192
			1413	1191
			1412	1191
			1411	1190
			1410	1190
			1409	1189
			1408	1189
			1407	1188
			1406	1187
			1405	1187
			1404	1186
			1403	1186
			1402	1185
			1401	1184
			1400	1184
			1399	1183
			1398	1183
			1397	1182
			1396	1181
			1395	1181
			1394	1180
			1393	1179
			1392	1179
			1391	1178
			1390	1177
			1389	1176
			1388	1176
			1387	1176
			1386	1176
			1385	1176
			1384	1176
			1383	1176
			1382	1176
			1381	1176
			1380	1176
			1379	1176
			1378	1176
			1377	1176
			1376	1176
			1375	1176
			1374	1176
			1373	1176
			1372	1176
			1371	1176
			1370	1176
			1369	1176
			1368	1176
			1367	1176
			1366	1176
			1365	1177
			1364	1177
			1363	1177
			1362	1177
			1361	1177
			1360	1177
			1359	1177
			1358	1177
			1357	1177
			1356	1178
			1355	1178
			1354	1178
			1353	1178
			1352	1178
			1351	1178
			1350	1179
			1349	1179
			1348	1179
			1347	1179
			1346	1179
			1345	1180
			1344	1180
			1343	1180
			1342	1180
			1341	1180
			1340	1181
			1339	1181
			1338	1181
			1337	1181
			1336	1182
			1335	1182
			1334	1182
			1333	1182
			1332	1183
			1331	1183
			1330	1183
			1329	1184
			1328	1184
			1327	1184
			1326	1185
			1325	1185
			1324	1185
			1323	1185
			1322	1186
			1321	1186
			1320	1187
			1319	1187
			1318	1187
			1317	1188
			1316	1188
			1315	1188
			1314	1189
			1313	1189
			1312	1190
			1311	1190
			1310	1190
			1310	1191
			1309	1191
			1308	1191
			1307	1192
			1306	1192
			1305	1193
			1304	1193
		</curvaI_espina_dorsal>
	</curves.pixel>
	<curves.scaled type=list>
		<curvaD_espina_dorsal type=matrix rownames=FALSE colnames=FALSE nrow=364 ncol=2 as.numeric=TRUE >
			2.8618606086889	-1.85442597460024
			2.86372622838165	-1.85629159429299
			2.86372622838165	-1.85815721398575
			2.86559184807441	-1.86002283367851
			2.86559184807441	-1.86188845337126
			2.86745746776717	-1.86375407306402
			2.86745746776717	-1.86561969275678
			2.86932308745992	-1.86748531244953
			2.86932308745992	-1.86935093214229
			2.87118870715268	-1.87121655183505
			2.87118870715268	-1.8730821715278
			2.87118870715268	-1.87494779122056
			2.87118870715268	-1.87681341091332
			2.87305432684544	-1.87867903060608
			2.87305432684544	-1.88054465029883
			2.87305432684544	-1.88241026999159
			2.87305432684544	-1.88427588968435
			2.87491994653819	-1.8861415093771
			2.87491994653819	-1.88800712906986
			2.87491994653819	-1.88987274876262
			2.87491994653819	-1.89173836845537
			2.87678556623095	-1.89360398814813
			2.87678556623095	-1.89546960784089
			2.87678556623095	-1.89733522753364
			2.87678556623095	-1.8992008472264
			2.87678556623095	-1.90106646691916
			2.87678556623095	-1.90293208661191
			2.87865118592371	-1.90479770630467
			2.87865118592371	-1.90666332599743
			2.87865118592371	-1.90852894569018
			2.87865118592371	-1.91039456538294
			2.87865118592371	-1.9122601850757
			2.87865118592371	-1.91412580476845
			2.87865118592371	-1.91599142446121
			2.88051680561646	-1.91785704415397
			2.88051680561646	-1.91972266384672
			2.88051680561646	-1.92158828353948
			2.88051680561646	-1.92345390323224
			2.88051680561646	-1.92531952292499
			2.88051680561646	-1.92718514261775
			2.88051680561646	-1.92905076231051
			2.88051680561646	-1.93091638200326
			2.88051680561646	-1.93278200169602
			2.88051680561646	-1.93464762138878
			2.88238242530922	-1.93651324108154
			2.88238242530922	-1.93837886077429
			2.88238242530922	-1.94024448046705
			2.88238242530922	-1.94211010015981
			2.88238242530922	-1.94397571985256
			2.88238242530922	-1.94584133954532
			2.88238242530922	-1.94770695923808
			2.88238242530922	-1.94957257893083
			2.88238242530922	-1.95143819862359
			2.88238242530922	-1.95330381831635
			2.88238242530922	-1.9551694380091
			2.88238242530922	-1.95703505770186
			2.88238242530922	-1.95890067739462
			2.88238242530922	-1.96076629708737
			2.88424804500198	-1.96263191678013
			2.88424804500198	-1.96449753647289
			2.88424804500198	-1.96636315616564
			2.88424804500198	-1.9682287758584
			2.88424804500198	-1.97009439555116
			2.88424804500198	-1.97196001524391
			2.88424804500198	-1.97382563493667
			2.88424804500198	-1.97569125462943
			2.88424804500198	-1.97755687432218
			2.88424804500198	-1.97942249401494
			2.88424804500198	-1.9812881137077
			2.88424804500198	-1.98315373340045
			2.88424804500198	-1.98501935309321
			2.88424804500198	-1.98688497278597
			2.88424804500198	-1.98875059247872
			2.88424804500198	-1.99061621217148
			2.88424804500198	-1.99248183186424
			2.88424804500198	-1.994347451557
			2.88424804500198	-1.99621307124975
			2.88424804500198	-1.99807869094251
			2.88424804500198	-1.99994431063527
			2.88424804500198	-2.00180993032802
			2.88424804500198	-2.00367555002078
			2.88424804500198	-2.00554116971354
			2.88424804500198	-2.00740678940629
			2.88424804500198	-2.00927240909905
			2.88611366469474	-2.01113802879181
			2.88611366469474	-2.01300364848456
			2.88611366469474	-2.01486926817732
			2.88611366469474	-2.01673488787008
			2.88611366469474	-2.01860050756283
			2.88611366469474	-2.02046612725559
			2.88611366469474	-2.02233174694835
			2.88611366469474	-2.0241973666411
			2.88611366469474	-2.02606298633386
			2.88611366469474	-2.02792860602662
			2.88611366469474	-2.02979422571937
			2.88611366469474	-2.03165984541213
			2.88611366469474	-2.03352546510489
			2.88611366469474	-2.03539108479764
			2.88611366469474	-2.0372567044904
			2.88611366469474	-2.03912232418316
			2.88611366469474	-2.04098794387591
			2.88611366469474	-2.04285356356867
			2.88611366469474	-2.04471918326143
			2.88611366469474	-2.04658480295419
			2.88611366469474	-2.04845042264694
			2.88611366469474	-2.0503160423397
			2.88611366469474	-2.05218166203246
			2.88611366469474	-2.05404728172521
			2.88611366469474	-2.05591290141797
			2.88611366469474	-2.05777852111073
			2.88611366469474	-2.05964414080348
			2.88611366469474	-2.06150976049624
			2.88611366469474	-2.063375380189
			2.88611366469474	-2.06524099988175
			2.88611366469474	-2.06710661957451
			2.88611366469474	-2.06897223926727
			2.88611366469474	-2.07083785896002
			2.88611366469474	-2.07270347865278
			2.88611366469474	-2.07456909834554
			2.88611366469474	-2.07643471803829
			2.88424804500198	-2.07830033773105
			2.88424804500198	-2.08016595742381
			2.88424804500198	-2.08203157711656
			2.88424804500198	-2.08389719680932
			2.88424804500198	-2.08576281650208
			2.88424804500198	-2.08762843619483
			2.88424804500198	-2.08949405588759
			2.88424804500198	-2.09135967558035
			2.88424804500198	-2.0932252952731
			2.88424804500198	-2.09509091496586
			2.88424804500198	-2.09695653465862
			2.88424804500198	-2.09882215435137
			2.88424804500198	-2.10068777404413
			2.88424804500198	-2.10255339373689
			2.88424804500198	-2.10441901342965
			2.88424804500198	-2.1062846331224
			2.88424804500198	-2.10815025281516
			2.88424804500198	-2.11001587250792
			2.88424804500198	-2.11188149220067
			2.88424804500198	-2.11374711189343
			2.88424804500198	-2.11561273158619
			2.88424804500198	-2.11747835127894
			2.88424804500198	-2.1193439709717
			2.88424804500198	-2.12120959066446
			2.88424804500198	-2.12307521035721
			2.88424804500198	-2.12494083004997
			2.88424804500198	-2.12680644974273
			2.88238242530922	-2.12867206943548
			2.88238242530922	-2.13053768912824
			2.88238242530922	-2.132403308821
			2.88238242530922	-2.13426892851375
			2.88238242530922	-2.13613454820651
			2.88238242530922	-2.13800016789927
			2.88238242530922	-2.13986578759202
			2.88238242530922	-2.14173140728478
			2.88238242530922	-2.14359702697754
			2.88238242530922	-2.14546264667029
			2.88238242530922	-2.14732826636305
			2.88238242530922	-2.14919388605581
			2.88238242530922	-2.15105950574856
			2.88238242530922	-2.15292512544132
			2.88238242530922	-2.15479074513408
			2.88238242530922	-2.15665636482683
			2.88238242530922	-2.15852198451959
			2.88238242530922	-2.16038760421235
			2.88051680561646	-2.16225322390511
			2.88051680561646	-2.16411884359786
			2.88051680561646	-2.16598446329062
			2.88051680561646	-2.16785008298338
			2.88051680561646	-2.16971570267613
			2.88051680561646	-2.17158132236889
			2.88051680561646	-2.17344694206165
			2.88051680561646	-2.1753125617544
			2.88051680561646	-2.17717818144716
			2.88051680561646	-2.17904380113992
			2.88051680561646	-2.18090942083267
			2.88051680561646	-2.18277504052543
			2.88051680561646	-2.18464066021819
			2.87865118592371	-2.18650627991094
			2.87865118592371	-2.1883718996037
			2.87865118592371	-2.19023751929646
			2.87865118592371	-2.19210313898921
			2.87865118592371	-2.19396875868197
			2.87865118592371	-2.19583437837473
			2.87865118592371	-2.19769999806748
			2.87865118592371	-2.19956561776024
			2.87865118592371	-2.201431237453
			2.87865118592371	-2.20329685714575
			2.87865118592371	-2.20516247683851
			2.87865118592371	-2.20702809653127
			2.87678556623095	-2.20889371622402
			2.87678556623095	-2.21075933591678
			2.87678556623095	-2.21262495560954
			2.87678556623095	-2.2144905753023
			2.87678556623095	-2.21635619499505
			2.87678556623095	-2.21822181468781
			2.87678556623095	-2.22008743438057
			2.87678556623095	-2.22195305407332
			2.87678556623095	-2.22381867376608
			2.87678556623095	-2.22568429345884
			2.87678556623095	-2.22754991315159
			2.87491994653819	-2.22941553284435
			2.87491994653819	-2.23128115253711
			2.87491994653819	-2.23314677222986
			2.87491994653819	-2.23501239192262
			2.87491994653819	-2.23687801161538
			2.87491994653819	-2.23874363130813
			2.87491994653819	-2.24060925100089
			2.87491994653819	-2.24247487069365
			2.87491994653819	-2.2443404903864
			2.87491994653819	-2.24620611007916
			2.87305432684544	-2.24807172977192
			2.87305432684544	-2.24993734946467
			2.87305432684544	-2.25180296915743
			2.87305432684544	-2.25366858885019
			2.87305432684544	-2.25553420854294
			2.87305432684544	-2.2573998282357
			2.87305432684544	-2.25926544792846
			2.87305432684544	-2.26113106762121
			2.87305432684544	-2.26299668731397
			2.87118870715268	-2.26486230700673
			2.87118870715268	-2.26672792669949
			2.87118870715268	-2.26859354639224
			2.87118870715268	-2.270459166085
			2.87118870715268	-2.27232478577776
			2.86932308745992	-2.27419040547051
			2.86932308745992	-2.27605602516327
			2.86932308745992	-2.27792164485603
			2.86745746776717	-2.27978726454878
			2.86745746776717	-2.28165288424154
			2.86745746776717	-2.2835185039343
			2.86559184807441	-2.28538412362705
			2.86559184807441	-2.28724974331981
			2.86559184807441	-2.28911536301257
			2.86559184807441	-2.29098098270532
			2.86559184807441	-2.29284660239808
			2.86559184807441	-2.29471222209084
			2.86372622838165	-2.29657784178359
			2.86372622838165	-2.29844346147635
			2.86372622838165	-2.30030908116911
			2.86372622838165	-2.30217470086186
			2.86372622838165	-2.30404032055462
			2.86372622838165	-2.30590594024738
			2.86372622838165	-2.30777155994013
			2.86372622838165	-2.30963717963289
			2.86372622838165	-2.31150279932565
			2.86372622838165	-2.3133684190184
			2.86559184807441	-2.31523403871116
			2.86559184807441	-2.31709965840392
			2.86559184807441	-2.31896527809667
			2.86559184807441	-2.32083089778943
			2.86559184807441	-2.32269651748219
			2.86559184807441	-2.32456213717494
			2.86559184807441	-2.3264277568677
			2.86559184807441	-2.32829337656046
			2.86745746776717	-2.33015899625322
			2.86745746776717	-2.33202461594597
			2.86745746776717	-2.33389023563873
			2.86745746776717	-2.33575585533149
			2.86745746776717	-2.33762147502424
			2.86932308745992	-2.339487094717
			2.86932308745992	-2.34135271440976
			2.86932308745992	-2.34321833410251
			2.87118870715268	-2.34508395379527
			2.87118870715268	-2.34694957348803
			2.87118870715268	-2.34881519318078
			2.87118870715268	-2.35068081287354
			2.87305432684544	-2.3525464325663
			2.87305432684544	-2.35441205225905
			2.87305432684544	-2.35627767195181
			2.87491994653819	-2.35814329164457
			2.87491994653819	-2.36000891133732
			2.87491994653819	-2.36187453103008
			2.87678556623095	-2.36374015072284
			2.87678556623095	-2.36560577041559
			2.87678556623095	-2.36747139010835
			2.87865118592371	-2.36933700980111
			2.87865118592371	-2.37120262949386
			2.88051680561646	-2.37306824918662
			2.88051680561646	-2.37493386887938
			2.88051680561646	-2.37679948857213
			2.88238242530922	-2.37866510826489
			2.88238242530922	-2.38053072795765
			2.88424804500198	-2.38239634765041
			2.88424804500198	-2.38426196734316
			2.88424804500198	-2.38612758703592
			2.88611366469474	-2.38799320672868
			2.88611366469474	-2.38985882642143
			2.88797928438749	-2.39172444611419
			2.88797928438749	-2.39359006580695
			2.88797928438749	-2.3954556854997
			2.88984490408025	-2.3954556854997
			2.88984490408025	-2.39732130519246
			2.88984490408025	-2.39918692488522
			2.89171052377301	-2.40105254457797
			2.89171052377301	-2.40291816427073
			2.89357614346576	-2.40291816427073
			2.89357614346576	-2.40478378396349
			2.89357614346576	-2.40664940365624
			2.89544176315852	-2.408515023349
			2.89544176315852	-2.41038064304176
			2.89730738285128	-2.41224626273451
			2.89730738285128	-2.41411188242727
			2.89917300254403	-2.41597750212003
			2.89917300254403	-2.41784312181278
			2.90103862223679	-2.41970874150554
			2.90103862223679	-2.4215743611983
			2.90290424192955	-2.42343998089105
			2.9047698616223	-2.42530560058381
			2.9047698616223	-2.42717122027657
			2.90663548131506	-2.42903683996932
			2.90663548131506	-2.43090245966208
			2.90850110100782	-2.43276807935484
			2.90850110100782	-2.43463369904759
			2.91036672070057	-2.43649931874035
			2.91036672070057	-2.43836493843311
			2.91223234039333	-2.44023055812587
			2.91223234039333	-2.44209617781862
			2.91409796008609	-2.44396179751138
			2.91596357977884	-2.44582741720414
			2.91596357977884	-2.44769303689689
			2.9178291994716	-2.44955865658965
			2.9178291994716	-2.45142427628241
			2.91969481916436	-2.45328989597516
			2.91969481916436	-2.45515551566792
			2.92156043885711	-2.45702113536068
			2.92156043885711	-2.45888675505343
			2.92342605854987	-2.46075237474619
			2.92529167824263	-2.46261799443895
			2.92529167824263	-2.4644836141317
			2.92715729793538	-2.46634923382446
			2.92715729793538	-2.46821485351722
			2.92902291762814	-2.47008047320997
			2.9308885373209	-2.47194609290273
			2.9308885373209	-2.47381171259549
			2.93275415701365	-2.47567733228824
			2.93275415701365	-2.477542951981
			2.93461977670641	-2.47940857167376
			2.93648539639917	-2.48127419136651
			2.93648539639917	-2.48313981105927
			2.93835101609193	-2.48500543075203
			2.94021663578468	-2.48687105044478
			2.94021663578468	-2.48873667013754
			2.94208225547744	-2.4906022898303
			2.9439478751702	-2.49246790952306
			2.9439478751702	-2.49433352921581
			2.94581349486295	-2.49619914890857
			2.94767911455571	-2.49806476860133
			2.94767911455571	-2.49993038829408
			2.94954473424847	-2.50179600798684
			2.95141035394122	-2.5036616276796
			2.95141035394122	-2.50552724737235
			2.95327597363398	-2.50739286706511
			2.95514159332674	-2.50925848675787
			2.95700721301949	-2.51112410645062
			2.95700721301949	-2.51298972614338
			2.95887283271225	-2.51485534583614
			2.96073845240501	-2.51672096552889
			2.96260407209776	-2.51858658522165
			2.96260407209776	-2.52045220491441
			2.96260407209776	-2.52231782460716
			2.96446969179052	-2.52231782460716
			2.96446969179052	-2.52418344429992
			2.96633531148328	-2.52604906399268
		</curvaD_espina_dorsal>
		<curvaI_espina_dorsal type=matrix rownames=FALSE colnames=FALSE nrow=401 ncol=2 as.numeric=TRUE >
			2.8618606086889	-1.85442597460024
			2.8618606086889	-1.85629159429299
			2.8618606086889	-1.85815721398575
			2.8618606086889	-1.86002283367851
			2.8618606086889	-1.86188845337126
			2.8618606086889	-1.86375407306402
			2.8618606086889	-1.86561969275678
			2.8618606086889	-1.86748531244953
			2.8618606086889	-1.86935093214229
			2.8618606086889	-1.87121655183505
			2.8618606086889	-1.8730821715278
			2.8618606086889	-1.87494779122056
			2.8618606086889	-1.87681341091332
			2.8618606086889	-1.87867903060608
			2.8618606086889	-1.88054465029883
			2.8618606086889	-1.88241026999159
			2.8618606086889	-1.88427588968435
			2.8618606086889	-1.8861415093771
			2.8618606086889	-1.88800712906986
			2.8618606086889	-1.88987274876262
			2.8618606086889	-1.89173836845537
			2.8618606086889	-1.89360398814813
			2.8618606086889	-1.89546960784089
			2.8618606086889	-1.89733522753364
			2.8618606086889	-1.8992008472264
			2.8618606086889	-1.90106646691916
			2.8618606086889	-1.90293208661191
			2.8618606086889	-1.90479770630467
			2.8618606086889	-1.90666332599743
			2.8618606086889	-1.90852894569018
			2.8618606086889	-1.91039456538294
			2.8618606086889	-1.9122601850757
			2.8618606086889	-1.91412580476845
			2.8618606086889	-1.91599142446121
			2.8618606086889	-1.91785704415397
			2.8618606086889	-1.91972266384672
			2.8618606086889	-1.92158828353948
			2.8618606086889	-1.92345390323224
			2.8618606086889	-1.92531952292499
			2.8618606086889	-1.92718514261775
			2.8618606086889	-1.92905076231051
			2.8618606086889	-1.93091638200326
			2.8618606086889	-1.93278200169602
			2.8618606086889	-1.93464762138878
			2.8618606086889	-1.93651324108154
			2.8618606086889	-1.93837886077429
			2.8618606086889	-1.94024448046705
			2.8618606086889	-1.94211010015981
			2.8618606086889	-1.94397571985256
			2.8618606086889	-1.94584133954532
			2.8618606086889	-1.94770695923808
			2.8618606086889	-1.94957257893083
			2.8618606086889	-1.95143819862359
			2.8618606086889	-1.95330381831635
			2.8618606086889	-1.9551694380091
			2.8618606086889	-1.95703505770186
			2.8618606086889	-1.95890067739462
			2.8618606086889	-1.96076629708737
			2.8618606086889	-1.96263191678013
			2.8618606086889	-1.96449753647289
			2.8618606086889	-1.96636315616564
			2.8618606086889	-1.9682287758584
			2.8618606086889	-1.97009439555116
			2.8618606086889	-1.97196001524391
			2.85999498899614	-1.97382563493667
			2.85999498899614	-1.97569125462943
			2.85999498899614	-1.97755687432218
			2.85999498899614	-1.97942249401494
			2.85999498899614	-1.9812881137077
			2.85999498899614	-1.98315373340045
			2.85999498899614	-1.98501935309321
			2.85999498899614	-1.98688497278597
			2.85999498899614	-1.98875059247872
			2.85999498899614	-1.99061621217148
			2.85999498899614	-1.99248183186424
			2.85999498899614	-1.994347451557
			2.85999498899614	-1.99621307124975
			2.85999498899614	-1.99807869094251
			2.85999498899614	-1.99994431063527
			2.85999498899614	-2.00180993032802
			2.85999498899614	-2.00367555002078
			2.85999498899614	-2.00554116971354
			2.85812936930338	-2.00740678940629
			2.85812936930338	-2.00927240909905
			2.85812936930338	-2.01113802879181
			2.85812936930338	-2.01300364848456
			2.85812936930338	-2.01486926817732
			2.85812936930338	-2.01673488787008
			2.85812936930338	-2.01860050756283
			2.85812936930338	-2.02046612725559
			2.85812936930338	-2.02233174694835
			2.85812936930338	-2.0241973666411
			2.85812936930338	-2.02606298633386
			2.85812936930338	-2.02792860602662
			2.85812936930338	-2.02979422571937
			2.85626374961063	-2.03165984541213
			2.85626374961063	-2.03352546510489
			2.85626374961063	-2.03539108479764
			2.85626374961063	-2.0372567044904
			2.85626374961063	-2.03912232418316
			2.85626374961063	-2.04098794387591
			2.85626374961063	-2.04285356356867
			2.85626374961063	-2.04471918326143
			2.85626374961063	-2.04658480295419
			2.85439812991787	-2.04845042264694
			2.85439812991787	-2.0503160423397
			2.85439812991787	-2.05218166203246
			2.85439812991787	-2.05404728172521
			2.85439812991787	-2.05591290141797
			2.85439812991787	-2.05777852111073
			2.85439812991787	-2.05964414080348
			2.85439812991787	-2.06150976049624
			2.85253251022511	-2.063375380189
			2.85253251022511	-2.06524099988175
			2.85253251022511	-2.06710661957451
			2.85253251022511	-2.06897223926727
			2.85253251022511	-2.07083785896002
			2.85253251022511	-2.07270347865278
			2.85253251022511	-2.07456909834554
			2.85066689053236	-2.07643471803829
			2.85066689053236	-2.07830033773105
			2.85066689053236	-2.08016595742381
			2.85066689053236	-2.08203157711656
			2.85066689053236	-2.08389719680932
			2.85066689053236	-2.08576281650208
			2.8488012708396	-2.08762843619483
			2.8488012708396	-2.08949405588759
			2.8488012708396	-2.09135967558035
			2.8488012708396	-2.0932252952731
			2.8488012708396	-2.09509091496586
			2.8488012708396	-2.09695653465862
			2.84693565114684	-2.09882215435137
			2.84693565114684	-2.10068777404413
			2.84693565114684	-2.10255339373689
			2.84693565114684	-2.10441901342965
			2.84693565114684	-2.1062846331224
			2.84693565114684	-2.10815025281516
			2.84507003145409	-2.11001587250792
			2.84507003145409	-2.11188149220067
			2.84507003145409	-2.11374711189343
			2.84507003145409	-2.11561273158619
			2.84320441176133	-2.11747835127894
			2.84320441176133	-2.1193439709717
			2.84320441176133	-2.12120959066446
			2.84320441176133	-2.12307521035721
			2.84320441176133	-2.12494083004997
			2.84133879206857	-2.12680644974273
			2.84133879206857	-2.12867206943548
			2.84133879206857	-2.13053768912824
			2.84133879206857	-2.132403308821
			2.83947317237582	-2.13426892851375
			2.83947317237582	-2.13613454820651
			2.83947317237582	-2.13800016789927
			2.83947317237582	-2.13986578759202
			2.83760755268306	-2.14173140728478
			2.83760755268306	-2.14359702697754
			2.83760755268306	-2.14546264667029
			2.83760755268306	-2.14732826636305
			2.8357419329903	-2.14919388605581
			2.8357419329903	-2.15105950574856
			2.8357419329903	-2.15292512544132
			2.8357419329903	-2.15479074513408
			2.83387631329755	-2.15665636482683
			2.83387631329755	-2.15852198451959
			2.83201069360479	-2.16038760421235
			2.83201069360479	-2.16225322390511
			2.83201069360479	-2.16411884359786
			2.83014507391203	-2.16598446329062
			2.83014507391203	-2.16785008298338
			2.83014507391203	-2.16971570267613
			2.82827945421927	-2.17158132236889
			2.82827945421927	-2.17344694206165
			2.82827945421927	-2.1753125617544
			2.82641383452652	-2.17717818144716
			2.82641383452652	-2.17904380113992
			2.82641383452652	-2.18090942083267
			2.82454821483376	-2.18277504052543
			2.82454821483376	-2.18464066021819
			2.82454821483376	-2.18650627991094
			2.822682595141	-2.1883718996037
			2.822682595141	-2.19023751929646
			2.82081697544825	-2.19210313898921
			2.82081697544825	-2.19396875868197
			2.81895135575549	-2.19583437837473
			2.81895135575549	-2.19769999806748
			2.81708573606273	-2.19956561776024
			2.81708573606273	-2.201431237453
			2.81522011636998	-2.20329685714575
			2.81522011636998	-2.20516247683851
			2.81335449667722	-2.20702809653127
			2.81335449667722	-2.20889371622402
			2.81148887698446	-2.21075933591678
			2.81148887698446	-2.21262495560954
			2.80962325729171	-2.2144905753023
			2.80962325729171	-2.21635619499505
			2.80775763759895	-2.21822181468781
			2.80589201790619	-2.22008743438057
			2.80589201790619	-2.22195305407332
			2.80402639821344	-2.22381867376608
			2.80216077852068	-2.22568429345884
			2.80216077852068	-2.22754991315159
			2.80029515882792	-2.22941553284435
			2.79842953913517	-2.23128115253711
			2.79656391944241	-2.23314677222986
			2.79469829974965	-2.23314677222986
			2.7928326800569	-2.23314677222986
			2.79096706036414	-2.23501239192262
			2.78910144067138	-2.23501239192262
			2.78723582097863	-2.23501239192262
			2.78537020128587	-2.23687801161538
			2.78350458159311	-2.23874363130813
			2.78163896190036	-2.23874363130813
			2.7797733422076	-2.23874363130813
			2.77790772251484	-2.23874363130813
			2.77790772251484	-2.24060925100089
			2.77604210282209	-2.24060925100089
			2.77417648312933	-2.24060925100089
			2.77231086343657	-2.24060925100089
			2.77044524374381	-2.24247487069365
			2.76857962405106	-2.24247487069365
			2.7667140043583	-2.24247487069365
			2.76484838466554	-2.24247487069365
			2.76298276497279	-2.2443404903864
			2.76111714528003	-2.2443404903864
			2.75925152558727	-2.2443404903864
			2.75738590589452	-2.2443404903864
			2.75552028620176	-2.2443404903864
			2.753654666509	-2.24620611007916
			2.75178904681625	-2.24620611007916
			2.74992342712349	-2.24620611007916
			2.74805780743073	-2.24620611007916
			2.74619218773798	-2.24620611007916
			2.74432656804522	-2.24620611007916
			2.74246094835246	-2.24620611007916
			2.74059532865971	-2.24620611007916
			2.73872970896695	-2.24620611007916
			2.73686408927419	-2.24620611007916
			2.73499846958144	-2.24620611007916
			2.73313284988868	-2.24620611007916
			2.73126723019592	-2.24620611007916
			2.72940161050317	-2.24620611007916
			2.72753599081041	-2.24620611007916
			2.72567037111765	-2.24620611007916
			2.7238047514249	-2.24620611007916
			2.72193913173214	-2.24620611007916
			2.72007351203938	-2.24620611007916
			2.71820789234663	-2.24620611007916
			2.71634227265387	-2.24620611007916
			2.71447665296111	-2.24620611007916
			2.71261103326835	-2.24620611007916
			2.7107454135756	-2.24620611007916
			2.70887979388284	-2.24620611007916
			2.70701417419008	-2.24620611007916
			2.70514855449733	-2.2443404903864
			2.70328293480457	-2.2443404903864
			2.70141731511181	-2.2443404903864
			2.69955169541906	-2.2443404903864
			2.6976860757263	-2.2443404903864
			2.69582045603354	-2.2443404903864
			2.69395483634079	-2.24247487069365
			2.69208921664803	-2.24247487069365
			2.69022359695527	-2.24247487069365
			2.68835797726252	-2.24247487069365
			2.68649235756976	-2.24247487069365
			2.684626737877	-2.24060925100089
			2.68276111818425	-2.24060925100089
			2.68089549849149	-2.24060925100089
			2.67902987879873	-2.23874363130813
			2.67716425910598	-2.23874363130813
			2.67529863941322	-2.23874363130813
			2.67343301972046	-2.23874363130813
			2.67156740002771	-2.23687801161538
			2.66970178033495	-2.23687801161538
			2.66783616064219	-2.23501239192262
			2.66597054094944	-2.23501239192262
			2.66410492125668	-2.23501239192262
			2.66223930156392	-2.23314677222986
			2.66037368187117	-2.23314677222986
			2.65850806217841	-2.23314677222986
			2.65664244248565	-2.23128115253711
			2.65477682279289	-2.23128115253711
			2.65291120310014	-2.22941553284435
			2.65104558340738	-2.22941553284435
			2.64917996371462	-2.22754991315159
			2.64731434402187	-2.22754991315159
			2.64544872432911	-2.22754991315159
			2.64358310463635	-2.22568429345884
			2.6417174849436	-2.22568429345884
			2.63985186525084	-2.22381867376608
			2.63798624555808	-2.22381867376608
			2.63612062586533	-2.22195305407332
			2.63425500617257	-2.22195305407332
			2.63238938647981	-2.22008743438057
			2.63052376678706	-2.22008743438057
			2.6286581470943	-2.21822181468781
			2.62679252740154	-2.21822181468781
			2.62492690770879	-2.21635619499505
			2.62306128801603	-2.2144905753023
			2.62119566832327	-2.2144905753023
			2.61933004863052	-2.21262495560954
			2.61746442893776	-2.21262495560954
			2.615598809245	-2.21075933591678
			2.61373318955225	-2.20889371622402
			2.61186756985949	-2.20889371622402
			2.61000195016673	-2.20702809653127
			2.60813633047398	-2.20702809653127
			2.60627071078122	-2.20516247683851
			2.60440509108846	-2.20329685714575
			2.6025394713957	-2.20329685714575
			2.60067385170295	-2.201431237453
			2.59880823201019	-2.19956561776024
			2.59694261231743	-2.19956561776024
			2.59507699262468	-2.19769999806748
			2.59321137293192	-2.19583437837473
			2.59134575323916	-2.19396875868197
			2.58948013354641	-2.19396875868197
			2.58761451385365	-2.19396875868197
			2.58574889416089	-2.19396875868197
			2.58388327446814	-2.19396875868197
			2.58201765477538	-2.19396875868197
			2.58015203508262	-2.19396875868197
			2.57828641538987	-2.19396875868197
			2.57642079569711	-2.19396875868197
			2.57455517600435	-2.19396875868197
			2.5726895563116	-2.19396875868197
			2.57082393661884	-2.19396875868197
			2.56895831692608	-2.19396875868197
			2.56709269723333	-2.19396875868197
			2.56522707754057	-2.19396875868197
			2.56336145784781	-2.19396875868197
			2.56149583815506	-2.19396875868197
			2.5596302184623	-2.19396875868197
			2.55776459876954	-2.19396875868197
			2.55589897907679	-2.19396875868197
			2.55403335938403	-2.19396875868197
			2.55216773969127	-2.19396875868197
			2.55030211999851	-2.19396875868197
			2.54843650030576	-2.19396875868197
			2.546570880613	-2.19583437837473
			2.54470526092024	-2.19583437837473
			2.54283964122749	-2.19583437837473
			2.54097402153473	-2.19583437837473
			2.53910840184197	-2.19583437837473
			2.53724278214922	-2.19583437837473
			2.53537716245646	-2.19583437837473
			2.5335115427637	-2.19583437837473
			2.53164592307095	-2.19583437837473
			2.52978030337819	-2.19769999806748
			2.52791468368543	-2.19769999806748
			2.52604906399268	-2.19769999806748
			2.52418344429992	-2.19769999806748
			2.52231782460716	-2.19769999806748
			2.52045220491441	-2.19769999806748
			2.51858658522165	-2.19956561776024
			2.51672096552889	-2.19956561776024
			2.51485534583614	-2.19956561776024
			2.51298972614338	-2.19956561776024
			2.51112410645062	-2.19956561776024
			2.50925848675787	-2.201431237453
			2.50739286706511	-2.201431237453
			2.50552724737235	-2.201431237453
			2.5036616276796	-2.201431237453
			2.50179600798684	-2.201431237453
			2.49993038829408	-2.20329685714575
			2.49806476860133	-2.20329685714575
			2.49619914890857	-2.20329685714575
			2.49433352921581	-2.20329685714575
			2.49246790952306	-2.20516247683851
			2.4906022898303	-2.20516247683851
			2.48873667013754	-2.20516247683851
			2.48687105044478	-2.20516247683851
			2.48500543075203	-2.20702809653127
			2.48313981105927	-2.20702809653127
			2.48127419136651	-2.20702809653127
			2.47940857167376	-2.20889371622402
			2.477542951981	-2.20889371622402
			2.47567733228824	-2.20889371622402
			2.47381171259549	-2.21075933591678
			2.47194609290273	-2.21075933591678
			2.47008047320997	-2.21075933591678
			2.46821485351722	-2.21075933591678
			2.46634923382446	-2.21262495560954
			2.4644836141317	-2.21262495560954
			2.46261799443895	-2.2144905753023
			2.46075237474619	-2.2144905753023
			2.45888675505343	-2.2144905753023
			2.45702113536068	-2.21635619499505
			2.45515551566792	-2.21635619499505
			2.45328989597516	-2.21635619499505
			2.45142427628241	-2.21822181468781
			2.44955865658965	-2.21822181468781
			2.44769303689689	-2.22008743438057
			2.44582741720414	-2.22008743438057
			2.44396179751138	-2.22008743438057
			2.44396179751138	-2.22195305407332
			2.44209617781862	-2.22195305407332
			2.44023055812587	-2.22195305407332
			2.43836493843311	-2.22381867376608
			2.43649931874035	-2.22381867376608
			2.43463369904759	-2.22568429345884
			2.43276807935484	-2.22568429345884
		</curvaI_espina_dorsal>
	</curves.scaled>
	<ruler.points type=matrix rownames=TRUE colnames=FALSE nrow=2 ncol=2 as.numeric=TRUE >
		Ruler point 1	1519	537
		Ruler point 2	2055	533
	</ruler.points>
</shapes>

