<shapes type=list>
	<ruler.pixel type=vector names=FALSE length=1 as.numeric=TRUE >539.003710562367</ruler.pixel>
	<ruler.interval type=vector names=FALSE length=1 as.numeric=TRUE >1</ruler.interval>
	<scaling.units type=vector names=FALSE length=1 as.numeric=FALSE >mm</scaling.units>
	<scaling type=vector names=FALSE length=1 as.numeric=TRUE >0.00186561969275678</scaling>
	<landmarks.pixel type=matrix rownames=TRUE colnames=FALSE nrow=3 ncol=2 as.numeric=TRUE >
		punta_espina_dorsal	1421	1151
		esq_izq_caparaza	1491	1369
		organo_dorsal	1721	1174
	</landmarks.pixel>
	<landmarks.scaled type=matrix rownames=TRUE colnames=FALSE nrow=3 ncol=2 as.numeric=TRUE >
		punta_espina_dorsal	2.65104558340738	-2.14732826636305
		esq_izq_caparaza	2.78163896190036	-2.55403335938403
		organo_dorsal	3.21073149123441	-2.19023751929646
	</landmarks.scaled>
	<curves.control type=list>
		<curvaD_espina_dorsal type=matrix rownames=FALSE colnames=FALSE nrow=7 ncol=2 as.numeric=TRUE >
			1421	1151
			1454	1143
			1492	1151
			1566	1163
			1611	1178
			1653	1205
			1721	1174
		</curvaD_espina_dorsal>
		<curvaI_espina_dorsal type=matrix rownames=FALSE colnames=FALSE nrow=9 ncol=2 as.numeric=TRUE >
			1421	1151
			1444	1154
			1508	1168
			1567	1188
			1594	1209
			1580	1253
			1521	1294
			1495	1327
			1491	1369
		</curvaI_espina_dorsal>
	</curves.control>
	<curves.pixel type=list>
		<curvaD_espina_dorsal type=matrix rownames=FALSE colnames=FALSE nrow=306 ncol=2 as.numeric=TRUE >
			1421	1151
			1422	1151
			1423	1151
			1424	1150
			1425	1150
			1426	1150
			1427	1150
			1428	1149
			1429	1149
			1430	1149
			1431	1149
			1432	1149
			1433	1149
			1434	1149
			1435	1148
			1436	1148
			1437	1148
			1438	1148
			1439	1148
			1440	1148
			1441	1148
			1442	1148
			1443	1148
			1444	1147
			1445	1147
			1446	1147
			1447	1147
			1448	1147
			1449	1147
			1450	1147
			1451	1147
			1452	1147
			1453	1147
			1454	1147
			1455	1147
			1456	1147
			1457	1147
			1458	1147
			1459	1147
			1460	1147
			1461	1147
			1462	1147
			1463	1147
			1464	1147
			1465	1147
			1466	1147
			1467	1147
			1468	1147
			1469	1148
			1470	1148
			1471	1148
			1472	1148
			1473	1148
			1474	1148
			1475	1148
			1476	1148
			1477	1148
			1477	1149
			1478	1149
			1479	1149
			1480	1149
			1481	1149
			1482	1149
			1483	1149
			1484	1150
			1485	1150
			1486	1150
			1487	1150
			1488	1150
			1489	1150
			1490	1151
			1491	1151
			1492	1151
			1493	1151
			1494	1151
			1495	1152
			1496	1152
			1497	1152
			1498	1152
			1499	1152
			1500	1152
			1501	1153
			1502	1153
			1503	1153
			1504	1153
			1505	1153
			1506	1153
			1507	1154
			1508	1154
			1509	1154
			1510	1154
			1511	1154
			1512	1154
			1513	1155
			1514	1155
			1515	1155
			1516	1155
			1517	1155
			1518	1156
			1519	1156
			1520	1156
			1521	1156
			1522	1156
			1523	1156
			1524	1157
			1525	1157
			1526	1157
			1527	1157
			1528	1157
			1529	1158
			1530	1158
			1531	1158
			1532	1158
			1533	1158
			1534	1158
			1535	1159
			1536	1159
			1537	1159
			1538	1159
			1539	1159
			1539	1160
			1540	1160
			1541	1160
			1542	1160
			1543	1160
			1544	1161
			1545	1161
			1546	1161
			1547	1161
			1548	1161
			1549	1162
			1550	1162
			1551	1162
			1552	1162
			1553	1162
			1554	1163
			1555	1163
			1556	1163
			1557	1163
			1558	1164
			1559	1164
			1560	1164
			1561	1164
			1562	1164
			1563	1165
			1564	1165
			1565	1165
			1566	1165
			1567	1166
			1568	1166
			1569	1166
			1570	1166
			1571	1167
			1572	1167
			1573	1167
			1574	1167
			1574	1168
			1575	1168
			1576	1168
			1577	1168
			1578	1168
			1579	1169
			1580	1169
			1581	1169
			1582	1169
			1583	1170
			1584	1170
			1585	1170
			1586	1171
			1587	1171
			1588	1171
			1589	1171
			1590	1172
			1591	1172
			1592	1172
			1593	1172
			1593	1173
			1594	1173
			1595	1173
			1596	1173
			1597	1174
			1598	1174
			1599	1174
			1600	1174
			1601	1175
			1602	1175
			1603	1176
			1604	1176
			1605	1176
			1606	1176
			1607	1177
			1608	1177
			1609	1177
			1610	1178
			1611	1178
			1612	1179
			1613	1179
			1614	1180
			1615	1180
			1616	1181
			1617	1181
			1618	1182
			1619	1182
			1620	1183
			1621	1183
			1622	1184
			1623	1184
			1624	1185
			1625	1185
			1626	1185
			1627	1186
			1628	1186
			1629	1186
			1630	1187
			1631	1187
			1632	1187
			1633	1188
			1634	1188
			1635	1188
			1636	1188
			1637	1189
			1638	1189
			1639	1189
			1640	1189
			1641	1189
			1642	1190
			1643	1190
			1644	1190
			1645	1190
			1646	1190
			1647	1190
			1648	1190
			1649	1190
			1650	1190
			1651	1190
			1652	1191
			1653	1191
			1654	1191
			1655	1191
			1656	1191
			1657	1191
			1658	1191
			1659	1191
			1660	1190
			1661	1190
			1662	1190
			1663	1190
			1664	1190
			1665	1190
			1666	1190
			1667	1190
			1668	1190
			1669	1190
			1670	1190
			1671	1190
			1671	1189
			1672	1189
			1673	1189
			1674	1189
			1675	1189
			1676	1189
			1677	1188
			1678	1188
			1679	1188
			1680	1188
			1681	1188
			1682	1188
			1683	1187
			1684	1187
			1685	1187
			1686	1187
			1687	1186
			1688	1186
			1689	1186
			1690	1186
			1691	1185
			1692	1185
			1693	1185
			1694	1184
			1695	1184
			1696	1184
			1697	1183
			1698	1183
			1699	1183
			1700	1182
			1701	1182
			1702	1182
			1703	1181
			1704	1181
			1705	1181
			1706	1180
			1707	1180
			1708	1179
			1709	1179
			1710	1179
			1711	1178
			1712	1178
			1713	1177
			1714	1177
			1715	1177
			1716	1176
			1717	1176
			1718	1175
			1719	1175
			1720	1174
			1721	1174
		</curvaD_espina_dorsal>
		<curvaI_espina_dorsal type=matrix rownames=FALSE colnames=FALSE nrow=357 ncol=2 as.numeric=TRUE >
			1421	1151
			1422	1151
			1423	1151
			1424	1151
			1425	1152
			1426	1152
			1427	1152
			1428	1152
			1429	1152
			1430	1152
			1431	1153
			1432	1153
			1433	1153
			1434	1153
			1435	1153
			1436	1153
			1437	1154
			1438	1154
			1439	1154
			1440	1154
			1441	1154
			1442	1154
			1443	1155
			1444	1155
			1445	1155
			1446	1155
			1447	1155
			1448	1155
			1448	1156
			1449	1156
			1450	1156
			1451	1156
			1452	1156
			1453	1157
			1454	1157
			1455	1157
			1456	1157
			1457	1157
			1458	1157
			1459	1158
			1460	1158
			1461	1158
			1462	1158
			1463	1158
			1464	1159
			1465	1159
			1466	1159
			1467	1159
			1468	1160
			1469	1160
			1470	1160
			1471	1160
			1472	1160
			1473	1160
			1474	1161
			1475	1161
			1476	1161
			1477	1161
			1478	1162
			1479	1162
			1480	1162
			1481	1162
			1482	1162
			1483	1163
			1484	1163
			1485	1163
			1486	1163
			1487	1163
			1488	1164
			1489	1164
			1490	1164
			1491	1164
			1492	1165
			1493	1165
			1494	1165
			1495	1165
			1496	1165
			1497	1166
			1498	1166
			1499	1166
			1500	1166
			1501	1166
			1502	1167
			1503	1167
			1504	1167
			1505	1167
			1506	1168
			1507	1168
			1508	1168
			1509	1168
			1510	1169
			1511	1169
			1512	1169
			1513	1170
			1514	1170
			1515	1170
			1516	1171
			1517	1171
			1518	1171
			1519	1172
			1520	1172
			1521	1173
			1522	1173
			1523	1173
			1524	1174
			1525	1174
			1526	1175
			1527	1175
			1528	1175
			1529	1175
			1529	1176
			1530	1176
			1531	1176
			1532	1177
			1533	1177
			1534	1178
			1535	1178
			1536	1178
			1537	1179
			1538	1179
			1539	1179
			1540	1180
			1541	1180
			1542	1181
			1543	1181
			1544	1182
			1545	1182
			1546	1182
			1547	1183
			1548	1183
			1549	1184
			1550	1184
			1551	1185
			1552	1185
			1553	1185
			1554	1186
			1555	1186
			1555	1187
			1556	1187
			1557	1187
			1558	1188
			1559	1188
			1560	1189
			1561	1189
			1562	1189
			1562	1190
			1563	1190
			1564	1191
			1565	1191
			1566	1192
			1567	1192
			1568	1193
			1569	1193
			1570	1194
			1571	1194
			1572	1195
			1573	1195
			1574	1196
			1575	1196
			1576	1197
			1577	1198
			1578	1198
			1579	1199
			1580	1200
			1581	1200
			1582	1201
			1583	1201
			1584	1202
			1585	1203
			1586	1203
			1587	1204
			1588	1205
			1589	1205
			1590	1206
			1591	1207
			1592	1208
			1593	1208
			1594	1209
			1594	1210
			1593	1211
			1593	1212
			1593	1213
			1592	1214
			1592	1215
			1592	1216
			1591	1217
			1591	1218
			1590	1219
			1590	1220
			1589	1221
			1589	1222
			1588	1223
			1588	1224
			1587	1225
			1587	1226
			1586	1227
			1586	1228
			1585	1229
			1585	1230
			1584	1231
			1583	1232
			1583	1233
			1582	1234
			1582	1235
			1581	1236
			1581	1237
			1580	1238
			1579	1239
			1579	1240
			1578	1240
			1577	1241
			1577	1242
			1576	1243
			1575	1244
			1575	1245
			1574	1246
			1573	1247
			1572	1248
			1572	1249
			1571	1250
			1570	1251
			1569	1252
			1568	1253
			1567	1254
			1566	1255
			1566	1256
			1565	1256
			1564	1257
			1564	1258
			1563	1258
			1563	1259
			1562	1260
			1561	1260
			1561	1261
			1560	1262
			1559	1262
			1559	1263
			1558	1264
			1557	1264
			1557	1265
			1556	1266
			1555	1266
			1555	1267
			1554	1268
			1553	1268
			1553	1269
			1552	1270
			1551	1270
			1550	1271
			1550	1272
			1549	1272
			1548	1273
			1547	1274
			1546	1275
			1545	1276
			1544	1276
			1543	1277
			1542	1278
			1541	1279
			1540	1280
			1539	1280
			1538	1281
			1537	1282
			1536	1283
			1535	1283
			1534	1284
			1533	1285
			1532	1286
			1531	1287
			1530	1287
			1529	1288
			1528	1289
			1527	1290
			1526	1290
			1525	1291
			1524	1292
			1523	1293
			1522	1294
			1521	1294
			1520	1295
			1519	1296
			1518	1297
			1518	1298
			1517	1299
			1517	1300
			1516	1300
			1516	1301
			1515	1302
			1515	1303
			1514	1303
			1514	1304
			1513	1305
			1513	1306
			1512	1307
			1511	1308
			1511	1309
			1510	1310
			1509	1311
			1509	1312
			1508	1313
			1508	1314
			1507	1315
			1507	1316
			1506	1317
			1506	1318
			1505	1319
			1505	1320
			1504	1321
			1504	1322
			1503	1323
			1503	1324
			1502	1325
			1502	1326
			1502	1327
			1501	1328
			1501	1329
			1500	1330
			1500	1331
			1500	1332
			1499	1333
			1499	1334
			1498	1335
			1498	1336
			1498	1337
			1497	1338
			1497	1339
			1497	1340
			1496	1341
			1496	1342
			1496	1343
			1495	1344
			1495	1345
			1495	1346
			1495	1347
			1495	1348
			1494	1348
			1494	1349
			1494	1350
			1494	1351
			1494	1352
			1493	1353
			1493	1354
			1493	1355
			1493	1356
			1493	1357
			1492	1358
			1492	1359
			1492	1360
			1492	1361
			1492	1362
			1492	1363
			1492	1364
			1491	1365
			1491	1366
			1491	1367
			1491	1368
			1491	1369
		</curvaI_espina_dorsal>
	</curves.pixel>
	<curves.scaled type=list>
		<curvaD_espina_dorsal type=matrix rownames=FALSE colnames=FALSE nrow=306 ncol=2 as.numeric=TRUE >
			2.65104558340738	-2.14732826636305
			2.65291120310014	-2.14732826636305
			2.65477682279289	-2.14732826636305
			2.65664244248565	-2.14546264667029
			2.65850806217841	-2.14546264667029
			2.66037368187117	-2.14546264667029
			2.66223930156392	-2.14546264667029
			2.66410492125668	-2.14359702697754
			2.66597054094944	-2.14359702697754
			2.66783616064219	-2.14359702697754
			2.66970178033495	-2.14359702697754
			2.67156740002771	-2.14359702697754
			2.67343301972046	-2.14359702697754
			2.67529863941322	-2.14359702697754
			2.67716425910598	-2.14173140728478
			2.67902987879873	-2.14173140728478
			2.68089549849149	-2.14173140728478
			2.68276111818425	-2.14173140728478
			2.684626737877	-2.14173140728478
			2.68649235756976	-2.14173140728478
			2.68835797726252	-2.14173140728478
			2.69022359695527	-2.14173140728478
			2.69208921664803	-2.14173140728478
			2.69395483634079	-2.13986578759202
			2.69582045603354	-2.13986578759202
			2.6976860757263	-2.13986578759202
			2.69955169541906	-2.13986578759202
			2.70141731511181	-2.13986578759202
			2.70328293480457	-2.13986578759202
			2.70514855449733	-2.13986578759202
			2.70701417419008	-2.13986578759202
			2.70887979388284	-2.13986578759202
			2.7107454135756	-2.13986578759202
			2.71261103326835	-2.13986578759202
			2.71447665296111	-2.13986578759202
			2.71634227265387	-2.13986578759202
			2.71820789234663	-2.13986578759202
			2.72007351203938	-2.13986578759202
			2.72193913173214	-2.13986578759202
			2.7238047514249	-2.13986578759202
			2.72567037111765	-2.13986578759202
			2.72753599081041	-2.13986578759202
			2.72940161050317	-2.13986578759202
			2.73126723019592	-2.13986578759202
			2.73313284988868	-2.13986578759202
			2.73499846958144	-2.13986578759202
			2.73686408927419	-2.13986578759202
			2.73872970896695	-2.13986578759202
			2.74059532865971	-2.14173140728478
			2.74246094835246	-2.14173140728478
			2.74432656804522	-2.14173140728478
			2.74619218773798	-2.14173140728478
			2.74805780743073	-2.14173140728478
			2.74992342712349	-2.14173140728478
			2.75178904681625	-2.14173140728478
			2.753654666509	-2.14173140728478
			2.75552028620176	-2.14173140728478
			2.75552028620176	-2.14359702697754
			2.75738590589452	-2.14359702697754
			2.75925152558727	-2.14359702697754
			2.76111714528003	-2.14359702697754
			2.76298276497279	-2.14359702697754
			2.76484838466554	-2.14359702697754
			2.7667140043583	-2.14359702697754
			2.76857962405106	-2.14546264667029
			2.77044524374381	-2.14546264667029
			2.77231086343657	-2.14546264667029
			2.77417648312933	-2.14546264667029
			2.77604210282209	-2.14546264667029
			2.77790772251484	-2.14546264667029
			2.7797733422076	-2.14732826636305
			2.78163896190036	-2.14732826636305
			2.78350458159311	-2.14732826636305
			2.78537020128587	-2.14732826636305
			2.78723582097863	-2.14732826636305
			2.78910144067138	-2.14919388605581
			2.79096706036414	-2.14919388605581
			2.7928326800569	-2.14919388605581
			2.79469829974965	-2.14919388605581
			2.79656391944241	-2.14919388605581
			2.79842953913517	-2.14919388605581
			2.80029515882792	-2.15105950574856
			2.80216077852068	-2.15105950574856
			2.80402639821344	-2.15105950574856
			2.80589201790619	-2.15105950574856
			2.80775763759895	-2.15105950574856
			2.80962325729171	-2.15105950574856
			2.81148887698446	-2.15292512544132
			2.81335449667722	-2.15292512544132
			2.81522011636998	-2.15292512544132
			2.81708573606273	-2.15292512544132
			2.81895135575549	-2.15292512544132
			2.82081697544825	-2.15292512544132
			2.822682595141	-2.15479074513408
			2.82454821483376	-2.15479074513408
			2.82641383452652	-2.15479074513408
			2.82827945421927	-2.15479074513408
			2.83014507391203	-2.15479074513408
			2.83201069360479	-2.15665636482683
			2.83387631329755	-2.15665636482683
			2.8357419329903	-2.15665636482683
			2.83760755268306	-2.15665636482683
			2.83947317237582	-2.15665636482683
			2.84133879206857	-2.15665636482683
			2.84320441176133	-2.15852198451959
			2.84507003145409	-2.15852198451959
			2.84693565114684	-2.15852198451959
			2.8488012708396	-2.15852198451959
			2.85066689053236	-2.15852198451959
			2.85253251022511	-2.16038760421235
			2.85439812991787	-2.16038760421235
			2.85626374961063	-2.16038760421235
			2.85812936930338	-2.16038760421235
			2.85999498899614	-2.16038760421235
			2.8618606086889	-2.16038760421235
			2.86372622838165	-2.16225322390511
			2.86559184807441	-2.16225322390511
			2.86745746776717	-2.16225322390511
			2.86932308745992	-2.16225322390511
			2.87118870715268	-2.16225322390511
			2.87118870715268	-2.16411884359786
			2.87305432684544	-2.16411884359786
			2.87491994653819	-2.16411884359786
			2.87678556623095	-2.16411884359786
			2.87865118592371	-2.16411884359786
			2.88051680561646	-2.16598446329062
			2.88238242530922	-2.16598446329062
			2.88424804500198	-2.16598446329062
			2.88611366469474	-2.16598446329062
			2.88797928438749	-2.16598446329062
			2.88984490408025	-2.16785008298338
			2.89171052377301	-2.16785008298338
			2.89357614346576	-2.16785008298338
			2.89544176315852	-2.16785008298338
			2.89730738285128	-2.16785008298338
			2.89917300254403	-2.16971570267613
			2.90103862223679	-2.16971570267613
			2.90290424192955	-2.16971570267613
			2.9047698616223	-2.16971570267613
			2.90663548131506	-2.17158132236889
			2.90850110100782	-2.17158132236889
			2.91036672070057	-2.17158132236889
			2.91223234039333	-2.17158132236889
			2.91409796008609	-2.17158132236889
			2.91596357977884	-2.17344694206165
			2.9178291994716	-2.17344694206165
			2.91969481916436	-2.17344694206165
			2.92156043885711	-2.17344694206165
			2.92342605854987	-2.1753125617544
			2.92529167824263	-2.1753125617544
			2.92715729793538	-2.1753125617544
			2.92902291762814	-2.1753125617544
			2.9308885373209	-2.17717818144716
			2.93275415701365	-2.17717818144716
			2.93461977670641	-2.17717818144716
			2.93648539639917	-2.17717818144716
			2.93648539639917	-2.17904380113992
			2.93835101609193	-2.17904380113992
			2.94021663578468	-2.17904380113992
			2.94208225547744	-2.17904380113992
			2.9439478751702	-2.17904380113992
			2.94581349486295	-2.18090942083267
			2.94767911455571	-2.18090942083267
			2.94954473424847	-2.18090942083267
			2.95141035394122	-2.18090942083267
			2.95327597363398	-2.18277504052543
			2.95514159332674	-2.18277504052543
			2.95700721301949	-2.18277504052543
			2.95887283271225	-2.18464066021819
			2.96073845240501	-2.18464066021819
			2.96260407209776	-2.18464066021819
			2.96446969179052	-2.18464066021819
			2.96633531148328	-2.18650627991094
			2.96820093117603	-2.18650627991094
			2.97006655086879	-2.18650627991094
			2.97193217056155	-2.18650627991094
			2.97193217056155	-2.1883718996037
			2.9737977902543	-2.1883718996037
			2.97566340994706	-2.1883718996037
			2.97752902963982	-2.1883718996037
			2.97939464933257	-2.19023751929646
			2.98126026902533	-2.19023751929646
			2.98312588871809	-2.19023751929646
			2.98499150841084	-2.19023751929646
			2.9868571281036	-2.19210313898921
			2.98872274779636	-2.19210313898921
			2.99058836748911	-2.19396875868197
			2.99245398718187	-2.19396875868197
			2.99431960687463	-2.19396875868197
			2.99618522656738	-2.19396875868197
			2.99805084626014	-2.19583437837473
			2.9999164659529	-2.19583437837473
			3.00178208564566	-2.19583437837473
			3.00364770533841	-2.19769999806748
			3.00551332503117	-2.19769999806748
			3.00737894472393	-2.19956561776024
			3.00924456441668	-2.19956561776024
			3.01111018410944	-2.201431237453
			3.0129758038022	-2.201431237453
			3.01484142349495	-2.20329685714575
			3.01670704318771	-2.20329685714575
			3.01857266288047	-2.20516247683851
			3.02043828257322	-2.20516247683851
			3.02230390226598	-2.20702809653127
			3.02416952195874	-2.20702809653127
			3.02603514165149	-2.20889371622402
			3.02790076134425	-2.20889371622402
			3.02976638103701	-2.21075933591678
			3.03163200072976	-2.21075933591678
			3.03349762042252	-2.21075933591678
			3.03536324011528	-2.21262495560954
			3.03722885980803	-2.21262495560954
			3.03909447950079	-2.21262495560954
			3.04096009919355	-2.2144905753023
			3.0428257188863	-2.2144905753023
			3.04469133857906	-2.2144905753023
			3.04655695827182	-2.21635619499505
			3.04842257796457	-2.21635619499505
			3.05028819765733	-2.21635619499505
			3.05215381735009	-2.21635619499505
			3.05401943704285	-2.21822181468781
			3.0558850567356	-2.21822181468781
			3.05775067642836	-2.21822181468781
			3.05961629612112	-2.21822181468781
			3.06148191581387	-2.21822181468781
			3.06334753550663	-2.22008743438057
			3.06521315519939	-2.22008743438057
			3.06707877489214	-2.22008743438057
			3.0689443945849	-2.22008743438057
			3.07081001427766	-2.22008743438057
			3.07267563397041	-2.22008743438057
			3.07454125366317	-2.22008743438057
			3.07640687335593	-2.22008743438057
			3.07827249304868	-2.22008743438057
			3.08013811274144	-2.22008743438057
			3.0820037324342	-2.22195305407332
			3.08386935212695	-2.22195305407332
			3.08573497181971	-2.22195305407332
			3.08760059151247	-2.22195305407332
			3.08946621120522	-2.22195305407332
			3.09133183089798	-2.22195305407332
			3.09319745059074	-2.22195305407332
			3.09506307028349	-2.22195305407332
			3.09692868997625	-2.22008743438057
			3.09879430966901	-2.22008743438057
			3.10065992936176	-2.22008743438057
			3.10252554905452	-2.22008743438057
			3.10439116874728	-2.22008743438057
			3.10625678844003	-2.22008743438057
			3.10812240813279	-2.22008743438057
			3.10998802782555	-2.22008743438057
			3.11185364751831	-2.22008743438057
			3.11371926721106	-2.22008743438057
			3.11558488690382	-2.22008743438057
			3.11745050659658	-2.22008743438057
			3.11745050659658	-2.21822181468781
			3.11931612628933	-2.21822181468781
			3.12118174598209	-2.21822181468781
			3.12304736567485	-2.21822181468781
			3.1249129853676	-2.21822181468781
			3.12677860506036	-2.21822181468781
			3.12864422475312	-2.21635619499505
			3.13050984444587	-2.21635619499505
			3.13237546413863	-2.21635619499505
			3.13424108383139	-2.21635619499505
			3.13610670352414	-2.21635619499505
			3.1379723232169	-2.21635619499505
			3.13983794290966	-2.2144905753023
			3.14170356260241	-2.2144905753023
			3.14356918229517	-2.2144905753023
			3.14543480198793	-2.2144905753023
			3.14730042168068	-2.21262495560954
			3.14916604137344	-2.21262495560954
			3.1510316610662	-2.21262495560954
			3.15289728075895	-2.21262495560954
			3.15476290045171	-2.21075933591678
			3.15662852014447	-2.21075933591678
			3.15849413983722	-2.21075933591678
			3.16035975952998	-2.20889371622402
			3.16222537922274	-2.20889371622402
			3.1640909989155	-2.20889371622402
			3.16595661860825	-2.20702809653127
			3.16782223830101	-2.20702809653127
			3.16968785799377	-2.20702809653127
			3.17155347768652	-2.20516247683851
			3.17341909737928	-2.20516247683851
			3.17528471707204	-2.20516247683851
			3.17715033676479	-2.20329685714575
			3.17901595645755	-2.20329685714575
			3.18088157615031	-2.20329685714575
			3.18274719584306	-2.201431237453
			3.18461281553582	-2.201431237453
			3.18647843522858	-2.19956561776024
			3.18834405492133	-2.19956561776024
			3.19020967461409	-2.19956561776024
			3.19207529430685	-2.19769999806748
			3.1939409139996	-2.19769999806748
			3.19580653369236	-2.19583437837473
			3.19767215338512	-2.19583437837473
			3.19953777307787	-2.19583437837473
			3.20140339277063	-2.19396875868197
			3.20326901246339	-2.19396875868197
			3.20513463215614	-2.19210313898921
			3.2070002518489	-2.19210313898921
			3.20886587154166	-2.19023751929646
			3.21073149123441	-2.19023751929646
		</curvaD_espina_dorsal>
		<curvaI_espina_dorsal type=matrix rownames=FALSE colnames=FALSE nrow=357 ncol=2 as.numeric=TRUE >
			2.65104558340738	-2.14732826636305
			2.65291120310014	-2.14732826636305
			2.65477682279289	-2.14732826636305
			2.65664244248565	-2.14732826636305
			2.65850806217841	-2.14919388605581
			2.66037368187117	-2.14919388605581
			2.66223930156392	-2.14919388605581
			2.66410492125668	-2.14919388605581
			2.66597054094944	-2.14919388605581
			2.66783616064219	-2.14919388605581
			2.66970178033495	-2.15105950574856
			2.67156740002771	-2.15105950574856
			2.67343301972046	-2.15105950574856
			2.67529863941322	-2.15105950574856
			2.67716425910598	-2.15105950574856
			2.67902987879873	-2.15105950574856
			2.68089549849149	-2.15292512544132
			2.68276111818425	-2.15292512544132
			2.684626737877	-2.15292512544132
			2.68649235756976	-2.15292512544132
			2.68835797726252	-2.15292512544132
			2.69022359695527	-2.15292512544132
			2.69208921664803	-2.15479074513408
			2.69395483634079	-2.15479074513408
			2.69582045603354	-2.15479074513408
			2.6976860757263	-2.15479074513408
			2.69955169541906	-2.15479074513408
			2.70141731511181	-2.15479074513408
			2.70141731511181	-2.15665636482683
			2.70328293480457	-2.15665636482683
			2.70514855449733	-2.15665636482683
			2.70701417419008	-2.15665636482683
			2.70887979388284	-2.15665636482683
			2.7107454135756	-2.15852198451959
			2.71261103326835	-2.15852198451959
			2.71447665296111	-2.15852198451959
			2.71634227265387	-2.15852198451959
			2.71820789234663	-2.15852198451959
			2.72007351203938	-2.15852198451959
			2.72193913173214	-2.16038760421235
			2.7238047514249	-2.16038760421235
			2.72567037111765	-2.16038760421235
			2.72753599081041	-2.16038760421235
			2.72940161050317	-2.16038760421235
			2.73126723019592	-2.16225322390511
			2.73313284988868	-2.16225322390511
			2.73499846958144	-2.16225322390511
			2.73686408927419	-2.16225322390511
			2.73872970896695	-2.16411884359786
			2.74059532865971	-2.16411884359786
			2.74246094835246	-2.16411884359786
			2.74432656804522	-2.16411884359786
			2.74619218773798	-2.16411884359786
			2.74805780743073	-2.16411884359786
			2.74992342712349	-2.16598446329062
			2.75178904681625	-2.16598446329062
			2.753654666509	-2.16598446329062
			2.75552028620176	-2.16598446329062
			2.75738590589452	-2.16785008298338
			2.75925152558727	-2.16785008298338
			2.76111714528003	-2.16785008298338
			2.76298276497279	-2.16785008298338
			2.76484838466554	-2.16785008298338
			2.7667140043583	-2.16971570267613
			2.76857962405106	-2.16971570267613
			2.77044524374381	-2.16971570267613
			2.77231086343657	-2.16971570267613
			2.77417648312933	-2.16971570267613
			2.77604210282209	-2.17158132236889
			2.77790772251484	-2.17158132236889
			2.7797733422076	-2.17158132236889
			2.78163896190036	-2.17158132236889
			2.78350458159311	-2.17344694206165
			2.78537020128587	-2.17344694206165
			2.78723582097863	-2.17344694206165
			2.78910144067138	-2.17344694206165
			2.79096706036414	-2.17344694206165
			2.7928326800569	-2.1753125617544
			2.79469829974965	-2.1753125617544
			2.79656391944241	-2.1753125617544
			2.79842953913517	-2.1753125617544
			2.80029515882792	-2.1753125617544
			2.80216077852068	-2.17717818144716
			2.80402639821344	-2.17717818144716
			2.80589201790619	-2.17717818144716
			2.80775763759895	-2.17717818144716
			2.80962325729171	-2.17904380113992
			2.81148887698446	-2.17904380113992
			2.81335449667722	-2.17904380113992
			2.81522011636998	-2.17904380113992
			2.81708573606273	-2.18090942083267
			2.81895135575549	-2.18090942083267
			2.82081697544825	-2.18090942083267
			2.822682595141	-2.18277504052543
			2.82454821483376	-2.18277504052543
			2.82641383452652	-2.18277504052543
			2.82827945421927	-2.18464066021819
			2.83014507391203	-2.18464066021819
			2.83201069360479	-2.18464066021819
			2.83387631329755	-2.18650627991094
			2.8357419329903	-2.18650627991094
			2.83760755268306	-2.1883718996037
			2.83947317237582	-2.1883718996037
			2.84133879206857	-2.1883718996037
			2.84320441176133	-2.19023751929646
			2.84507003145409	-2.19023751929646
			2.84693565114684	-2.19210313898921
			2.8488012708396	-2.19210313898921
			2.85066689053236	-2.19210313898921
			2.85253251022511	-2.19210313898921
			2.85253251022511	-2.19396875868197
			2.85439812991787	-2.19396875868197
			2.85626374961063	-2.19396875868197
			2.85812936930338	-2.19583437837473
			2.85999498899614	-2.19583437837473
			2.8618606086889	-2.19769999806748
			2.86372622838165	-2.19769999806748
			2.86559184807441	-2.19769999806748
			2.86745746776717	-2.19956561776024
			2.86932308745992	-2.19956561776024
			2.87118870715268	-2.19956561776024
			2.87305432684544	-2.201431237453
			2.87491994653819	-2.201431237453
			2.87678556623095	-2.20329685714575
			2.87865118592371	-2.20329685714575
			2.88051680561646	-2.20516247683851
			2.88238242530922	-2.20516247683851
			2.88424804500198	-2.20516247683851
			2.88611366469474	-2.20702809653127
			2.88797928438749	-2.20702809653127
			2.88984490408025	-2.20889371622402
			2.89171052377301	-2.20889371622402
			2.89357614346576	-2.21075933591678
			2.89544176315852	-2.21075933591678
			2.89730738285128	-2.21075933591678
			2.89917300254403	-2.21262495560954
			2.90103862223679	-2.21262495560954
			2.90103862223679	-2.2144905753023
			2.90290424192955	-2.2144905753023
			2.9047698616223	-2.2144905753023
			2.90663548131506	-2.21635619499505
			2.90850110100782	-2.21635619499505
			2.91036672070057	-2.21822181468781
			2.91223234039333	-2.21822181468781
			2.91409796008609	-2.21822181468781
			2.91409796008609	-2.22008743438057
			2.91596357977884	-2.22008743438057
			2.9178291994716	-2.22195305407332
			2.91969481916436	-2.22195305407332
			2.92156043885711	-2.22381867376608
			2.92342605854987	-2.22381867376608
			2.92529167824263	-2.22568429345884
			2.92715729793538	-2.22568429345884
			2.92902291762814	-2.22754991315159
			2.9308885373209	-2.22754991315159
			2.93275415701365	-2.22941553284435
			2.93461977670641	-2.22941553284435
			2.93648539639917	-2.23128115253711
			2.93835101609193	-2.23128115253711
			2.94021663578468	-2.23314677222986
			2.94208225547744	-2.23501239192262
			2.9439478751702	-2.23501239192262
			2.94581349486295	-2.23687801161538
			2.94767911455571	-2.23874363130813
			2.94954473424847	-2.23874363130813
			2.95141035394122	-2.24060925100089
			2.95327597363398	-2.24060925100089
			2.95514159332674	-2.24247487069365
			2.95700721301949	-2.2443404903864
			2.95887283271225	-2.2443404903864
			2.96073845240501	-2.24620611007916
			2.96260407209776	-2.24807172977192
			2.96446969179052	-2.24807172977192
			2.96633531148328	-2.24993734946467
			2.96820093117603	-2.25180296915743
			2.97006655086879	-2.25366858885019
			2.97193217056155	-2.25366858885019
			2.9737977902543	-2.25553420854294
			2.9737977902543	-2.2573998282357
			2.97193217056155	-2.25926544792846
			2.97193217056155	-2.26113106762121
			2.97193217056155	-2.26299668731397
			2.97006655086879	-2.26486230700673
			2.97006655086879	-2.26672792669949
			2.97006655086879	-2.26859354639224
			2.96820093117603	-2.270459166085
			2.96820093117603	-2.27232478577776
			2.96633531148328	-2.27419040547051
			2.96633531148328	-2.27605602516327
			2.96446969179052	-2.27792164485603
			2.96446969179052	-2.27978726454878
			2.96260407209776	-2.28165288424154
			2.96260407209776	-2.2835185039343
			2.96073845240501	-2.28538412362705
			2.96073845240501	-2.28724974331981
			2.95887283271225	-2.28911536301257
			2.95887283271225	-2.29098098270532
			2.95700721301949	-2.29284660239808
			2.95700721301949	-2.29471222209084
			2.95514159332674	-2.29657784178359
			2.95327597363398	-2.29844346147635
			2.95327597363398	-2.30030908116911
			2.95141035394122	-2.30217470086186
			2.95141035394122	-2.30404032055462
			2.94954473424847	-2.30590594024738
			2.94954473424847	-2.30777155994013
			2.94767911455571	-2.30963717963289
			2.94581349486295	-2.31150279932565
			2.94581349486295	-2.3133684190184
			2.9439478751702	-2.3133684190184
			2.94208225547744	-2.31523403871116
			2.94208225547744	-2.31709965840392
			2.94021663578468	-2.31896527809667
			2.93835101609193	-2.32083089778943
			2.93835101609193	-2.32269651748219
			2.93648539639917	-2.32456213717494
			2.93461977670641	-2.3264277568677
			2.93275415701365	-2.32829337656046
			2.93275415701365	-2.33015899625322
			2.9308885373209	-2.33202461594597
			2.92902291762814	-2.33389023563873
			2.92715729793538	-2.33575585533149
			2.92529167824263	-2.33762147502424
			2.92342605854987	-2.339487094717
			2.92156043885711	-2.34135271440976
			2.92156043885711	-2.34321833410251
			2.91969481916436	-2.34321833410251
			2.9178291994716	-2.34508395379527
			2.9178291994716	-2.34694957348803
			2.91596357977884	-2.34694957348803
			2.91596357977884	-2.34881519318078
			2.91409796008609	-2.35068081287354
			2.91223234039333	-2.35068081287354
			2.91223234039333	-2.3525464325663
			2.91036672070057	-2.35441205225905
			2.90850110100782	-2.35441205225905
			2.90850110100782	-2.35627767195181
			2.90663548131506	-2.35814329164457
			2.9047698616223	-2.35814329164457
			2.9047698616223	-2.36000891133732
			2.90290424192955	-2.36187453103008
			2.90103862223679	-2.36187453103008
			2.90103862223679	-2.36374015072284
			2.89917300254403	-2.36560577041559
			2.89730738285128	-2.36560577041559
			2.89730738285128	-2.36747139010835
			2.89544176315852	-2.36933700980111
			2.89357614346576	-2.36933700980111
			2.89171052377301	-2.37120262949386
			2.89171052377301	-2.37306824918662
			2.88984490408025	-2.37306824918662
			2.88797928438749	-2.37493386887938
			2.88611366469474	-2.37679948857213
			2.88424804500198	-2.37866510826489
			2.88238242530922	-2.38053072795765
			2.88051680561646	-2.38053072795765
			2.87865118592371	-2.38239634765041
			2.87678556623095	-2.38426196734316
			2.87491994653819	-2.38612758703592
			2.87305432684544	-2.38799320672868
			2.87118870715268	-2.38799320672868
			2.86932308745992	-2.38985882642143
			2.86745746776717	-2.39172444611419
			2.86559184807441	-2.39359006580695
			2.86372622838165	-2.39359006580695
			2.8618606086889	-2.3954556854997
			2.85999498899614	-2.39732130519246
			2.85812936930338	-2.39918692488522
			2.85626374961063	-2.40105254457797
			2.85439812991787	-2.40105254457797
			2.85253251022511	-2.40291816427073
			2.85066689053236	-2.40478378396349
			2.8488012708396	-2.40664940365624
			2.84693565114684	-2.40664940365624
			2.84507003145409	-2.408515023349
			2.84320441176133	-2.41038064304176
			2.84133879206857	-2.41224626273451
			2.83947317237582	-2.41411188242727
			2.83760755268306	-2.41411188242727
			2.8357419329903	-2.41597750212003
			2.83387631329755	-2.41784312181278
			2.83201069360479	-2.41970874150554
			2.83201069360479	-2.4215743611983
			2.83014507391203	-2.42343998089105
			2.83014507391203	-2.42530560058381
			2.82827945421927	-2.42530560058381
			2.82827945421927	-2.42717122027657
			2.82641383452652	-2.42903683996932
			2.82641383452652	-2.43090245966208
			2.82454821483376	-2.43090245966208
			2.82454821483376	-2.43276807935484
			2.822682595141	-2.43463369904759
			2.822682595141	-2.43649931874035
			2.82081697544825	-2.43836493843311
			2.81895135575549	-2.44023055812587
			2.81895135575549	-2.44209617781862
			2.81708573606273	-2.44396179751138
			2.81522011636998	-2.44582741720414
			2.81522011636998	-2.44769303689689
			2.81335449667722	-2.44955865658965
			2.81335449667722	-2.45142427628241
			2.81148887698446	-2.45328989597516
			2.81148887698446	-2.45515551566792
			2.80962325729171	-2.45702113536068
			2.80962325729171	-2.45888675505343
			2.80775763759895	-2.46075237474619
			2.80775763759895	-2.46261799443895
			2.80589201790619	-2.4644836141317
			2.80589201790619	-2.46634923382446
			2.80402639821344	-2.46821485351722
			2.80402639821344	-2.47008047320997
			2.80216077852068	-2.47194609290273
			2.80216077852068	-2.47381171259549
			2.80216077852068	-2.47567733228824
			2.80029515882792	-2.477542951981
			2.80029515882792	-2.47940857167376
			2.79842953913517	-2.48127419136651
			2.79842953913517	-2.48313981105927
			2.79842953913517	-2.48500543075203
			2.79656391944241	-2.48687105044478
			2.79656391944241	-2.48873667013754
			2.79469829974965	-2.4906022898303
			2.79469829974965	-2.49246790952306
			2.79469829974965	-2.49433352921581
			2.7928326800569	-2.49619914890857
			2.7928326800569	-2.49806476860133
			2.7928326800569	-2.49993038829408
			2.79096706036414	-2.50179600798684
			2.79096706036414	-2.5036616276796
			2.79096706036414	-2.50552724737235
			2.78910144067138	-2.50739286706511
			2.78910144067138	-2.50925848675787
			2.78910144067138	-2.51112410645062
			2.78910144067138	-2.51298972614338
			2.78910144067138	-2.51485534583614
			2.78723582097863	-2.51485534583614
			2.78723582097863	-2.51672096552889
			2.78723582097863	-2.51858658522165
			2.78723582097863	-2.52045220491441
			2.78723582097863	-2.52231782460716
			2.78537020128587	-2.52418344429992
			2.78537020128587	-2.52604906399268
			2.78537020128587	-2.52791468368543
			2.78537020128587	-2.52978030337819
			2.78537020128587	-2.53164592307095
			2.78350458159311	-2.5335115427637
			2.78350458159311	-2.53537716245646
			2.78350458159311	-2.53724278214922
			2.78350458159311	-2.53910840184197
			2.78350458159311	-2.54097402153473
			2.78350458159311	-2.54283964122749
			2.78350458159311	-2.54470526092024
			2.78163896190036	-2.546570880613
			2.78163896190036	-2.54843650030576
			2.78163896190036	-2.55030211999851
			2.78163896190036	-2.55216773969127
			2.78163896190036	-2.55403335938403
		</curvaI_espina_dorsal>
	</curves.scaled>
	<ruler.points type=matrix rownames=TRUE colnames=FALSE nrow=2 ncol=2 as.numeric=TRUE >
		Ruler point 1	1519	537
		Ruler point 2	2055	533
	</ruler.points>
</shapes>

