<shapes type=list>
	<ruler.pixel type=vector names=FALSE length=1 as.numeric=TRUE >539.003710562367</ruler.pixel>
	<ruler.interval type=vector names=FALSE length=1 as.numeric=TRUE >1</ruler.interval>
	<scaling.units type=vector names=FALSE length=1 as.numeric=FALSE >mm</scaling.units>
	<scaling type=vector names=FALSE length=1 as.numeric=TRUE >0.00186561969275678</scaling>
	<landmarks.pixel type=matrix rownames=TRUE colnames=FALSE nrow=3 ncol=2 as.numeric=TRUE >
		punta_espina_dorsal	1446	1008
		esq_izq_caparaza	1272	1187
		organo_dorsal	1564	1285
	</landmarks.pixel>
	<landmarks.scaled type=matrix rownames=TRUE colnames=FALSE nrow=3 ncol=2 as.numeric=TRUE >
		punta_espina_dorsal	2.6976860757263	-1.88054465029883
		esq_izq_caparaza	2.37306824918662	-2.2144905753023
		organo_dorsal	2.9178291994716	-2.39732130519246
	</landmarks.scaled>
	<curves.control type=list>
		<curvaD_espina_dorsal type=matrix rownames=FALSE colnames=FALSE nrow=7 ncol=2 as.numeric=TRUE >
			1446	1008
			1472	1035
			1481	1069
			1508	1147
			1516	1196
			1512	1243
			1564	1285
		</curvaD_espina_dorsal>
		<curvaI_espina_dorsal type=matrix rownames=FALSE colnames=FALSE nrow=9 ncol=2 as.numeric=TRUE >
			1446	1008
			1470	1061
			1481	1110
			1486	1148
			1485	1192
			1417	1211
			1366	1173
			1318	1164
			1272	1187
		</curvaI_espina_dorsal>
	</curves.control>
	<curves.pixel type=list>
		<curvaD_espina_dorsal type=matrix rownames=FALSE colnames=FALSE nrow=283 ncol=2 as.numeric=TRUE >
			1446	1008
			1447	1009
			1448	1010
			1448	1011
			1449	1012
			1450	1013
			1451	1014
			1452	1015
			1453	1016
			1454	1017
			1455	1018
			1456	1019
			1457	1020
			1457	1021
			1458	1022
			1459	1023
			1460	1024
			1460	1025
			1461	1026
			1462	1027
			1462	1028
			1463	1029
			1464	1030
			1464	1031
			1465	1032
			1466	1033
			1466	1034
			1467	1035
			1467	1036
			1468	1037
			1469	1038
			1469	1039
			1470	1040
			1470	1041
			1471	1042
			1471	1043
			1472	1044
			1472	1045
			1473	1046
			1473	1047
			1473	1048
			1474	1048
			1474	1049
			1474	1050
			1475	1051
			1475	1052
			1476	1053
			1476	1054
			1476	1055
			1477	1056
			1477	1057
			1478	1058
			1478	1059
			1478	1060
			1479	1061
			1479	1062
			1479	1063
			1479	1064
			1480	1065
			1480	1066
			1480	1067
			1481	1068
			1481	1069
			1481	1070
			1482	1071
			1482	1072
			1482	1073
			1483	1073
			1483	1074
			1483	1075
			1483	1076
			1484	1077
			1484	1078
			1484	1079
			1485	1080
			1485	1081
			1485	1082
			1486	1083
			1486	1084
			1486	1085
			1487	1086
			1487	1087
			1487	1088
			1488	1089
			1488	1090
			1489	1091
			1489	1092
			1489	1093
			1489	1094
			1490	1095
			1490	1096
			1490	1097
			1491	1098
			1491	1099
			1491	1100
			1492	1101
			1492	1102
			1492	1103
			1493	1104
			1493	1105
			1493	1106
			1493	1107
			1494	1107
			1494	1108
			1494	1109
			1495	1110
			1495	1111
			1495	1112
			1495	1113
			1496	1114
			1496	1115
			1496	1116
			1497	1117
			1497	1118
			1497	1119
			1498	1120
			1498	1121
			1498	1122
			1498	1123
			1499	1124
			1499	1125
			1499	1126
			1500	1127
			1500	1128
			1500	1129
			1501	1130
			1501	1131
			1501	1132
			1501	1133
			1502	1134
			1502	1135
			1502	1136
			1503	1137
			1503	1138
			1503	1139
			1503	1140
			1504	1141
			1504	1142
			1504	1143
			1504	1144
			1505	1145
			1505	1146
			1505	1147
			1506	1148
			1506	1149
			1506	1150
			1506	1151
			1506	1152
			1507	1153
			1507	1154
			1507	1155
			1508	1156
			1508	1157
			1508	1158
			1508	1159
			1509	1160
			1509	1161
			1509	1162
			1509	1163
			1510	1164
			1510	1165
			1510	1166
			1510	1167
			1510	1168
			1511	1169
			1511	1170
			1511	1171
			1511	1172
			1511	1173
			1512	1174
			1512	1175
			1512	1176
			1513	1177
			1513	1178
			1513	1179
			1513	1180
			1513	1181
			1513	1182
			1514	1183
			1514	1184
			1514	1185
			1514	1186
			1514	1187
			1515	1188
			1515	1189
			1515	1190
			1515	1191
			1515	1192
			1516	1193
			1516	1194
			1516	1195
			1516	1196
			1516	1197
			1516	1198
			1516	1199
			1516	1200
			1516	1201
			1516	1202
			1516	1203
			1516	1204
			1516	1205
			1516	1206
			1516	1207
			1516	1208
			1516	1209
			1516	1210
			1516	1211
			1516	1212
			1516	1213
			1517	1214
			1517	1215
			1517	1216
			1517	1217
			1517	1218
			1517	1219
			1518	1220
			1518	1221
			1518	1222
			1519	1223
			1519	1224
			1519	1225
			1519	1226
			1520	1227
			1520	1228
			1520	1229
			1521	1230
			1521	1231
			1522	1232
			1522	1233
			1522	1234
			1523	1235
			1523	1236
			1524	1237
			1524	1238
			1525	1239
			1525	1240
			1526	1241
			1526	1242
			1527	1243
			1527	1244
			1528	1245
			1528	1246
			1529	1247
			1529	1248
			1530	1249
			1531	1250
			1532	1251
			1532	1252
			1533	1253
			1534	1254
			1534	1255
			1535	1256
			1536	1257
			1537	1258
			1538	1259
			1539	1260
			1539	1261
			1540	1262
			1541	1263
			1542	1264
			1543	1265
			1544	1266
			1545	1267
			1545	1268
			1546	1269
			1547	1270
			1548	1271
			1549	1272
			1550	1273
			1551	1274
			1552	1275
			1553	1276
			1554	1277
			1555	1278
			1556	1279
			1557	1279
			1558	1280
			1559	1281
			1560	1282
			1561	1283
			1562	1284
			1563	1284
			1564	1285
		</curvaD_espina_dorsal>
		<curvaI_espina_dorsal type=matrix rownames=FALSE colnames=FALSE nrow=410 ncol=2 as.numeric=TRUE >
			1446	1008
			1446	1009
			1447	1010
			1447	1011
			1448	1012
			1448	1013
			1449	1014
			1449	1015
			1450	1016
			1450	1017
			1451	1018
			1451	1019
			1451	1020
			1452	1021
			1452	1022
			1453	1023
			1453	1024
			1454	1025
			1454	1026
			1454	1027
			1455	1028
			1455	1029
			1456	1030
			1456	1031
			1456	1032
			1457	1033
			1457	1034
			1458	1035
			1458	1036
			1458	1037
			1459	1038
			1459	1039
			1459	1040
			1460	1041
			1460	1042
			1461	1043
			1461	1044
			1461	1045
			1462	1046
			1462	1047
			1463	1048
			1463	1049
			1463	1050
			1464	1051
			1464	1052
			1464	1053
			1465	1054
			1465	1055
			1465	1056
			1466	1057
			1466	1058
			1467	1059
			1467	1060
			1467	1061
			1467	1062
			1468	1062
			1468	1063
			1468	1064
			1468	1065
			1469	1065
			1469	1066
			1469	1067
			1469	1068
			1470	1068
			1470	1069
			1470	1070
			1470	1071
			1471	1072
			1471	1073
			1471	1074
			1472	1075
			1472	1076
			1472	1077
			1473	1078
			1473	1079
			1473	1080
			1473	1081
			1474	1082
			1474	1083
			1474	1084
			1475	1085
			1475	1086
			1475	1087
			1475	1088
			1476	1088
			1476	1089
			1476	1090
			1476	1091
			1477	1092
			1477	1093
			1477	1094
			1477	1095
			1478	1096
			1478	1097
			1478	1098
			1478	1099
			1479	1100
			1479	1101
			1479	1102
			1479	1103
			1480	1104
			1480	1105
			1480	1106
			1480	1107
			1481	1108
			1481	1109
			1481	1110
			1481	1111
			1481	1112
			1481	1113
			1481	1114
			1482	1115
			1482	1116
			1482	1117
			1482	1118
			1482	1119
			1482	1120
			1482	1121
			1482	1122
			1483	1123
			1483	1124
			1483	1125
			1483	1126
			1483	1127
			1483	1128
			1483	1129
			1483	1130
			1483	1131
			1483	1132
			1483	1133
			1483	1134
			1484	1135
			1484	1136
			1484	1137
			1484	1138
			1484	1139
			1484	1140
			1484	1141
			1484	1142
			1484	1143
			1484	1144
			1484	1145
			1484	1146
			1484	1147
			1484	1148
			1484	1149
			1485	1150
			1485	1151
			1485	1152
			1485	1153
			1485	1154
			1485	1155
			1485	1156
			1485	1157
			1485	1158
			1485	1159
			1485	1160
			1485	1161
			1485	1162
			1485	1163
			1485	1164
			1485	1165
			1485	1166
			1485	1167
			1485	1168
			1485	1169
			1485	1170
			1485	1171
			1485	1172
			1485	1173
			1485	1174
			1485	1175
			1485	1176
			1485	1177
			1485	1178
			1485	1179
			1485	1180
			1485	1181
			1485	1182
			1485	1183
			1485	1184
			1485	1185
			1485	1186
			1485	1187
			1485	1188
			1485	1189
			1485	1190
			1485	1191
			1485	1192
			1484	1192
			1483	1193
			1482	1193
			1481	1193
			1480	1193
			1479	1193
			1479	1194
			1478	1194
			1477	1194
			1476	1194
			1475	1194
			1474	1195
			1473	1195
			1472	1195
			1471	1195
			1470	1196
			1469	1196
			1468	1196
			1467	1196
			1466	1196
			1465	1196
			1464	1197
			1463	1197
			1462	1197
			1461	1197
			1460	1197
			1459	1197
			1458	1197
			1457	1197
			1456	1198
			1455	1198
			1454	1198
			1453	1198
			1452	1198
			1451	1198
			1450	1198
			1449	1198
			1448	1198
			1447	1198
			1446	1198
			1445	1198
			1444	1198
			1443	1198
			1442	1198
			1441	1198
			1440	1198
			1439	1198
			1438	1198
			1437	1198
			1436	1198
			1435	1198
			1434	1198
			1433	1198
			1432	1198
			1431	1198
			1430	1198
			1429	1198
			1428	1198
			1427	1198
			1426	1197
			1425	1197
			1424	1197
			1423	1197
			1422	1197
			1421	1197
			1420	1197
			1420	1196
			1419	1196
			1418	1196
			1417	1196
			1416	1196
			1415	1196
			1414	1195
			1413	1195
			1412	1195
			1411	1195
			1410	1194
			1409	1194
			1408	1194
			1407	1194
			1406	1193
			1405	1193
			1404	1193
			1403	1192
			1402	1192
			1401	1192
			1400	1191
			1399	1191
			1398	1191
			1398	1190
			1397	1190
			1396	1190
			1395	1189
			1394	1189
			1393	1189
			1392	1188
			1391	1188
			1390	1187
			1389	1187
			1388	1186
			1387	1186
			1386	1185
			1385	1185
			1384	1185
			1384	1184
			1383	1184
			1382	1183
			1381	1183
			1380	1182
			1379	1182
			1378	1181
			1377	1181
			1376	1180
			1376	1179
			1375	1179
			1374	1178
			1373	1178
			1372	1177
			1371	1177
			1370	1176
			1369	1175
			1368	1174
			1367	1173
			1366	1173
			1365	1173
			1364	1173
			1363	1172
			1362	1172
			1361	1172
			1360	1172
			1359	1172
			1358	1172
			1357	1172
			1356	1171
			1355	1171
			1354	1171
			1353	1171
			1352	1171
			1351	1171
			1350	1171
			1349	1171
			1348	1171
			1347	1171
			1346	1171
			1345	1171
			1344	1171
			1343	1171
			1342	1170
			1341	1170
			1340	1170
			1339	1170
			1338	1170
			1337	1170
			1336	1171
			1335	1171
			1334	1171
			1333	1171
			1332	1171
			1331	1171
			1330	1171
			1329	1171
			1328	1171
			1327	1171
			1326	1171
			1325	1171
			1324	1171
			1323	1171
			1322	1172
			1321	1172
			1320	1172
			1319	1172
			1318	1172
			1317	1172
			1316	1172
			1315	1173
			1314	1173
			1313	1173
			1312	1173
			1311	1173
			1310	1173
			1309	1174
			1308	1174
			1307	1174
			1306	1174
			1305	1175
			1304	1175
			1303	1175
			1302	1176
			1301	1176
			1300	1176
			1299	1176
			1298	1177
			1297	1177
			1296	1177
			1295	1178
			1294	1178
			1293	1178
			1292	1178
			1292	1179
			1291	1179
			1290	1179
			1289	1180
			1288	1180
			1287	1180
			1287	1181
			1286	1181
			1285	1181
			1284	1181
			1283	1182
			1282	1182
			1282	1183
			1281	1183
			1280	1183
			1279	1184
			1278	1184
			1277	1185
			1276	1185
			1275	1186
			1274	1186
			1273	1187
			1272	1187
		</curvaI_espina_dorsal>
	</curves.pixel>
	<curves.scaled type=list>
		<curvaD_espina_dorsal type=matrix rownames=FALSE colnames=FALSE nrow=283 ncol=2 as.numeric=TRUE >
			2.6976860757263	-1.88054465029883
			2.69955169541906	-1.88241026999159
			2.70141731511181	-1.88427588968435
			2.70141731511181	-1.8861415093771
			2.70328293480457	-1.88800712906986
			2.70514855449733	-1.88987274876262
			2.70701417419008	-1.89173836845537
			2.70887979388284	-1.89360398814813
			2.7107454135756	-1.89546960784089
			2.71261103326835	-1.89733522753364
			2.71447665296111	-1.8992008472264
			2.71634227265387	-1.90106646691916
			2.71820789234663	-1.90293208661191
			2.71820789234663	-1.90479770630467
			2.72007351203938	-1.90666332599743
			2.72193913173214	-1.90852894569018
			2.7238047514249	-1.91039456538294
			2.7238047514249	-1.9122601850757
			2.72567037111765	-1.91412580476845
			2.72753599081041	-1.91599142446121
			2.72753599081041	-1.91785704415397
			2.72940161050317	-1.91972266384672
			2.73126723019592	-1.92158828353948
			2.73126723019592	-1.92345390323224
			2.73313284988868	-1.92531952292499
			2.73499846958144	-1.92718514261775
			2.73499846958144	-1.92905076231051
			2.73686408927419	-1.93091638200326
			2.73686408927419	-1.93278200169602
			2.73872970896695	-1.93464762138878
			2.74059532865971	-1.93651324108154
			2.74059532865971	-1.93837886077429
			2.74246094835246	-1.94024448046705
			2.74246094835246	-1.94211010015981
			2.74432656804522	-1.94397571985256
			2.74432656804522	-1.94584133954532
			2.74619218773798	-1.94770695923808
			2.74619218773798	-1.94957257893083
			2.74805780743073	-1.95143819862359
			2.74805780743073	-1.95330381831635
			2.74805780743073	-1.9551694380091
			2.74992342712349	-1.9551694380091
			2.74992342712349	-1.95703505770186
			2.74992342712349	-1.95890067739462
			2.75178904681625	-1.96076629708737
			2.75178904681625	-1.96263191678013
			2.753654666509	-1.96449753647289
			2.753654666509	-1.96636315616564
			2.753654666509	-1.9682287758584
			2.75552028620176	-1.97009439555116
			2.75552028620176	-1.97196001524391
			2.75738590589452	-1.97382563493667
			2.75738590589452	-1.97569125462943
			2.75738590589452	-1.97755687432218
			2.75925152558727	-1.97942249401494
			2.75925152558727	-1.9812881137077
			2.75925152558727	-1.98315373340045
			2.75925152558727	-1.98501935309321
			2.76111714528003	-1.98688497278597
			2.76111714528003	-1.98875059247872
			2.76111714528003	-1.99061621217148
			2.76298276497279	-1.99248183186424
			2.76298276497279	-1.994347451557
			2.76298276497279	-1.99621307124975
			2.76484838466554	-1.99807869094251
			2.76484838466554	-1.99994431063527
			2.76484838466554	-2.00180993032802
			2.7667140043583	-2.00180993032802
			2.7667140043583	-2.00367555002078
			2.7667140043583	-2.00554116971354
			2.7667140043583	-2.00740678940629
			2.76857962405106	-2.00927240909905
			2.76857962405106	-2.01113802879181
			2.76857962405106	-2.01300364848456
			2.77044524374381	-2.01486926817732
			2.77044524374381	-2.01673488787008
			2.77044524374381	-2.01860050756283
			2.77231086343657	-2.02046612725559
			2.77231086343657	-2.02233174694835
			2.77231086343657	-2.0241973666411
			2.77417648312933	-2.02606298633386
			2.77417648312933	-2.02792860602662
			2.77417648312933	-2.02979422571937
			2.77604210282209	-2.03165984541213
			2.77604210282209	-2.03352546510489
			2.77790772251484	-2.03539108479764
			2.77790772251484	-2.0372567044904
			2.77790772251484	-2.03912232418316
			2.77790772251484	-2.04098794387591
			2.7797733422076	-2.04285356356867
			2.7797733422076	-2.04471918326143
			2.7797733422076	-2.04658480295419
			2.78163896190036	-2.04845042264694
			2.78163896190036	-2.0503160423397
			2.78163896190036	-2.05218166203246
			2.78350458159311	-2.05404728172521
			2.78350458159311	-2.05591290141797
			2.78350458159311	-2.05777852111073
			2.78537020128587	-2.05964414080348
			2.78537020128587	-2.06150976049624
			2.78537020128587	-2.063375380189
			2.78537020128587	-2.06524099988175
			2.78723582097863	-2.06524099988175
			2.78723582097863	-2.06710661957451
			2.78723582097863	-2.06897223926727
			2.78910144067138	-2.07083785896002
			2.78910144067138	-2.07270347865278
			2.78910144067138	-2.07456909834554
			2.78910144067138	-2.07643471803829
			2.79096706036414	-2.07830033773105
			2.79096706036414	-2.08016595742381
			2.79096706036414	-2.08203157711656
			2.7928326800569	-2.08389719680932
			2.7928326800569	-2.08576281650208
			2.7928326800569	-2.08762843619483
			2.79469829974965	-2.08949405588759
			2.79469829974965	-2.09135967558035
			2.79469829974965	-2.0932252952731
			2.79469829974965	-2.09509091496586
			2.79656391944241	-2.09695653465862
			2.79656391944241	-2.09882215435137
			2.79656391944241	-2.10068777404413
			2.79842953913517	-2.10255339373689
			2.79842953913517	-2.10441901342965
			2.79842953913517	-2.1062846331224
			2.80029515882792	-2.10815025281516
			2.80029515882792	-2.11001587250792
			2.80029515882792	-2.11188149220067
			2.80029515882792	-2.11374711189343
			2.80216077852068	-2.11561273158619
			2.80216077852068	-2.11747835127894
			2.80216077852068	-2.1193439709717
			2.80402639821344	-2.12120959066446
			2.80402639821344	-2.12307521035721
			2.80402639821344	-2.12494083004997
			2.80402639821344	-2.12680644974273
			2.80589201790619	-2.12867206943548
			2.80589201790619	-2.13053768912824
			2.80589201790619	-2.132403308821
			2.80589201790619	-2.13426892851375
			2.80775763759895	-2.13613454820651
			2.80775763759895	-2.13800016789927
			2.80775763759895	-2.13986578759202
			2.80962325729171	-2.14173140728478
			2.80962325729171	-2.14359702697754
			2.80962325729171	-2.14546264667029
			2.80962325729171	-2.14732826636305
			2.80962325729171	-2.14919388605581
			2.81148887698446	-2.15105950574856
			2.81148887698446	-2.15292512544132
			2.81148887698446	-2.15479074513408
			2.81335449667722	-2.15665636482683
			2.81335449667722	-2.15852198451959
			2.81335449667722	-2.16038760421235
			2.81335449667722	-2.16225322390511
			2.81522011636998	-2.16411884359786
			2.81522011636998	-2.16598446329062
			2.81522011636998	-2.16785008298338
			2.81522011636998	-2.16971570267613
			2.81708573606273	-2.17158132236889
			2.81708573606273	-2.17344694206165
			2.81708573606273	-2.1753125617544
			2.81708573606273	-2.17717818144716
			2.81708573606273	-2.17904380113992
			2.81895135575549	-2.18090942083267
			2.81895135575549	-2.18277504052543
			2.81895135575549	-2.18464066021819
			2.81895135575549	-2.18650627991094
			2.81895135575549	-2.1883718996037
			2.82081697544825	-2.19023751929646
			2.82081697544825	-2.19210313898921
			2.82081697544825	-2.19396875868197
			2.822682595141	-2.19583437837473
			2.822682595141	-2.19769999806748
			2.822682595141	-2.19956561776024
			2.822682595141	-2.201431237453
			2.822682595141	-2.20329685714575
			2.822682595141	-2.20516247683851
			2.82454821483376	-2.20702809653127
			2.82454821483376	-2.20889371622402
			2.82454821483376	-2.21075933591678
			2.82454821483376	-2.21262495560954
			2.82454821483376	-2.2144905753023
			2.82641383452652	-2.21635619499505
			2.82641383452652	-2.21822181468781
			2.82641383452652	-2.22008743438057
			2.82641383452652	-2.22195305407332
			2.82641383452652	-2.22381867376608
			2.82827945421927	-2.22568429345884
			2.82827945421927	-2.22754991315159
			2.82827945421927	-2.22941553284435
			2.82827945421927	-2.23128115253711
			2.82827945421927	-2.23314677222986
			2.82827945421927	-2.23501239192262
			2.82827945421927	-2.23687801161538
			2.82827945421927	-2.23874363130813
			2.82827945421927	-2.24060925100089
			2.82827945421927	-2.24247487069365
			2.82827945421927	-2.2443404903864
			2.82827945421927	-2.24620611007916
			2.82827945421927	-2.24807172977192
			2.82827945421927	-2.24993734946467
			2.82827945421927	-2.25180296915743
			2.82827945421927	-2.25366858885019
			2.82827945421927	-2.25553420854294
			2.82827945421927	-2.2573998282357
			2.82827945421927	-2.25926544792846
			2.82827945421927	-2.26113106762121
			2.82827945421927	-2.26299668731397
			2.83014507391203	-2.26486230700673
			2.83014507391203	-2.26672792669949
			2.83014507391203	-2.26859354639224
			2.83014507391203	-2.270459166085
			2.83014507391203	-2.27232478577776
			2.83014507391203	-2.27419040547051
			2.83201069360479	-2.27605602516327
			2.83201069360479	-2.27792164485603
			2.83201069360479	-2.27978726454878
			2.83387631329755	-2.28165288424154
			2.83387631329755	-2.2835185039343
			2.83387631329755	-2.28538412362705
			2.83387631329755	-2.28724974331981
			2.8357419329903	-2.28911536301257
			2.8357419329903	-2.29098098270532
			2.8357419329903	-2.29284660239808
			2.83760755268306	-2.29471222209084
			2.83760755268306	-2.29657784178359
			2.83947317237582	-2.29844346147635
			2.83947317237582	-2.30030908116911
			2.83947317237582	-2.30217470086186
			2.84133879206857	-2.30404032055462
			2.84133879206857	-2.30590594024738
			2.84320441176133	-2.30777155994013
			2.84320441176133	-2.30963717963289
			2.84507003145409	-2.31150279932565
			2.84507003145409	-2.3133684190184
			2.84693565114684	-2.31523403871116
			2.84693565114684	-2.31709965840392
			2.8488012708396	-2.31896527809667
			2.8488012708396	-2.32083089778943
			2.85066689053236	-2.32269651748219
			2.85066689053236	-2.32456213717494
			2.85253251022511	-2.3264277568677
			2.85253251022511	-2.32829337656046
			2.85439812991787	-2.33015899625322
			2.85626374961063	-2.33202461594597
			2.85812936930338	-2.33389023563873
			2.85812936930338	-2.33575585533149
			2.85999498899614	-2.33762147502424
			2.8618606086889	-2.339487094717
			2.8618606086889	-2.34135271440976
			2.86372622838165	-2.34321833410251
			2.86559184807441	-2.34508395379527
			2.86745746776717	-2.34694957348803
			2.86932308745992	-2.34881519318078
			2.87118870715268	-2.35068081287354
			2.87118870715268	-2.3525464325663
			2.87305432684544	-2.35441205225905
			2.87491994653819	-2.35627767195181
			2.87678556623095	-2.35814329164457
			2.87865118592371	-2.36000891133732
			2.88051680561646	-2.36187453103008
			2.88238242530922	-2.36374015072284
			2.88238242530922	-2.36560577041559
			2.88424804500198	-2.36747139010835
			2.88611366469474	-2.36933700980111
			2.88797928438749	-2.37120262949386
			2.88984490408025	-2.37306824918662
			2.89171052377301	-2.37493386887938
			2.89357614346576	-2.37679948857213
			2.89544176315852	-2.37866510826489
			2.89730738285128	-2.38053072795765
			2.89917300254403	-2.38239634765041
			2.90103862223679	-2.38426196734316
			2.90290424192955	-2.38612758703592
			2.9047698616223	-2.38612758703592
			2.90663548131506	-2.38799320672868
			2.90850110100782	-2.38985882642143
			2.91036672070057	-2.39172444611419
			2.91223234039333	-2.39359006580695
			2.91409796008609	-2.3954556854997
			2.91596357977884	-2.3954556854997
			2.9178291994716	-2.39732130519246
		</curvaD_espina_dorsal>
		<curvaI_espina_dorsal type=matrix rownames=FALSE colnames=FALSE nrow=410 ncol=2 as.numeric=TRUE >
			2.6976860757263	-1.88054465029883
			2.6976860757263	-1.88241026999159
			2.69955169541906	-1.88427588968435
			2.69955169541906	-1.8861415093771
			2.70141731511181	-1.88800712906986
			2.70141731511181	-1.88987274876262
			2.70328293480457	-1.89173836845537
			2.70328293480457	-1.89360398814813
			2.70514855449733	-1.89546960784089
			2.70514855449733	-1.89733522753364
			2.70701417419008	-1.8992008472264
			2.70701417419008	-1.90106646691916
			2.70701417419008	-1.90293208661191
			2.70887979388284	-1.90479770630467
			2.70887979388284	-1.90666332599743
			2.7107454135756	-1.90852894569018
			2.7107454135756	-1.91039456538294
			2.71261103326835	-1.9122601850757
			2.71261103326835	-1.91412580476845
			2.71261103326835	-1.91599142446121
			2.71447665296111	-1.91785704415397
			2.71447665296111	-1.91972266384672
			2.71634227265387	-1.92158828353948
			2.71634227265387	-1.92345390323224
			2.71634227265387	-1.92531952292499
			2.71820789234663	-1.92718514261775
			2.71820789234663	-1.92905076231051
			2.72007351203938	-1.93091638200326
			2.72007351203938	-1.93278200169602
			2.72007351203938	-1.93464762138878
			2.72193913173214	-1.93651324108154
			2.72193913173214	-1.93837886077429
			2.72193913173214	-1.94024448046705
			2.7238047514249	-1.94211010015981
			2.7238047514249	-1.94397571985256
			2.72567037111765	-1.94584133954532
			2.72567037111765	-1.94770695923808
			2.72567037111765	-1.94957257893083
			2.72753599081041	-1.95143819862359
			2.72753599081041	-1.95330381831635
			2.72940161050317	-1.9551694380091
			2.72940161050317	-1.95703505770186
			2.72940161050317	-1.95890067739462
			2.73126723019592	-1.96076629708737
			2.73126723019592	-1.96263191678013
			2.73126723019592	-1.96449753647289
			2.73313284988868	-1.96636315616564
			2.73313284988868	-1.9682287758584
			2.73313284988868	-1.97009439555116
			2.73499846958144	-1.97196001524391
			2.73499846958144	-1.97382563493667
			2.73686408927419	-1.97569125462943
			2.73686408927419	-1.97755687432218
			2.73686408927419	-1.97942249401494
			2.73686408927419	-1.9812881137077
			2.73872970896695	-1.9812881137077
			2.73872970896695	-1.98315373340045
			2.73872970896695	-1.98501935309321
			2.73872970896695	-1.98688497278597
			2.74059532865971	-1.98688497278597
			2.74059532865971	-1.98875059247872
			2.74059532865971	-1.99061621217148
			2.74059532865971	-1.99248183186424
			2.74246094835246	-1.99248183186424
			2.74246094835246	-1.994347451557
			2.74246094835246	-1.99621307124975
			2.74246094835246	-1.99807869094251
			2.74432656804522	-1.99994431063527
			2.74432656804522	-2.00180993032802
			2.74432656804522	-2.00367555002078
			2.74619218773798	-2.00554116971354
			2.74619218773798	-2.00740678940629
			2.74619218773798	-2.00927240909905
			2.74805780743073	-2.01113802879181
			2.74805780743073	-2.01300364848456
			2.74805780743073	-2.01486926817732
			2.74805780743073	-2.01673488787008
			2.74992342712349	-2.01860050756283
			2.74992342712349	-2.02046612725559
			2.74992342712349	-2.02233174694835
			2.75178904681625	-2.0241973666411
			2.75178904681625	-2.02606298633386
			2.75178904681625	-2.02792860602662
			2.75178904681625	-2.02979422571937
			2.753654666509	-2.02979422571937
			2.753654666509	-2.03165984541213
			2.753654666509	-2.03352546510489
			2.753654666509	-2.03539108479764
			2.75552028620176	-2.0372567044904
			2.75552028620176	-2.03912232418316
			2.75552028620176	-2.04098794387591
			2.75552028620176	-2.04285356356867
			2.75738590589452	-2.04471918326143
			2.75738590589452	-2.04658480295419
			2.75738590589452	-2.04845042264694
			2.75738590589452	-2.0503160423397
			2.75925152558727	-2.05218166203246
			2.75925152558727	-2.05404728172521
			2.75925152558727	-2.05591290141797
			2.75925152558727	-2.05777852111073
			2.76111714528003	-2.05964414080348
			2.76111714528003	-2.06150976049624
			2.76111714528003	-2.063375380189
			2.76111714528003	-2.06524099988175
			2.76298276497279	-2.06710661957451
			2.76298276497279	-2.06897223926727
			2.76298276497279	-2.07083785896002
			2.76298276497279	-2.07270347865278
			2.76298276497279	-2.07456909834554
			2.76298276497279	-2.07643471803829
			2.76298276497279	-2.07830033773105
			2.76484838466554	-2.08016595742381
			2.76484838466554	-2.08203157711656
			2.76484838466554	-2.08389719680932
			2.76484838466554	-2.08576281650208
			2.76484838466554	-2.08762843619483
			2.76484838466554	-2.08949405588759
			2.76484838466554	-2.09135967558035
			2.76484838466554	-2.0932252952731
			2.7667140043583	-2.09509091496586
			2.7667140043583	-2.09695653465862
			2.7667140043583	-2.09882215435137
			2.7667140043583	-2.10068777404413
			2.7667140043583	-2.10255339373689
			2.7667140043583	-2.10441901342965
			2.7667140043583	-2.1062846331224
			2.7667140043583	-2.10815025281516
			2.7667140043583	-2.11001587250792
			2.7667140043583	-2.11188149220067
			2.7667140043583	-2.11374711189343
			2.7667140043583	-2.11561273158619
			2.76857962405106	-2.11747835127894
			2.76857962405106	-2.1193439709717
			2.76857962405106	-2.12120959066446
			2.76857962405106	-2.12307521035721
			2.76857962405106	-2.12494083004997
			2.76857962405106	-2.12680644974273
			2.76857962405106	-2.12867206943548
			2.76857962405106	-2.13053768912824
			2.76857962405106	-2.132403308821
			2.76857962405106	-2.13426892851375
			2.76857962405106	-2.13613454820651
			2.76857962405106	-2.13800016789927
			2.76857962405106	-2.13986578759202
			2.76857962405106	-2.14173140728478
			2.76857962405106	-2.14359702697754
			2.77044524374381	-2.14546264667029
			2.77044524374381	-2.14732826636305
			2.77044524374381	-2.14919388605581
			2.77044524374381	-2.15105950574856
			2.77044524374381	-2.15292512544132
			2.77044524374381	-2.15479074513408
			2.77044524374381	-2.15665636482683
			2.77044524374381	-2.15852198451959
			2.77044524374381	-2.16038760421235
			2.77044524374381	-2.16225322390511
			2.77044524374381	-2.16411884359786
			2.77044524374381	-2.16598446329062
			2.77044524374381	-2.16785008298338
			2.77044524374381	-2.16971570267613
			2.77044524374381	-2.17158132236889
			2.77044524374381	-2.17344694206165
			2.77044524374381	-2.1753125617544
			2.77044524374381	-2.17717818144716
			2.77044524374381	-2.17904380113992
			2.77044524374381	-2.18090942083267
			2.77044524374381	-2.18277504052543
			2.77044524374381	-2.18464066021819
			2.77044524374381	-2.18650627991094
			2.77044524374381	-2.1883718996037
			2.77044524374381	-2.19023751929646
			2.77044524374381	-2.19210313898921
			2.77044524374381	-2.19396875868197
			2.77044524374381	-2.19583437837473
			2.77044524374381	-2.19769999806748
			2.77044524374381	-2.19956561776024
			2.77044524374381	-2.201431237453
			2.77044524374381	-2.20329685714575
			2.77044524374381	-2.20516247683851
			2.77044524374381	-2.20702809653127
			2.77044524374381	-2.20889371622402
			2.77044524374381	-2.21075933591678
			2.77044524374381	-2.21262495560954
			2.77044524374381	-2.2144905753023
			2.77044524374381	-2.21635619499505
			2.77044524374381	-2.21822181468781
			2.77044524374381	-2.22008743438057
			2.77044524374381	-2.22195305407332
			2.77044524374381	-2.22381867376608
			2.76857962405106	-2.22381867376608
			2.7667140043583	-2.22568429345884
			2.76484838466554	-2.22568429345884
			2.76298276497279	-2.22568429345884
			2.76111714528003	-2.22568429345884
			2.75925152558727	-2.22568429345884
			2.75925152558727	-2.22754991315159
			2.75738590589452	-2.22754991315159
			2.75552028620176	-2.22754991315159
			2.753654666509	-2.22754991315159
			2.75178904681625	-2.22754991315159
			2.74992342712349	-2.22941553284435
			2.74805780743073	-2.22941553284435
			2.74619218773798	-2.22941553284435
			2.74432656804522	-2.22941553284435
			2.74246094835246	-2.23128115253711
			2.74059532865971	-2.23128115253711
			2.73872970896695	-2.23128115253711
			2.73686408927419	-2.23128115253711
			2.73499846958144	-2.23128115253711
			2.73313284988868	-2.23128115253711
			2.73126723019592	-2.23314677222986
			2.72940161050317	-2.23314677222986
			2.72753599081041	-2.23314677222986
			2.72567037111765	-2.23314677222986
			2.7238047514249	-2.23314677222986
			2.72193913173214	-2.23314677222986
			2.72007351203938	-2.23314677222986
			2.71820789234663	-2.23314677222986
			2.71634227265387	-2.23501239192262
			2.71447665296111	-2.23501239192262
			2.71261103326835	-2.23501239192262
			2.7107454135756	-2.23501239192262
			2.70887979388284	-2.23501239192262
			2.70701417419008	-2.23501239192262
			2.70514855449733	-2.23501239192262
			2.70328293480457	-2.23501239192262
			2.70141731511181	-2.23501239192262
			2.69955169541906	-2.23501239192262
			2.6976860757263	-2.23501239192262
			2.69582045603354	-2.23501239192262
			2.69395483634079	-2.23501239192262
			2.69208921664803	-2.23501239192262
			2.69022359695527	-2.23501239192262
			2.68835797726252	-2.23501239192262
			2.68649235756976	-2.23501239192262
			2.684626737877	-2.23501239192262
			2.68276111818425	-2.23501239192262
			2.68089549849149	-2.23501239192262
			2.67902987879873	-2.23501239192262
			2.67716425910598	-2.23501239192262
			2.67529863941322	-2.23501239192262
			2.67343301972046	-2.23501239192262
			2.67156740002771	-2.23501239192262
			2.66970178033495	-2.23501239192262
			2.66783616064219	-2.23501239192262
			2.66597054094944	-2.23501239192262
			2.66410492125668	-2.23501239192262
			2.66223930156392	-2.23501239192262
			2.66037368187117	-2.23314677222986
			2.65850806217841	-2.23314677222986
			2.65664244248565	-2.23314677222986
			2.65477682279289	-2.23314677222986
			2.65291120310014	-2.23314677222986
			2.65104558340738	-2.23314677222986
			2.64917996371462	-2.23314677222986
			2.64917996371462	-2.23128115253711
			2.64731434402187	-2.23128115253711
			2.64544872432911	-2.23128115253711
			2.64358310463635	-2.23128115253711
			2.6417174849436	-2.23128115253711
			2.63985186525084	-2.23128115253711
			2.63798624555808	-2.22941553284435
			2.63612062586533	-2.22941553284435
			2.63425500617257	-2.22941553284435
			2.63238938647981	-2.22941553284435
			2.63052376678706	-2.22754991315159
			2.6286581470943	-2.22754991315159
			2.62679252740154	-2.22754991315159
			2.62492690770879	-2.22754991315159
			2.62306128801603	-2.22568429345884
			2.62119566832327	-2.22568429345884
			2.61933004863052	-2.22568429345884
			2.61746442893776	-2.22381867376608
			2.615598809245	-2.22381867376608
			2.61373318955225	-2.22381867376608
			2.61186756985949	-2.22195305407332
			2.61000195016673	-2.22195305407332
			2.60813633047398	-2.22195305407332
			2.60813633047398	-2.22008743438057
			2.60627071078122	-2.22008743438057
			2.60440509108846	-2.22008743438057
			2.6025394713957	-2.21822181468781
			2.60067385170295	-2.21822181468781
			2.59880823201019	-2.21822181468781
			2.59694261231743	-2.21635619499505
			2.59507699262468	-2.21635619499505
			2.59321137293192	-2.2144905753023
			2.59134575323916	-2.2144905753023
			2.58948013354641	-2.21262495560954
			2.58761451385365	-2.21262495560954
			2.58574889416089	-2.21075933591678
			2.58388327446814	-2.21075933591678
			2.58201765477538	-2.21075933591678
			2.58201765477538	-2.20889371622402
			2.58015203508262	-2.20889371622402
			2.57828641538987	-2.20702809653127
			2.57642079569711	-2.20702809653127
			2.57455517600435	-2.20516247683851
			2.5726895563116	-2.20516247683851
			2.57082393661884	-2.20329685714575
			2.56895831692608	-2.20329685714575
			2.56709269723333	-2.201431237453
			2.56709269723333	-2.19956561776024
			2.56522707754057	-2.19956561776024
			2.56336145784781	-2.19769999806748
			2.56149583815506	-2.19769999806748
			2.5596302184623	-2.19583437837473
			2.55776459876954	-2.19583437837473
			2.55589897907679	-2.19396875868197
			2.55403335938403	-2.19210313898921
			2.55216773969127	-2.19023751929646
			2.55030211999851	-2.1883718996037
			2.54843650030576	-2.1883718996037
			2.546570880613	-2.1883718996037
			2.54470526092024	-2.1883718996037
			2.54283964122749	-2.18650627991094
			2.54097402153473	-2.18650627991094
			2.53910840184197	-2.18650627991094
			2.53724278214922	-2.18650627991094
			2.53537716245646	-2.18650627991094
			2.5335115427637	-2.18650627991094
			2.53164592307095	-2.18650627991094
			2.52978030337819	-2.18464066021819
			2.52791468368543	-2.18464066021819
			2.52604906399268	-2.18464066021819
			2.52418344429992	-2.18464066021819
			2.52231782460716	-2.18464066021819
			2.52045220491441	-2.18464066021819
			2.51858658522165	-2.18464066021819
			2.51672096552889	-2.18464066021819
			2.51485534583614	-2.18464066021819
			2.51298972614338	-2.18464066021819
			2.51112410645062	-2.18464066021819
			2.50925848675787	-2.18464066021819
			2.50739286706511	-2.18464066021819
			2.50552724737235	-2.18464066021819
			2.5036616276796	-2.18277504052543
			2.50179600798684	-2.18277504052543
			2.49993038829408	-2.18277504052543
			2.49806476860133	-2.18277504052543
			2.49619914890857	-2.18277504052543
			2.49433352921581	-2.18277504052543
			2.49246790952306	-2.18464066021819
			2.4906022898303	-2.18464066021819
			2.48873667013754	-2.18464066021819
			2.48687105044478	-2.18464066021819
			2.48500543075203	-2.18464066021819
			2.48313981105927	-2.18464066021819
			2.48127419136651	-2.18464066021819
			2.47940857167376	-2.18464066021819
			2.477542951981	-2.18464066021819
			2.47567733228824	-2.18464066021819
			2.47381171259549	-2.18464066021819
			2.47194609290273	-2.18464066021819
			2.47008047320997	-2.18464066021819
			2.46821485351722	-2.18464066021819
			2.46634923382446	-2.18650627991094
			2.4644836141317	-2.18650627991094
			2.46261799443895	-2.18650627991094
			2.46075237474619	-2.18650627991094
			2.45888675505343	-2.18650627991094
			2.45702113536068	-2.18650627991094
			2.45515551566792	-2.18650627991094
			2.45328989597516	-2.1883718996037
			2.45142427628241	-2.1883718996037
			2.44955865658965	-2.1883718996037
			2.44769303689689	-2.1883718996037
			2.44582741720414	-2.1883718996037
			2.44396179751138	-2.1883718996037
			2.44209617781862	-2.19023751929646
			2.44023055812587	-2.19023751929646
			2.43836493843311	-2.19023751929646
			2.43649931874035	-2.19023751929646
			2.43463369904759	-2.19210313898921
			2.43276807935484	-2.19210313898921
			2.43090245966208	-2.19210313898921
			2.42903683996932	-2.19396875868197
			2.42717122027657	-2.19396875868197
			2.42530560058381	-2.19396875868197
			2.42343998089105	-2.19396875868197
			2.4215743611983	-2.19583437837473
			2.41970874150554	-2.19583437837473
			2.41784312181278	-2.19583437837473
			2.41597750212003	-2.19769999806748
			2.41411188242727	-2.19769999806748
			2.41224626273451	-2.19769999806748
			2.41038064304176	-2.19769999806748
			2.41038064304176	-2.19956561776024
			2.408515023349	-2.19956561776024
			2.40664940365624	-2.19956561776024
			2.40478378396349	-2.201431237453
			2.40291816427073	-2.201431237453
			2.40105254457797	-2.201431237453
			2.40105254457797	-2.20329685714575
			2.39918692488522	-2.20329685714575
			2.39732130519246	-2.20329685714575
			2.3954556854997	-2.20329685714575
			2.39359006580695	-2.20516247683851
			2.39172444611419	-2.20516247683851
			2.39172444611419	-2.20702809653127
			2.38985882642143	-2.20702809653127
			2.38799320672868	-2.20702809653127
			2.38612758703592	-2.20889371622402
			2.38426196734316	-2.20889371622402
			2.38239634765041	-2.21075933591678
			2.38053072795765	-2.21075933591678
			2.37866510826489	-2.21262495560954
			2.37679948857213	-2.21262495560954
			2.37493386887938	-2.2144905753023
			2.37306824918662	-2.2144905753023
		</curvaI_espina_dorsal>
	</curves.scaled>
	<ruler.points type=matrix rownames=TRUE colnames=FALSE nrow=2 ncol=2 as.numeric=TRUE >
		Ruler point 1	1519	537
		Ruler point 2	2055	533
	</ruler.points>
</shapes>

