<shapes type=list>
	<ruler.pixel type=vector names=FALSE length=1 as.numeric=TRUE >539.003710562367</ruler.pixel>
	<ruler.interval type=vector names=FALSE length=1 as.numeric=TRUE >1</ruler.interval>
	<scaling.units type=vector names=FALSE length=1 as.numeric=FALSE >mm</scaling.units>
	<scaling type=vector names=FALSE length=1 as.numeric=TRUE >0.00186561969275678</scaling>
	<landmarks.pixel type=matrix rownames=TRUE colnames=FALSE nrow=3 ncol=2 as.numeric=TRUE >
		punta_espina_dorsal	1462	970
		esq_izq_caparaza	1426	1229
		organo_dorsal	1724	1158
	</landmarks.pixel>
	<landmarks.scaled type=matrix rownames=TRUE colnames=FALSE nrow=3 ncol=2 as.numeric=TRUE >
		punta_espina_dorsal	2.72753599081041	-1.80965110197407
		esq_izq_caparaza	2.66037368187117	-2.29284660239808
		organo_dorsal	3.21632835031268	-2.16038760421235
	</landmarks.scaled>
	<curves.control type=list>
		<curvaD_espina_dorsal type=matrix rownames=FALSE colnames=FALSE nrow=7 ncol=2 as.numeric=TRUE >
			1462	970
			1500	991
			1534	1019
			1589	1061
			1611	1083
			1670	1161
			1724	1158
		</curvaD_espina_dorsal>
		<curvaI_espina_dorsal type=matrix rownames=FALSE colnames=FALSE nrow=9 ncol=2 as.numeric=TRUE >
			1462	970
			1503	1012
			1529	1033
			1567	1065
			1585	1099
			1568	1172
			1489	1168
			1444	1196
			1426	1229
		</curvaI_espina_dorsal>
	</curves.control>
	<curves.pixel type=list>
		<curvaD_espina_dorsal type=matrix rownames=FALSE colnames=FALSE nrow=288 ncol=2 as.numeric=TRUE >
			1462	970
			1463	970
			1463	971
			1464	971
			1465	972
			1466	972
			1467	973
			1468	973
			1469	974
			1470	975
			1471	975
			1472	976
			1473	976
			1474	977
			1475	978
			1476	978
			1477	979
			1478	979
			1479	980
			1480	981
			1481	981
			1482	982
			1483	982
			1484	983
			1485	984
			1486	984
			1487	985
			1488	985
			1489	986
			1490	987
			1491	987
			1492	988
			1493	989
			1494	989
			1495	990
			1496	990
			1496	991
			1497	992
			1498	992
			1499	993
			1500	994
			1501	994
			1502	995
			1503	996
			1504	996
			1505	997
			1506	998
			1507	998
			1508	999
			1509	1000
			1510	1000
			1511	1001
			1512	1002
			1513	1003
			1514	1004
			1515	1004
			1516	1005
			1517	1006
			1518	1007
			1519	1007
			1520	1008
			1521	1009
			1522	1009
			1522	1010
			1523	1010
			1524	1011
			1525	1012
			1526	1012
			1526	1013
			1527	1013
			1528	1014
			1529	1015
			1530	1016
			1531	1017
			1532	1017
			1533	1018
			1534	1019
			1535	1020
			1536	1021
			1537	1021
			1538	1022
			1539	1023
			1540	1023
			1541	1024
			1542	1025
			1543	1026
			1544	1027
			1545	1028
			1546	1028
			1547	1029
			1548	1030
			1549	1031
			1550	1032
			1551	1032
			1552	1033
			1553	1034
			1554	1035
			1555	1035
			1556	1036
			1557	1037
			1558	1038
			1559	1038
			1560	1039
			1561	1040
			1562	1040
			1563	1041
			1563	1042
			1564	1043
			1565	1043
			1566	1044
			1567	1045
			1568	1045
			1569	1046
			1569	1047
			1570	1047
			1571	1048
			1572	1049
			1573	1049
			1574	1050
			1574	1051
			1575	1051
			1576	1052
			1577	1053
			1578	1053
			1578	1054
			1579	1055
			1580	1055
			1581	1056
			1581	1057
			1582	1057
			1583	1058
			1584	1058
			1584	1059
			1585	1060
			1586	1060
			1587	1061
			1588	1062
			1589	1063
			1590	1064
			1591	1065
			1592	1065
			1593	1066
			1593	1067
			1594	1067
			1595	1068
			1596	1069
			1597	1070
			1598	1071
			1599	1072
			1600	1073
			1601	1073
			1602	1074
			1603	1075
			1603	1076
			1604	1076
			1605	1077
			1606	1078
			1607	1079
			1608	1080
			1609	1081
			1610	1082
			1611	1083
			1611	1084
			1612	1085
			1613	1085
			1614	1086
			1614	1087
			1615	1088
			1616	1089
			1616	1090
			1617	1091
			1618	1092
			1619	1093
			1619	1094
			1620	1095
			1621	1095
			1621	1096
			1622	1097
			1623	1098
			1624	1099
			1624	1100
			1625	1101
			1626	1101
			1626	1102
			1627	1103
			1628	1104
			1629	1105
			1630	1106
			1631	1107
			1632	1108
			1633	1109
			1633	1110
			1634	1111
			1635	1112
			1636	1113
			1637	1114
			1638	1114
			1639	1115
			1639	1116
			1640	1117
			1641	1118
			1642	1119
			1643	1119
			1644	1120
			1644	1121
			1645	1122
			1646	1123
			1647	1123
			1648	1124
			1649	1125
			1650	1126
			1650	1127
			1651	1127
			1652	1128
			1653	1129
			1654	1129
			1655	1130
			1655	1131
			1656	1131
			1657	1132
			1658	1133
			1659	1134
			1660	1134
			1660	1135
			1661	1135
			1662	1136
			1663	1137
			1664	1137
			1665	1138
			1666	1139
			1667	1140
			1668	1140
			1669	1141
			1670	1142
			1671	1142
			1672	1143
			1673	1144
			1674	1144
			1675	1145
			1676	1145
			1677	1146
			1678	1146
			1679	1147
			1680	1147
			1681	1148
			1682	1149
			1683	1149
			1684	1149
			1685	1150
			1686	1150
			1687	1151
			1688	1151
			1689	1152
			1690	1152
			1691	1152
			1692	1153
			1693	1153
			1694	1153
			1695	1154
			1696	1154
			1697	1154
			1698	1155
			1699	1155
			1700	1155
			1701	1156
			1702	1156
			1703	1156
			1704	1156
			1705	1157
			1706	1157
			1707	1157
			1708	1157
			1709	1157
			1710	1157
			1711	1158
			1712	1158
			1713	1158
			1714	1158
			1715	1158
			1716	1158
			1717	1158
			1718	1158
			1719	1158
			1720	1158
			1721	1158
			1722	1158
			1723	1158
			1724	1158
		</curvaD_espina_dorsal>
		<curvaI_espina_dorsal type=matrix rownames=FALSE colnames=FALSE nrow=352 ncol=2 as.numeric=TRUE >
			1462	970
			1463	971
			1464	972
			1464	973
			1465	973
			1466	974
			1467	975
			1468	976
			1468	977
			1469	977
			1470	978
			1471	979
			1472	980
			1472	981
			1473	981
			1474	982
			1475	983
			1476	984
			1477	985
			1478	986
			1479	987
			1480	988
			1481	989
			1482	990
			1483	991
			1483	992
			1484	992
			1485	993
			1486	994
			1487	995
			1488	996
			1489	997
			1490	997
			1490	998
			1491	999
			1492	1000
			1493	1001
			1494	1002
			1495	1002
			1495	1003
			1496	1004
			1497	1005
			1498	1005
			1499	1006
			1500	1007
			1500	1008
			1501	1008
			1502	1009
			1503	1010
			1503	1011
			1504	1011
			1505	1012
			1506	1013
			1507	1014
			1508	1015
			1509	1016
			1510	1017
			1511	1017
			1512	1018
			1513	1019
			1513	1020
			1514	1021
			1515	1021
			1516	1022
			1517	1023
			1518	1024
			1519	1024
			1519	1025
			1520	1026
			1521	1026
			1522	1027
			1523	1028
			1524	1029
			1525	1030
			1526	1031
			1527	1031
			1528	1032
			1529	1033
			1530	1034
			1531	1035
			1532	1036
			1533	1036
			1534	1037
			1535	1038
			1536	1039
			1537	1040
			1538	1041
			1539	1042
			1540	1042
			1540	1043
			1541	1044
			1542	1045
			1543	1046
			1544	1046
			1545	1047
			1546	1048
			1546	1049
			1547	1050
			1548	1050
			1549	1051
			1550	1052
			1550	1053
			1551	1054
			1552	1054
			1553	1055
			1554	1056
			1554	1057
			1555	1058
			1556	1059
			1557	1059
			1557	1060
			1558	1061
			1559	1062
			1560	1063
			1561	1064
			1562	1065
			1563	1066
			1563	1067
			1564	1068
			1565	1069
			1566	1070
			1567	1071
			1567	1072
			1568	1073
			1569	1074
			1570	1075
			1571	1076
			1571	1077
			1572	1078
			1573	1079
			1573	1080
			1574	1081
			1575	1082
			1576	1083
			1576	1084
			1577	1085
			1578	1086
			1578	1087
			1579	1088
			1579	1089
			1580	1090
			1581	1091
			1581	1092
			1582	1093
			1582	1094
			1583	1095
			1584	1096
			1584	1097
			1585	1098
			1585	1099
			1585	1100
			1584	1101
			1584	1102
			1584	1103
			1584	1104
			1583	1105
			1583	1106
			1583	1107
			1583	1108
			1582	1109
			1582	1110
			1582	1111
			1581	1112
			1581	1113
			1580	1114
			1580	1115
			1580	1116
			1579	1117
			1579	1118
			1578	1119
			1578	1120
			1578	1121
			1577	1122
			1577	1123
			1576	1124
			1576	1125
			1575	1126
			1575	1127
			1574	1127
			1574	1128
			1574	1129
			1573	1130
			1573	1131
			1572	1132
			1571	1133
			1570	1134
			1570	1135
			1569	1136
			1568	1137
			1568	1138
			1567	1139
			1566	1140
			1566	1141
			1565	1141
			1564	1142
			1563	1143
			1563	1144
			1562	1145
			1561	1146
			1560	1146
			1559	1147
			1559	1148
			1558	1149
			1557	1149
			1556	1150
			1555	1151
			1554	1151
			1554	1152
			1553	1153
			1552	1153
			1551	1154
			1550	1155
			1549	1155
			1548	1156
			1547	1156
			1546	1157
			1545	1157
			1544	1158
			1543	1158
			1542	1159
			1541	1159
			1540	1160
			1539	1160
			1538	1161
			1537	1161
			1536	1162
			1535	1162
			1534	1162
			1533	1163
			1532	1163
			1531	1163
			1530	1164
			1529	1164
			1528	1164
			1527	1165
			1526	1165
			1525	1165
			1524	1165
			1523	1165
			1522	1166
			1521	1166
			1520	1166
			1519	1166
			1518	1167
			1517	1167
			1516	1167
			1515	1167
			1514	1167
			1513	1167
			1512	1167
			1511	1167
			1510	1168
			1509	1168
			1508	1168
			1507	1168
			1506	1168
			1505	1168
			1504	1168
			1503	1168
			1502	1168
			1501	1168
			1500	1168
			1499	1168
			1498	1168
			1497	1168
			1496	1168
			1495	1168
			1494	1168
			1493	1168
			1492	1168
			1491	1168
			1490	1168
			1489	1168
			1488	1169
			1487	1169
			1486	1170
			1485	1171
			1484	1171
			1483	1172
			1482	1172
			1482	1173
			1481	1173
			1480	1174
			1479	1175
			1478	1175
			1477	1176
			1476	1176
			1476	1177
			1475	1177
			1474	1178
			1473	1179
			1472	1179
			1472	1180
			1471	1180
			1470	1181
			1469	1181
			1469	1182
			1468	1183
			1467	1183
			1466	1184
			1465	1184
			1465	1185
			1464	1186
			1463	1186
			1463	1187
			1462	1187
			1461	1188
			1460	1189
			1459	1190
			1458	1191
			1457	1192
			1456	1192
			1455	1193
			1454	1194
			1454	1195
			1453	1195
			1452	1196
			1451	1197
			1450	1198
			1449	1199
			1448	1200
			1447	1201
			1446	1202
			1445	1203
			1444	1204
			1443	1205
			1443	1206
			1442	1207
			1441	1208
			1440	1209
			1439	1209
			1439	1210
			1438	1211
			1437	1212
			1436	1213
			1436	1214
			1435	1215
			1434	1216
			1434	1217
			1433	1218
			1432	1219
			1432	1220
			1431	1220
			1431	1221
			1430	1222
			1429	1223
			1429	1224
			1428	1225
			1428	1226
			1427	1227
			1427	1228
			1426	1229
		</curvaI_espina_dorsal>
	</curves.pixel>
	<curves.scaled type=list>
		<curvaD_espina_dorsal type=matrix rownames=FALSE colnames=FALSE nrow=288 ncol=2 as.numeric=TRUE >
			2.72753599081041	-1.80965110197407
			2.72940161050317	-1.80965110197407
			2.72940161050317	-1.81151672166683
			2.73126723019592	-1.81151672166683
			2.73313284988868	-1.81338234135959
			2.73499846958144	-1.81338234135959
			2.73686408927419	-1.81524796105234
			2.73872970896695	-1.81524796105234
			2.74059532865971	-1.8171135807451
			2.74246094835246	-1.81897920043786
			2.74432656804522	-1.81897920043786
			2.74619218773798	-1.82084482013062
			2.74805780743073	-1.82084482013062
			2.74992342712349	-1.82271043982337
			2.75178904681625	-1.82457605951613
			2.753654666509	-1.82457605951613
			2.75552028620176	-1.82644167920889
			2.75738590589452	-1.82644167920889
			2.75925152558727	-1.82830729890164
			2.76111714528003	-1.8301729185944
			2.76298276497279	-1.8301729185944
			2.76484838466554	-1.83203853828716
			2.7667140043583	-1.83203853828716
			2.76857962405106	-1.83390415797991
			2.77044524374381	-1.83576977767267
			2.77231086343657	-1.83576977767267
			2.77417648312933	-1.83763539736543
			2.77604210282209	-1.83763539736543
			2.77790772251484	-1.83950101705818
			2.7797733422076	-1.84136663675094
			2.78163896190036	-1.84136663675094
			2.78350458159311	-1.8432322564437
			2.78537020128587	-1.84509787613645
			2.78723582097863	-1.84509787613645
			2.78910144067138	-1.84696349582921
			2.79096706036414	-1.84696349582921
			2.79096706036414	-1.84882911552197
			2.7928326800569	-1.85069473521472
			2.79469829974965	-1.85069473521472
			2.79656391944241	-1.85256035490748
			2.79842953913517	-1.85442597460024
			2.80029515882792	-1.85442597460024
			2.80216077852068	-1.85629159429299
			2.80402639821344	-1.85815721398575
			2.80589201790619	-1.85815721398575
			2.80775763759895	-1.86002283367851
			2.80962325729171	-1.86188845337126
			2.81148887698446	-1.86188845337126
			2.81335449667722	-1.86375407306402
			2.81522011636998	-1.86561969275678
			2.81708573606273	-1.86561969275678
			2.81895135575549	-1.86748531244953
			2.82081697544825	-1.86935093214229
			2.822682595141	-1.87121655183505
			2.82454821483376	-1.8730821715278
			2.82641383452652	-1.8730821715278
			2.82827945421927	-1.87494779122056
			2.83014507391203	-1.87681341091332
			2.83201069360479	-1.87867903060608
			2.83387631329755	-1.87867903060608
			2.8357419329903	-1.88054465029883
			2.83760755268306	-1.88241026999159
			2.83947317237582	-1.88241026999159
			2.83947317237582	-1.88427588968435
			2.84133879206857	-1.88427588968435
			2.84320441176133	-1.8861415093771
			2.84507003145409	-1.88800712906986
			2.84693565114684	-1.88800712906986
			2.84693565114684	-1.88987274876262
			2.8488012708396	-1.88987274876262
			2.85066689053236	-1.89173836845537
			2.85253251022511	-1.89360398814813
			2.85439812991787	-1.89546960784089
			2.85626374961063	-1.89733522753364
			2.85812936930338	-1.89733522753364
			2.85999498899614	-1.8992008472264
			2.8618606086889	-1.90106646691916
			2.86372622838165	-1.90293208661191
			2.86559184807441	-1.90479770630467
			2.86745746776717	-1.90479770630467
			2.86932308745992	-1.90666332599743
			2.87118870715268	-1.90852894569018
			2.87305432684544	-1.90852894569018
			2.87491994653819	-1.91039456538294
			2.87678556623095	-1.9122601850757
			2.87865118592371	-1.91412580476845
			2.88051680561646	-1.91599142446121
			2.88238242530922	-1.91785704415397
			2.88424804500198	-1.91785704415397
			2.88611366469474	-1.91972266384672
			2.88797928438749	-1.92158828353948
			2.88984490408025	-1.92345390323224
			2.89171052377301	-1.92531952292499
			2.89357614346576	-1.92531952292499
			2.89544176315852	-1.92718514261775
			2.89730738285128	-1.92905076231051
			2.89917300254403	-1.93091638200326
			2.90103862223679	-1.93091638200326
			2.90290424192955	-1.93278200169602
			2.9047698616223	-1.93464762138878
			2.90663548131506	-1.93651324108154
			2.90850110100782	-1.93651324108154
			2.91036672070057	-1.93837886077429
			2.91223234039333	-1.94024448046705
			2.91409796008609	-1.94024448046705
			2.91596357977884	-1.94211010015981
			2.91596357977884	-1.94397571985256
			2.9178291994716	-1.94584133954532
			2.91969481916436	-1.94584133954532
			2.92156043885711	-1.94770695923808
			2.92342605854987	-1.94957257893083
			2.92529167824263	-1.94957257893083
			2.92715729793538	-1.95143819862359
			2.92715729793538	-1.95330381831635
			2.92902291762814	-1.95330381831635
			2.9308885373209	-1.9551694380091
			2.93275415701365	-1.95703505770186
			2.93461977670641	-1.95703505770186
			2.93648539639917	-1.95890067739462
			2.93648539639917	-1.96076629708737
			2.93835101609193	-1.96076629708737
			2.94021663578468	-1.96263191678013
			2.94208225547744	-1.96449753647289
			2.9439478751702	-1.96449753647289
			2.9439478751702	-1.96636315616564
			2.94581349486295	-1.9682287758584
			2.94767911455571	-1.9682287758584
			2.94954473424847	-1.97009439555116
			2.94954473424847	-1.97196001524391
			2.95141035394122	-1.97196001524391
			2.95327597363398	-1.97382563493667
			2.95514159332674	-1.97382563493667
			2.95514159332674	-1.97569125462943
			2.95700721301949	-1.97755687432218
			2.95887283271225	-1.97755687432218
			2.96073845240501	-1.97942249401494
			2.96260407209776	-1.9812881137077
			2.96446969179052	-1.98315373340045
			2.96633531148328	-1.98501935309321
			2.96820093117603	-1.98688497278597
			2.97006655086879	-1.98688497278597
			2.97193217056155	-1.98875059247872
			2.97193217056155	-1.99061621217148
			2.9737977902543	-1.99061621217148
			2.97566340994706	-1.99248183186424
			2.97752902963982	-1.994347451557
			2.97939464933257	-1.99621307124975
			2.98126026902533	-1.99807869094251
			2.98312588871809	-1.99994431063527
			2.98499150841084	-2.00180993032802
			2.9868571281036	-2.00180993032802
			2.98872274779636	-2.00367555002078
			2.99058836748911	-2.00554116971354
			2.99058836748911	-2.00740678940629
			2.99245398718187	-2.00740678940629
			2.99431960687463	-2.00927240909905
			2.99618522656738	-2.01113802879181
			2.99805084626014	-2.01300364848456
			2.9999164659529	-2.01486926817732
			3.00178208564566	-2.01673488787008
			3.00364770533841	-2.01860050756283
			3.00551332503117	-2.02046612725559
			3.00551332503117	-2.02233174694835
			3.00737894472393	-2.0241973666411
			3.00924456441668	-2.0241973666411
			3.01111018410944	-2.02606298633386
			3.01111018410944	-2.02792860602662
			3.0129758038022	-2.02979422571937
			3.01484142349495	-2.03165984541213
			3.01484142349495	-2.03352546510489
			3.01670704318771	-2.03539108479764
			3.01857266288047	-2.0372567044904
			3.02043828257322	-2.03912232418316
			3.02043828257322	-2.04098794387591
			3.02230390226598	-2.04285356356867
			3.02416952195874	-2.04285356356867
			3.02416952195874	-2.04471918326143
			3.02603514165149	-2.04658480295419
			3.02790076134425	-2.04845042264694
			3.02976638103701	-2.0503160423397
			3.02976638103701	-2.05218166203246
			3.03163200072976	-2.05404728172521
			3.03349762042252	-2.05404728172521
			3.03349762042252	-2.05591290141797
			3.03536324011528	-2.05777852111073
			3.03722885980803	-2.05964414080348
			3.03909447950079	-2.06150976049624
			3.04096009919355	-2.063375380189
			3.0428257188863	-2.06524099988175
			3.04469133857906	-2.06710661957451
			3.04655695827182	-2.06897223926727
			3.04655695827182	-2.07083785896002
			3.04842257796457	-2.07270347865278
			3.05028819765733	-2.07456909834554
			3.05215381735009	-2.07643471803829
			3.05401943704285	-2.07830033773105
			3.0558850567356	-2.07830033773105
			3.05775067642836	-2.08016595742381
			3.05775067642836	-2.08203157711656
			3.05961629612112	-2.08389719680932
			3.06148191581387	-2.08576281650208
			3.06334753550663	-2.08762843619483
			3.06521315519939	-2.08762843619483
			3.06707877489214	-2.08949405588759
			3.06707877489214	-2.09135967558035
			3.0689443945849	-2.0932252952731
			3.07081001427766	-2.09509091496586
			3.07267563397041	-2.09509091496586
			3.07454125366317	-2.09695653465862
			3.07640687335593	-2.09882215435137
			3.07827249304868	-2.10068777404413
			3.07827249304868	-2.10255339373689
			3.08013811274144	-2.10255339373689
			3.0820037324342	-2.10441901342965
			3.08386935212695	-2.1062846331224
			3.08573497181971	-2.1062846331224
			3.08760059151247	-2.10815025281516
			3.08760059151247	-2.11001587250792
			3.08946621120522	-2.11001587250792
			3.09133183089798	-2.11188149220067
			3.09319745059074	-2.11374711189343
			3.09506307028349	-2.11561273158619
			3.09692868997625	-2.11561273158619
			3.09692868997625	-2.11747835127894
			3.09879430966901	-2.11747835127894
			3.10065992936176	-2.1193439709717
			3.10252554905452	-2.12120959066446
			3.10439116874728	-2.12120959066446
			3.10625678844003	-2.12307521035721
			3.10812240813279	-2.12494083004997
			3.10998802782555	-2.12680644974273
			3.11185364751831	-2.12680644974273
			3.11371926721106	-2.12867206943548
			3.11558488690382	-2.13053768912824
			3.11745050659658	-2.13053768912824
			3.11931612628933	-2.132403308821
			3.12118174598209	-2.13426892851375
			3.12304736567485	-2.13426892851375
			3.1249129853676	-2.13613454820651
			3.12677860506036	-2.13613454820651
			3.12864422475312	-2.13800016789927
			3.13050984444587	-2.13800016789927
			3.13237546413863	-2.13986578759202
			3.13424108383139	-2.13986578759202
			3.13610670352414	-2.14173140728478
			3.1379723232169	-2.14359702697754
			3.13983794290966	-2.14359702697754
			3.14170356260241	-2.14359702697754
			3.14356918229517	-2.14546264667029
			3.14543480198793	-2.14546264667029
			3.14730042168068	-2.14732826636305
			3.14916604137344	-2.14732826636305
			3.1510316610662	-2.14919388605581
			3.15289728075895	-2.14919388605581
			3.15476290045171	-2.14919388605581
			3.15662852014447	-2.15105950574856
			3.15849413983722	-2.15105950574856
			3.16035975952998	-2.15105950574856
			3.16222537922274	-2.15292512544132
			3.1640909989155	-2.15292512544132
			3.16595661860825	-2.15292512544132
			3.16782223830101	-2.15479074513408
			3.16968785799377	-2.15479074513408
			3.17155347768652	-2.15479074513408
			3.17341909737928	-2.15665636482683
			3.17528471707204	-2.15665636482683
			3.17715033676479	-2.15665636482683
			3.17901595645755	-2.15665636482683
			3.18088157615031	-2.15852198451959
			3.18274719584306	-2.15852198451959
			3.18461281553582	-2.15852198451959
			3.18647843522858	-2.15852198451959
			3.18834405492133	-2.15852198451959
			3.19020967461409	-2.15852198451959
			3.19207529430685	-2.16038760421235
			3.1939409139996	-2.16038760421235
			3.19580653369236	-2.16038760421235
			3.19767215338512	-2.16038760421235
			3.19953777307787	-2.16038760421235
			3.20140339277063	-2.16038760421235
			3.20326901246339	-2.16038760421235
			3.20513463215614	-2.16038760421235
			3.2070002518489	-2.16038760421235
			3.20886587154166	-2.16038760421235
			3.21073149123441	-2.16038760421235
			3.21259711092717	-2.16038760421235
			3.21446273061993	-2.16038760421235
			3.21632835031268	-2.16038760421235
		</curvaD_espina_dorsal>
		<curvaI_espina_dorsal type=matrix rownames=FALSE colnames=FALSE nrow=352 ncol=2 as.numeric=TRUE >
			2.72753599081041	-1.80965110197407
			2.72940161050317	-1.81151672166683
			2.73126723019592	-1.81338234135959
			2.73126723019592	-1.81524796105234
			2.73313284988868	-1.81524796105234
			2.73499846958144	-1.8171135807451
			2.73686408927419	-1.81897920043786
			2.73872970896695	-1.82084482013062
			2.73872970896695	-1.82271043982337
			2.74059532865971	-1.82271043982337
			2.74246094835246	-1.82457605951613
			2.74432656804522	-1.82644167920889
			2.74619218773798	-1.82830729890164
			2.74619218773798	-1.8301729185944
			2.74805780743073	-1.8301729185944
			2.74992342712349	-1.83203853828716
			2.75178904681625	-1.83390415797991
			2.753654666509	-1.83576977767267
			2.75552028620176	-1.83763539736543
			2.75738590589452	-1.83950101705818
			2.75925152558727	-1.84136663675094
			2.76111714528003	-1.8432322564437
			2.76298276497279	-1.84509787613645
			2.76484838466554	-1.84696349582921
			2.7667140043583	-1.84882911552197
			2.7667140043583	-1.85069473521472
			2.76857962405106	-1.85069473521472
			2.77044524374381	-1.85256035490748
			2.77231086343657	-1.85442597460024
			2.77417648312933	-1.85629159429299
			2.77604210282209	-1.85815721398575
			2.77790772251484	-1.86002283367851
			2.7797733422076	-1.86002283367851
			2.7797733422076	-1.86188845337126
			2.78163896190036	-1.86375407306402
			2.78350458159311	-1.86561969275678
			2.78537020128587	-1.86748531244953
			2.78723582097863	-1.86935093214229
			2.78910144067138	-1.86935093214229
			2.78910144067138	-1.87121655183505
			2.79096706036414	-1.8730821715278
			2.7928326800569	-1.87494779122056
			2.79469829974965	-1.87494779122056
			2.79656391944241	-1.87681341091332
			2.79842953913517	-1.87867903060608
			2.79842953913517	-1.88054465029883
			2.80029515882792	-1.88054465029883
			2.80216077852068	-1.88241026999159
			2.80402639821344	-1.88427588968435
			2.80402639821344	-1.8861415093771
			2.80589201790619	-1.8861415093771
			2.80775763759895	-1.88800712906986
			2.80962325729171	-1.88987274876262
			2.81148887698446	-1.89173836845537
			2.81335449667722	-1.89360398814813
			2.81522011636998	-1.89546960784089
			2.81708573606273	-1.89733522753364
			2.81895135575549	-1.89733522753364
			2.82081697544825	-1.8992008472264
			2.822682595141	-1.90106646691916
			2.822682595141	-1.90293208661191
			2.82454821483376	-1.90479770630467
			2.82641383452652	-1.90479770630467
			2.82827945421927	-1.90666332599743
			2.83014507391203	-1.90852894569018
			2.83201069360479	-1.91039456538294
			2.83387631329755	-1.91039456538294
			2.83387631329755	-1.9122601850757
			2.8357419329903	-1.91412580476845
			2.83760755268306	-1.91412580476845
			2.83947317237582	-1.91599142446121
			2.84133879206857	-1.91785704415397
			2.84320441176133	-1.91972266384672
			2.84507003145409	-1.92158828353948
			2.84693565114684	-1.92345390323224
			2.8488012708396	-1.92345390323224
			2.85066689053236	-1.92531952292499
			2.85253251022511	-1.92718514261775
			2.85439812991787	-1.92905076231051
			2.85626374961063	-1.93091638200326
			2.85812936930338	-1.93278200169602
			2.85999498899614	-1.93278200169602
			2.8618606086889	-1.93464762138878
			2.86372622838165	-1.93651324108154
			2.86559184807441	-1.93837886077429
			2.86745746776717	-1.94024448046705
			2.86932308745992	-1.94211010015981
			2.87118870715268	-1.94397571985256
			2.87305432684544	-1.94397571985256
			2.87305432684544	-1.94584133954532
			2.87491994653819	-1.94770695923808
			2.87678556623095	-1.94957257893083
			2.87865118592371	-1.95143819862359
			2.88051680561646	-1.95143819862359
			2.88238242530922	-1.95330381831635
			2.88424804500198	-1.9551694380091
			2.88424804500198	-1.95703505770186
			2.88611366469474	-1.95890067739462
			2.88797928438749	-1.95890067739462
			2.88984490408025	-1.96076629708737
			2.89171052377301	-1.96263191678013
			2.89171052377301	-1.96449753647289
			2.89357614346576	-1.96636315616564
			2.89544176315852	-1.96636315616564
			2.89730738285128	-1.9682287758584
			2.89917300254403	-1.97009439555116
			2.89917300254403	-1.97196001524391
			2.90103862223679	-1.97382563493667
			2.90290424192955	-1.97569125462943
			2.9047698616223	-1.97569125462943
			2.9047698616223	-1.97755687432218
			2.90663548131506	-1.97942249401494
			2.90850110100782	-1.9812881137077
			2.91036672070057	-1.98315373340045
			2.91223234039333	-1.98501935309321
			2.91409796008609	-1.98688497278597
			2.91596357977884	-1.98875059247872
			2.91596357977884	-1.99061621217148
			2.9178291994716	-1.99248183186424
			2.91969481916436	-1.994347451557
			2.92156043885711	-1.99621307124975
			2.92342605854987	-1.99807869094251
			2.92342605854987	-1.99994431063527
			2.92529167824263	-2.00180993032802
			2.92715729793538	-2.00367555002078
			2.92902291762814	-2.00554116971354
			2.9308885373209	-2.00740678940629
			2.9308885373209	-2.00927240909905
			2.93275415701365	-2.01113802879181
			2.93461977670641	-2.01300364848456
			2.93461977670641	-2.01486926817732
			2.93648539639917	-2.01673488787008
			2.93835101609193	-2.01860050756283
			2.94021663578468	-2.02046612725559
			2.94021663578468	-2.02233174694835
			2.94208225547744	-2.0241973666411
			2.9439478751702	-2.02606298633386
			2.9439478751702	-2.02792860602662
			2.94581349486295	-2.02979422571937
			2.94581349486295	-2.03165984541213
			2.94767911455571	-2.03352546510489
			2.94954473424847	-2.03539108479764
			2.94954473424847	-2.0372567044904
			2.95141035394122	-2.03912232418316
			2.95141035394122	-2.04098794387591
			2.95327597363398	-2.04285356356867
			2.95514159332674	-2.04471918326143
			2.95514159332674	-2.04658480295419
			2.95700721301949	-2.04845042264694
			2.95700721301949	-2.0503160423397
			2.95700721301949	-2.05218166203246
			2.95514159332674	-2.05404728172521
			2.95514159332674	-2.05591290141797
			2.95514159332674	-2.05777852111073
			2.95514159332674	-2.05964414080348
			2.95327597363398	-2.06150976049624
			2.95327597363398	-2.063375380189
			2.95327597363398	-2.06524099988175
			2.95327597363398	-2.06710661957451
			2.95141035394122	-2.06897223926727
			2.95141035394122	-2.07083785896002
			2.95141035394122	-2.07270347865278
			2.94954473424847	-2.07456909834554
			2.94954473424847	-2.07643471803829
			2.94767911455571	-2.07830033773105
			2.94767911455571	-2.08016595742381
			2.94767911455571	-2.08203157711656
			2.94581349486295	-2.08389719680932
			2.94581349486295	-2.08576281650208
			2.9439478751702	-2.08762843619483
			2.9439478751702	-2.08949405588759
			2.9439478751702	-2.09135967558035
			2.94208225547744	-2.0932252952731
			2.94208225547744	-2.09509091496586
			2.94021663578468	-2.09695653465862
			2.94021663578468	-2.09882215435137
			2.93835101609193	-2.10068777404413
			2.93835101609193	-2.10255339373689
			2.93648539639917	-2.10255339373689
			2.93648539639917	-2.10441901342965
			2.93648539639917	-2.1062846331224
			2.93461977670641	-2.10815025281516
			2.93461977670641	-2.11001587250792
			2.93275415701365	-2.11188149220067
			2.9308885373209	-2.11374711189343
			2.92902291762814	-2.11561273158619
			2.92902291762814	-2.11747835127894
			2.92715729793538	-2.1193439709717
			2.92529167824263	-2.12120959066446
			2.92529167824263	-2.12307521035721
			2.92342605854987	-2.12494083004997
			2.92156043885711	-2.12680644974273
			2.92156043885711	-2.12867206943548
			2.91969481916436	-2.12867206943548
			2.9178291994716	-2.13053768912824
			2.91596357977884	-2.132403308821
			2.91596357977884	-2.13426892851375
			2.91409796008609	-2.13613454820651
			2.91223234039333	-2.13800016789927
			2.91036672070057	-2.13800016789927
			2.90850110100782	-2.13986578759202
			2.90850110100782	-2.14173140728478
			2.90663548131506	-2.14359702697754
			2.9047698616223	-2.14359702697754
			2.90290424192955	-2.14546264667029
			2.90103862223679	-2.14732826636305
			2.89917300254403	-2.14732826636305
			2.89917300254403	-2.14919388605581
			2.89730738285128	-2.15105950574856
			2.89544176315852	-2.15105950574856
			2.89357614346576	-2.15292512544132
			2.89171052377301	-2.15479074513408
			2.88984490408025	-2.15479074513408
			2.88797928438749	-2.15665636482683
			2.88611366469474	-2.15665636482683
			2.88424804500198	-2.15852198451959
			2.88238242530922	-2.15852198451959
			2.88051680561646	-2.16038760421235
			2.87865118592371	-2.16038760421235
			2.87678556623095	-2.16225322390511
			2.87491994653819	-2.16225322390511
			2.87305432684544	-2.16411884359786
			2.87118870715268	-2.16411884359786
			2.86932308745992	-2.16598446329062
			2.86745746776717	-2.16598446329062
			2.86559184807441	-2.16785008298338
			2.86372622838165	-2.16785008298338
			2.8618606086889	-2.16785008298338
			2.85999498899614	-2.16971570267613
			2.85812936930338	-2.16971570267613
			2.85626374961063	-2.16971570267613
			2.85439812991787	-2.17158132236889
			2.85253251022511	-2.17158132236889
			2.85066689053236	-2.17158132236889
			2.8488012708396	-2.17344694206165
			2.84693565114684	-2.17344694206165
			2.84507003145409	-2.17344694206165
			2.84320441176133	-2.17344694206165
			2.84133879206857	-2.17344694206165
			2.83947317237582	-2.1753125617544
			2.83760755268306	-2.1753125617544
			2.8357419329903	-2.1753125617544
			2.83387631329755	-2.1753125617544
			2.83201069360479	-2.17717818144716
			2.83014507391203	-2.17717818144716
			2.82827945421927	-2.17717818144716
			2.82641383452652	-2.17717818144716
			2.82454821483376	-2.17717818144716
			2.822682595141	-2.17717818144716
			2.82081697544825	-2.17717818144716
			2.81895135575549	-2.17717818144716
			2.81708573606273	-2.17904380113992
			2.81522011636998	-2.17904380113992
			2.81335449667722	-2.17904380113992
			2.81148887698446	-2.17904380113992
			2.80962325729171	-2.17904380113992
			2.80775763759895	-2.17904380113992
			2.80589201790619	-2.17904380113992
			2.80402639821344	-2.17904380113992
			2.80216077852068	-2.17904380113992
			2.80029515882792	-2.17904380113992
			2.79842953913517	-2.17904380113992
			2.79656391944241	-2.17904380113992
			2.79469829974965	-2.17904380113992
			2.7928326800569	-2.17904380113992
			2.79096706036414	-2.17904380113992
			2.78910144067138	-2.17904380113992
			2.78723582097863	-2.17904380113992
			2.78537020128587	-2.17904380113992
			2.78350458159311	-2.17904380113992
			2.78163896190036	-2.17904380113992
			2.7797733422076	-2.17904380113992
			2.77790772251484	-2.17904380113992
			2.77604210282209	-2.18090942083267
			2.77417648312933	-2.18090942083267
			2.77231086343657	-2.18277504052543
			2.77044524374381	-2.18464066021819
			2.76857962405106	-2.18464066021819
			2.7667140043583	-2.18650627991094
			2.76484838466554	-2.18650627991094
			2.76484838466554	-2.1883718996037
			2.76298276497279	-2.1883718996037
			2.76111714528003	-2.19023751929646
			2.75925152558727	-2.19210313898921
			2.75738590589452	-2.19210313898921
			2.75552028620176	-2.19396875868197
			2.753654666509	-2.19396875868197
			2.753654666509	-2.19583437837473
			2.75178904681625	-2.19583437837473
			2.74992342712349	-2.19769999806748
			2.74805780743073	-2.19956561776024
			2.74619218773798	-2.19956561776024
			2.74619218773798	-2.201431237453
			2.74432656804522	-2.201431237453
			2.74246094835246	-2.20329685714575
			2.74059532865971	-2.20329685714575
			2.74059532865971	-2.20516247683851
			2.73872970896695	-2.20702809653127
			2.73686408927419	-2.20702809653127
			2.73499846958144	-2.20889371622402
			2.73313284988868	-2.20889371622402
			2.73313284988868	-2.21075933591678
			2.73126723019592	-2.21262495560954
			2.72940161050317	-2.21262495560954
			2.72940161050317	-2.2144905753023
			2.72753599081041	-2.2144905753023
			2.72567037111765	-2.21635619499505
			2.7238047514249	-2.21822181468781
			2.72193913173214	-2.22008743438057
			2.72007351203938	-2.22195305407332
			2.71820789234663	-2.22381867376608
			2.71634227265387	-2.22381867376608
			2.71447665296111	-2.22568429345884
			2.71261103326835	-2.22754991315159
			2.71261103326835	-2.22941553284435
			2.7107454135756	-2.22941553284435
			2.70887979388284	-2.23128115253711
			2.70701417419008	-2.23314677222986
			2.70514855449733	-2.23501239192262
			2.70328293480457	-2.23687801161538
			2.70141731511181	-2.23874363130813
			2.69955169541906	-2.24060925100089
			2.6976860757263	-2.24247487069365
			2.69582045603354	-2.2443404903864
			2.69395483634079	-2.24620611007916
			2.69208921664803	-2.24807172977192
			2.69208921664803	-2.24993734946467
			2.69022359695527	-2.25180296915743
			2.68835797726252	-2.25366858885019
			2.68649235756976	-2.25553420854294
			2.684626737877	-2.25553420854294
			2.684626737877	-2.2573998282357
			2.68276111818425	-2.25926544792846
			2.68089549849149	-2.26113106762121
			2.67902987879873	-2.26299668731397
			2.67902987879873	-2.26486230700673
			2.67716425910598	-2.26672792669949
			2.67529863941322	-2.26859354639224
			2.67529863941322	-2.270459166085
			2.67343301972046	-2.27232478577776
			2.67156740002771	-2.27419040547051
			2.67156740002771	-2.27605602516327
			2.66970178033495	-2.27605602516327
			2.66970178033495	-2.27792164485603
			2.66783616064219	-2.27978726454878
			2.66597054094944	-2.28165288424154
			2.66597054094944	-2.2835185039343
			2.66410492125668	-2.28538412362705
			2.66410492125668	-2.28724974331981
			2.66223930156392	-2.28911536301257
			2.66223930156392	-2.29098098270532
			2.66037368187117	-2.29284660239808
		</curvaI_espina_dorsal>
	</curves.scaled>
	<ruler.points type=matrix rownames=TRUE colnames=FALSE nrow=2 ncol=2 as.numeric=TRUE >
		Ruler point 1	1519	537
		Ruler point 2	2055	533
	</ruler.points>
</shapes>

