<shapes type=list>
	<ruler.pixel type=vector names=FALSE length=1 as.numeric=TRUE >539.003710562367</ruler.pixel>
	<ruler.interval type=vector names=FALSE length=1 as.numeric=TRUE >1</ruler.interval>
	<scaling.units type=vector names=FALSE length=1 as.numeric=FALSE >mm</scaling.units>
	<scaling type=vector names=FALSE length=1 as.numeric=TRUE >0.00186561969275678</scaling>
	<landmarks.pixel type=matrix rownames=TRUE colnames=FALSE nrow=3 ncol=2 as.numeric=TRUE >
		punta_espina_dorsal	1619	943
		esq_izq_caparaza	1409	1091
		organo_dorsal	1666	1260
	</landmarks.pixel>
	<landmarks.scaled type=matrix rownames=TRUE colnames=FALSE nrow=3 ncol=2 as.numeric=TRUE >
		punta_espina_dorsal	3.02043828257322	-1.75927937026964
		esq_izq_caparaza	2.6286581470943	-2.03539108479764
		organo_dorsal	3.10812240813279	-2.35068081287354
	</landmarks.scaled>
	<curves.control type=list>
		<curvaD_espina_dorsal type=matrix rownames=FALSE colnames=FALSE nrow=7 ncol=2 as.numeric=TRUE >
			1619	943
			1632	969
			1632	1005
			1640	1043
			1641	1128
			1621	1179
			1666	1260
		</curvaD_espina_dorsal>
		<curvaI_espina_dorsal type=matrix rownames=FALSE colnames=FALSE nrow=9 ncol=2 as.numeric=TRUE >
			1619	943
			1623	989
			1624	1024
			1628	1069
			1607	1125
			1547	1153
			1494	1091
			1450	1079
			1409	1091
		</curvaI_espina_dorsal>
	</curves.control>
	<curves.pixel type=list>
		<curvaD_espina_dorsal type=matrix rownames=FALSE colnames=FALSE nrow=323 ncol=2 as.numeric=TRUE >
			1619	943
			1619	944
			1620	945
			1620	946
			1621	947
			1621	948
			1622	949
			1622	950
			1623	951
			1623	952
			1623	953
			1624	954
			1624	955
			1624	956
			1625	957
			1625	958
			1626	959
			1626	960
			1626	961
			1627	962
			1627	963
			1627	964
			1627	965
			1628	966
			1628	967
			1628	968
			1628	969
			1628	970
			1629	971
			1629	972
			1629	973
			1629	974
			1629	975
			1630	976
			1630	977
			1630	978
			1630	979
			1630	980
			1630	981
			1631	982
			1631	983
			1631	984
			1631	985
			1631	986
			1631	987
			1631	988
			1631	989
			1631	990
			1631	991
			1632	992
			1632	993
			1632	994
			1632	995
			1632	996
			1632	997
			1632	998
			1632	999
			1632	1000
			1632	1001
			1632	1002
			1632	1003
			1632	1004
			1632	1005
			1632	1006
			1632	1007
			1633	1008
			1633	1009
			1633	1010
			1633	1011
			1633	1012
			1633	1013
			1634	1013
			1634	1014
			1634	1015
			1634	1016
			1634	1017
			1634	1018
			1634	1019
			1635	1020
			1635	1021
			1635	1022
			1635	1023
			1635	1024
			1635	1025
			1635	1026
			1636	1027
			1636	1028
			1636	1029
			1636	1030
			1636	1031
			1636	1032
			1636	1033
			1636	1034
			1636	1035
			1637	1036
			1637	1037
			1637	1038
			1637	1039
			1637	1040
			1637	1041
			1637	1042
			1637	1043
			1637	1044
			1637	1045
			1638	1046
			1638	1047
			1638	1048
			1638	1049
			1638	1050
			1638	1051
			1638	1052
			1638	1053
			1638	1054
			1638	1055
			1638	1056
			1638	1057
			1638	1058
			1639	1059
			1639	1060
			1639	1061
			1639	1062
			1639	1063
			1639	1064
			1639	1065
			1639	1066
			1639	1067
			1639	1068
			1639	1069
			1639	1070
			1639	1071
			1639	1072
			1639	1073
			1639	1074
			1639	1075
			1640	1076
			1640	1077
			1640	1078
			1640	1079
			1640	1080
			1640	1081
			1640	1082
			1640	1083
			1640	1084
			1640	1085
			1640	1086
			1640	1087
			1640	1088
			1640	1089
			1640	1090
			1640	1091
			1640	1092
			1640	1093
			1640	1094
			1640	1095
			1640	1096
			1640	1097
			1640	1098
			1640	1099
			1640	1100
			1640	1101
			1641	1102
			1641	1103
			1641	1104
			1641	1105
			1641	1106
			1641	1107
			1641	1108
			1641	1109
			1641	1110
			1641	1111
			1641	1112
			1641	1113
			1641	1114
			1641	1115
			1641	1116
			1641	1117
			1641	1118
			1641	1119
			1641	1120
			1641	1121
			1641	1122
			1641	1123
			1641	1124
			1641	1125
			1641	1126
			1641	1127
			1641	1128
			1641	1129
			1640	1130
			1640	1131
			1640	1132
			1639	1133
			1639	1134
			1639	1135
			1638	1136
			1638	1137
			1638	1138
			1638	1139
			1637	1140
			1637	1141
			1637	1142
			1637	1143
			1637	1144
			1636	1145
			1636	1146
			1636	1147
			1636	1148
			1636	1149
			1636	1150
			1635	1151
			1635	1152
			1635	1153
			1635	1154
			1635	1155
			1635	1156
			1635	1157
			1635	1158
			1635	1159
			1635	1160
			1635	1161
			1635	1162
			1635	1163
			1635	1164
			1635	1165
			1635	1166
			1635	1167
			1635	1168
			1635	1169
			1635	1170
			1635	1171
			1635	1172
			1635	1173
			1635	1174
			1636	1175
			1636	1176
			1636	1177
			1636	1178
			1636	1179
			1636	1180
			1636	1181
			1636	1182
			1637	1183
			1637	1184
			1637	1185
			1637	1186
			1637	1187
			1638	1188
			1638	1189
			1638	1190
			1638	1191
			1638	1192
			1639	1193
			1639	1194
			1639	1195
			1639	1196
			1640	1197
			1640	1198
			1640	1199
			1641	1200
			1641	1201
			1641	1202
			1641	1203
			1642	1204
			1642	1205
			1642	1206
			1642	1207
			1643	1208
			1643	1209
			1643	1210
			1644	1211
			1644	1212
			1644	1213
			1645	1214
			1645	1215
			1645	1216
			1646	1217
			1646	1218
			1647	1219
			1647	1220
			1647	1221
			1648	1222
			1648	1223
			1648	1224
			1649	1225
			1649	1226
			1650	1227
			1650	1228
			1651	1229
			1651	1230
			1651	1231
			1652	1231
			1652	1232
			1652	1233
			1653	1233
			1653	1234
			1653	1235
			1654	1236
			1654	1237
			1655	1238
			1655	1239
			1656	1240
			1656	1241
			1656	1242
			1657	1242
			1657	1243
			1658	1244
			1658	1245
			1659	1246
			1659	1247
			1659	1248
			1660	1249
			1660	1250
			1661	1250
			1661	1251
			1662	1252
			1662	1253
			1663	1254
			1663	1255
			1664	1256
			1664	1257
			1665	1258
			1665	1259
			1666	1260
		</curvaD_espina_dorsal>
		<curvaI_espina_dorsal type=matrix rownames=FALSE colnames=FALSE nrow=392 ncol=2 as.numeric=TRUE >
			1619	943
			1619	944
			1619	945
			1619	946
			1619	947
			1619	948
			1620	949
			1620	950
			1620	951
			1620	952
			1620	953
			1620	954
			1620	955
			1620	956
			1620	957
			1620	958
			1620	959
			1620	960
			1620	961
			1621	962
			1621	963
			1621	964
			1621	965
			1621	966
			1621	967
			1621	968
			1621	969
			1621	970
			1621	971
			1621	972
			1621	973
			1621	974
			1622	975
			1622	976
			1622	977
			1622	978
			1622	979
			1622	980
			1622	981
			1622	982
			1622	983
			1622	984
			1622	985
			1622	986
			1622	987
			1622	988
			1622	989
			1622	990
			1623	991
			1623	992
			1623	993
			1623	994
			1623	995
			1623	996
			1623	997
			1623	998
			1623	999
			1623	1000
			1623	1001
			1623	1002
			1623	1003
			1623	1004
			1623	1005
			1623	1006
			1623	1007
			1623	1008
			1623	1009
			1624	1010
			1624	1011
			1624	1012
			1624	1013
			1624	1014
			1624	1015
			1624	1016
			1624	1017
			1624	1018
			1624	1019
			1624	1020
			1624	1021
			1624	1022
			1624	1023
			1624	1024
			1624	1025
			1624	1026
			1624	1027
			1624	1028
			1624	1029
			1624	1030
			1624	1031
			1625	1032
			1625	1033
			1625	1034
			1625	1035
			1625	1036
			1625	1037
			1625	1038
			1625	1039
			1625	1040
			1625	1041
			1625	1042
			1625	1043
			1625	1044
			1625	1045
			1624	1046
			1624	1047
			1624	1048
			1624	1049
			1624	1050
			1624	1051
			1624	1052
			1624	1053
			1624	1054
			1624	1055
			1624	1056
			1624	1057
			1624	1058
			1623	1059
			1623	1060
			1623	1061
			1623	1062
			1623	1063
			1623	1064
			1623	1065
			1623	1066
			1623	1067
			1622	1068
			1622	1069
			1622	1070
			1622	1071
			1622	1072
			1621	1073
			1621	1074
			1621	1075
			1621	1076
			1621	1077
			1621	1078
			1620	1079
			1620	1080
			1620	1081
			1620	1082
			1620	1083
			1619	1084
			1619	1085
			1619	1086
			1619	1087
			1618	1088
			1618	1089
			1618	1090
			1618	1091
			1617	1092
			1617	1093
			1617	1094
			1617	1095
			1616	1096
			1616	1097
			1616	1098
			1616	1099
			1615	1100
			1615	1101
			1615	1102
			1614	1103
			1614	1104
			1614	1105
			1613	1106
			1613	1107
			1613	1108
			1612	1109
			1612	1110
			1612	1111
			1612	1112
			1611	1113
			1611	1114
			1610	1115
			1610	1116
			1610	1117
			1609	1118
			1609	1119
			1609	1120
			1608	1121
			1608	1122
			1608	1123
			1607	1124
			1607	1125
			1606	1125
			1605	1126
			1604	1126
			1604	1127
			1603	1127
			1602	1127
			1601	1128
			1600	1128
			1599	1128
			1598	1129
			1597	1129
			1596	1129
			1595	1130
			1594	1130
			1593	1130
			1592	1131
			1591	1131
			1590	1131
			1589	1131
			1588	1132
			1587	1132
			1586	1132
			1585	1132
			1584	1133
			1583	1133
			1582	1133
			1581	1133
			1580	1133
			1579	1133
			1578	1133
			1577	1133
			1576	1133
			1575	1134
			1574	1134
			1573	1134
			1572	1134
			1571	1134
			1570	1134
			1569	1134
			1568	1134
			1567	1134
			1566	1134
			1565	1134
			1564	1133
			1563	1133
			1562	1133
			1561	1133
			1560	1133
			1559	1133
			1558	1133
			1557	1132
			1556	1132
			1555	1132
			1554	1132
			1553	1132
			1552	1131
			1551	1131
			1550	1131
			1549	1131
			1548	1130
			1547	1130
			1546	1130
			1545	1129
			1544	1129
			1543	1128
			1542	1128
			1541	1128
			1540	1127
			1539	1127
			1538	1126
			1537	1126
			1536	1126
			1535	1125
			1534	1125
			1533	1124
			1532	1124
			1531	1123
			1530	1122
			1529	1122
			1528	1121
			1527	1120
			1526	1120
			1525	1119
			1524	1118
			1523	1118
			1522	1117
			1521	1117
			1521	1116
			1520	1116
			1519	1115
			1518	1114
			1517	1114
			1516	1113
			1516	1112
			1515	1112
			1514	1111
			1513	1110
			1512	1110
			1512	1109
			1511	1108
			1510	1108
			1509	1107
			1508	1106
			1508	1105
			1507	1105
			1506	1104
			1505	1103
			1504	1102
			1504	1101
			1503	1101
			1502	1100
			1501	1099
			1500	1098
			1500	1097
			1499	1096
			1498	1096
			1497	1095
			1496	1094
			1496	1093
			1495	1092
			1494	1091
			1493	1091
			1492	1090
			1491	1090
			1490	1090
			1489	1090
			1488	1090
			1488	1089
			1487	1089
			1486	1089
			1485	1089
			1484	1089
			1483	1088
			1482	1088
			1481	1088
			1480	1088
			1479	1088
			1478	1087
			1477	1087
			1476	1087
			1475	1087
			1474	1087
			1473	1087
			1472	1087
			1472	1086
			1471	1086
			1470	1086
			1469	1086
			1468	1086
			1467	1086
			1466	1086
			1465	1086
			1464	1086
			1463	1085
			1462	1085
			1461	1085
			1460	1085
			1459	1085
			1458	1085
			1457	1085
			1456	1085
			1455	1085
			1454	1085
			1453	1085
			1452	1085
			1451	1085
			1450	1085
			1449	1085
			1448	1085
			1447	1085
			1446	1085
			1445	1085
			1444	1085
			1443	1085
			1442	1085
			1441	1085
			1440	1085
			1439	1085
			1438	1086
			1437	1086
			1436	1086
			1435	1086
			1434	1086
			1433	1086
			1432	1086
			1431	1086
			1430	1086
			1429	1087
			1428	1087
			1427	1087
			1426	1087
			1425	1087
			1424	1087
			1423	1088
			1422	1088
			1421	1088
			1420	1088
			1419	1088
			1418	1089
			1417	1089
			1416	1089
			1415	1089
			1414	1090
			1413	1090
			1412	1090
			1411	1090
			1411	1091
			1410	1091
			1409	1091
		</curvaI_espina_dorsal>
	</curves.pixel>
	<curves.scaled type=list>
		<curvaD_espina_dorsal type=matrix rownames=FALSE colnames=FALSE nrow=323 ncol=2 as.numeric=TRUE >
			3.02043828257322	-1.75927937026964
			3.02043828257322	-1.7611449899624
			3.02230390226598	-1.76301060965515
			3.02230390226598	-1.76487622934791
			3.02416952195874	-1.76674184904067
			3.02416952195874	-1.76860746873343
			3.02603514165149	-1.77047308842618
			3.02603514165149	-1.77233870811894
			3.02790076134425	-1.7742043278117
			3.02790076134425	-1.77606994750445
			3.02790076134425	-1.77793556719721
			3.02976638103701	-1.77980118688997
			3.02976638103701	-1.78166680658272
			3.02976638103701	-1.78353242627548
			3.03163200072976	-1.78539804596824
			3.03163200072976	-1.78726366566099
			3.03349762042252	-1.78912928535375
			3.03349762042252	-1.79099490504651
			3.03349762042252	-1.79286052473926
			3.03536324011528	-1.79472614443202
			3.03536324011528	-1.79659176412478
			3.03536324011528	-1.79845738381753
			3.03536324011528	-1.80032300351029
			3.03722885980803	-1.80218862320305
			3.03722885980803	-1.8040542428958
			3.03722885980803	-1.80591986258856
			3.03722885980803	-1.80778548228132
			3.03722885980803	-1.80965110197407
			3.03909447950079	-1.81151672166683
			3.03909447950079	-1.81338234135959
			3.03909447950079	-1.81524796105234
			3.03909447950079	-1.8171135807451
			3.03909447950079	-1.81897920043786
			3.04096009919355	-1.82084482013062
			3.04096009919355	-1.82271043982337
			3.04096009919355	-1.82457605951613
			3.04096009919355	-1.82644167920889
			3.04096009919355	-1.82830729890164
			3.04096009919355	-1.8301729185944
			3.0428257188863	-1.83203853828716
			3.0428257188863	-1.83390415797991
			3.0428257188863	-1.83576977767267
			3.0428257188863	-1.83763539736543
			3.0428257188863	-1.83950101705818
			3.0428257188863	-1.84136663675094
			3.0428257188863	-1.8432322564437
			3.0428257188863	-1.84509787613645
			3.0428257188863	-1.84696349582921
			3.0428257188863	-1.84882911552197
			3.04469133857906	-1.85069473521472
			3.04469133857906	-1.85256035490748
			3.04469133857906	-1.85442597460024
			3.04469133857906	-1.85629159429299
			3.04469133857906	-1.85815721398575
			3.04469133857906	-1.86002283367851
			3.04469133857906	-1.86188845337126
			3.04469133857906	-1.86375407306402
			3.04469133857906	-1.86561969275678
			3.04469133857906	-1.86748531244953
			3.04469133857906	-1.86935093214229
			3.04469133857906	-1.87121655183505
			3.04469133857906	-1.8730821715278
			3.04469133857906	-1.87494779122056
			3.04469133857906	-1.87681341091332
			3.04469133857906	-1.87867903060608
			3.04655695827182	-1.88054465029883
			3.04655695827182	-1.88241026999159
			3.04655695827182	-1.88427588968435
			3.04655695827182	-1.8861415093771
			3.04655695827182	-1.88800712906986
			3.04655695827182	-1.88987274876262
			3.04842257796457	-1.88987274876262
			3.04842257796457	-1.89173836845537
			3.04842257796457	-1.89360398814813
			3.04842257796457	-1.89546960784089
			3.04842257796457	-1.89733522753364
			3.04842257796457	-1.8992008472264
			3.04842257796457	-1.90106646691916
			3.05028819765733	-1.90293208661191
			3.05028819765733	-1.90479770630467
			3.05028819765733	-1.90666332599743
			3.05028819765733	-1.90852894569018
			3.05028819765733	-1.91039456538294
			3.05028819765733	-1.9122601850757
			3.05028819765733	-1.91412580476845
			3.05215381735009	-1.91599142446121
			3.05215381735009	-1.91785704415397
			3.05215381735009	-1.91972266384672
			3.05215381735009	-1.92158828353948
			3.05215381735009	-1.92345390323224
			3.05215381735009	-1.92531952292499
			3.05215381735009	-1.92718514261775
			3.05215381735009	-1.92905076231051
			3.05215381735009	-1.93091638200326
			3.05401943704285	-1.93278200169602
			3.05401943704285	-1.93464762138878
			3.05401943704285	-1.93651324108154
			3.05401943704285	-1.93837886077429
			3.05401943704285	-1.94024448046705
			3.05401943704285	-1.94211010015981
			3.05401943704285	-1.94397571985256
			3.05401943704285	-1.94584133954532
			3.05401943704285	-1.94770695923808
			3.05401943704285	-1.94957257893083
			3.0558850567356	-1.95143819862359
			3.0558850567356	-1.95330381831635
			3.0558850567356	-1.9551694380091
			3.0558850567356	-1.95703505770186
			3.0558850567356	-1.95890067739462
			3.0558850567356	-1.96076629708737
			3.0558850567356	-1.96263191678013
			3.0558850567356	-1.96449753647289
			3.0558850567356	-1.96636315616564
			3.0558850567356	-1.9682287758584
			3.0558850567356	-1.97009439555116
			3.0558850567356	-1.97196001524391
			3.0558850567356	-1.97382563493667
			3.05775067642836	-1.97569125462943
			3.05775067642836	-1.97755687432218
			3.05775067642836	-1.97942249401494
			3.05775067642836	-1.9812881137077
			3.05775067642836	-1.98315373340045
			3.05775067642836	-1.98501935309321
			3.05775067642836	-1.98688497278597
			3.05775067642836	-1.98875059247872
			3.05775067642836	-1.99061621217148
			3.05775067642836	-1.99248183186424
			3.05775067642836	-1.994347451557
			3.05775067642836	-1.99621307124975
			3.05775067642836	-1.99807869094251
			3.05775067642836	-1.99994431063527
			3.05775067642836	-2.00180993032802
			3.05775067642836	-2.00367555002078
			3.05775067642836	-2.00554116971354
			3.05961629612112	-2.00740678940629
			3.05961629612112	-2.00927240909905
			3.05961629612112	-2.01113802879181
			3.05961629612112	-2.01300364848456
			3.05961629612112	-2.01486926817732
			3.05961629612112	-2.01673488787008
			3.05961629612112	-2.01860050756283
			3.05961629612112	-2.02046612725559
			3.05961629612112	-2.02233174694835
			3.05961629612112	-2.0241973666411
			3.05961629612112	-2.02606298633386
			3.05961629612112	-2.02792860602662
			3.05961629612112	-2.02979422571937
			3.05961629612112	-2.03165984541213
			3.05961629612112	-2.03352546510489
			3.05961629612112	-2.03539108479764
			3.05961629612112	-2.0372567044904
			3.05961629612112	-2.03912232418316
			3.05961629612112	-2.04098794387591
			3.05961629612112	-2.04285356356867
			3.05961629612112	-2.04471918326143
			3.05961629612112	-2.04658480295419
			3.05961629612112	-2.04845042264694
			3.05961629612112	-2.0503160423397
			3.05961629612112	-2.05218166203246
			3.05961629612112	-2.05404728172521
			3.06148191581387	-2.05591290141797
			3.06148191581387	-2.05777852111073
			3.06148191581387	-2.05964414080348
			3.06148191581387	-2.06150976049624
			3.06148191581387	-2.063375380189
			3.06148191581387	-2.06524099988175
			3.06148191581387	-2.06710661957451
			3.06148191581387	-2.06897223926727
			3.06148191581387	-2.07083785896002
			3.06148191581387	-2.07270347865278
			3.06148191581387	-2.07456909834554
			3.06148191581387	-2.07643471803829
			3.06148191581387	-2.07830033773105
			3.06148191581387	-2.08016595742381
			3.06148191581387	-2.08203157711656
			3.06148191581387	-2.08389719680932
			3.06148191581387	-2.08576281650208
			3.06148191581387	-2.08762843619483
			3.06148191581387	-2.08949405588759
			3.06148191581387	-2.09135967558035
			3.06148191581387	-2.0932252952731
			3.06148191581387	-2.09509091496586
			3.06148191581387	-2.09695653465862
			3.06148191581387	-2.09882215435137
			3.06148191581387	-2.10068777404413
			3.06148191581387	-2.10255339373689
			3.06148191581387	-2.10441901342965
			3.06148191581387	-2.1062846331224
			3.05961629612112	-2.10815025281516
			3.05961629612112	-2.11001587250792
			3.05961629612112	-2.11188149220067
			3.05775067642836	-2.11374711189343
			3.05775067642836	-2.11561273158619
			3.05775067642836	-2.11747835127894
			3.0558850567356	-2.1193439709717
			3.0558850567356	-2.12120959066446
			3.0558850567356	-2.12307521035721
			3.0558850567356	-2.12494083004997
			3.05401943704285	-2.12680644974273
			3.05401943704285	-2.12867206943548
			3.05401943704285	-2.13053768912824
			3.05401943704285	-2.132403308821
			3.05401943704285	-2.13426892851375
			3.05215381735009	-2.13613454820651
			3.05215381735009	-2.13800016789927
			3.05215381735009	-2.13986578759202
			3.05215381735009	-2.14173140728478
			3.05215381735009	-2.14359702697754
			3.05215381735009	-2.14546264667029
			3.05028819765733	-2.14732826636305
			3.05028819765733	-2.14919388605581
			3.05028819765733	-2.15105950574856
			3.05028819765733	-2.15292512544132
			3.05028819765733	-2.15479074513408
			3.05028819765733	-2.15665636482683
			3.05028819765733	-2.15852198451959
			3.05028819765733	-2.16038760421235
			3.05028819765733	-2.16225322390511
			3.05028819765733	-2.16411884359786
			3.05028819765733	-2.16598446329062
			3.05028819765733	-2.16785008298338
			3.05028819765733	-2.16971570267613
			3.05028819765733	-2.17158132236889
			3.05028819765733	-2.17344694206165
			3.05028819765733	-2.1753125617544
			3.05028819765733	-2.17717818144716
			3.05028819765733	-2.17904380113992
			3.05028819765733	-2.18090942083267
			3.05028819765733	-2.18277504052543
			3.05028819765733	-2.18464066021819
			3.05028819765733	-2.18650627991094
			3.05028819765733	-2.1883718996037
			3.05028819765733	-2.19023751929646
			3.05215381735009	-2.19210313898921
			3.05215381735009	-2.19396875868197
			3.05215381735009	-2.19583437837473
			3.05215381735009	-2.19769999806748
			3.05215381735009	-2.19956561776024
			3.05215381735009	-2.201431237453
			3.05215381735009	-2.20329685714575
			3.05215381735009	-2.20516247683851
			3.05401943704285	-2.20702809653127
			3.05401943704285	-2.20889371622402
			3.05401943704285	-2.21075933591678
			3.05401943704285	-2.21262495560954
			3.05401943704285	-2.2144905753023
			3.0558850567356	-2.21635619499505
			3.0558850567356	-2.21822181468781
			3.0558850567356	-2.22008743438057
			3.0558850567356	-2.22195305407332
			3.0558850567356	-2.22381867376608
			3.05775067642836	-2.22568429345884
			3.05775067642836	-2.22754991315159
			3.05775067642836	-2.22941553284435
			3.05775067642836	-2.23128115253711
			3.05961629612112	-2.23314677222986
			3.05961629612112	-2.23501239192262
			3.05961629612112	-2.23687801161538
			3.06148191581387	-2.23874363130813
			3.06148191581387	-2.24060925100089
			3.06148191581387	-2.24247487069365
			3.06148191581387	-2.2443404903864
			3.06334753550663	-2.24620611007916
			3.06334753550663	-2.24807172977192
			3.06334753550663	-2.24993734946467
			3.06334753550663	-2.25180296915743
			3.06521315519939	-2.25366858885019
			3.06521315519939	-2.25553420854294
			3.06521315519939	-2.2573998282357
			3.06707877489214	-2.25926544792846
			3.06707877489214	-2.26113106762121
			3.06707877489214	-2.26299668731397
			3.0689443945849	-2.26486230700673
			3.0689443945849	-2.26672792669949
			3.0689443945849	-2.26859354639224
			3.07081001427766	-2.270459166085
			3.07081001427766	-2.27232478577776
			3.07267563397041	-2.27419040547051
			3.07267563397041	-2.27605602516327
			3.07267563397041	-2.27792164485603
			3.07454125366317	-2.27978726454878
			3.07454125366317	-2.28165288424154
			3.07454125366317	-2.2835185039343
			3.07640687335593	-2.28538412362705
			3.07640687335593	-2.28724974331981
			3.07827249304868	-2.28911536301257
			3.07827249304868	-2.29098098270532
			3.08013811274144	-2.29284660239808
			3.08013811274144	-2.29471222209084
			3.08013811274144	-2.29657784178359
			3.0820037324342	-2.29657784178359
			3.0820037324342	-2.29844346147635
			3.0820037324342	-2.30030908116911
			3.08386935212695	-2.30030908116911
			3.08386935212695	-2.30217470086186
			3.08386935212695	-2.30404032055462
			3.08573497181971	-2.30590594024738
			3.08573497181971	-2.30777155994013
			3.08760059151247	-2.30963717963289
			3.08760059151247	-2.31150279932565
			3.08946621120522	-2.3133684190184
			3.08946621120522	-2.31523403871116
			3.08946621120522	-2.31709965840392
			3.09133183089798	-2.31709965840392
			3.09133183089798	-2.31896527809667
			3.09319745059074	-2.32083089778943
			3.09319745059074	-2.32269651748219
			3.09506307028349	-2.32456213717494
			3.09506307028349	-2.3264277568677
			3.09506307028349	-2.32829337656046
			3.09692868997625	-2.33015899625322
			3.09692868997625	-2.33202461594597
			3.09879430966901	-2.33202461594597
			3.09879430966901	-2.33389023563873
			3.10065992936176	-2.33575585533149
			3.10065992936176	-2.33762147502424
			3.10252554905452	-2.339487094717
			3.10252554905452	-2.34135271440976
			3.10439116874728	-2.34321833410251
			3.10439116874728	-2.34508395379527
			3.10625678844003	-2.34694957348803
			3.10625678844003	-2.34881519318078
			3.10812240813279	-2.35068081287354
		</curvaD_espina_dorsal>
		<curvaI_espina_dorsal type=matrix rownames=FALSE colnames=FALSE nrow=392 ncol=2 as.numeric=TRUE >
			3.02043828257322	-1.75927937026964
			3.02043828257322	-1.7611449899624
			3.02043828257322	-1.76301060965515
			3.02043828257322	-1.76487622934791
			3.02043828257322	-1.76674184904067
			3.02043828257322	-1.76860746873343
			3.02230390226598	-1.77047308842618
			3.02230390226598	-1.77233870811894
			3.02230390226598	-1.7742043278117
			3.02230390226598	-1.77606994750445
			3.02230390226598	-1.77793556719721
			3.02230390226598	-1.77980118688997
			3.02230390226598	-1.78166680658272
			3.02230390226598	-1.78353242627548
			3.02230390226598	-1.78539804596824
			3.02230390226598	-1.78726366566099
			3.02230390226598	-1.78912928535375
			3.02230390226598	-1.79099490504651
			3.02230390226598	-1.79286052473926
			3.02416952195874	-1.79472614443202
			3.02416952195874	-1.79659176412478
			3.02416952195874	-1.79845738381753
			3.02416952195874	-1.80032300351029
			3.02416952195874	-1.80218862320305
			3.02416952195874	-1.8040542428958
			3.02416952195874	-1.80591986258856
			3.02416952195874	-1.80778548228132
			3.02416952195874	-1.80965110197407
			3.02416952195874	-1.81151672166683
			3.02416952195874	-1.81338234135959
			3.02416952195874	-1.81524796105234
			3.02416952195874	-1.8171135807451
			3.02603514165149	-1.81897920043786
			3.02603514165149	-1.82084482013062
			3.02603514165149	-1.82271043982337
			3.02603514165149	-1.82457605951613
			3.02603514165149	-1.82644167920889
			3.02603514165149	-1.82830729890164
			3.02603514165149	-1.8301729185944
			3.02603514165149	-1.83203853828716
			3.02603514165149	-1.83390415797991
			3.02603514165149	-1.83576977767267
			3.02603514165149	-1.83763539736543
			3.02603514165149	-1.83950101705818
			3.02603514165149	-1.84136663675094
			3.02603514165149	-1.8432322564437
			3.02603514165149	-1.84509787613645
			3.02603514165149	-1.84696349582921
			3.02790076134425	-1.84882911552197
			3.02790076134425	-1.85069473521472
			3.02790076134425	-1.85256035490748
			3.02790076134425	-1.85442597460024
			3.02790076134425	-1.85629159429299
			3.02790076134425	-1.85815721398575
			3.02790076134425	-1.86002283367851
			3.02790076134425	-1.86188845337126
			3.02790076134425	-1.86375407306402
			3.02790076134425	-1.86561969275678
			3.02790076134425	-1.86748531244953
			3.02790076134425	-1.86935093214229
			3.02790076134425	-1.87121655183505
			3.02790076134425	-1.8730821715278
			3.02790076134425	-1.87494779122056
			3.02790076134425	-1.87681341091332
			3.02790076134425	-1.87867903060608
			3.02790076134425	-1.88054465029883
			3.02790076134425	-1.88241026999159
			3.02976638103701	-1.88427588968435
			3.02976638103701	-1.8861415093771
			3.02976638103701	-1.88800712906986
			3.02976638103701	-1.88987274876262
			3.02976638103701	-1.89173836845537
			3.02976638103701	-1.89360398814813
			3.02976638103701	-1.89546960784089
			3.02976638103701	-1.89733522753364
			3.02976638103701	-1.8992008472264
			3.02976638103701	-1.90106646691916
			3.02976638103701	-1.90293208661191
			3.02976638103701	-1.90479770630467
			3.02976638103701	-1.90666332599743
			3.02976638103701	-1.90852894569018
			3.02976638103701	-1.91039456538294
			3.02976638103701	-1.9122601850757
			3.02976638103701	-1.91412580476845
			3.02976638103701	-1.91599142446121
			3.02976638103701	-1.91785704415397
			3.02976638103701	-1.91972266384672
			3.02976638103701	-1.92158828353948
			3.02976638103701	-1.92345390323224
			3.03163200072976	-1.92531952292499
			3.03163200072976	-1.92718514261775
			3.03163200072976	-1.92905076231051
			3.03163200072976	-1.93091638200326
			3.03163200072976	-1.93278200169602
			3.03163200072976	-1.93464762138878
			3.03163200072976	-1.93651324108154
			3.03163200072976	-1.93837886077429
			3.03163200072976	-1.94024448046705
			3.03163200072976	-1.94211010015981
			3.03163200072976	-1.94397571985256
			3.03163200072976	-1.94584133954532
			3.03163200072976	-1.94770695923808
			3.03163200072976	-1.94957257893083
			3.02976638103701	-1.95143819862359
			3.02976638103701	-1.95330381831635
			3.02976638103701	-1.9551694380091
			3.02976638103701	-1.95703505770186
			3.02976638103701	-1.95890067739462
			3.02976638103701	-1.96076629708737
			3.02976638103701	-1.96263191678013
			3.02976638103701	-1.96449753647289
			3.02976638103701	-1.96636315616564
			3.02976638103701	-1.9682287758584
			3.02976638103701	-1.97009439555116
			3.02976638103701	-1.97196001524391
			3.02976638103701	-1.97382563493667
			3.02790076134425	-1.97569125462943
			3.02790076134425	-1.97755687432218
			3.02790076134425	-1.97942249401494
			3.02790076134425	-1.9812881137077
			3.02790076134425	-1.98315373340045
			3.02790076134425	-1.98501935309321
			3.02790076134425	-1.98688497278597
			3.02790076134425	-1.98875059247872
			3.02790076134425	-1.99061621217148
			3.02603514165149	-1.99248183186424
			3.02603514165149	-1.994347451557
			3.02603514165149	-1.99621307124975
			3.02603514165149	-1.99807869094251
			3.02603514165149	-1.99994431063527
			3.02416952195874	-2.00180993032802
			3.02416952195874	-2.00367555002078
			3.02416952195874	-2.00554116971354
			3.02416952195874	-2.00740678940629
			3.02416952195874	-2.00927240909905
			3.02416952195874	-2.01113802879181
			3.02230390226598	-2.01300364848456
			3.02230390226598	-2.01486926817732
			3.02230390226598	-2.01673488787008
			3.02230390226598	-2.01860050756283
			3.02230390226598	-2.02046612725559
			3.02043828257322	-2.02233174694835
			3.02043828257322	-2.0241973666411
			3.02043828257322	-2.02606298633386
			3.02043828257322	-2.02792860602662
			3.01857266288047	-2.02979422571937
			3.01857266288047	-2.03165984541213
			3.01857266288047	-2.03352546510489
			3.01857266288047	-2.03539108479764
			3.01670704318771	-2.0372567044904
			3.01670704318771	-2.03912232418316
			3.01670704318771	-2.04098794387591
			3.01670704318771	-2.04285356356867
			3.01484142349495	-2.04471918326143
			3.01484142349495	-2.04658480295419
			3.01484142349495	-2.04845042264694
			3.01484142349495	-2.0503160423397
			3.0129758038022	-2.05218166203246
			3.0129758038022	-2.05404728172521
			3.0129758038022	-2.05591290141797
			3.01111018410944	-2.05777852111073
			3.01111018410944	-2.05964414080348
			3.01111018410944	-2.06150976049624
			3.00924456441668	-2.063375380189
			3.00924456441668	-2.06524099988175
			3.00924456441668	-2.06710661957451
			3.00737894472393	-2.06897223926727
			3.00737894472393	-2.07083785896002
			3.00737894472393	-2.07270347865278
			3.00737894472393	-2.07456909834554
			3.00551332503117	-2.07643471803829
			3.00551332503117	-2.07830033773105
			3.00364770533841	-2.08016595742381
			3.00364770533841	-2.08203157711656
			3.00364770533841	-2.08389719680932
			3.00178208564566	-2.08576281650208
			3.00178208564566	-2.08762843619483
			3.00178208564566	-2.08949405588759
			2.9999164659529	-2.09135967558035
			2.9999164659529	-2.0932252952731
			2.9999164659529	-2.09509091496586
			2.99805084626014	-2.09695653465862
			2.99805084626014	-2.09882215435137
			2.99618522656738	-2.09882215435137
			2.99431960687463	-2.10068777404413
			2.99245398718187	-2.10068777404413
			2.99245398718187	-2.10255339373689
			2.99058836748911	-2.10255339373689
			2.98872274779636	-2.10255339373689
			2.9868571281036	-2.10441901342965
			2.98499150841084	-2.10441901342965
			2.98312588871809	-2.10441901342965
			2.98126026902533	-2.1062846331224
			2.97939464933257	-2.1062846331224
			2.97752902963982	-2.1062846331224
			2.97566340994706	-2.10815025281516
			2.9737977902543	-2.10815025281516
			2.97193217056155	-2.10815025281516
			2.97006655086879	-2.11001587250792
			2.96820093117603	-2.11001587250792
			2.96633531148328	-2.11001587250792
			2.96446969179052	-2.11001587250792
			2.96260407209776	-2.11188149220067
			2.96073845240501	-2.11188149220067
			2.95887283271225	-2.11188149220067
			2.95700721301949	-2.11188149220067
			2.95514159332674	-2.11374711189343
			2.95327597363398	-2.11374711189343
			2.95141035394122	-2.11374711189343
			2.94954473424847	-2.11374711189343
			2.94767911455571	-2.11374711189343
			2.94581349486295	-2.11374711189343
			2.9439478751702	-2.11374711189343
			2.94208225547744	-2.11374711189343
			2.94021663578468	-2.11374711189343
			2.93835101609193	-2.11561273158619
			2.93648539639917	-2.11561273158619
			2.93461977670641	-2.11561273158619
			2.93275415701365	-2.11561273158619
			2.9308885373209	-2.11561273158619
			2.92902291762814	-2.11561273158619
			2.92715729793538	-2.11561273158619
			2.92529167824263	-2.11561273158619
			2.92342605854987	-2.11561273158619
			2.92156043885711	-2.11561273158619
			2.91969481916436	-2.11561273158619
			2.9178291994716	-2.11374711189343
			2.91596357977884	-2.11374711189343
			2.91409796008609	-2.11374711189343
			2.91223234039333	-2.11374711189343
			2.91036672070057	-2.11374711189343
			2.90850110100782	-2.11374711189343
			2.90663548131506	-2.11374711189343
			2.9047698616223	-2.11188149220067
			2.90290424192955	-2.11188149220067
			2.90103862223679	-2.11188149220067
			2.89917300254403	-2.11188149220067
			2.89730738285128	-2.11188149220067
			2.89544176315852	-2.11001587250792
			2.89357614346576	-2.11001587250792
			2.89171052377301	-2.11001587250792
			2.88984490408025	-2.11001587250792
			2.88797928438749	-2.10815025281516
			2.88611366469474	-2.10815025281516
			2.88424804500198	-2.10815025281516
			2.88238242530922	-2.1062846331224
			2.88051680561646	-2.1062846331224
			2.87865118592371	-2.10441901342965
			2.87678556623095	-2.10441901342965
			2.87491994653819	-2.10441901342965
			2.87305432684544	-2.10255339373689
			2.87118870715268	-2.10255339373689
			2.86932308745992	-2.10068777404413
			2.86745746776717	-2.10068777404413
			2.86559184807441	-2.10068777404413
			2.86372622838165	-2.09882215435137
			2.8618606086889	-2.09882215435137
			2.85999498899614	-2.09695653465862
			2.85812936930338	-2.09695653465862
			2.85626374961063	-2.09509091496586
			2.85439812991787	-2.0932252952731
			2.85253251022511	-2.0932252952731
			2.85066689053236	-2.09135967558035
			2.8488012708396	-2.08949405588759
			2.84693565114684	-2.08949405588759
			2.84507003145409	-2.08762843619483
			2.84320441176133	-2.08576281650208
			2.84133879206857	-2.08576281650208
			2.83947317237582	-2.08389719680932
			2.83760755268306	-2.08389719680932
			2.83760755268306	-2.08203157711656
			2.8357419329903	-2.08203157711656
			2.83387631329755	-2.08016595742381
			2.83201069360479	-2.07830033773105
			2.83014507391203	-2.07830033773105
			2.82827945421927	-2.07643471803829
			2.82827945421927	-2.07456909834554
			2.82641383452652	-2.07456909834554
			2.82454821483376	-2.07270347865278
			2.822682595141	-2.07083785896002
			2.82081697544825	-2.07083785896002
			2.82081697544825	-2.06897223926727
			2.81895135575549	-2.06710661957451
			2.81708573606273	-2.06710661957451
			2.81522011636998	-2.06524099988175
			2.81335449667722	-2.063375380189
			2.81335449667722	-2.06150976049624
			2.81148887698446	-2.06150976049624
			2.80962325729171	-2.05964414080348
			2.80775763759895	-2.05777852111073
			2.80589201790619	-2.05591290141797
			2.80589201790619	-2.05404728172521
			2.80402639821344	-2.05404728172521
			2.80216077852068	-2.05218166203246
			2.80029515882792	-2.0503160423397
			2.79842953913517	-2.04845042264694
			2.79842953913517	-2.04658480295419
			2.79656391944241	-2.04471918326143
			2.79469829974965	-2.04471918326143
			2.7928326800569	-2.04285356356867
			2.79096706036414	-2.04098794387591
			2.79096706036414	-2.03912232418316
			2.78910144067138	-2.0372567044904
			2.78723582097863	-2.03539108479764
			2.78537020128587	-2.03539108479764
			2.78350458159311	-2.03352546510489
			2.78163896190036	-2.03352546510489
			2.7797733422076	-2.03352546510489
			2.77790772251484	-2.03352546510489
			2.77604210282209	-2.03352546510489
			2.77604210282209	-2.03165984541213
			2.77417648312933	-2.03165984541213
			2.77231086343657	-2.03165984541213
			2.77044524374381	-2.03165984541213
			2.76857962405106	-2.03165984541213
			2.7667140043583	-2.02979422571937
			2.76484838466554	-2.02979422571937
			2.76298276497279	-2.02979422571937
			2.76111714528003	-2.02979422571937
			2.75925152558727	-2.02979422571937
			2.75738590589452	-2.02792860602662
			2.75552028620176	-2.02792860602662
			2.753654666509	-2.02792860602662
			2.75178904681625	-2.02792860602662
			2.74992342712349	-2.02792860602662
			2.74805780743073	-2.02792860602662
			2.74619218773798	-2.02792860602662
			2.74619218773798	-2.02606298633386
			2.74432656804522	-2.02606298633386
			2.74246094835246	-2.02606298633386
			2.74059532865971	-2.02606298633386
			2.73872970896695	-2.02606298633386
			2.73686408927419	-2.02606298633386
			2.73499846958144	-2.02606298633386
			2.73313284988868	-2.02606298633386
			2.73126723019592	-2.02606298633386
			2.72940161050317	-2.0241973666411
			2.72753599081041	-2.0241973666411
			2.72567037111765	-2.0241973666411
			2.7238047514249	-2.0241973666411
			2.72193913173214	-2.0241973666411
			2.72007351203938	-2.0241973666411
			2.71820789234663	-2.0241973666411
			2.71634227265387	-2.0241973666411
			2.71447665296111	-2.0241973666411
			2.71261103326835	-2.0241973666411
			2.7107454135756	-2.0241973666411
			2.70887979388284	-2.0241973666411
			2.70701417419008	-2.0241973666411
			2.70514855449733	-2.0241973666411
			2.70328293480457	-2.0241973666411
			2.70141731511181	-2.0241973666411
			2.69955169541906	-2.0241973666411
			2.6976860757263	-2.0241973666411
			2.69582045603354	-2.0241973666411
			2.69395483634079	-2.0241973666411
			2.69208921664803	-2.0241973666411
			2.69022359695527	-2.0241973666411
			2.68835797726252	-2.0241973666411
			2.68649235756976	-2.0241973666411
			2.684626737877	-2.0241973666411
			2.68276111818425	-2.02606298633386
			2.68089549849149	-2.02606298633386
			2.67902987879873	-2.02606298633386
			2.67716425910598	-2.02606298633386
			2.67529863941322	-2.02606298633386
			2.67343301972046	-2.02606298633386
			2.67156740002771	-2.02606298633386
			2.66970178033495	-2.02606298633386
			2.66783616064219	-2.02606298633386
			2.66597054094944	-2.02792860602662
			2.66410492125668	-2.02792860602662
			2.66223930156392	-2.02792860602662
			2.66037368187117	-2.02792860602662
			2.65850806217841	-2.02792860602662
			2.65664244248565	-2.02792860602662
			2.65477682279289	-2.02979422571937
			2.65291120310014	-2.02979422571937
			2.65104558340738	-2.02979422571937
			2.64917996371462	-2.02979422571937
			2.64731434402187	-2.02979422571937
			2.64544872432911	-2.03165984541213
			2.64358310463635	-2.03165984541213
			2.6417174849436	-2.03165984541213
			2.63985186525084	-2.03165984541213
			2.63798624555808	-2.03352546510489
			2.63612062586533	-2.03352546510489
			2.63425500617257	-2.03352546510489
			2.63238938647981	-2.03352546510489
			2.63238938647981	-2.03539108479764
			2.63052376678706	-2.03539108479764
			2.6286581470943	-2.03539108479764
		</curvaI_espina_dorsal>
	</curves.scaled>
	<ruler.points type=matrix rownames=TRUE colnames=FALSE nrow=2 ncol=2 as.numeric=TRUE >
		Ruler point 1	1519	537
		Ruler point 2	2055	533
	</ruler.points>
</shapes>

