<shapes type=list>
	<ruler.pixel type=vector names=FALSE length=1 as.numeric=TRUE >539.003710562367</ruler.pixel>
	<ruler.interval type=vector names=FALSE length=1 as.numeric=TRUE >1</ruler.interval>
	<scaling.units type=vector names=FALSE length=1 as.numeric=FALSE >mm</scaling.units>
	<scaling type=vector names=FALSE length=1 as.numeric=TRUE >0.00186561969275678</scaling>
	<landmarks.pixel type=matrix rownames=TRUE colnames=FALSE nrow=3 ncol=2 as.numeric=TRUE >
		punta_espina_dorsal	1493	1019
		esq_izq_caparaza	1419	1274
		organo_dorsal	1709	1227
	</landmarks.pixel>
	<landmarks.scaled type=matrix rownames=TRUE colnames=FALSE nrow=3 ncol=2 as.numeric=TRUE >
		punta_espina_dorsal	2.78537020128587	-1.90106646691916
		esq_izq_caparaza	2.64731434402187	-2.37679948857213
		organo_dorsal	3.18834405492133	-2.28911536301257
	</landmarks.scaled>
	<curves.control type=list>
		<curvaD_espina_dorsal type=matrix rownames=FALSE colnames=FALSE nrow=7 ncol=2 as.numeric=TRUE >
			1493	1019
			1505	1018
			1538	1048
			1603	1127
			1639	1173
			1659	1233
			1709	1227
		</curvaD_espina_dorsal>
		<curvaI_espina_dorsal type=matrix rownames=FALSE colnames=FALSE nrow=9 ncol=2 as.numeric=TRUE >
			1493	1019
			1531	1055
			1554	1091
			1582	1125
			1599	1172
			1571	1223
			1486	1217
			1443	1240
			1419	1274
		</curvaI_espina_dorsal>
	</curves.control>
	<curves.pixel type=list>
		<curvaD_espina_dorsal type=matrix rownames=FALSE colnames=FALSE nrow=271 ncol=2 as.numeric=TRUE >
			1493	1019
			1494	1019
			1495	1019
			1496	1019
			1497	1019
			1498	1020
			1499	1020
			1500	1020
			1501	1021
			1502	1021
			1503	1022
			1504	1022
			1505	1023
			1506	1023
			1507	1024
			1508	1024
			1509	1025
			1510	1026
			1511	1026
			1512	1027
			1513	1027
			1514	1028
			1515	1029
			1516	1029
			1517	1030
			1518	1031
			1519	1032
			1520	1032
			1521	1033
			1522	1034
			1523	1035
			1524	1036
			1525	1037
			1526	1038
			1527	1039
			1528	1039
			1529	1040
			1530	1041
			1531	1042
			1532	1043
			1533	1043
			1534	1044
			1535	1045
			1536	1046
			1536	1047
			1537	1047
			1538	1048
			1539	1049
			1540	1050
			1540	1051
			1541	1052
			1542	1053
			1543	1054
			1544	1055
			1545	1056
			1545	1057
			1546	1058
			1547	1059
			1548	1060
			1549	1061
			1549	1062
			1550	1063
			1551	1064
			1552	1065
			1552	1066
			1553	1066
			1554	1067
			1555	1068
			1555	1069
			1556	1070
			1557	1071
			1558	1072
			1558	1073
			1559	1074
			1560	1075
			1561	1076
			1561	1077
			1562	1077
			1563	1078
			1564	1079
			1564	1080
			1565	1081
			1566	1082
			1567	1083
			1567	1084
			1568	1085
			1569	1085
			1569	1086
			1570	1087
			1571	1088
			1572	1089
			1572	1090
			1573	1091
			1574	1091
			1574	1092
			1575	1093
			1576	1094
			1576	1095
			1577	1096
			1578	1097
			1579	1098
			1580	1099
			1581	1100
			1582	1101
			1582	1102
			1583	1103
			1584	1104
			1585	1105
			1586	1106
			1586	1107
			1587	1108
			1588	1109
			1589	1110
			1590	1111
			1590	1112
			1591	1113
			1592	1114
			1593	1115
			1593	1116
			1594	1117
			1595	1118
			1596	1119
			1596	1120
			1597	1120
			1598	1121
			1599	1122
			1599	1123
			1600	1124
			1601	1125
			1602	1126
			1602	1127
			1603	1128
			1604	1129
			1604	1130
			1605	1130
			1606	1131
			1607	1132
			1607	1133
			1608	1134
			1609	1135
			1609	1136
			1610	1136
			1611	1137
			1611	1138
			1612	1139
			1613	1140
			1613	1141
			1614	1142
			1615	1142
			1615	1143
			1616	1144
			1617	1145
			1617	1146
			1618	1147
			1619	1147
			1619	1148
			1620	1149
			1621	1150
			1621	1151
			1622	1151
			1623	1152
			1623	1153
			1624	1154
			1625	1155
			1626	1156
			1626	1157
			1627	1158
			1628	1159
			1629	1160
			1629	1161
			1630	1162
			1631	1162
			1631	1163
			1632	1164
			1633	1165
			1633	1166
			1634	1167
			1635	1168
			1636	1169
			1637	1170
			1638	1171
			1638	1172
			1639	1173
			1639	1174
			1640	1175
			1640	1176
			1640	1177
			1641	1178
			1641	1179
			1641	1180
			1642	1181
			1642	1182
			1643	1183
			1643	1184
			1644	1185
			1644	1186
			1645	1187
			1645	1188
			1645	1189
			1646	1190
			1646	1191
			1647	1192
			1647	1193
			1648	1194
			1649	1195
			1649	1196
			1650	1197
			1651	1198
			1651	1199
			1652	1200
			1652	1201
			1653	1202
			1654	1203
			1654	1204
			1655	1205
			1656	1206
			1657	1207
			1658	1208
			1659	1209
			1659	1210
			1660	1211
			1661	1212
			1662	1213
			1663	1214
			1664	1214
			1665	1215
			1666	1216
			1667	1217
			1668	1217
			1668	1218
			1669	1219
			1670	1219
			1671	1220
			1672	1220
			1673	1221
			1674	1222
			1675	1222
			1676	1223
			1677	1223
			1678	1223
			1679	1224
			1680	1224
			1681	1224
			1682	1225
			1683	1225
			1684	1225
			1685	1226
			1686	1226
			1687	1226
			1688	1226
			1689	1227
			1690	1227
			1691	1227
			1692	1227
			1693	1227
			1694	1227
			1695	1227
			1696	1227
			1697	1227
			1698	1228
			1699	1228
			1700	1228
			1701	1228
			1702	1228
			1703	1227
			1704	1227
			1705	1227
			1706	1227
			1707	1227
			1708	1227
			1709	1227
		</curvaD_espina_dorsal>
		<curvaI_espina_dorsal type=matrix rownames=FALSE colnames=FALSE nrow=370 ncol=2 as.numeric=TRUE >
			1493	1019
			1494	1020
			1495	1021
			1496	1022
			1497	1023
			1498	1024
			1499	1025
			1500	1025
			1500	1026
			1501	1027
			1502	1028
			1503	1029
			1504	1030
			1505	1031
			1506	1031
			1506	1032
			1507	1033
			1508	1034
			1509	1035
			1510	1036
			1511	1036
			1511	1037
			1512	1038
			1513	1039
			1514	1040
			1515	1041
			1515	1042
			1516	1042
			1517	1043
			1518	1044
			1518	1045
			1519	1046
			1520	1047
			1521	1048
			1522	1048
			1522	1049
			1523	1050
			1524	1051
			1525	1052
			1525	1053
			1526	1054
			1527	1054
			1527	1055
			1528	1056
			1529	1057
			1530	1058
			1530	1059
			1531	1059
			1532	1060
			1532	1061
			1533	1062
			1534	1063
			1534	1064
			1535	1065
			1536	1065
			1536	1066
			1537	1067
			1538	1068
			1538	1069
			1539	1070
			1540	1071
			1541	1072
			1542	1073
			1543	1074
			1543	1075
			1544	1076
			1545	1077
			1545	1078
			1546	1079
			1547	1080
			1548	1081
			1548	1082
			1549	1083
			1549	1084
			1550	1085
			1551	1086
			1551	1087
			1552	1088
			1552	1089
			1553	1089
			1553	1090
			1554	1091
			1554	1092
			1555	1092
			1556	1093
			1556	1094
			1557	1094
			1557	1095
			1558	1096
			1559	1097
			1560	1098
			1560	1099
			1561	1100
			1562	1101
			1562	1102
			1563	1102
			1563	1103
			1564	1104
			1565	1105
			1565	1106
			1566	1107
			1567	1108
			1567	1109
			1568	1110
			1568	1111
			1569	1111
			1570	1112
			1570	1113
			1571	1114
			1572	1115
			1572	1116
			1573	1117
			1573	1118
			1574	1119
			1574	1120
			1575	1121
			1576	1122
			1576	1123
			1577	1124
			1577	1125
			1578	1126
			1578	1127
			1579	1128
			1580	1129
			1580	1130
			1581	1131
			1581	1132
			1582	1133
			1582	1134
			1583	1135
			1583	1136
			1584	1137
			1584	1138
			1585	1139
			1585	1140
			1586	1141
			1586	1142
			1587	1143
			1587	1144
			1588	1145
			1588	1146
			1589	1147
			1589	1148
			1590	1149
			1590	1150
			1591	1151
			1591	1152
			1591	1153
			1592	1154
			1592	1155
			1593	1155
			1593	1156
			1593	1157
			1594	1158
			1594	1159
			1594	1160
			1595	1161
			1595	1162
			1596	1163
			1596	1164
			1596	1165
			1597	1166
			1597	1167
			1598	1168
			1598	1169
			1598	1170
			1599	1171
			1599	1172
			1598	1173
			1598	1174
			1597	1175
			1597	1176
			1596	1177
			1595	1178
			1595	1179
			1594	1180
			1593	1181
			1592	1182
			1592	1183
			1591	1184
			1590	1185
			1589	1186
			1589	1187
			1588	1188
			1587	1189
			1586	1189
			1585	1190
			1585	1191
			1584	1192
			1583	1193
			1582	1193
			1581	1194
			1580	1195
			1579	1196
			1578	1197
			1577	1197
			1576	1198
			1575	1199
			1574	1199
			1573	1200
			1572	1201
			1571	1201
			1570	1202
			1569	1203
			1568	1203
			1567	1204
			1566	1204
			1565	1205
			1564	1206
			1563	1206
			1562	1207
			1561	1207
			1560	1207
			1560	1208
			1559	1208
			1558	1208
			1557	1208
			1557	1209
			1556	1209
			1555	1209
			1555	1210
			1554	1210
			1553	1210
			1552	1210
			1552	1211
			1551	1211
			1550	1211
			1549	1211
			1549	1212
			1548	1212
			1547	1212
			1546	1212
			1545	1213
			1544	1213
			1543	1213
			1542	1213
			1541	1214
			1540	1214
			1539	1214
			1538	1214
			1537	1215
			1536	1215
			1535	1215
			1534	1215
			1533	1215
			1532	1215
			1531	1216
			1530	1216
			1529	1216
			1528	1216
			1527	1216
			1526	1216
			1525	1216
			1524	1217
			1523	1217
			1522	1217
			1521	1217
			1520	1217
			1519	1217
			1518	1217
			1517	1217
			1516	1217
			1515	1217
			1514	1217
			1513	1217
			1512	1217
			1511	1217
			1510	1218
			1509	1218
			1508	1218
			1507	1218
			1506	1218
			1505	1218
			1504	1218
			1503	1218
			1502	1218
			1501	1218
			1500	1218
			1499	1218
			1498	1218
			1497	1218
			1496	1218
			1495	1217
			1494	1217
			1493	1217
			1492	1217
			1491	1217
			1490	1217
			1489	1217
			1488	1217
			1487	1217
			1486	1217
			1485	1217
			1484	1218
			1483	1219
			1482	1219
			1481	1220
			1480	1220
			1479	1221
			1478	1221
			1477	1222
			1476	1222
			1476	1223
			1475	1223
			1474	1224
			1473	1225
			1472	1225
			1471	1226
			1470	1226
			1469	1227
			1468	1227
			1467	1228
			1467	1229
			1466	1229
			1465	1230
			1464	1230
			1463	1231
			1462	1232
			1461	1232
			1461	1233
			1460	1233
			1459	1234
			1458	1235
			1457	1235
			1456	1236
			1455	1237
			1454	1238
			1453	1239
			1452	1239
			1451	1240
			1450	1241
			1449	1242
			1448	1242
			1447	1243
			1446	1244
			1445	1245
			1445	1246
			1444	1246
			1443	1247
			1442	1248
			1441	1249
			1440	1250
			1439	1250
			1438	1251
			1438	1252
			1437	1253
			1436	1254
			1435	1255
			1434	1255
			1434	1256
			1433	1257
			1432	1258
			1431	1259
			1430	1260
			1430	1261
			1429	1261
			1428	1262
			1427	1263
			1427	1264
			1426	1265
			1425	1266
			1424	1267
			1424	1268
			1423	1269
			1422	1269
			1422	1270
			1421	1271
			1420	1272
			1420	1273
			1419	1274
		</curvaI_espina_dorsal>
	</curves.pixel>
	<curves.scaled type=list>
		<curvaD_espina_dorsal type=matrix rownames=FALSE colnames=FALSE nrow=271 ncol=2 as.numeric=TRUE >
			2.78537020128587	-1.90106646691916
			2.78723582097863	-1.90106646691916
			2.78910144067138	-1.90106646691916
			2.79096706036414	-1.90106646691916
			2.7928326800569	-1.90106646691916
			2.79469829974965	-1.90293208661191
			2.79656391944241	-1.90293208661191
			2.79842953913517	-1.90293208661191
			2.80029515882792	-1.90479770630467
			2.80216077852068	-1.90479770630467
			2.80402639821344	-1.90666332599743
			2.80589201790619	-1.90666332599743
			2.80775763759895	-1.90852894569018
			2.80962325729171	-1.90852894569018
			2.81148887698446	-1.91039456538294
			2.81335449667722	-1.91039456538294
			2.81522011636998	-1.9122601850757
			2.81708573606273	-1.91412580476845
			2.81895135575549	-1.91412580476845
			2.82081697544825	-1.91599142446121
			2.822682595141	-1.91599142446121
			2.82454821483376	-1.91785704415397
			2.82641383452652	-1.91972266384672
			2.82827945421927	-1.91972266384672
			2.83014507391203	-1.92158828353948
			2.83201069360479	-1.92345390323224
			2.83387631329755	-1.92531952292499
			2.8357419329903	-1.92531952292499
			2.83760755268306	-1.92718514261775
			2.83947317237582	-1.92905076231051
			2.84133879206857	-1.93091638200326
			2.84320441176133	-1.93278200169602
			2.84507003145409	-1.93464762138878
			2.84693565114684	-1.93651324108154
			2.8488012708396	-1.93837886077429
			2.85066689053236	-1.93837886077429
			2.85253251022511	-1.94024448046705
			2.85439812991787	-1.94211010015981
			2.85626374961063	-1.94397571985256
			2.85812936930338	-1.94584133954532
			2.85999498899614	-1.94584133954532
			2.8618606086889	-1.94770695923808
			2.86372622838165	-1.94957257893083
			2.86559184807441	-1.95143819862359
			2.86559184807441	-1.95330381831635
			2.86745746776717	-1.95330381831635
			2.86932308745992	-1.9551694380091
			2.87118870715268	-1.95703505770186
			2.87305432684544	-1.95890067739462
			2.87305432684544	-1.96076629708737
			2.87491994653819	-1.96263191678013
			2.87678556623095	-1.96449753647289
			2.87865118592371	-1.96636315616564
			2.88051680561646	-1.9682287758584
			2.88238242530922	-1.97009439555116
			2.88238242530922	-1.97196001524391
			2.88424804500198	-1.97382563493667
			2.88611366469474	-1.97569125462943
			2.88797928438749	-1.97755687432218
			2.88984490408025	-1.97942249401494
			2.88984490408025	-1.9812881137077
			2.89171052377301	-1.98315373340045
			2.89357614346576	-1.98501935309321
			2.89544176315852	-1.98688497278597
			2.89544176315852	-1.98875059247872
			2.89730738285128	-1.98875059247872
			2.89917300254403	-1.99061621217148
			2.90103862223679	-1.99248183186424
			2.90103862223679	-1.994347451557
			2.90290424192955	-1.99621307124975
			2.9047698616223	-1.99807869094251
			2.90663548131506	-1.99994431063527
			2.90663548131506	-2.00180993032802
			2.90850110100782	-2.00367555002078
			2.91036672070057	-2.00554116971354
			2.91223234039333	-2.00740678940629
			2.91223234039333	-2.00927240909905
			2.91409796008609	-2.00927240909905
			2.91596357977884	-2.01113802879181
			2.9178291994716	-2.01300364848456
			2.9178291994716	-2.01486926817732
			2.91969481916436	-2.01673488787008
			2.92156043885711	-2.01860050756283
			2.92342605854987	-2.02046612725559
			2.92342605854987	-2.02233174694835
			2.92529167824263	-2.0241973666411
			2.92715729793538	-2.0241973666411
			2.92715729793538	-2.02606298633386
			2.92902291762814	-2.02792860602662
			2.9308885373209	-2.02979422571937
			2.93275415701365	-2.03165984541213
			2.93275415701365	-2.03352546510489
			2.93461977670641	-2.03539108479764
			2.93648539639917	-2.03539108479764
			2.93648539639917	-2.0372567044904
			2.93835101609193	-2.03912232418316
			2.94021663578468	-2.04098794387591
			2.94021663578468	-2.04285356356867
			2.94208225547744	-2.04471918326143
			2.9439478751702	-2.04658480295419
			2.94581349486295	-2.04845042264694
			2.94767911455571	-2.0503160423397
			2.94954473424847	-2.05218166203246
			2.95141035394122	-2.05404728172521
			2.95141035394122	-2.05591290141797
			2.95327597363398	-2.05777852111073
			2.95514159332674	-2.05964414080348
			2.95700721301949	-2.06150976049624
			2.95887283271225	-2.063375380189
			2.95887283271225	-2.06524099988175
			2.96073845240501	-2.06710661957451
			2.96260407209776	-2.06897223926727
			2.96446969179052	-2.07083785896002
			2.96633531148328	-2.07270347865278
			2.96633531148328	-2.07456909834554
			2.96820093117603	-2.07643471803829
			2.97006655086879	-2.07830033773105
			2.97193217056155	-2.08016595742381
			2.97193217056155	-2.08203157711656
			2.9737977902543	-2.08389719680932
			2.97566340994706	-2.08576281650208
			2.97752902963982	-2.08762843619483
			2.97752902963982	-2.08949405588759
			2.97939464933257	-2.08949405588759
			2.98126026902533	-2.09135967558035
			2.98312588871809	-2.0932252952731
			2.98312588871809	-2.09509091496586
			2.98499150841084	-2.09695653465862
			2.9868571281036	-2.09882215435137
			2.98872274779636	-2.10068777404413
			2.98872274779636	-2.10255339373689
			2.99058836748911	-2.10441901342965
			2.99245398718187	-2.1062846331224
			2.99245398718187	-2.10815025281516
			2.99431960687463	-2.10815025281516
			2.99618522656738	-2.11001587250792
			2.99805084626014	-2.11188149220067
			2.99805084626014	-2.11374711189343
			2.9999164659529	-2.11561273158619
			3.00178208564566	-2.11747835127894
			3.00178208564566	-2.1193439709717
			3.00364770533841	-2.1193439709717
			3.00551332503117	-2.12120959066446
			3.00551332503117	-2.12307521035721
			3.00737894472393	-2.12494083004997
			3.00924456441668	-2.12680644974273
			3.00924456441668	-2.12867206943548
			3.01111018410944	-2.13053768912824
			3.0129758038022	-2.13053768912824
			3.0129758038022	-2.132403308821
			3.01484142349495	-2.13426892851375
			3.01670704318771	-2.13613454820651
			3.01670704318771	-2.13800016789927
			3.01857266288047	-2.13986578759202
			3.02043828257322	-2.13986578759202
			3.02043828257322	-2.14173140728478
			3.02230390226598	-2.14359702697754
			3.02416952195874	-2.14546264667029
			3.02416952195874	-2.14732826636305
			3.02603514165149	-2.14732826636305
			3.02790076134425	-2.14919388605581
			3.02790076134425	-2.15105950574856
			3.02976638103701	-2.15292512544132
			3.03163200072976	-2.15479074513408
			3.03349762042252	-2.15665636482683
			3.03349762042252	-2.15852198451959
			3.03536324011528	-2.16038760421235
			3.03722885980803	-2.16225322390511
			3.03909447950079	-2.16411884359786
			3.03909447950079	-2.16598446329062
			3.04096009919355	-2.16785008298338
			3.0428257188863	-2.16785008298338
			3.0428257188863	-2.16971570267613
			3.04469133857906	-2.17158132236889
			3.04655695827182	-2.17344694206165
			3.04655695827182	-2.1753125617544
			3.04842257796457	-2.17717818144716
			3.05028819765733	-2.17904380113992
			3.05215381735009	-2.18090942083267
			3.05401943704285	-2.18277504052543
			3.0558850567356	-2.18464066021819
			3.0558850567356	-2.18650627991094
			3.05775067642836	-2.1883718996037
			3.05775067642836	-2.19023751929646
			3.05961629612112	-2.19210313898921
			3.05961629612112	-2.19396875868197
			3.05961629612112	-2.19583437837473
			3.06148191581387	-2.19769999806748
			3.06148191581387	-2.19956561776024
			3.06148191581387	-2.201431237453
			3.06334753550663	-2.20329685714575
			3.06334753550663	-2.20516247683851
			3.06521315519939	-2.20702809653127
			3.06521315519939	-2.20889371622402
			3.06707877489214	-2.21075933591678
			3.06707877489214	-2.21262495560954
			3.0689443945849	-2.2144905753023
			3.0689443945849	-2.21635619499505
			3.0689443945849	-2.21822181468781
			3.07081001427766	-2.22008743438057
			3.07081001427766	-2.22195305407332
			3.07267563397041	-2.22381867376608
			3.07267563397041	-2.22568429345884
			3.07454125366317	-2.22754991315159
			3.07640687335593	-2.22941553284435
			3.07640687335593	-2.23128115253711
			3.07827249304868	-2.23314677222986
			3.08013811274144	-2.23501239192262
			3.08013811274144	-2.23687801161538
			3.0820037324342	-2.23874363130813
			3.0820037324342	-2.24060925100089
			3.08386935212695	-2.24247487069365
			3.08573497181971	-2.2443404903864
			3.08573497181971	-2.24620611007916
			3.08760059151247	-2.24807172977192
			3.08946621120522	-2.24993734946467
			3.09133183089798	-2.25180296915743
			3.09319745059074	-2.25366858885019
			3.09506307028349	-2.25553420854294
			3.09506307028349	-2.2573998282357
			3.09692868997625	-2.25926544792846
			3.09879430966901	-2.26113106762121
			3.10065992936176	-2.26299668731397
			3.10252554905452	-2.26486230700673
			3.10439116874728	-2.26486230700673
			3.10625678844003	-2.26672792669949
			3.10812240813279	-2.26859354639224
			3.10998802782555	-2.270459166085
			3.11185364751831	-2.270459166085
			3.11185364751831	-2.27232478577776
			3.11371926721106	-2.27419040547051
			3.11558488690382	-2.27419040547051
			3.11745050659658	-2.27605602516327
			3.11931612628933	-2.27605602516327
			3.12118174598209	-2.27792164485603
			3.12304736567485	-2.27978726454878
			3.1249129853676	-2.27978726454878
			3.12677860506036	-2.28165288424154
			3.12864422475312	-2.28165288424154
			3.13050984444587	-2.28165288424154
			3.13237546413863	-2.2835185039343
			3.13424108383139	-2.2835185039343
			3.13610670352414	-2.2835185039343
			3.1379723232169	-2.28538412362705
			3.13983794290966	-2.28538412362705
			3.14170356260241	-2.28538412362705
			3.14356918229517	-2.28724974331981
			3.14543480198793	-2.28724974331981
			3.14730042168068	-2.28724974331981
			3.14916604137344	-2.28724974331981
			3.1510316610662	-2.28911536301257
			3.15289728075895	-2.28911536301257
			3.15476290045171	-2.28911536301257
			3.15662852014447	-2.28911536301257
			3.15849413983722	-2.28911536301257
			3.16035975952998	-2.28911536301257
			3.16222537922274	-2.28911536301257
			3.1640909989155	-2.28911536301257
			3.16595661860825	-2.28911536301257
			3.16782223830101	-2.29098098270532
			3.16968785799377	-2.29098098270532
			3.17155347768652	-2.29098098270532
			3.17341909737928	-2.29098098270532
			3.17528471707204	-2.29098098270532
			3.17715033676479	-2.28911536301257
			3.17901595645755	-2.28911536301257
			3.18088157615031	-2.28911536301257
			3.18274719584306	-2.28911536301257
			3.18461281553582	-2.28911536301257
			3.18647843522858	-2.28911536301257
			3.18834405492133	-2.28911536301257
		</curvaD_espina_dorsal>
		<curvaI_espina_dorsal type=matrix rownames=FALSE colnames=FALSE nrow=370 ncol=2 as.numeric=TRUE >
			2.78537020128587	-1.90106646691916
			2.78723582097863	-1.90293208661191
			2.78910144067138	-1.90479770630467
			2.79096706036414	-1.90666332599743
			2.7928326800569	-1.90852894569018
			2.79469829974965	-1.91039456538294
			2.79656391944241	-1.9122601850757
			2.79842953913517	-1.9122601850757
			2.79842953913517	-1.91412580476845
			2.80029515882792	-1.91599142446121
			2.80216077852068	-1.91785704415397
			2.80402639821344	-1.91972266384672
			2.80589201790619	-1.92158828353948
			2.80775763759895	-1.92345390323224
			2.80962325729171	-1.92345390323224
			2.80962325729171	-1.92531952292499
			2.81148887698446	-1.92718514261775
			2.81335449667722	-1.92905076231051
			2.81522011636998	-1.93091638200326
			2.81708573606273	-1.93278200169602
			2.81895135575549	-1.93278200169602
			2.81895135575549	-1.93464762138878
			2.82081697544825	-1.93651324108154
			2.822682595141	-1.93837886077429
			2.82454821483376	-1.94024448046705
			2.82641383452652	-1.94211010015981
			2.82641383452652	-1.94397571985256
			2.82827945421927	-1.94397571985256
			2.83014507391203	-1.94584133954532
			2.83201069360479	-1.94770695923808
			2.83201069360479	-1.94957257893083
			2.83387631329755	-1.95143819862359
			2.8357419329903	-1.95330381831635
			2.83760755268306	-1.9551694380091
			2.83947317237582	-1.9551694380091
			2.83947317237582	-1.95703505770186
			2.84133879206857	-1.95890067739462
			2.84320441176133	-1.96076629708737
			2.84507003145409	-1.96263191678013
			2.84507003145409	-1.96449753647289
			2.84693565114684	-1.96636315616564
			2.8488012708396	-1.96636315616564
			2.8488012708396	-1.9682287758584
			2.85066689053236	-1.97009439555116
			2.85253251022511	-1.97196001524391
			2.85439812991787	-1.97382563493667
			2.85439812991787	-1.97569125462943
			2.85626374961063	-1.97569125462943
			2.85812936930338	-1.97755687432218
			2.85812936930338	-1.97942249401494
			2.85999498899614	-1.9812881137077
			2.8618606086889	-1.98315373340045
			2.8618606086889	-1.98501935309321
			2.86372622838165	-1.98688497278597
			2.86559184807441	-1.98688497278597
			2.86559184807441	-1.98875059247872
			2.86745746776717	-1.99061621217148
			2.86932308745992	-1.99248183186424
			2.86932308745992	-1.994347451557
			2.87118870715268	-1.99621307124975
			2.87305432684544	-1.99807869094251
			2.87491994653819	-1.99994431063527
			2.87678556623095	-2.00180993032802
			2.87865118592371	-2.00367555002078
			2.87865118592371	-2.00554116971354
			2.88051680561646	-2.00740678940629
			2.88238242530922	-2.00927240909905
			2.88238242530922	-2.01113802879181
			2.88424804500198	-2.01300364848456
			2.88611366469474	-2.01486926817732
			2.88797928438749	-2.01673488787008
			2.88797928438749	-2.01860050756283
			2.88984490408025	-2.02046612725559
			2.88984490408025	-2.02233174694835
			2.89171052377301	-2.0241973666411
			2.89357614346576	-2.02606298633386
			2.89357614346576	-2.02792860602662
			2.89544176315852	-2.02979422571937
			2.89544176315852	-2.03165984541213
			2.89730738285128	-2.03165984541213
			2.89730738285128	-2.03352546510489
			2.89917300254403	-2.03539108479764
			2.89917300254403	-2.0372567044904
			2.90103862223679	-2.0372567044904
			2.90290424192955	-2.03912232418316
			2.90290424192955	-2.04098794387591
			2.9047698616223	-2.04098794387591
			2.9047698616223	-2.04285356356867
			2.90663548131506	-2.04471918326143
			2.90850110100782	-2.04658480295419
			2.91036672070057	-2.04845042264694
			2.91036672070057	-2.0503160423397
			2.91223234039333	-2.05218166203246
			2.91409796008609	-2.05404728172521
			2.91409796008609	-2.05591290141797
			2.91596357977884	-2.05591290141797
			2.91596357977884	-2.05777852111073
			2.9178291994716	-2.05964414080348
			2.91969481916436	-2.06150976049624
			2.91969481916436	-2.063375380189
			2.92156043885711	-2.06524099988175
			2.92342605854987	-2.06710661957451
			2.92342605854987	-2.06897223926727
			2.92529167824263	-2.07083785896002
			2.92529167824263	-2.07270347865278
			2.92715729793538	-2.07270347865278
			2.92902291762814	-2.07456909834554
			2.92902291762814	-2.07643471803829
			2.9308885373209	-2.07830033773105
			2.93275415701365	-2.08016595742381
			2.93275415701365	-2.08203157711656
			2.93461977670641	-2.08389719680932
			2.93461977670641	-2.08576281650208
			2.93648539639917	-2.08762843619483
			2.93648539639917	-2.08949405588759
			2.93835101609193	-2.09135967558035
			2.94021663578468	-2.0932252952731
			2.94021663578468	-2.09509091496586
			2.94208225547744	-2.09695653465862
			2.94208225547744	-2.09882215435137
			2.9439478751702	-2.10068777404413
			2.9439478751702	-2.10255339373689
			2.94581349486295	-2.10441901342965
			2.94767911455571	-2.1062846331224
			2.94767911455571	-2.10815025281516
			2.94954473424847	-2.11001587250792
			2.94954473424847	-2.11188149220067
			2.95141035394122	-2.11374711189343
			2.95141035394122	-2.11561273158619
			2.95327597363398	-2.11747835127894
			2.95327597363398	-2.1193439709717
			2.95514159332674	-2.12120959066446
			2.95514159332674	-2.12307521035721
			2.95700721301949	-2.12494083004997
			2.95700721301949	-2.12680644974273
			2.95887283271225	-2.12867206943548
			2.95887283271225	-2.13053768912824
			2.96073845240501	-2.132403308821
			2.96073845240501	-2.13426892851375
			2.96260407209776	-2.13613454820651
			2.96260407209776	-2.13800016789927
			2.96446969179052	-2.13986578759202
			2.96446969179052	-2.14173140728478
			2.96633531148328	-2.14359702697754
			2.96633531148328	-2.14546264667029
			2.96820093117603	-2.14732826636305
			2.96820093117603	-2.14919388605581
			2.96820093117603	-2.15105950574856
			2.97006655086879	-2.15292512544132
			2.97006655086879	-2.15479074513408
			2.97193217056155	-2.15479074513408
			2.97193217056155	-2.15665636482683
			2.97193217056155	-2.15852198451959
			2.9737977902543	-2.16038760421235
			2.9737977902543	-2.16225322390511
			2.9737977902543	-2.16411884359786
			2.97566340994706	-2.16598446329062
			2.97566340994706	-2.16785008298338
			2.97752902963982	-2.16971570267613
			2.97752902963982	-2.17158132236889
			2.97752902963982	-2.17344694206165
			2.97939464933257	-2.1753125617544
			2.97939464933257	-2.17717818144716
			2.98126026902533	-2.17904380113992
			2.98126026902533	-2.18090942083267
			2.98126026902533	-2.18277504052543
			2.98312588871809	-2.18464066021819
			2.98312588871809	-2.18650627991094
			2.98126026902533	-2.1883718996037
			2.98126026902533	-2.19023751929646
			2.97939464933257	-2.19210313898921
			2.97939464933257	-2.19396875868197
			2.97752902963982	-2.19583437837473
			2.97566340994706	-2.19769999806748
			2.97566340994706	-2.19956561776024
			2.9737977902543	-2.201431237453
			2.97193217056155	-2.20329685714575
			2.97006655086879	-2.20516247683851
			2.97006655086879	-2.20702809653127
			2.96820093117603	-2.20889371622402
			2.96633531148328	-2.21075933591678
			2.96446969179052	-2.21262495560954
			2.96446969179052	-2.2144905753023
			2.96260407209776	-2.21635619499505
			2.96073845240501	-2.21822181468781
			2.95887283271225	-2.21822181468781
			2.95700721301949	-2.22008743438057
			2.95700721301949	-2.22195305407332
			2.95514159332674	-2.22381867376608
			2.95327597363398	-2.22568429345884
			2.95141035394122	-2.22568429345884
			2.94954473424847	-2.22754991315159
			2.94767911455571	-2.22941553284435
			2.94581349486295	-2.23128115253711
			2.9439478751702	-2.23314677222986
			2.94208225547744	-2.23314677222986
			2.94021663578468	-2.23501239192262
			2.93835101609193	-2.23687801161538
			2.93648539639917	-2.23687801161538
			2.93461977670641	-2.23874363130813
			2.93275415701365	-2.24060925100089
			2.9308885373209	-2.24060925100089
			2.92902291762814	-2.24247487069365
			2.92715729793538	-2.2443404903864
			2.92529167824263	-2.2443404903864
			2.92342605854987	-2.24620611007916
			2.92156043885711	-2.24620611007916
			2.91969481916436	-2.24807172977192
			2.9178291994716	-2.24993734946467
			2.91596357977884	-2.24993734946467
			2.91409796008609	-2.25180296915743
			2.91223234039333	-2.25180296915743
			2.91036672070057	-2.25180296915743
			2.91036672070057	-2.25366858885019
			2.90850110100782	-2.25366858885019
			2.90663548131506	-2.25366858885019
			2.9047698616223	-2.25366858885019
			2.9047698616223	-2.25553420854294
			2.90290424192955	-2.25553420854294
			2.90103862223679	-2.25553420854294
			2.90103862223679	-2.2573998282357
			2.89917300254403	-2.2573998282357
			2.89730738285128	-2.2573998282357
			2.89544176315852	-2.2573998282357
			2.89544176315852	-2.25926544792846
			2.89357614346576	-2.25926544792846
			2.89171052377301	-2.25926544792846
			2.88984490408025	-2.25926544792846
			2.88984490408025	-2.26113106762121
			2.88797928438749	-2.26113106762121
			2.88611366469474	-2.26113106762121
			2.88424804500198	-2.26113106762121
			2.88238242530922	-2.26299668731397
			2.88051680561646	-2.26299668731397
			2.87865118592371	-2.26299668731397
			2.87678556623095	-2.26299668731397
			2.87491994653819	-2.26486230700673
			2.87305432684544	-2.26486230700673
			2.87118870715268	-2.26486230700673
			2.86932308745992	-2.26486230700673
			2.86745746776717	-2.26672792669949
			2.86559184807441	-2.26672792669949
			2.86372622838165	-2.26672792669949
			2.8618606086889	-2.26672792669949
			2.85999498899614	-2.26672792669949
			2.85812936930338	-2.26672792669949
			2.85626374961063	-2.26859354639224
			2.85439812991787	-2.26859354639224
			2.85253251022511	-2.26859354639224
			2.85066689053236	-2.26859354639224
			2.8488012708396	-2.26859354639224
			2.84693565114684	-2.26859354639224
			2.84507003145409	-2.26859354639224
			2.84320441176133	-2.270459166085
			2.84133879206857	-2.270459166085
			2.83947317237582	-2.270459166085
			2.83760755268306	-2.270459166085
			2.8357419329903	-2.270459166085
			2.83387631329755	-2.270459166085
			2.83201069360479	-2.270459166085
			2.83014507391203	-2.270459166085
			2.82827945421927	-2.270459166085
			2.82641383452652	-2.270459166085
			2.82454821483376	-2.270459166085
			2.822682595141	-2.270459166085
			2.82081697544825	-2.270459166085
			2.81895135575549	-2.270459166085
			2.81708573606273	-2.27232478577776
			2.81522011636998	-2.27232478577776
			2.81335449667722	-2.27232478577776
			2.81148887698446	-2.27232478577776
			2.80962325729171	-2.27232478577776
			2.80775763759895	-2.27232478577776
			2.80589201790619	-2.27232478577776
			2.80402639821344	-2.27232478577776
			2.80216077852068	-2.27232478577776
			2.80029515882792	-2.27232478577776
			2.79842953913517	-2.27232478577776
			2.79656391944241	-2.27232478577776
			2.79469829974965	-2.27232478577776
			2.7928326800569	-2.27232478577776
			2.79096706036414	-2.27232478577776
			2.78910144067138	-2.270459166085
			2.78723582097863	-2.270459166085
			2.78537020128587	-2.270459166085
			2.78350458159311	-2.270459166085
			2.78163896190036	-2.270459166085
			2.7797733422076	-2.270459166085
			2.77790772251484	-2.270459166085
			2.77604210282209	-2.270459166085
			2.77417648312933	-2.270459166085
			2.77231086343657	-2.270459166085
			2.77044524374381	-2.270459166085
			2.76857962405106	-2.27232478577776
			2.7667140043583	-2.27419040547051
			2.76484838466554	-2.27419040547051
			2.76298276497279	-2.27605602516327
			2.76111714528003	-2.27605602516327
			2.75925152558727	-2.27792164485603
			2.75738590589452	-2.27792164485603
			2.75552028620176	-2.27978726454878
			2.753654666509	-2.27978726454878
			2.753654666509	-2.28165288424154
			2.75178904681625	-2.28165288424154
			2.74992342712349	-2.2835185039343
			2.74805780743073	-2.28538412362705
			2.74619218773798	-2.28538412362705
			2.74432656804522	-2.28724974331981
			2.74246094835246	-2.28724974331981
			2.74059532865971	-2.28911536301257
			2.73872970896695	-2.28911536301257
			2.73686408927419	-2.29098098270532
			2.73686408927419	-2.29284660239808
			2.73499846958144	-2.29284660239808
			2.73313284988868	-2.29471222209084
			2.73126723019592	-2.29471222209084
			2.72940161050317	-2.29657784178359
			2.72753599081041	-2.29844346147635
			2.72567037111765	-2.29844346147635
			2.72567037111765	-2.30030908116911
			2.7238047514249	-2.30030908116911
			2.72193913173214	-2.30217470086186
			2.72007351203938	-2.30404032055462
			2.71820789234663	-2.30404032055462
			2.71634227265387	-2.30590594024738
			2.71447665296111	-2.30777155994013
			2.71261103326835	-2.30963717963289
			2.7107454135756	-2.31150279932565
			2.70887979388284	-2.31150279932565
			2.70701417419008	-2.3133684190184
			2.70514855449733	-2.31523403871116
			2.70328293480457	-2.31709965840392
			2.70141731511181	-2.31709965840392
			2.69955169541906	-2.31896527809667
			2.6976860757263	-2.32083089778943
			2.69582045603354	-2.32269651748219
			2.69582045603354	-2.32456213717494
			2.69395483634079	-2.32456213717494
			2.69208921664803	-2.3264277568677
			2.69022359695527	-2.32829337656046
			2.68835797726252	-2.33015899625322
			2.68649235756976	-2.33202461594597
			2.684626737877	-2.33202461594597
			2.68276111818425	-2.33389023563873
			2.68276111818425	-2.33575585533149
			2.68089549849149	-2.33762147502424
			2.67902987879873	-2.339487094717
			2.67716425910598	-2.34135271440976
			2.67529863941322	-2.34135271440976
			2.67529863941322	-2.34321833410251
			2.67343301972046	-2.34508395379527
			2.67156740002771	-2.34694957348803
			2.66970178033495	-2.34881519318078
			2.66783616064219	-2.35068081287354
			2.66783616064219	-2.3525464325663
			2.66597054094944	-2.3525464325663
			2.66410492125668	-2.35441205225905
			2.66223930156392	-2.35627767195181
			2.66223930156392	-2.35814329164457
			2.66037368187117	-2.36000891133732
			2.65850806217841	-2.36187453103008
			2.65664244248565	-2.36374015072284
			2.65664244248565	-2.36560577041559
			2.65477682279289	-2.36747139010835
			2.65291120310014	-2.36747139010835
			2.65291120310014	-2.36933700980111
			2.65104558340738	-2.37120262949386
			2.64917996371462	-2.37306824918662
			2.64917996371462	-2.37493386887938
			2.64731434402187	-2.37679948857213
		</curvaI_espina_dorsal>
	</curves.scaled>
	<ruler.points type=matrix rownames=TRUE colnames=FALSE nrow=2 ncol=2 as.numeric=TRUE >
		Ruler point 1	1519	537
		Ruler point 2	2055	533
	</ruler.points>
</shapes>

