<shapes type=list>
	<ruler.pixel type=vector names=FALSE length=1 as.numeric=TRUE >539.003710562367</ruler.pixel>
	<ruler.interval type=vector names=FALSE length=1 as.numeric=TRUE >1</ruler.interval>
	<scaling.units type=vector names=FALSE length=1 as.numeric=FALSE >mm</scaling.units>
	<scaling type=vector names=FALSE length=1 as.numeric=TRUE >0.00186561969275678</scaling>
	<landmarks.pixel type=matrix rownames=TRUE colnames=FALSE nrow=3 ncol=2 as.numeric=TRUE >
		punta_espina_dorsal	1441	1081
		esq_izq_caparaza	1387	1345
		organo_dorsal	1689	1294
	</landmarks.pixel>
	<landmarks.scaled type=matrix rownames=TRUE colnames=FALSE nrow=3 ncol=2 as.numeric=TRUE >
		punta_espina_dorsal	2.68835797726252	-2.01673488787008
		esq_izq_caparaza	2.58761451385365	-2.50925848675787
		organo_dorsal	3.1510316610662	-2.41411188242727
	</landmarks.scaled>
	<curves.control type=list>
		<curvaD_espina_dorsal type=matrix rownames=FALSE colnames=FALSE nrow=7 ncol=2 as.numeric=TRUE >
			1441	1081
			1462	1089
			1485	1109
			1523	1152
			1583	1230
			1605	1270
			1689	1294
		</curvaD_espina_dorsal>
		<curvaI_espina_dorsal type=matrix rownames=FALSE colnames=FALSE nrow=9 ncol=2 as.numeric=TRUE >
			1441	1081
			1467	1107
			1489	1133
			1527	1182
			1550	1232
			1549	1264
			1455	1288
			1414	1310
			1387	1345
		</curvaI_espina_dorsal>
	</curves.control>
	<curves.pixel type=list>
		<curvaD_espina_dorsal type=matrix rownames=FALSE colnames=FALSE nrow=287 ncol=2 as.numeric=TRUE >
			1441	1081
			1442	1081
			1443	1082
			1444	1082
			1445	1083
			1446	1083
			1447	1083
			1448	1084
			1449	1084
			1450	1085
			1451	1086
			1452	1086
			1453	1087
			1454	1087
			1455	1088
			1456	1088
			1457	1089
			1458	1089
			1459	1090
			1460	1090
			1461	1091
			1462	1092
			1463	1092
			1464	1093
			1465	1094
			1466	1094
			1467	1095
			1468	1096
			1469	1096
			1470	1097
			1471	1098
			1472	1099
			1473	1099
			1474	1100
			1475	1101
			1476	1102
			1477	1102
			1478	1103
			1479	1104
			1480	1105
			1481	1106
			1482	1107
			1483	1107
			1484	1108
			1485	1109
			1486	1110
			1487	1111
			1487	1112
			1488	1112
			1488	1113
			1489	1114
			1490	1114
			1490	1115
			1491	1116
			1492	1117
			1493	1118
			1494	1119
			1494	1120
			1495	1121
			1496	1122
			1497	1123
			1498	1124
			1499	1125
			1500	1126
			1500	1127
			1501	1128
			1502	1128
			1502	1129
			1503	1130
			1504	1131
			1505	1132
			1506	1133
			1507	1134
			1507	1135
			1508	1136
			1509	1137
			1510	1138
			1510	1139
			1511	1139
			1512	1140
			1513	1141
			1513	1142
			1514	1143
			1515	1144
			1516	1145
			1516	1146
			1517	1147
			1518	1148
			1519	1149
			1519	1150
			1520	1151
			1521	1152
			1522	1153
			1523	1153
			1523	1154
			1524	1155
			1525	1156
			1526	1157
			1527	1158
			1527	1159
			1528	1160
			1529	1161
			1530	1162
			1531	1163
			1532	1164
			1532	1165
			1533	1166
			1533	1167
			1534	1167
			1534	1168
			1535	1169
			1536	1170
			1537	1171
			1538	1172
			1538	1173
			1539	1174
			1540	1175
			1541	1176
			1542	1177
			1542	1178
			1543	1179
			1544	1180
			1545	1181
			1545	1182
			1546	1183
			1547	1184
			1548	1185
			1548	1186
			1549	1187
			1550	1188
			1551	1189
			1552	1190
			1552	1191
			1553	1192
			1554	1193
			1555	1194
			1555	1195
			1556	1196
			1557	1197
			1558	1198
			1559	1199
			1559	1200
			1560	1201
			1561	1202
			1562	1203
			1563	1204
			1563	1205
			1564	1206
			1565	1207
			1566	1208
			1567	1209
			1568	1210
			1568	1211
			1569	1212
			1570	1213
			1571	1214
			1572	1215
			1573	1216
			1573	1217
			1574	1218
			1574	1219
			1575	1219
			1575	1220
			1576	1221
			1577	1222
			1578	1223
			1579	1224
			1579	1225
			1580	1226
			1580	1227
			1581	1227
			1582	1228
			1582	1229
			1583	1230
			1583	1231
			1584	1232
			1585	1233
			1585	1234
			1586	1235
			1587	1236
			1587	1237
			1588	1238
			1589	1239
			1590	1240
			1590	1241
			1591	1242
			1592	1243
			1593	1244
			1594	1245
			1595	1246
			1596	1247
			1597	1248
			1598	1249
			1599	1250
			1600	1251
			1601	1252
			1602	1253
			1603	1254
			1604	1254
			1605	1255
			1606	1256
			1607	1257
			1608	1257
			1609	1258
			1610	1259
			1611	1259
			1612	1260
			1613	1261
			1614	1262
			1615	1262
			1616	1263
			1617	1264
			1618	1264
			1619	1265
			1620	1266
			1621	1266
			1622	1267
			1623	1268
			1624	1268
			1625	1268
			1625	1269
			1626	1269
			1627	1270
			1628	1270
			1629	1271
			1630	1271
			1631	1272
			1632	1272
			1633	1273
			1634	1273
			1635	1274
			1636	1274
			1636	1275
			1637	1275
			1638	1276
			1639	1276
			1640	1276
			1641	1277
			1642	1277
			1643	1278
			1644	1278
			1645	1279
			1646	1279
			1647	1280
			1648	1280
			1649	1280
			1650	1281
			1651	1281
			1652	1282
			1653	1282
			1654	1282
			1655	1282
			1655	1283
			1656	1283
			1657	1283
			1658	1284
			1659	1284
			1660	1285
			1661	1285
			1662	1285
			1663	1286
			1664	1286
			1665	1286
			1666	1287
			1667	1287
			1668	1287
			1669	1288
			1670	1288
			1671	1288
			1672	1289
			1673	1289
			1674	1290
			1675	1290
			1676	1290
			1677	1291
			1678	1291
			1679	1291
			1680	1291
			1681	1292
			1682	1292
			1683	1292
			1684	1293
			1685	1293
			1686	1293
			1687	1293
			1688	1294
			1689	1294
		</curvaD_espina_dorsal>
		<curvaI_espina_dorsal type=matrix rownames=FALSE colnames=FALSE nrow=346 ncol=2 as.numeric=TRUE >
			1441	1081
			1442	1082
			1443	1083
			1444	1084
			1445	1085
			1446	1086
			1447	1087
			1448	1088
			1449	1089
			1450	1090
			1451	1091
			1452	1092
			1453	1093
			1454	1094
			1455	1095
			1456	1096
			1457	1097
			1458	1098
			1459	1099
			1459	1100
			1460	1100
			1460	1101
			1461	1102
			1462	1102
			1462	1103
			1463	1104
			1464	1105
			1465	1106
			1466	1107
			1467	1108
			1468	1109
			1468	1110
			1469	1110
			1470	1111
			1471	1112
			1471	1113
			1472	1113
			1473	1114
			1473	1115
			1474	1116
			1475	1117
			1476	1118
			1477	1119
			1478	1120
			1478	1121
			1479	1122
			1480	1123
			1481	1124
			1482	1124
			1482	1125
			1483	1126
			1484	1127
			1485	1128
			1486	1129
			1486	1130
			1487	1131
			1488	1132
			1489	1133
			1490	1134
			1491	1135
			1492	1136
			1492	1137
			1493	1138
			1494	1139
			1495	1140
			1495	1141
			1496	1142
			1497	1143
			1497	1144
			1498	1144
			1498	1145
			1499	1146
			1499	1147
			1500	1148
			1501	1149
			1502	1150
			1502	1151
			1503	1152
			1504	1153
			1505	1154
			1505	1155
			1506	1156
			1506	1157
			1507	1158
			1508	1158
			1508	1159
			1509	1160
			1510	1161
			1510	1162
			1511	1163
			1511	1164
			1512	1165
			1513	1166
			1513	1167
			1514	1167
			1514	1168
			1515	1169
			1516	1170
			1516	1171
			1517	1172
			1517	1173
			1518	1174
			1519	1175
			1519	1176
			1520	1177
			1521	1178
			1521	1179
			1522	1180
			1523	1181
			1523	1182
			1524	1183
			1525	1184
			1525	1185
			1526	1186
			1526	1187
			1526	1188
			1527	1188
			1527	1189
			1528	1190
			1528	1191
			1529	1191
			1529	1192
			1530	1193
			1530	1194
			1531	1195
			1531	1196
			1532	1197
			1533	1198
			1533	1199
			1534	1200
			1534	1201
			1535	1202
			1535	1203
			1536	1204
			1536	1205
			1537	1206
			1538	1207
			1538	1208
			1538	1209
			1539	1209
			1539	1210
			1540	1211
			1540	1212
			1541	1213
			1541	1214
			1542	1215
			1542	1216
			1543	1217
			1543	1218
			1544	1219
			1544	1220
			1545	1221
			1545	1222
			1546	1223
			1546	1224
			1547	1225
			1547	1226
			1548	1227
			1548	1228
			1549	1229
			1549	1230
			1550	1231
			1550	1232
			1550	1233
			1550	1234
			1550	1235
			1549	1236
			1549	1237
			1549	1238
			1549	1239
			1548	1240
			1548	1241
			1547	1242
			1547	1243
			1546	1244
			1546	1245
			1545	1246
			1544	1247
			1543	1248
			1542	1249
			1541	1250
			1540	1251
			1539	1252
			1538	1253
			1537	1254
			1536	1255
			1535	1256
			1534	1256
			1533	1257
			1533	1258
			1532	1258
			1531	1259
			1530	1259
			1529	1260
			1528	1261
			1527	1261
			1526	1262
			1525	1262
			1524	1263
			1523	1263
			1522	1264
			1521	1264
			1520	1265
			1519	1266
			1518	1266
			1517	1267
			1516	1267
			1515	1268
			1514	1268
			1513	1268
			1513	1269
			1512	1269
			1511	1269
			1510	1270
			1509	1270
			1508	1271
			1507	1271
			1506	1272
			1505	1272
			1504	1272
			1503	1273
			1502	1273
			1501	1274
			1500	1274
			1499	1274
			1498	1275
			1497	1275
			1496	1275
			1495	1276
			1494	1276
			1493	1277
			1492	1277
			1491	1277
			1490	1278
			1489	1278
			1488	1279
			1487	1279
			1486	1279
			1485	1279
			1484	1280
			1483	1280
			1482	1280
			1481	1281
			1480	1281
			1479	1281
			1478	1281
			1478	1282
			1477	1282
			1476	1282
			1475	1283
			1474	1283
			1473	1283
			1472	1283
			1471	1284
			1470	1284
			1469	1284
			1468	1285
			1467	1285
			1466	1285
			1465	1285
			1464	1286
			1463	1286
			1462	1286
			1461	1286
			1460	1287
			1459	1287
			1458	1287
			1457	1288
			1456	1288
			1455	1288
			1454	1288
			1454	1289
			1453	1289
			1452	1290
			1451	1290
			1450	1291
			1449	1292
			1448	1292
			1447	1293
			1446	1293
			1445	1294
			1444	1294
			1443	1295
			1442	1295
			1441	1296
			1440	1297
			1439	1297
			1438	1298
			1437	1298
			1437	1299
			1436	1299
			1435	1300
			1434	1301
			1433	1302
			1432	1302
			1431	1303
			1430	1304
			1429	1304
			1428	1305
			1427	1306
			1426	1307
			1425	1307
			1424	1308
			1423	1309
			1422	1310
			1421	1310
			1420	1311
			1419	1312
			1418	1313
			1417	1313
			1416	1314
			1415	1315
			1414	1316
			1414	1317
			1413	1317
			1412	1318
			1411	1319
			1410	1320
			1409	1321
			1408	1321
			1407	1322
			1407	1323
			1406	1324
			1405	1325
			1404	1326
			1403	1327
			1402	1327
			1401	1328
			1401	1329
			1400	1330
			1399	1331
			1398	1332
			1397	1333
			1397	1334
			1396	1334
			1395	1335
			1394	1336
			1393	1337
			1393	1338
			1392	1339
			1391	1340
			1390	1341
			1390	1342
			1389	1343
			1388	1344
			1387	1345
		</curvaI_espina_dorsal>
	</curves.pixel>
	<curves.scaled type=list>
		<curvaD_espina_dorsal type=matrix rownames=FALSE colnames=FALSE nrow=287 ncol=2 as.numeric=TRUE >
			2.68835797726252	-2.01673488787008
			2.69022359695527	-2.01673488787008
			2.69208921664803	-2.01860050756283
			2.69395483634079	-2.01860050756283
			2.69582045603354	-2.02046612725559
			2.6976860757263	-2.02046612725559
			2.69955169541906	-2.02046612725559
			2.70141731511181	-2.02233174694835
			2.70328293480457	-2.02233174694835
			2.70514855449733	-2.0241973666411
			2.70701417419008	-2.02606298633386
			2.70887979388284	-2.02606298633386
			2.7107454135756	-2.02792860602662
			2.71261103326835	-2.02792860602662
			2.71447665296111	-2.02979422571937
			2.71634227265387	-2.02979422571937
			2.71820789234663	-2.03165984541213
			2.72007351203938	-2.03165984541213
			2.72193913173214	-2.03352546510489
			2.7238047514249	-2.03352546510489
			2.72567037111765	-2.03539108479764
			2.72753599081041	-2.0372567044904
			2.72940161050317	-2.0372567044904
			2.73126723019592	-2.03912232418316
			2.73313284988868	-2.04098794387591
			2.73499846958144	-2.04098794387591
			2.73686408927419	-2.04285356356867
			2.73872970896695	-2.04471918326143
			2.74059532865971	-2.04471918326143
			2.74246094835246	-2.04658480295419
			2.74432656804522	-2.04845042264694
			2.74619218773798	-2.0503160423397
			2.74805780743073	-2.0503160423397
			2.74992342712349	-2.05218166203246
			2.75178904681625	-2.05404728172521
			2.753654666509	-2.05591290141797
			2.75552028620176	-2.05591290141797
			2.75738590589452	-2.05777852111073
			2.75925152558727	-2.05964414080348
			2.76111714528003	-2.06150976049624
			2.76298276497279	-2.063375380189
			2.76484838466554	-2.06524099988175
			2.7667140043583	-2.06524099988175
			2.76857962405106	-2.06710661957451
			2.77044524374381	-2.06897223926727
			2.77231086343657	-2.07083785896002
			2.77417648312933	-2.07270347865278
			2.77417648312933	-2.07456909834554
			2.77604210282209	-2.07456909834554
			2.77604210282209	-2.07643471803829
			2.77790772251484	-2.07830033773105
			2.7797733422076	-2.07830033773105
			2.7797733422076	-2.08016595742381
			2.78163896190036	-2.08203157711656
			2.78350458159311	-2.08389719680932
			2.78537020128587	-2.08576281650208
			2.78723582097863	-2.08762843619483
			2.78723582097863	-2.08949405588759
			2.78910144067138	-2.09135967558035
			2.79096706036414	-2.0932252952731
			2.7928326800569	-2.09509091496586
			2.79469829974965	-2.09695653465862
			2.79656391944241	-2.09882215435137
			2.79842953913517	-2.10068777404413
			2.79842953913517	-2.10255339373689
			2.80029515882792	-2.10441901342965
			2.80216077852068	-2.10441901342965
			2.80216077852068	-2.1062846331224
			2.80402639821344	-2.10815025281516
			2.80589201790619	-2.11001587250792
			2.80775763759895	-2.11188149220067
			2.80962325729171	-2.11374711189343
			2.81148887698446	-2.11561273158619
			2.81148887698446	-2.11747835127894
			2.81335449667722	-2.1193439709717
			2.81522011636998	-2.12120959066446
			2.81708573606273	-2.12307521035721
			2.81708573606273	-2.12494083004997
			2.81895135575549	-2.12494083004997
			2.82081697544825	-2.12680644974273
			2.822682595141	-2.12867206943548
			2.822682595141	-2.13053768912824
			2.82454821483376	-2.132403308821
			2.82641383452652	-2.13426892851375
			2.82827945421927	-2.13613454820651
			2.82827945421927	-2.13800016789927
			2.83014507391203	-2.13986578759202
			2.83201069360479	-2.14173140728478
			2.83387631329755	-2.14359702697754
			2.83387631329755	-2.14546264667029
			2.8357419329903	-2.14732826636305
			2.83760755268306	-2.14919388605581
			2.83947317237582	-2.15105950574856
			2.84133879206857	-2.15105950574856
			2.84133879206857	-2.15292512544132
			2.84320441176133	-2.15479074513408
			2.84507003145409	-2.15665636482683
			2.84693565114684	-2.15852198451959
			2.8488012708396	-2.16038760421235
			2.8488012708396	-2.16225322390511
			2.85066689053236	-2.16411884359786
			2.85253251022511	-2.16598446329062
			2.85439812991787	-2.16785008298338
			2.85626374961063	-2.16971570267613
			2.85812936930338	-2.17158132236889
			2.85812936930338	-2.17344694206165
			2.85999498899614	-2.1753125617544
			2.85999498899614	-2.17717818144716
			2.8618606086889	-2.17717818144716
			2.8618606086889	-2.17904380113992
			2.86372622838165	-2.18090942083267
			2.86559184807441	-2.18277504052543
			2.86745746776717	-2.18464066021819
			2.86932308745992	-2.18650627991094
			2.86932308745992	-2.1883718996037
			2.87118870715268	-2.19023751929646
			2.87305432684544	-2.19210313898921
			2.87491994653819	-2.19396875868197
			2.87678556623095	-2.19583437837473
			2.87678556623095	-2.19769999806748
			2.87865118592371	-2.19956561776024
			2.88051680561646	-2.201431237453
			2.88238242530922	-2.20329685714575
			2.88238242530922	-2.20516247683851
			2.88424804500198	-2.20702809653127
			2.88611366469474	-2.20889371622402
			2.88797928438749	-2.21075933591678
			2.88797928438749	-2.21262495560954
			2.88984490408025	-2.2144905753023
			2.89171052377301	-2.21635619499505
			2.89357614346576	-2.21822181468781
			2.89544176315852	-2.22008743438057
			2.89544176315852	-2.22195305407332
			2.89730738285128	-2.22381867376608
			2.89917300254403	-2.22568429345884
			2.90103862223679	-2.22754991315159
			2.90103862223679	-2.22941553284435
			2.90290424192955	-2.23128115253711
			2.9047698616223	-2.23314677222986
			2.90663548131506	-2.23501239192262
			2.90850110100782	-2.23687801161538
			2.90850110100782	-2.23874363130813
			2.91036672070057	-2.24060925100089
			2.91223234039333	-2.24247487069365
			2.91409796008609	-2.2443404903864
			2.91596357977884	-2.24620611007916
			2.91596357977884	-2.24807172977192
			2.9178291994716	-2.24993734946467
			2.91969481916436	-2.25180296915743
			2.92156043885711	-2.25366858885019
			2.92342605854987	-2.25553420854294
			2.92529167824263	-2.2573998282357
			2.92529167824263	-2.25926544792846
			2.92715729793538	-2.26113106762121
			2.92902291762814	-2.26299668731397
			2.9308885373209	-2.26486230700673
			2.93275415701365	-2.26672792669949
			2.93461977670641	-2.26859354639224
			2.93461977670641	-2.270459166085
			2.93648539639917	-2.27232478577776
			2.93648539639917	-2.27419040547051
			2.93835101609193	-2.27419040547051
			2.93835101609193	-2.27605602516327
			2.94021663578468	-2.27792164485603
			2.94208225547744	-2.27978726454878
			2.9439478751702	-2.28165288424154
			2.94581349486295	-2.2835185039343
			2.94581349486295	-2.28538412362705
			2.94767911455571	-2.28724974331981
			2.94767911455571	-2.28911536301257
			2.94954473424847	-2.28911536301257
			2.95141035394122	-2.29098098270532
			2.95141035394122	-2.29284660239808
			2.95327597363398	-2.29471222209084
			2.95327597363398	-2.29657784178359
			2.95514159332674	-2.29844346147635
			2.95700721301949	-2.30030908116911
			2.95700721301949	-2.30217470086186
			2.95887283271225	-2.30404032055462
			2.96073845240501	-2.30590594024738
			2.96073845240501	-2.30777155994013
			2.96260407209776	-2.30963717963289
			2.96446969179052	-2.31150279932565
			2.96633531148328	-2.3133684190184
			2.96633531148328	-2.31523403871116
			2.96820093117603	-2.31709965840392
			2.97006655086879	-2.31896527809667
			2.97193217056155	-2.32083089778943
			2.9737977902543	-2.32269651748219
			2.97566340994706	-2.32456213717494
			2.97752902963982	-2.3264277568677
			2.97939464933257	-2.32829337656046
			2.98126026902533	-2.33015899625322
			2.98312588871809	-2.33202461594597
			2.98499150841084	-2.33389023563873
			2.9868571281036	-2.33575585533149
			2.98872274779636	-2.33762147502424
			2.99058836748911	-2.339487094717
			2.99245398718187	-2.339487094717
			2.99431960687463	-2.34135271440976
			2.99618522656738	-2.34321833410251
			2.99805084626014	-2.34508395379527
			2.9999164659529	-2.34508395379527
			3.00178208564566	-2.34694957348803
			3.00364770533841	-2.34881519318078
			3.00551332503117	-2.34881519318078
			3.00737894472393	-2.35068081287354
			3.00924456441668	-2.3525464325663
			3.01111018410944	-2.35441205225905
			3.0129758038022	-2.35441205225905
			3.01484142349495	-2.35627767195181
			3.01670704318771	-2.35814329164457
			3.01857266288047	-2.35814329164457
			3.02043828257322	-2.36000891133732
			3.02230390226598	-2.36187453103008
			3.02416952195874	-2.36187453103008
			3.02603514165149	-2.36374015072284
			3.02790076134425	-2.36560577041559
			3.02976638103701	-2.36560577041559
			3.03163200072976	-2.36560577041559
			3.03163200072976	-2.36747139010835
			3.03349762042252	-2.36747139010835
			3.03536324011528	-2.36933700980111
			3.03722885980803	-2.36933700980111
			3.03909447950079	-2.37120262949386
			3.04096009919355	-2.37120262949386
			3.0428257188863	-2.37306824918662
			3.04469133857906	-2.37306824918662
			3.04655695827182	-2.37493386887938
			3.04842257796457	-2.37493386887938
			3.05028819765733	-2.37679948857213
			3.05215381735009	-2.37679948857213
			3.05215381735009	-2.37866510826489
			3.05401943704285	-2.37866510826489
			3.0558850567356	-2.38053072795765
			3.05775067642836	-2.38053072795765
			3.05961629612112	-2.38053072795765
			3.06148191581387	-2.38239634765041
			3.06334753550663	-2.38239634765041
			3.06521315519939	-2.38426196734316
			3.06707877489214	-2.38426196734316
			3.0689443945849	-2.38612758703592
			3.07081001427766	-2.38612758703592
			3.07267563397041	-2.38799320672868
			3.07454125366317	-2.38799320672868
			3.07640687335593	-2.38799320672868
			3.07827249304868	-2.38985882642143
			3.08013811274144	-2.38985882642143
			3.0820037324342	-2.39172444611419
			3.08386935212695	-2.39172444611419
			3.08573497181971	-2.39172444611419
			3.08760059151247	-2.39172444611419
			3.08760059151247	-2.39359006580695
			3.08946621120522	-2.39359006580695
			3.09133183089798	-2.39359006580695
			3.09319745059074	-2.3954556854997
			3.09506307028349	-2.3954556854997
			3.09692868997625	-2.39732130519246
			3.09879430966901	-2.39732130519246
			3.10065992936176	-2.39732130519246
			3.10252554905452	-2.39918692488522
			3.10439116874728	-2.39918692488522
			3.10625678844003	-2.39918692488522
			3.10812240813279	-2.40105254457797
			3.10998802782555	-2.40105254457797
			3.11185364751831	-2.40105254457797
			3.11371926721106	-2.40291816427073
			3.11558488690382	-2.40291816427073
			3.11745050659658	-2.40291816427073
			3.11931612628933	-2.40478378396349
			3.12118174598209	-2.40478378396349
			3.12304736567485	-2.40664940365624
			3.1249129853676	-2.40664940365624
			3.12677860506036	-2.40664940365624
			3.12864422475312	-2.408515023349
			3.13050984444587	-2.408515023349
			3.13237546413863	-2.408515023349
			3.13424108383139	-2.408515023349
			3.13610670352414	-2.41038064304176
			3.1379723232169	-2.41038064304176
			3.13983794290966	-2.41038064304176
			3.14170356260241	-2.41224626273451
			3.14356918229517	-2.41224626273451
			3.14543480198793	-2.41224626273451
			3.14730042168068	-2.41224626273451
			3.14916604137344	-2.41411188242727
			3.1510316610662	-2.41411188242727
		</curvaD_espina_dorsal>
		<curvaI_espina_dorsal type=matrix rownames=FALSE colnames=FALSE nrow=346 ncol=2 as.numeric=TRUE >
			2.68835797726252	-2.01673488787008
			2.69022359695527	-2.01860050756283
			2.69208921664803	-2.02046612725559
			2.69395483634079	-2.02233174694835
			2.69582045603354	-2.0241973666411
			2.6976860757263	-2.02606298633386
			2.69955169541906	-2.02792860602662
			2.70141731511181	-2.02979422571937
			2.70328293480457	-2.03165984541213
			2.70514855449733	-2.03352546510489
			2.70701417419008	-2.03539108479764
			2.70887979388284	-2.0372567044904
			2.7107454135756	-2.03912232418316
			2.71261103326835	-2.04098794387591
			2.71447665296111	-2.04285356356867
			2.71634227265387	-2.04471918326143
			2.71820789234663	-2.04658480295419
			2.72007351203938	-2.04845042264694
			2.72193913173214	-2.0503160423397
			2.72193913173214	-2.05218166203246
			2.7238047514249	-2.05218166203246
			2.7238047514249	-2.05404728172521
			2.72567037111765	-2.05591290141797
			2.72753599081041	-2.05591290141797
			2.72753599081041	-2.05777852111073
			2.72940161050317	-2.05964414080348
			2.73126723019592	-2.06150976049624
			2.73313284988868	-2.063375380189
			2.73499846958144	-2.06524099988175
			2.73686408927419	-2.06710661957451
			2.73872970896695	-2.06897223926727
			2.73872970896695	-2.07083785896002
			2.74059532865971	-2.07083785896002
			2.74246094835246	-2.07270347865278
			2.74432656804522	-2.07456909834554
			2.74432656804522	-2.07643471803829
			2.74619218773798	-2.07643471803829
			2.74805780743073	-2.07830033773105
			2.74805780743073	-2.08016595742381
			2.74992342712349	-2.08203157711656
			2.75178904681625	-2.08389719680932
			2.753654666509	-2.08576281650208
			2.75552028620176	-2.08762843619483
			2.75738590589452	-2.08949405588759
			2.75738590589452	-2.09135967558035
			2.75925152558727	-2.0932252952731
			2.76111714528003	-2.09509091496586
			2.76298276497279	-2.09695653465862
			2.76484838466554	-2.09695653465862
			2.76484838466554	-2.09882215435137
			2.7667140043583	-2.10068777404413
			2.76857962405106	-2.10255339373689
			2.77044524374381	-2.10441901342965
			2.77231086343657	-2.1062846331224
			2.77231086343657	-2.10815025281516
			2.77417648312933	-2.11001587250792
			2.77604210282209	-2.11188149220067
			2.77790772251484	-2.11374711189343
			2.7797733422076	-2.11561273158619
			2.78163896190036	-2.11747835127894
			2.78350458159311	-2.1193439709717
			2.78350458159311	-2.12120959066446
			2.78537020128587	-2.12307521035721
			2.78723582097863	-2.12494083004997
			2.78910144067138	-2.12680644974273
			2.78910144067138	-2.12867206943548
			2.79096706036414	-2.13053768912824
			2.7928326800569	-2.132403308821
			2.7928326800569	-2.13426892851375
			2.79469829974965	-2.13426892851375
			2.79469829974965	-2.13613454820651
			2.79656391944241	-2.13800016789927
			2.79656391944241	-2.13986578759202
			2.79842953913517	-2.14173140728478
			2.80029515882792	-2.14359702697754
			2.80216077852068	-2.14546264667029
			2.80216077852068	-2.14732826636305
			2.80402639821344	-2.14919388605581
			2.80589201790619	-2.15105950574856
			2.80775763759895	-2.15292512544132
			2.80775763759895	-2.15479074513408
			2.80962325729171	-2.15665636482683
			2.80962325729171	-2.15852198451959
			2.81148887698446	-2.16038760421235
			2.81335449667722	-2.16038760421235
			2.81335449667722	-2.16225322390511
			2.81522011636998	-2.16411884359786
			2.81708573606273	-2.16598446329062
			2.81708573606273	-2.16785008298338
			2.81895135575549	-2.16971570267613
			2.81895135575549	-2.17158132236889
			2.82081697544825	-2.17344694206165
			2.822682595141	-2.1753125617544
			2.822682595141	-2.17717818144716
			2.82454821483376	-2.17717818144716
			2.82454821483376	-2.17904380113992
			2.82641383452652	-2.18090942083267
			2.82827945421927	-2.18277504052543
			2.82827945421927	-2.18464066021819
			2.83014507391203	-2.18650627991094
			2.83014507391203	-2.1883718996037
			2.83201069360479	-2.19023751929646
			2.83387631329755	-2.19210313898921
			2.83387631329755	-2.19396875868197
			2.8357419329903	-2.19583437837473
			2.83760755268306	-2.19769999806748
			2.83760755268306	-2.19956561776024
			2.83947317237582	-2.201431237453
			2.84133879206857	-2.20329685714575
			2.84133879206857	-2.20516247683851
			2.84320441176133	-2.20702809653127
			2.84507003145409	-2.20889371622402
			2.84507003145409	-2.21075933591678
			2.84693565114684	-2.21262495560954
			2.84693565114684	-2.2144905753023
			2.84693565114684	-2.21635619499505
			2.8488012708396	-2.21635619499505
			2.8488012708396	-2.21822181468781
			2.85066689053236	-2.22008743438057
			2.85066689053236	-2.22195305407332
			2.85253251022511	-2.22195305407332
			2.85253251022511	-2.22381867376608
			2.85439812991787	-2.22568429345884
			2.85439812991787	-2.22754991315159
			2.85626374961063	-2.22941553284435
			2.85626374961063	-2.23128115253711
			2.85812936930338	-2.23314677222986
			2.85999498899614	-2.23501239192262
			2.85999498899614	-2.23687801161538
			2.8618606086889	-2.23874363130813
			2.8618606086889	-2.24060925100089
			2.86372622838165	-2.24247487069365
			2.86372622838165	-2.2443404903864
			2.86559184807441	-2.24620611007916
			2.86559184807441	-2.24807172977192
			2.86745746776717	-2.24993734946467
			2.86932308745992	-2.25180296915743
			2.86932308745992	-2.25366858885019
			2.86932308745992	-2.25553420854294
			2.87118870715268	-2.25553420854294
			2.87118870715268	-2.2573998282357
			2.87305432684544	-2.25926544792846
			2.87305432684544	-2.26113106762121
			2.87491994653819	-2.26299668731397
			2.87491994653819	-2.26486230700673
			2.87678556623095	-2.26672792669949
			2.87678556623095	-2.26859354639224
			2.87865118592371	-2.270459166085
			2.87865118592371	-2.27232478577776
			2.88051680561646	-2.27419040547051
			2.88051680561646	-2.27605602516327
			2.88238242530922	-2.27792164485603
			2.88238242530922	-2.27978726454878
			2.88424804500198	-2.28165288424154
			2.88424804500198	-2.2835185039343
			2.88611366469474	-2.28538412362705
			2.88611366469474	-2.28724974331981
			2.88797928438749	-2.28911536301257
			2.88797928438749	-2.29098098270532
			2.88984490408025	-2.29284660239808
			2.88984490408025	-2.29471222209084
			2.89171052377301	-2.29657784178359
			2.89171052377301	-2.29844346147635
			2.89171052377301	-2.30030908116911
			2.89171052377301	-2.30217470086186
			2.89171052377301	-2.30404032055462
			2.88984490408025	-2.30590594024738
			2.88984490408025	-2.30777155994013
			2.88984490408025	-2.30963717963289
			2.88984490408025	-2.31150279932565
			2.88797928438749	-2.3133684190184
			2.88797928438749	-2.31523403871116
			2.88611366469474	-2.31709965840392
			2.88611366469474	-2.31896527809667
			2.88424804500198	-2.32083089778943
			2.88424804500198	-2.32269651748219
			2.88238242530922	-2.32456213717494
			2.88051680561646	-2.3264277568677
			2.87865118592371	-2.32829337656046
			2.87678556623095	-2.33015899625322
			2.87491994653819	-2.33202461594597
			2.87305432684544	-2.33389023563873
			2.87118870715268	-2.33575585533149
			2.86932308745992	-2.33762147502424
			2.86745746776717	-2.339487094717
			2.86559184807441	-2.34135271440976
			2.86372622838165	-2.34321833410251
			2.8618606086889	-2.34321833410251
			2.85999498899614	-2.34508395379527
			2.85999498899614	-2.34694957348803
			2.85812936930338	-2.34694957348803
			2.85626374961063	-2.34881519318078
			2.85439812991787	-2.34881519318078
			2.85253251022511	-2.35068081287354
			2.85066689053236	-2.3525464325663
			2.8488012708396	-2.3525464325663
			2.84693565114684	-2.35441205225905
			2.84507003145409	-2.35441205225905
			2.84320441176133	-2.35627767195181
			2.84133879206857	-2.35627767195181
			2.83947317237582	-2.35814329164457
			2.83760755268306	-2.35814329164457
			2.8357419329903	-2.36000891133732
			2.83387631329755	-2.36187453103008
			2.83201069360479	-2.36187453103008
			2.83014507391203	-2.36374015072284
			2.82827945421927	-2.36374015072284
			2.82641383452652	-2.36560577041559
			2.82454821483376	-2.36560577041559
			2.822682595141	-2.36560577041559
			2.822682595141	-2.36747139010835
			2.82081697544825	-2.36747139010835
			2.81895135575549	-2.36747139010835
			2.81708573606273	-2.36933700980111
			2.81522011636998	-2.36933700980111
			2.81335449667722	-2.37120262949386
			2.81148887698446	-2.37120262949386
			2.80962325729171	-2.37306824918662
			2.80775763759895	-2.37306824918662
			2.80589201790619	-2.37306824918662
			2.80402639821344	-2.37493386887938
			2.80216077852068	-2.37493386887938
			2.80029515882792	-2.37679948857213
			2.79842953913517	-2.37679948857213
			2.79656391944241	-2.37679948857213
			2.79469829974965	-2.37866510826489
			2.7928326800569	-2.37866510826489
			2.79096706036414	-2.37866510826489
			2.78910144067138	-2.38053072795765
			2.78723582097863	-2.38053072795765
			2.78537020128587	-2.38239634765041
			2.78350458159311	-2.38239634765041
			2.78163896190036	-2.38239634765041
			2.7797733422076	-2.38426196734316
			2.77790772251484	-2.38426196734316
			2.77604210282209	-2.38612758703592
			2.77417648312933	-2.38612758703592
			2.77231086343657	-2.38612758703592
			2.77044524374381	-2.38612758703592
			2.76857962405106	-2.38799320672868
			2.7667140043583	-2.38799320672868
			2.76484838466554	-2.38799320672868
			2.76298276497279	-2.38985882642143
			2.76111714528003	-2.38985882642143
			2.75925152558727	-2.38985882642143
			2.75738590589452	-2.38985882642143
			2.75738590589452	-2.39172444611419
			2.75552028620176	-2.39172444611419
			2.753654666509	-2.39172444611419
			2.75178904681625	-2.39359006580695
			2.74992342712349	-2.39359006580695
			2.74805780743073	-2.39359006580695
			2.74619218773798	-2.39359006580695
			2.74432656804522	-2.3954556854997
			2.74246094835246	-2.3954556854997
			2.74059532865971	-2.3954556854997
			2.73872970896695	-2.39732130519246
			2.73686408927419	-2.39732130519246
			2.73499846958144	-2.39732130519246
			2.73313284988868	-2.39732130519246
			2.73126723019592	-2.39918692488522
			2.72940161050317	-2.39918692488522
			2.72753599081041	-2.39918692488522
			2.72567037111765	-2.39918692488522
			2.7238047514249	-2.40105254457797
			2.72193913173214	-2.40105254457797
			2.72007351203938	-2.40105254457797
			2.71820789234663	-2.40291816427073
			2.71634227265387	-2.40291816427073
			2.71447665296111	-2.40291816427073
			2.71261103326835	-2.40291816427073
			2.71261103326835	-2.40478378396349
			2.7107454135756	-2.40478378396349
			2.70887979388284	-2.40664940365624
			2.70701417419008	-2.40664940365624
			2.70514855449733	-2.408515023349
			2.70328293480457	-2.41038064304176
			2.70141731511181	-2.41038064304176
			2.69955169541906	-2.41224626273451
			2.6976860757263	-2.41224626273451
			2.69582045603354	-2.41411188242727
			2.69395483634079	-2.41411188242727
			2.69208921664803	-2.41597750212003
			2.69022359695527	-2.41597750212003
			2.68835797726252	-2.41784312181278
			2.68649235756976	-2.41970874150554
			2.684626737877	-2.41970874150554
			2.68276111818425	-2.4215743611983
			2.68089549849149	-2.4215743611983
			2.68089549849149	-2.42343998089105
			2.67902987879873	-2.42343998089105
			2.67716425910598	-2.42530560058381
			2.67529863941322	-2.42717122027657
			2.67343301972046	-2.42903683996932
			2.67156740002771	-2.42903683996932
			2.66970178033495	-2.43090245966208
			2.66783616064219	-2.43276807935484
			2.66597054094944	-2.43276807935484
			2.66410492125668	-2.43463369904759
			2.66223930156392	-2.43649931874035
			2.66037368187117	-2.43836493843311
			2.65850806217841	-2.43836493843311
			2.65664244248565	-2.44023055812587
			2.65477682279289	-2.44209617781862
			2.65291120310014	-2.44396179751138
			2.65104558340738	-2.44396179751138
			2.64917996371462	-2.44582741720414
			2.64731434402187	-2.44769303689689
			2.64544872432911	-2.44955865658965
			2.64358310463635	-2.44955865658965
			2.6417174849436	-2.45142427628241
			2.63985186525084	-2.45328989597516
			2.63798624555808	-2.45515551566792
			2.63798624555808	-2.45702113536068
			2.63612062586533	-2.45702113536068
			2.63425500617257	-2.45888675505343
			2.63238938647981	-2.46075237474619
			2.63052376678706	-2.46261799443895
			2.6286581470943	-2.4644836141317
			2.62679252740154	-2.4644836141317
			2.62492690770879	-2.46634923382446
			2.62492690770879	-2.46821485351722
			2.62306128801603	-2.47008047320997
			2.62119566832327	-2.47194609290273
			2.61933004863052	-2.47381171259549
			2.61746442893776	-2.47567733228824
			2.615598809245	-2.47567733228824
			2.61373318955225	-2.477542951981
			2.61373318955225	-2.47940857167376
			2.61186756985949	-2.48127419136651
			2.61000195016673	-2.48313981105927
			2.60813633047398	-2.48500543075203
			2.60627071078122	-2.48687105044478
			2.60627071078122	-2.48873667013754
			2.60440509108846	-2.48873667013754
			2.6025394713957	-2.4906022898303
			2.60067385170295	-2.49246790952306
			2.59880823201019	-2.49433352921581
			2.59880823201019	-2.49619914890857
			2.59694261231743	-2.49806476860133
			2.59507699262468	-2.49993038829408
			2.59321137293192	-2.50179600798684
			2.59321137293192	-2.5036616276796
			2.59134575323916	-2.50552724737235
			2.58948013354641	-2.50739286706511
			2.58761451385365	-2.50925848675787
		</curvaI_espina_dorsal>
	</curves.scaled>
	<ruler.points type=matrix rownames=TRUE colnames=FALSE nrow=2 ncol=2 as.numeric=TRUE >
		Ruler point 1	1519	537
		Ruler point 2	2055	533
	</ruler.points>
</shapes>

