<shapes type=list>
	<ruler.pixel type=vector names=FALSE length=1 as.numeric=TRUE >539.003710562367</ruler.pixel>
	<ruler.interval type=vector names=FALSE length=1 as.numeric=TRUE >1</ruler.interval>
	<scaling.units type=vector names=FALSE length=1 as.numeric=FALSE >mm</scaling.units>
	<scaling type=vector names=FALSE length=1 as.numeric=TRUE >0.00186561969275678</scaling>
	<landmarks.pixel type=matrix rownames=TRUE colnames=FALSE nrow=3 ncol=2 as.numeric=TRUE >
		punta_espina_dorsal	1368	1095
		esq_izq_caparaza	1555	1278
		organo_dorsal	1668	1007
	</landmarks.pixel>
	<landmarks.scaled type=matrix rownames=TRUE colnames=FALSE nrow=3 ncol=2 as.numeric=TRUE >
		punta_espina_dorsal	2.55216773969127	-2.04285356356867
		esq_izq_caparaza	2.90103862223679	-2.38426196734316
		organo_dorsal	3.11185364751831	-1.87867903060608
	</landmarks.scaled>
	<curves.control type=list>
		<curvaD_espina_dorsal type=matrix rownames=FALSE colnames=FALSE nrow=7 ncol=2 as.numeric=TRUE >
			1368	1095
			1421	1073
			1470	1061
			1503	1054
			1547	1047
			1624	1057
			1668	1007
		</curvaD_espina_dorsal>
		<curvaI_espina_dorsal type=matrix rownames=FALSE colnames=FALSE nrow=9 ncol=2 as.numeric=TRUE >
			1368	1095
			1415	1083
			1440	1080
			1501	1071
			1556	1081
			1585	1144
			1542	1195
			1537	1248
			1555	1278
		</curvaI_espina_dorsal>
	</curves.control>
	<curves.pixel type=list>
		<curvaD_espina_dorsal type=matrix rownames=FALSE colnames=FALSE nrow=306 ncol=2 as.numeric=TRUE >
			1368	1095
			1369	1095
			1370	1094
			1371	1094
			1372	1093
			1373	1093
			1374	1093
			1375	1092
			1376	1092
			1377	1091
			1378	1091
			1379	1091
			1380	1090
			1381	1090
			1382	1089
			1383	1089
			1384	1089
			1385	1088
			1386	1088
			1387	1087
			1388	1087
			1389	1087
			1390	1086
			1391	1086
			1392	1086
			1393	1085
			1394	1085
			1395	1084
			1396	1084
			1397	1084
			1398	1083
			1399	1083
			1400	1083
			1401	1082
			1402	1082
			1403	1081
			1404	1081
			1405	1081
			1406	1080
			1407	1080
			1408	1080
			1409	1079
			1410	1079
			1411	1079
			1412	1078
			1413	1078
			1414	1077
			1415	1077
			1416	1077
			1417	1076
			1418	1076
			1419	1076
			1420	1075
			1421	1075
			1422	1075
			1423	1074
			1424	1074
			1425	1074
			1426	1073
			1427	1073
			1428	1073
			1429	1073
			1430	1072
			1431	1072
			1432	1072
			1433	1071
			1434	1071
			1435	1071
			1436	1070
			1437	1070
			1438	1070
			1439	1069
			1440	1069
			1441	1069
			1442	1069
			1443	1068
			1444	1068
			1445	1068
			1446	1067
			1447	1067
			1448	1067
			1449	1067
			1450	1066
			1451	1066
			1452	1066
			1453	1066
			1454	1065
			1455	1065
			1456	1064
			1457	1064
			1458	1064
			1459	1064
			1460	1064
			1461	1063
			1462	1063
			1463	1063
			1464	1063
			1465	1062
			1466	1062
			1467	1062
			1468	1061
			1469	1061
			1470	1061
			1471	1061
			1472	1061
			1473	1060
			1474	1060
			1475	1060
			1476	1060
			1477	1060
			1478	1059
			1479	1059
			1480	1059
			1481	1059
			1482	1058
			1483	1058
			1484	1058
			1485	1058
			1486	1058
			1487	1057
			1488	1057
			1489	1057
			1490	1057
			1491	1057
			1492	1057
			1493	1056
			1494	1056
			1495	1056
			1496	1056
			1497	1056
			1498	1055
			1499	1055
			1500	1055
			1501	1055
			1502	1055
			1503	1055
			1504	1054
			1505	1054
			1506	1054
			1507	1054
			1508	1054
			1509	1053
			1510	1053
			1511	1053
			1512	1053
			1513	1053
			1514	1053
			1515	1052
			1516	1052
			1517	1052
			1518	1052
			1519	1052
			1520	1052
			1521	1051
			1522	1051
			1523	1051
			1524	1051
			1525	1051
			1526	1050
			1527	1050
			1528	1050
			1529	1050
			1530	1050
			1531	1050
			1532	1049
			1533	1049
			1534	1049
			1535	1049
			1536	1049
			1537	1049
			1538	1048
			1539	1048
			1540	1048
			1541	1048
			1542	1048
			1543	1048
			1544	1047
			1545	1047
			1546	1047
			1547	1047
			1548	1047
			1549	1047
			1550	1047
			1551	1048
			1552	1048
			1553	1048
			1554	1048
			1555	1048
			1556	1048
			1557	1048
			1558	1048
			1559	1048
			1560	1048
			1561	1048
			1562	1048
			1563	1048
			1564	1048
			1565	1049
			1566	1049
			1567	1049
			1568	1049
			1569	1049
			1570	1049
			1571	1049
			1572	1049
			1573	1049
			1574	1049
			1575	1049
			1576	1049
			1577	1049
			1578	1049
			1579	1049
			1580	1048
			1581	1048
			1582	1048
			1583	1048
			1584	1048
			1585	1048
			1586	1048
			1587	1048
			1588	1048
			1589	1048
			1590	1048
			1591	1047
			1592	1047
			1593	1047
			1594	1047
			1595	1047
			1596	1047
			1597	1047
			1598	1046
			1599	1046
			1600	1046
			1601	1046
			1602	1046
			1603	1046
			1604	1045
			1605	1045
			1606	1045
			1607	1044
			1608	1044
			1609	1044
			1610	1044
			1611	1043
			1612	1043
			1613	1043
			1614	1043
			1615	1042
			1616	1042
			1617	1042
			1618	1041
			1619	1041
			1620	1041
			1621	1040
			1622	1040
			1623	1039
			1624	1039
			1625	1038
			1626	1038
			1627	1037
			1628	1037
			1629	1037
			1630	1036
			1631	1036
			1632	1035
			1633	1035
			1634	1034
			1635	1034
			1636	1033
			1637	1032
			1638	1032
			1639	1031
			1640	1031
			1641	1030
			1642	1030
			1643	1029
			1644	1028
			1645	1028
			1645	1027
			1646	1027
			1647	1026
			1648	1025
			1649	1025
			1650	1024
			1651	1023
			1652	1023
			1652	1022
			1653	1021
			1654	1021
			1655	1020
			1656	1019
			1657	1018
			1658	1018
			1658	1017
			1659	1016
			1660	1015
			1661	1015
			1662	1014
			1662	1013
			1663	1012
			1664	1011
			1665	1010
			1666	1010
			1666	1009
			1667	1008
			1668	1007
		</curvaD_espina_dorsal>
		<curvaI_espina_dorsal type=matrix rownames=FALSE colnames=FALSE nrow=391 ncol=2 as.numeric=TRUE >
			1368	1095
			1369	1095
			1370	1095
			1371	1094
			1372	1094
			1373	1094
			1374	1094
			1375	1093
			1376	1093
			1377	1093
			1378	1092
			1379	1092
			1380	1092
			1381	1092
			1382	1091
			1383	1091
			1384	1091
			1385	1091
			1386	1091
			1387	1090
			1388	1090
			1389	1090
			1390	1090
			1390	1089
			1391	1089
			1392	1089
			1393	1089
			1394	1089
			1395	1089
			1396	1088
			1397	1088
			1398	1088
			1399	1087
			1400	1087
			1401	1087
			1402	1087
			1403	1087
			1404	1086
			1405	1086
			1406	1086
			1407	1086
			1408	1086
			1409	1085
			1410	1085
			1411	1085
			1412	1085
			1413	1085
			1413	1084
			1414	1084
			1415	1084
			1416	1084
			1417	1084
			1418	1083
			1419	1083
			1420	1083
			1421	1083
			1422	1083
			1423	1083
			1424	1082
			1425	1082
			1426	1082
			1427	1082
			1428	1082
			1429	1082
			1430	1081
			1431	1081
			1432	1081
			1433	1081
			1434	1081
			1435	1081
			1436	1080
			1437	1080
			1438	1080
			1439	1080
			1440	1080
			1441	1080
			1442	1080
			1443	1080
			1444	1079
			1445	1079
			1446	1079
			1447	1079
			1448	1079
			1449	1079
			1450	1079
			1451	1079
			1452	1078
			1453	1078
			1454	1078
			1455	1078
			1456	1078
			1457	1078
			1458	1078
			1459	1078
			1460	1078
			1461	1077
			1462	1077
			1463	1077
			1464	1077
			1465	1077
			1466	1077
			1467	1077
			1468	1077
			1469	1077
			1470	1077
			1471	1077
			1472	1077
			1473	1076
			1474	1076
			1475	1076
			1476	1076
			1477	1076
			1478	1076
			1479	1076
			1480	1076
			1481	1076
			1482	1076
			1483	1076
			1484	1076
			1485	1076
			1486	1076
			1487	1076
			1488	1076
			1489	1076
			1490	1076
			1491	1076
			1492	1076
			1493	1076
			1494	1076
			1495	1076
			1496	1076
			1497	1076
			1498	1076
			1499	1076
			1500	1076
			1501	1076
			1502	1076
			1503	1076
			1504	1076
			1505	1076
			1506	1076
			1507	1076
			1508	1076
			1509	1076
			1510	1076
			1511	1076
			1512	1076
			1513	1076
			1514	1076
			1515	1076
			1516	1076
			1517	1076
			1518	1076
			1519	1076
			1520	1077
			1521	1077
			1522	1077
			1523	1077
			1524	1077
			1525	1077
			1526	1077
			1527	1077
			1528	1077
			1529	1077
			1530	1077
			1531	1077
			1532	1078
			1533	1078
			1534	1078
			1535	1078
			1536	1078
			1537	1078
			1538	1078
			1539	1078
			1540	1078
			1541	1079
			1542	1079
			1543	1079
			1544	1079
			1545	1079
			1546	1079
			1547	1079
			1548	1080
			1549	1080
			1550	1080
			1551	1080
			1552	1080
			1553	1080
			1554	1081
			1555	1081
			1556	1081
			1556	1082
			1557	1083
			1557	1084
			1558	1085
			1558	1086
			1558	1087
			1559	1087
			1559	1088
			1560	1089
			1560	1090
			1560	1091
			1561	1092
			1561	1093
			1561	1094
			1562	1095
			1562	1096
			1562	1097
			1562	1098
			1563	1099
			1563	1100
			1564	1101
			1564	1102
			1564	1103
			1564	1104
			1565	1105
			1565	1106
			1565	1107
			1565	1108
			1565	1109
			1566	1110
			1566	1111
			1566	1112
			1566	1113
			1566	1114
			1567	1115
			1567	1116
			1567	1117
			1567	1118
			1567	1119
			1567	1120
			1567	1121
			1567	1122
			1567	1123
			1568	1124
			1568	1125
			1568	1126
			1568	1127
			1568	1128
			1568	1129
			1568	1130
			1568	1131
			1568	1132
			1568	1133
			1568	1134
			1568	1135
			1567	1136
			1567	1137
			1567	1138
			1567	1139
			1567	1140
			1567	1141
			1567	1142
			1567	1143
			1567	1144
			1566	1145
			1566	1146
			1566	1147
			1566	1148
			1566	1149
			1565	1150
			1565	1151
			1565	1152
			1565	1153
			1565	1154
			1564	1155
			1564	1156
			1563	1157
			1563	1158
			1563	1159
			1563	1160
			1562	1161
			1562	1162
			1561	1163
			1561	1164
			1561	1165
			1560	1166
			1560	1167
			1559	1168
			1559	1169
			1558	1170
			1558	1171
			1558	1172
			1557	1173
			1557	1174
			1556	1175
			1555	1176
			1554	1177
			1554	1178
			1554	1179
			1553	1179
			1553	1180
			1552	1181
			1552	1182
			1551	1183
			1550	1184
			1550	1185
			1549	1186
			1548	1187
			1547	1188
			1547	1189
			1546	1190
			1545	1191
			1545	1192
			1544	1193
			1543	1194
			1542	1195
			1542	1196
			1542	1197
			1542	1198
			1542	1199
			1542	1200
			1541	1201
			1541	1202
			1541	1203
			1541	1204
			1541	1205
			1541	1206
			1541	1207
			1541	1208
			1541	1209
			1541	1210
			1541	1211
			1541	1212
			1541	1213
			1541	1214
			1541	1215
			1541	1216
			1541	1217
			1541	1218
			1541	1219
			1541	1220
			1541	1221
			1541	1222
			1541	1223
			1541	1224
			1541	1225
			1541	1226
			1541	1227
			1541	1228
			1541	1229
			1541	1230
			1541	1231
			1542	1232
			1542	1233
			1542	1234
			1542	1235
			1542	1236
			1542	1237
			1542	1238
			1542	1239
			1542	1240
			1543	1241
			1543	1242
			1543	1243
			1543	1244
			1543	1245
			1543	1246
			1544	1247
			1544	1248
			1544	1249
			1544	1250
			1544	1251
			1545	1251
			1545	1252
			1545	1253
			1545	1254
			1545	1255
			1546	1256
			1546	1257
			1546	1258
			1547	1259
			1547	1260
			1547	1261
			1548	1262
			1548	1263
			1548	1264
			1549	1265
			1549	1266
			1550	1267
			1550	1268
			1550	1269
			1551	1270
			1551	1271
			1552	1272
			1552	1273
			1553	1274
			1554	1275
			1554	1276
			1555	1277
			1555	1278
		</curvaI_espina_dorsal>
	</curves.pixel>
	<curves.scaled type=list>
		<curvaD_espina_dorsal type=matrix rownames=FALSE colnames=FALSE nrow=306 ncol=2 as.numeric=TRUE >
			2.55216773969127	-2.04285356356867
			2.55403335938403	-2.04285356356867
			2.55589897907679	-2.04098794387591
			2.55776459876954	-2.04098794387591
			2.5596302184623	-2.03912232418316
			2.56149583815506	-2.03912232418316
			2.56336145784781	-2.03912232418316
			2.56522707754057	-2.0372567044904
			2.56709269723333	-2.0372567044904
			2.56895831692608	-2.03539108479764
			2.57082393661884	-2.03539108479764
			2.5726895563116	-2.03539108479764
			2.57455517600435	-2.03352546510489
			2.57642079569711	-2.03352546510489
			2.57828641538987	-2.03165984541213
			2.58015203508262	-2.03165984541213
			2.58201765477538	-2.03165984541213
			2.58388327446814	-2.02979422571937
			2.58574889416089	-2.02979422571937
			2.58761451385365	-2.02792860602662
			2.58948013354641	-2.02792860602662
			2.59134575323916	-2.02792860602662
			2.59321137293192	-2.02606298633386
			2.59507699262468	-2.02606298633386
			2.59694261231743	-2.02606298633386
			2.59880823201019	-2.0241973666411
			2.60067385170295	-2.0241973666411
			2.6025394713957	-2.02233174694835
			2.60440509108846	-2.02233174694835
			2.60627071078122	-2.02233174694835
			2.60813633047398	-2.02046612725559
			2.61000195016673	-2.02046612725559
			2.61186756985949	-2.02046612725559
			2.61373318955225	-2.01860050756283
			2.615598809245	-2.01860050756283
			2.61746442893776	-2.01673488787008
			2.61933004863052	-2.01673488787008
			2.62119566832327	-2.01673488787008
			2.62306128801603	-2.01486926817732
			2.62492690770879	-2.01486926817732
			2.62679252740154	-2.01486926817732
			2.6286581470943	-2.01300364848456
			2.63052376678706	-2.01300364848456
			2.63238938647981	-2.01300364848456
			2.63425500617257	-2.01113802879181
			2.63612062586533	-2.01113802879181
			2.63798624555808	-2.00927240909905
			2.63985186525084	-2.00927240909905
			2.6417174849436	-2.00927240909905
			2.64358310463635	-2.00740678940629
			2.64544872432911	-2.00740678940629
			2.64731434402187	-2.00740678940629
			2.64917996371462	-2.00554116971354
			2.65104558340738	-2.00554116971354
			2.65291120310014	-2.00554116971354
			2.65477682279289	-2.00367555002078
			2.65664244248565	-2.00367555002078
			2.65850806217841	-2.00367555002078
			2.66037368187117	-2.00180993032802
			2.66223930156392	-2.00180993032802
			2.66410492125668	-2.00180993032802
			2.66597054094944	-2.00180993032802
			2.66783616064219	-1.99994431063527
			2.66970178033495	-1.99994431063527
			2.67156740002771	-1.99994431063527
			2.67343301972046	-1.99807869094251
			2.67529863941322	-1.99807869094251
			2.67716425910598	-1.99807869094251
			2.67902987879873	-1.99621307124975
			2.68089549849149	-1.99621307124975
			2.68276111818425	-1.99621307124975
			2.684626737877	-1.994347451557
			2.68649235756976	-1.994347451557
			2.68835797726252	-1.994347451557
			2.69022359695527	-1.994347451557
			2.69208921664803	-1.99248183186424
			2.69395483634079	-1.99248183186424
			2.69582045603354	-1.99248183186424
			2.6976860757263	-1.99061621217148
			2.69955169541906	-1.99061621217148
			2.70141731511181	-1.99061621217148
			2.70328293480457	-1.99061621217148
			2.70514855449733	-1.98875059247872
			2.70701417419008	-1.98875059247872
			2.70887979388284	-1.98875059247872
			2.7107454135756	-1.98875059247872
			2.71261103326835	-1.98688497278597
			2.71447665296111	-1.98688497278597
			2.71634227265387	-1.98501935309321
			2.71820789234663	-1.98501935309321
			2.72007351203938	-1.98501935309321
			2.72193913173214	-1.98501935309321
			2.7238047514249	-1.98501935309321
			2.72567037111765	-1.98315373340045
			2.72753599081041	-1.98315373340045
			2.72940161050317	-1.98315373340045
			2.73126723019592	-1.98315373340045
			2.73313284988868	-1.9812881137077
			2.73499846958144	-1.9812881137077
			2.73686408927419	-1.9812881137077
			2.73872970896695	-1.97942249401494
			2.74059532865971	-1.97942249401494
			2.74246094835246	-1.97942249401494
			2.74432656804522	-1.97942249401494
			2.74619218773798	-1.97942249401494
			2.74805780743073	-1.97755687432218
			2.74992342712349	-1.97755687432218
			2.75178904681625	-1.97755687432218
			2.753654666509	-1.97755687432218
			2.75552028620176	-1.97755687432218
			2.75738590589452	-1.97569125462943
			2.75925152558727	-1.97569125462943
			2.76111714528003	-1.97569125462943
			2.76298276497279	-1.97569125462943
			2.76484838466554	-1.97382563493667
			2.7667140043583	-1.97382563493667
			2.76857962405106	-1.97382563493667
			2.77044524374381	-1.97382563493667
			2.77231086343657	-1.97382563493667
			2.77417648312933	-1.97196001524391
			2.77604210282209	-1.97196001524391
			2.77790772251484	-1.97196001524391
			2.7797733422076	-1.97196001524391
			2.78163896190036	-1.97196001524391
			2.78350458159311	-1.97196001524391
			2.78537020128587	-1.97009439555116
			2.78723582097863	-1.97009439555116
			2.78910144067138	-1.97009439555116
			2.79096706036414	-1.97009439555116
			2.7928326800569	-1.97009439555116
			2.79469829974965	-1.9682287758584
			2.79656391944241	-1.9682287758584
			2.79842953913517	-1.9682287758584
			2.80029515882792	-1.9682287758584
			2.80216077852068	-1.9682287758584
			2.80402639821344	-1.9682287758584
			2.80589201790619	-1.96636315616564
			2.80775763759895	-1.96636315616564
			2.80962325729171	-1.96636315616564
			2.81148887698446	-1.96636315616564
			2.81335449667722	-1.96636315616564
			2.81522011636998	-1.96449753647289
			2.81708573606273	-1.96449753647289
			2.81895135575549	-1.96449753647289
			2.82081697544825	-1.96449753647289
			2.822682595141	-1.96449753647289
			2.82454821483376	-1.96449753647289
			2.82641383452652	-1.96263191678013
			2.82827945421927	-1.96263191678013
			2.83014507391203	-1.96263191678013
			2.83201069360479	-1.96263191678013
			2.83387631329755	-1.96263191678013
			2.8357419329903	-1.96263191678013
			2.83760755268306	-1.96076629708737
			2.83947317237582	-1.96076629708737
			2.84133879206857	-1.96076629708737
			2.84320441176133	-1.96076629708737
			2.84507003145409	-1.96076629708737
			2.84693565114684	-1.95890067739462
			2.8488012708396	-1.95890067739462
			2.85066689053236	-1.95890067739462
			2.85253251022511	-1.95890067739462
			2.85439812991787	-1.95890067739462
			2.85626374961063	-1.95890067739462
			2.85812936930338	-1.95703505770186
			2.85999498899614	-1.95703505770186
			2.8618606086889	-1.95703505770186
			2.86372622838165	-1.95703505770186
			2.86559184807441	-1.95703505770186
			2.86745746776717	-1.95703505770186
			2.86932308745992	-1.9551694380091
			2.87118870715268	-1.9551694380091
			2.87305432684544	-1.9551694380091
			2.87491994653819	-1.9551694380091
			2.87678556623095	-1.9551694380091
			2.87865118592371	-1.9551694380091
			2.88051680561646	-1.95330381831635
			2.88238242530922	-1.95330381831635
			2.88424804500198	-1.95330381831635
			2.88611366469474	-1.95330381831635
			2.88797928438749	-1.95330381831635
			2.88984490408025	-1.95330381831635
			2.89171052377301	-1.95330381831635
			2.89357614346576	-1.9551694380091
			2.89544176315852	-1.9551694380091
			2.89730738285128	-1.9551694380091
			2.89917300254403	-1.9551694380091
			2.90103862223679	-1.9551694380091
			2.90290424192955	-1.9551694380091
			2.9047698616223	-1.9551694380091
			2.90663548131506	-1.9551694380091
			2.90850110100782	-1.9551694380091
			2.91036672070057	-1.9551694380091
			2.91223234039333	-1.9551694380091
			2.91409796008609	-1.9551694380091
			2.91596357977884	-1.9551694380091
			2.9178291994716	-1.9551694380091
			2.91969481916436	-1.95703505770186
			2.92156043885711	-1.95703505770186
			2.92342605854987	-1.95703505770186
			2.92529167824263	-1.95703505770186
			2.92715729793538	-1.95703505770186
			2.92902291762814	-1.95703505770186
			2.9308885373209	-1.95703505770186
			2.93275415701365	-1.95703505770186
			2.93461977670641	-1.95703505770186
			2.93648539639917	-1.95703505770186
			2.93835101609193	-1.95703505770186
			2.94021663578468	-1.95703505770186
			2.94208225547744	-1.95703505770186
			2.9439478751702	-1.95703505770186
			2.94581349486295	-1.95703505770186
			2.94767911455571	-1.9551694380091
			2.94954473424847	-1.9551694380091
			2.95141035394122	-1.9551694380091
			2.95327597363398	-1.9551694380091
			2.95514159332674	-1.9551694380091
			2.95700721301949	-1.9551694380091
			2.95887283271225	-1.9551694380091
			2.96073845240501	-1.9551694380091
			2.96260407209776	-1.9551694380091
			2.96446969179052	-1.9551694380091
			2.96633531148328	-1.9551694380091
			2.96820093117603	-1.95330381831635
			2.97006655086879	-1.95330381831635
			2.97193217056155	-1.95330381831635
			2.9737977902543	-1.95330381831635
			2.97566340994706	-1.95330381831635
			2.97752902963982	-1.95330381831635
			2.97939464933257	-1.95330381831635
			2.98126026902533	-1.95143819862359
			2.98312588871809	-1.95143819862359
			2.98499150841084	-1.95143819862359
			2.9868571281036	-1.95143819862359
			2.98872274779636	-1.95143819862359
			2.99058836748911	-1.95143819862359
			2.99245398718187	-1.94957257893083
			2.99431960687463	-1.94957257893083
			2.99618522656738	-1.94957257893083
			2.99805084626014	-1.94770695923808
			2.9999164659529	-1.94770695923808
			3.00178208564566	-1.94770695923808
			3.00364770533841	-1.94770695923808
			3.00551332503117	-1.94584133954532
			3.00737894472393	-1.94584133954532
			3.00924456441668	-1.94584133954532
			3.01111018410944	-1.94584133954532
			3.0129758038022	-1.94397571985256
			3.01484142349495	-1.94397571985256
			3.01670704318771	-1.94397571985256
			3.01857266288047	-1.94211010015981
			3.02043828257322	-1.94211010015981
			3.02230390226598	-1.94211010015981
			3.02416952195874	-1.94024448046705
			3.02603514165149	-1.94024448046705
			3.02790076134425	-1.93837886077429
			3.02976638103701	-1.93837886077429
			3.03163200072976	-1.93651324108154
			3.03349762042252	-1.93651324108154
			3.03536324011528	-1.93464762138878
			3.03722885980803	-1.93464762138878
			3.03909447950079	-1.93464762138878
			3.04096009919355	-1.93278200169602
			3.0428257188863	-1.93278200169602
			3.04469133857906	-1.93091638200326
			3.04655695827182	-1.93091638200326
			3.04842257796457	-1.92905076231051
			3.05028819765733	-1.92905076231051
			3.05215381735009	-1.92718514261775
			3.05401943704285	-1.92531952292499
			3.0558850567356	-1.92531952292499
			3.05775067642836	-1.92345390323224
			3.05961629612112	-1.92345390323224
			3.06148191581387	-1.92158828353948
			3.06334753550663	-1.92158828353948
			3.06521315519939	-1.91972266384672
			3.06707877489214	-1.91785704415397
			3.0689443945849	-1.91785704415397
			3.0689443945849	-1.91599142446121
			3.07081001427766	-1.91599142446121
			3.07267563397041	-1.91412580476845
			3.07454125366317	-1.9122601850757
			3.07640687335593	-1.9122601850757
			3.07827249304868	-1.91039456538294
			3.08013811274144	-1.90852894569018
			3.0820037324342	-1.90852894569018
			3.0820037324342	-1.90666332599743
			3.08386935212695	-1.90479770630467
			3.08573497181971	-1.90479770630467
			3.08760059151247	-1.90293208661191
			3.08946621120522	-1.90106646691916
			3.09133183089798	-1.8992008472264
			3.09319745059074	-1.8992008472264
			3.09319745059074	-1.89733522753364
			3.09506307028349	-1.89546960784089
			3.09692868997625	-1.89360398814813
			3.09879430966901	-1.89360398814813
			3.10065992936176	-1.89173836845537
			3.10065992936176	-1.88987274876262
			3.10252554905452	-1.88800712906986
			3.10439116874728	-1.8861415093771
			3.10625678844003	-1.88427588968435
			3.10812240813279	-1.88427588968435
			3.10812240813279	-1.88241026999159
			3.10998802782555	-1.88054465029883
			3.11185364751831	-1.87867903060608
		</curvaD_espina_dorsal>
		<curvaI_espina_dorsal type=matrix rownames=FALSE colnames=FALSE nrow=391 ncol=2 as.numeric=TRUE >
			2.55216773969127	-2.04285356356867
			2.55403335938403	-2.04285356356867
			2.55589897907679	-2.04285356356867
			2.55776459876954	-2.04098794387591
			2.5596302184623	-2.04098794387591
			2.56149583815506	-2.04098794387591
			2.56336145784781	-2.04098794387591
			2.56522707754057	-2.03912232418316
			2.56709269723333	-2.03912232418316
			2.56895831692608	-2.03912232418316
			2.57082393661884	-2.0372567044904
			2.5726895563116	-2.0372567044904
			2.57455517600435	-2.0372567044904
			2.57642079569711	-2.0372567044904
			2.57828641538987	-2.03539108479764
			2.58015203508262	-2.03539108479764
			2.58201765477538	-2.03539108479764
			2.58388327446814	-2.03539108479764
			2.58574889416089	-2.03539108479764
			2.58761451385365	-2.03352546510489
			2.58948013354641	-2.03352546510489
			2.59134575323916	-2.03352546510489
			2.59321137293192	-2.03352546510489
			2.59321137293192	-2.03165984541213
			2.59507699262468	-2.03165984541213
			2.59694261231743	-2.03165984541213
			2.59880823201019	-2.03165984541213
			2.60067385170295	-2.03165984541213
			2.6025394713957	-2.03165984541213
			2.60440509108846	-2.02979422571937
			2.60627071078122	-2.02979422571937
			2.60813633047398	-2.02979422571937
			2.61000195016673	-2.02792860602662
			2.61186756985949	-2.02792860602662
			2.61373318955225	-2.02792860602662
			2.615598809245	-2.02792860602662
			2.61746442893776	-2.02792860602662
			2.61933004863052	-2.02606298633386
			2.62119566832327	-2.02606298633386
			2.62306128801603	-2.02606298633386
			2.62492690770879	-2.02606298633386
			2.62679252740154	-2.02606298633386
			2.6286581470943	-2.0241973666411
			2.63052376678706	-2.0241973666411
			2.63238938647981	-2.0241973666411
			2.63425500617257	-2.0241973666411
			2.63612062586533	-2.0241973666411
			2.63612062586533	-2.02233174694835
			2.63798624555808	-2.02233174694835
			2.63985186525084	-2.02233174694835
			2.6417174849436	-2.02233174694835
			2.64358310463635	-2.02233174694835
			2.64544872432911	-2.02046612725559
			2.64731434402187	-2.02046612725559
			2.64917996371462	-2.02046612725559
			2.65104558340738	-2.02046612725559
			2.65291120310014	-2.02046612725559
			2.65477682279289	-2.02046612725559
			2.65664244248565	-2.01860050756283
			2.65850806217841	-2.01860050756283
			2.66037368187117	-2.01860050756283
			2.66223930156392	-2.01860050756283
			2.66410492125668	-2.01860050756283
			2.66597054094944	-2.01860050756283
			2.66783616064219	-2.01673488787008
			2.66970178033495	-2.01673488787008
			2.67156740002771	-2.01673488787008
			2.67343301972046	-2.01673488787008
			2.67529863941322	-2.01673488787008
			2.67716425910598	-2.01673488787008
			2.67902987879873	-2.01486926817732
			2.68089549849149	-2.01486926817732
			2.68276111818425	-2.01486926817732
			2.684626737877	-2.01486926817732
			2.68649235756976	-2.01486926817732
			2.68835797726252	-2.01486926817732
			2.69022359695527	-2.01486926817732
			2.69208921664803	-2.01486926817732
			2.69395483634079	-2.01300364848456
			2.69582045603354	-2.01300364848456
			2.6976860757263	-2.01300364848456
			2.69955169541906	-2.01300364848456
			2.70141731511181	-2.01300364848456
			2.70328293480457	-2.01300364848456
			2.70514855449733	-2.01300364848456
			2.70701417419008	-2.01300364848456
			2.70887979388284	-2.01113802879181
			2.7107454135756	-2.01113802879181
			2.71261103326835	-2.01113802879181
			2.71447665296111	-2.01113802879181
			2.71634227265387	-2.01113802879181
			2.71820789234663	-2.01113802879181
			2.72007351203938	-2.01113802879181
			2.72193913173214	-2.01113802879181
			2.7238047514249	-2.01113802879181
			2.72567037111765	-2.00927240909905
			2.72753599081041	-2.00927240909905
			2.72940161050317	-2.00927240909905
			2.73126723019592	-2.00927240909905
			2.73313284988868	-2.00927240909905
			2.73499846958144	-2.00927240909905
			2.73686408927419	-2.00927240909905
			2.73872970896695	-2.00927240909905
			2.74059532865971	-2.00927240909905
			2.74246094835246	-2.00927240909905
			2.74432656804522	-2.00927240909905
			2.74619218773798	-2.00927240909905
			2.74805780743073	-2.00740678940629
			2.74992342712349	-2.00740678940629
			2.75178904681625	-2.00740678940629
			2.753654666509	-2.00740678940629
			2.75552028620176	-2.00740678940629
			2.75738590589452	-2.00740678940629
			2.75925152558727	-2.00740678940629
			2.76111714528003	-2.00740678940629
			2.76298276497279	-2.00740678940629
			2.76484838466554	-2.00740678940629
			2.7667140043583	-2.00740678940629
			2.76857962405106	-2.00740678940629
			2.77044524374381	-2.00740678940629
			2.77231086343657	-2.00740678940629
			2.77417648312933	-2.00740678940629
			2.77604210282209	-2.00740678940629
			2.77790772251484	-2.00740678940629
			2.7797733422076	-2.00740678940629
			2.78163896190036	-2.00740678940629
			2.78350458159311	-2.00740678940629
			2.78537020128587	-2.00740678940629
			2.78723582097863	-2.00740678940629
			2.78910144067138	-2.00740678940629
			2.79096706036414	-2.00740678940629
			2.7928326800569	-2.00740678940629
			2.79469829974965	-2.00740678940629
			2.79656391944241	-2.00740678940629
			2.79842953913517	-2.00740678940629
			2.80029515882792	-2.00740678940629
			2.80216077852068	-2.00740678940629
			2.80402639821344	-2.00740678940629
			2.80589201790619	-2.00740678940629
			2.80775763759895	-2.00740678940629
			2.80962325729171	-2.00740678940629
			2.81148887698446	-2.00740678940629
			2.81335449667722	-2.00740678940629
			2.81522011636998	-2.00740678940629
			2.81708573606273	-2.00740678940629
			2.81895135575549	-2.00740678940629
			2.82081697544825	-2.00740678940629
			2.822682595141	-2.00740678940629
			2.82454821483376	-2.00740678940629
			2.82641383452652	-2.00740678940629
			2.82827945421927	-2.00740678940629
			2.83014507391203	-2.00740678940629
			2.83201069360479	-2.00740678940629
			2.83387631329755	-2.00740678940629
			2.8357419329903	-2.00927240909905
			2.83760755268306	-2.00927240909905
			2.83947317237582	-2.00927240909905
			2.84133879206857	-2.00927240909905
			2.84320441176133	-2.00927240909905
			2.84507003145409	-2.00927240909905
			2.84693565114684	-2.00927240909905
			2.8488012708396	-2.00927240909905
			2.85066689053236	-2.00927240909905
			2.85253251022511	-2.00927240909905
			2.85439812991787	-2.00927240909905
			2.85626374961063	-2.00927240909905
			2.85812936930338	-2.01113802879181
			2.85999498899614	-2.01113802879181
			2.8618606086889	-2.01113802879181
			2.86372622838165	-2.01113802879181
			2.86559184807441	-2.01113802879181
			2.86745746776717	-2.01113802879181
			2.86932308745992	-2.01113802879181
			2.87118870715268	-2.01113802879181
			2.87305432684544	-2.01113802879181
			2.87491994653819	-2.01300364848456
			2.87678556623095	-2.01300364848456
			2.87865118592371	-2.01300364848456
			2.88051680561646	-2.01300364848456
			2.88238242530922	-2.01300364848456
			2.88424804500198	-2.01300364848456
			2.88611366469474	-2.01300364848456
			2.88797928438749	-2.01486926817732
			2.88984490408025	-2.01486926817732
			2.89171052377301	-2.01486926817732
			2.89357614346576	-2.01486926817732
			2.89544176315852	-2.01486926817732
			2.89730738285128	-2.01486926817732
			2.89917300254403	-2.01673488787008
			2.90103862223679	-2.01673488787008
			2.90290424192955	-2.01673488787008
			2.90290424192955	-2.01860050756283
			2.9047698616223	-2.02046612725559
			2.9047698616223	-2.02233174694835
			2.90663548131506	-2.0241973666411
			2.90663548131506	-2.02606298633386
			2.90663548131506	-2.02792860602662
			2.90850110100782	-2.02792860602662
			2.90850110100782	-2.02979422571937
			2.91036672070057	-2.03165984541213
			2.91036672070057	-2.03352546510489
			2.91036672070057	-2.03539108479764
			2.91223234039333	-2.0372567044904
			2.91223234039333	-2.03912232418316
			2.91223234039333	-2.04098794387591
			2.91409796008609	-2.04285356356867
			2.91409796008609	-2.04471918326143
			2.91409796008609	-2.04658480295419
			2.91409796008609	-2.04845042264694
			2.91596357977884	-2.0503160423397
			2.91596357977884	-2.05218166203246
			2.9178291994716	-2.05404728172521
			2.9178291994716	-2.05591290141797
			2.9178291994716	-2.05777852111073
			2.9178291994716	-2.05964414080348
			2.91969481916436	-2.06150976049624
			2.91969481916436	-2.063375380189
			2.91969481916436	-2.06524099988175
			2.91969481916436	-2.06710661957451
			2.91969481916436	-2.06897223926727
			2.92156043885711	-2.07083785896002
			2.92156043885711	-2.07270347865278
			2.92156043885711	-2.07456909834554
			2.92156043885711	-2.07643471803829
			2.92156043885711	-2.07830033773105
			2.92342605854987	-2.08016595742381
			2.92342605854987	-2.08203157711656
			2.92342605854987	-2.08389719680932
			2.92342605854987	-2.08576281650208
			2.92342605854987	-2.08762843619483
			2.92342605854987	-2.08949405588759
			2.92342605854987	-2.09135967558035
			2.92342605854987	-2.0932252952731
			2.92342605854987	-2.09509091496586
			2.92529167824263	-2.09695653465862
			2.92529167824263	-2.09882215435137
			2.92529167824263	-2.10068777404413
			2.92529167824263	-2.10255339373689
			2.92529167824263	-2.10441901342965
			2.92529167824263	-2.1062846331224
			2.92529167824263	-2.10815025281516
			2.92529167824263	-2.11001587250792
			2.92529167824263	-2.11188149220067
			2.92529167824263	-2.11374711189343
			2.92529167824263	-2.11561273158619
			2.92529167824263	-2.11747835127894
			2.92342605854987	-2.1193439709717
			2.92342605854987	-2.12120959066446
			2.92342605854987	-2.12307521035721
			2.92342605854987	-2.12494083004997
			2.92342605854987	-2.12680644974273
			2.92342605854987	-2.12867206943548
			2.92342605854987	-2.13053768912824
			2.92342605854987	-2.132403308821
			2.92342605854987	-2.13426892851375
			2.92156043885711	-2.13613454820651
			2.92156043885711	-2.13800016789927
			2.92156043885711	-2.13986578759202
			2.92156043885711	-2.14173140728478
			2.92156043885711	-2.14359702697754
			2.91969481916436	-2.14546264667029
			2.91969481916436	-2.14732826636305
			2.91969481916436	-2.14919388605581
			2.91969481916436	-2.15105950574856
			2.91969481916436	-2.15292512544132
			2.9178291994716	-2.15479074513408
			2.9178291994716	-2.15665636482683
			2.91596357977884	-2.15852198451959
			2.91596357977884	-2.16038760421235
			2.91596357977884	-2.16225322390511
			2.91596357977884	-2.16411884359786
			2.91409796008609	-2.16598446329062
			2.91409796008609	-2.16785008298338
			2.91223234039333	-2.16971570267613
			2.91223234039333	-2.17158132236889
			2.91223234039333	-2.17344694206165
			2.91036672070057	-2.1753125617544
			2.91036672070057	-2.17717818144716
			2.90850110100782	-2.17904380113992
			2.90850110100782	-2.18090942083267
			2.90663548131506	-2.18277504052543
			2.90663548131506	-2.18464066021819
			2.90663548131506	-2.18650627991094
			2.9047698616223	-2.1883718996037
			2.9047698616223	-2.19023751929646
			2.90290424192955	-2.19210313898921
			2.90103862223679	-2.19396875868197
			2.89917300254403	-2.19583437837473
			2.89917300254403	-2.19769999806748
			2.89917300254403	-2.19956561776024
			2.89730738285128	-2.19956561776024
			2.89730738285128	-2.201431237453
			2.89544176315852	-2.20329685714575
			2.89544176315852	-2.20516247683851
			2.89357614346576	-2.20702809653127
			2.89171052377301	-2.20889371622402
			2.89171052377301	-2.21075933591678
			2.88984490408025	-2.21262495560954
			2.88797928438749	-2.2144905753023
			2.88611366469474	-2.21635619499505
			2.88611366469474	-2.21822181468781
			2.88424804500198	-2.22008743438057
			2.88238242530922	-2.22195305407332
			2.88238242530922	-2.22381867376608
			2.88051680561646	-2.22568429345884
			2.87865118592371	-2.22754991315159
			2.87678556623095	-2.22941553284435
			2.87678556623095	-2.23128115253711
			2.87678556623095	-2.23314677222986
			2.87678556623095	-2.23501239192262
			2.87678556623095	-2.23687801161538
			2.87678556623095	-2.23874363130813
			2.87491994653819	-2.24060925100089
			2.87491994653819	-2.24247487069365
			2.87491994653819	-2.2443404903864
			2.87491994653819	-2.24620611007916
			2.87491994653819	-2.24807172977192
			2.87491994653819	-2.24993734946467
			2.87491994653819	-2.25180296915743
			2.87491994653819	-2.25366858885019
			2.87491994653819	-2.25553420854294
			2.87491994653819	-2.2573998282357
			2.87491994653819	-2.25926544792846
			2.87491994653819	-2.26113106762121
			2.87491994653819	-2.26299668731397
			2.87491994653819	-2.26486230700673
			2.87491994653819	-2.26672792669949
			2.87491994653819	-2.26859354639224
			2.87491994653819	-2.270459166085
			2.87491994653819	-2.27232478577776
			2.87491994653819	-2.27419040547051
			2.87491994653819	-2.27605602516327
			2.87491994653819	-2.27792164485603
			2.87491994653819	-2.27978726454878
			2.87491994653819	-2.28165288424154
			2.87491994653819	-2.2835185039343
			2.87491994653819	-2.28538412362705
			2.87491994653819	-2.28724974331981
			2.87491994653819	-2.28911536301257
			2.87491994653819	-2.29098098270532
			2.87491994653819	-2.29284660239808
			2.87491994653819	-2.29471222209084
			2.87491994653819	-2.29657784178359
			2.87678556623095	-2.29844346147635
			2.87678556623095	-2.30030908116911
			2.87678556623095	-2.30217470086186
			2.87678556623095	-2.30404032055462
			2.87678556623095	-2.30590594024738
			2.87678556623095	-2.30777155994013
			2.87678556623095	-2.30963717963289
			2.87678556623095	-2.31150279932565
			2.87678556623095	-2.3133684190184
			2.87865118592371	-2.31523403871116
			2.87865118592371	-2.31709965840392
			2.87865118592371	-2.31896527809667
			2.87865118592371	-2.32083089778943
			2.87865118592371	-2.32269651748219
			2.87865118592371	-2.32456213717494
			2.88051680561646	-2.3264277568677
			2.88051680561646	-2.32829337656046
			2.88051680561646	-2.33015899625322
			2.88051680561646	-2.33202461594597
			2.88051680561646	-2.33389023563873
			2.88238242530922	-2.33389023563873
			2.88238242530922	-2.33575585533149
			2.88238242530922	-2.33762147502424
			2.88238242530922	-2.339487094717
			2.88238242530922	-2.34135271440976
			2.88424804500198	-2.34321833410251
			2.88424804500198	-2.34508395379527
			2.88424804500198	-2.34694957348803
			2.88611366469474	-2.34881519318078
			2.88611366469474	-2.35068081287354
			2.88611366469474	-2.3525464325663
			2.88797928438749	-2.35441205225905
			2.88797928438749	-2.35627767195181
			2.88797928438749	-2.35814329164457
			2.88984490408025	-2.36000891133732
			2.88984490408025	-2.36187453103008
			2.89171052377301	-2.36374015072284
			2.89171052377301	-2.36560577041559
			2.89171052377301	-2.36747139010835
			2.89357614346576	-2.36933700980111
			2.89357614346576	-2.37120262949386
			2.89544176315852	-2.37306824918662
			2.89544176315852	-2.37493386887938
			2.89730738285128	-2.37679948857213
			2.89917300254403	-2.37866510826489
			2.89917300254403	-2.38053072795765
			2.90103862223679	-2.38239634765041
			2.90103862223679	-2.38426196734316
		</curvaI_espina_dorsal>
	</curves.scaled>
	<ruler.points type=matrix rownames=TRUE colnames=FALSE nrow=2 ncol=2 as.numeric=TRUE >
		Ruler point 1	1519	537
		Ruler point 2	2055	533
	</ruler.points>
</shapes>

