<shapes type=list>
	<ruler.pixel type=vector names=FALSE length=1 as.numeric=TRUE >539.000927642987</ruler.pixel>
	<ruler.interval type=vector names=FALSE length=1 as.numeric=TRUE >1</ruler.interval>
	<scaling.units type=vector names=FALSE length=1 as.numeric=FALSE >mm</scaling.units>
	<scaling type=vector names=FALSE length=1 as.numeric=TRUE >0.00185184867653105</scaling>
	<landmarks.pixel type=matrix rownames=TRUE colnames=FALSE nrow=3 ncol=2 as.numeric=TRUE >
		punta_espina_dorsal	1846	1005
		esq_izq_caparaza	1612	1106
		organo_dorsal	1824	1366
	</landmarks.pixel>
	<landmarks.scaled type=matrix rownames=TRUE colnames=FALSE nrow=3 ncol=2 as.numeric=TRUE >
		punta_espina_dorsal	3.41851265687633	-1.86110791991371
		esq_izq_caparaza	2.98518006656806	-2.04814463624335
		organo_dorsal	3.37777198599264	-2.52962529214142
	</landmarks.scaled>
	<curves.control type=list>
		<curvaD_espina_dorsal type=matrix rownames=FALSE colnames=FALSE nrow=7 ncol=2 as.numeric=TRUE >
			1846	1005
			1853	1024
			1837	1121
			1831	1153
			1819	1198
			1786	1232
			1824	1366
		</curvaD_espina_dorsal>
		<curvaI_espina_dorsal type=matrix rownames=FALSE colnames=FALSE nrow=9 ncol=2 as.numeric=TRUE >
			1846	1005
			1831	1059
			1819	1102
			1810	1146
			1784	1189
			1731	1193
			1696	1129
			1645	1105
			1612	1106
		</curvaI_espina_dorsal>
	</curves.control>
	<curves.pixel type=list>
		<curvaD_espina_dorsal type=matrix rownames=FALSE colnames=FALSE nrow=368 ncol=2 as.numeric=TRUE >
			1846	1005
			1846	1006
			1847	1007
			1847	1008
			1847	1009
			1847	1010
			1847	1011
			1848	1012
			1848	1013
			1848	1014
			1848	1015
			1848	1016
			1848	1017
			1848	1018
			1848	1019
			1848	1020
			1848	1021
			1848	1022
			1848	1023
			1848	1024
			1848	1025
			1848	1026
			1848	1027
			1848	1028
			1848	1029
			1848	1030
			1848	1031
			1848	1032
			1848	1033
			1848	1034
			1848	1035
			1848	1036
			1848	1037
			1848	1038
			1848	1039
			1848	1040
			1847	1041
			1847	1042
			1847	1043
			1847	1044
			1847	1045
			1847	1046
			1847	1047
			1847	1048
			1847	1049
			1847	1050
			1847	1051
			1846	1052
			1846	1053
			1846	1054
			1846	1055
			1846	1056
			1846	1057
			1846	1058
			1846	1059
			1846	1060
			1846	1061
			1845	1062
			1845	1063
			1845	1064
			1845	1065
			1845	1066
			1845	1067
			1845	1068
			1845	1069
			1844	1070
			1844	1071
			1844	1072
			1844	1073
			1844	1074
			1844	1075
			1844	1076
			1844	1077
			1843	1078
			1843	1079
			1843	1080
			1843	1081
			1843	1082
			1843	1083
			1843	1084
			1842	1085
			1842	1086
			1842	1087
			1842	1088
			1842	1089
			1842	1090
			1842	1091
			1842	1092
			1841	1093
			1841	1094
			1841	1095
			1841	1096
			1841	1097
			1841	1098
			1840	1099
			1840	1100
			1840	1101
			1840	1102
			1840	1103
			1840	1104
			1840	1105
			1839	1106
			1839	1107
			1839	1108
			1839	1109
			1839	1110
			1839	1111
			1838	1112
			1838	1113
			1838	1114
			1838	1115
			1838	1116
			1838	1117
			1837	1118
			1837	1119
			1837	1120
			1837	1121
			1837	1122
			1837	1123
			1836	1124
			1836	1125
			1836	1126
			1836	1127
			1836	1128
			1835	1129
			1835	1130
			1835	1131
			1835	1132
			1835	1133
			1834	1134
			1834	1135
			1834	1136
			1834	1137
			1834	1138
			1833	1138
			1833	1139
			1833	1140
			1833	1141
			1833	1142
			1833	1143
			1832	1143
			1832	1144
			1832	1145
			1832	1146
			1832	1147
			1831	1148
			1831	1149
			1831	1150
			1831	1151
			1830	1152
			1830	1153
			1830	1154
			1830	1155
			1829	1156
			1829	1157
			1829	1158
			1829	1159
			1829	1160
			1828	1161
			1828	1162
			1828	1163
			1828	1164
			1827	1165
			1827	1166
			1827	1167
			1827	1168
			1826	1169
			1826	1170
			1826	1171
			1826	1172
			1826	1173
			1825	1174
			1825	1175
			1825	1176
			1825	1177
			1824	1178
			1824	1179
			1824	1180
			1824	1181
			1823	1182
			1823	1183
			1823	1184
			1823	1185
			1822	1186
			1822	1187
			1822	1188
			1821	1189
			1821	1190
			1821	1191
			1821	1192
			1820	1193
			1820	1194
			1820	1195
			1820	1196
			1819	1197
			1819	1198
			1818	1199
			1818	1200
			1817	1200
			1816	1201
			1815	1202
			1815	1203
			1814	1204
			1814	1205
			1813	1206
			1812	1207
			1812	1208
			1811	1209
			1811	1210
			1810	1211
			1810	1212
			1810	1213
			1809	1213
			1809	1214
			1809	1215
			1809	1216
			1808	1216
			1808	1217
			1808	1218
			1808	1219
			1807	1219
			1807	1220
			1807	1221
			1807	1222
			1807	1223
			1806	1224
			1806	1225
			1806	1226
			1806	1227
			1805	1228
			1805	1229
			1805	1230
			1805	1231
			1805	1232
			1805	1233
			1805	1234
			1804	1235
			1804	1236
			1804	1237
			1804	1238
			1804	1239
			1804	1240
			1804	1241
			1804	1242
			1804	1243
			1804	1244
			1804	1245
			1804	1246
			1804	1247
			1804	1248
			1804	1249
			1804	1250
			1804	1251
			1804	1252
			1804	1253
			1804	1254
			1804	1255
			1804	1256
			1804	1257
			1804	1258
			1804	1259
			1804	1260
			1804	1261
			1804	1262
			1804	1263
			1804	1264
			1804	1265
			1804	1266
			1804	1267
			1804	1268
			1804	1269
			1805	1270
			1805	1271
			1805	1272
			1805	1273
			1805	1274
			1805	1275
			1805	1276
			1805	1277
			1805	1278
			1805	1279
			1806	1280
			1806	1281
			1806	1282
			1806	1283
			1806	1284
			1806	1285
			1806	1286
			1806	1287
			1807	1288
			1807	1289
			1807	1290
			1807	1291
			1807	1292
			1807	1293
			1807	1294
			1808	1295
			1808	1296
			1808	1297
			1808	1298
			1808	1299
			1808	1300
			1809	1301
			1809	1302
			1809	1303
			1809	1304
			1809	1305
			1810	1306
			1810	1307
			1810	1308
			1810	1309
			1810	1310
			1811	1311
			1811	1312
			1811	1313
			1811	1314
			1811	1315
			1812	1316
			1812	1317
			1812	1318
			1812	1319
			1812	1320
			1813	1321
			1813	1322
			1813	1323
			1813	1324
			1814	1325
			1814	1326
			1814	1327
			1814	1328
			1814	1329
			1815	1330
			1815	1331
			1815	1332
			1815	1333
			1816	1334
			1816	1335
			1816	1336
			1816	1337
			1817	1338
			1817	1339
			1817	1340
			1817	1341
			1818	1342
			1818	1343
			1818	1344
			1818	1345
			1819	1346
			1819	1347
			1819	1348
			1819	1349
			1820	1350
			1820	1351
			1820	1352
			1820	1353
			1821	1354
			1821	1355
			1821	1356
			1822	1357
			1822	1358
			1822	1359
			1822	1360
			1823	1361
			1823	1362
			1823	1363
			1823	1364
			1824	1365
			1824	1366
		</curvaD_espina_dorsal>
		<curvaI_espina_dorsal type=matrix rownames=FALSE colnames=FALSE nrow=387 ncol=2 as.numeric=TRUE >
			1846	1005
			1846	1006
			1845	1007
			1845	1008
			1845	1009
			1844	1010
			1844	1011
			1844	1012
			1844	1013
			1843	1014
			1843	1015
			1843	1016
			1843	1017
			1842	1018
			1842	1019
			1842	1020
			1842	1021
			1841	1022
			1841	1023
			1841	1024
			1841	1025
			1840	1025
			1840	1026
			1840	1027
			1840	1028
			1839	1029
			1839	1030
			1839	1031
			1839	1032
			1838	1033
			1838	1034
			1838	1035
			1837	1036
			1837	1037
			1837	1038
			1837	1039
			1836	1040
			1836	1041
			1836	1042
			1835	1043
			1835	1044
			1835	1045
			1835	1046
			1834	1047
			1834	1048
			1834	1049
			1834	1050
			1833	1051
			1833	1052
			1833	1053
			1832	1054
			1832	1055
			1832	1056
			1832	1057
			1831	1057
			1831	1058
			1831	1059
			1831	1060
			1830	1061
			1830	1062
			1830	1063
			1830	1064
			1829	1065
			1829	1066
			1829	1067
			1829	1068
			1828	1069
			1828	1070
			1828	1071
			1827	1072
			1827	1073
			1827	1074
			1826	1075
			1826	1076
			1826	1077
			1826	1078
			1825	1079
			1825	1080
			1825	1081
			1824	1082
			1824	1083
			1824	1084
			1824	1085
			1823	1086
			1823	1087
			1823	1088
			1823	1089
			1822	1090
			1822	1091
			1822	1092
			1821	1093
			1821	1094
			1821	1095
			1821	1096
			1820	1097
			1820	1098
			1820	1099
			1820	1100
			1819	1101
			1819	1102
			1819	1103
			1819	1104
			1818	1105
			1818	1106
			1818	1107
			1818	1108
			1817	1109
			1817	1110
			1817	1111
			1817	1112
			1817	1113
			1816	1113
			1816	1114
			1816	1115
			1816	1116
			1815	1117
			1815	1118
			1815	1119
			1815	1120
			1814	1120
			1814	1121
			1814	1122
			1814	1123
			1813	1124
			1813	1125
			1813	1126
			1813	1127
			1812	1128
			1812	1129
			1811	1130
			1811	1131
			1811	1132
			1810	1133
			1810	1134
			1810	1135
			1809	1136
			1809	1137
			1809	1138
			1809	1139
			1808	1139
			1808	1140
			1808	1141
			1807	1142
			1807	1143
			1806	1144
			1806	1145
			1806	1146
			1805	1147
			1805	1148
			1805	1149
			1804	1149
			1804	1150
			1803	1151
			1803	1152
			1803	1153
			1802	1154
			1802	1155
			1801	1156
			1801	1157
			1801	1158
			1800	1159
			1799	1160
			1799	1161
			1799	1162
			1798	1163
			1798	1164
			1797	1165
			1797	1166
			1796	1167
			1796	1168
			1795	1168
			1795	1169
			1795	1170
			1794	1171
			1794	1172
			1793	1172
			1793	1173
			1793	1174
			1792	1175
			1792	1176
			1791	1176
			1791	1177
			1790	1178
			1790	1179
			1789	1180
			1789	1181
			1788	1182
			1788	1183
			1787	1184
			1786	1185
			1786	1186
			1785	1187
			1785	1188
			1784	1189
			1783	1189
			1782	1189
			1781	1189
			1780	1189
			1779	1189
			1778	1189
			1777	1189
			1776	1189
			1775	1189
			1774	1189
			1773	1189
			1772	1189
			1771	1189
			1770	1189
			1769	1189
			1768	1189
			1767	1188
			1766	1188
			1765	1188
			1764	1188
			1763	1188
			1762	1188
			1761	1187
			1760	1187
			1759	1187
			1758	1186
			1757	1186
			1756	1186
			1755	1186
			1754	1185
			1753	1185
			1752	1185
			1751	1184
			1750	1184
			1749	1183
			1748	1183
			1747	1183
			1746	1182
			1745	1182
			1744	1181
			1743	1180
			1742	1180
			1741	1179
			1740	1179
			1739	1178
			1738	1178
			1737	1177
			1736	1176
			1735	1176
			1734	1175
			1733	1174
			1732	1173
			1731	1173
			1730	1172
			1729	1171
			1728	1171
			1728	1170
			1727	1169
			1726	1168
			1725	1168
			1724	1167
			1723	1166
			1723	1165
			1722	1164
			1721	1164
			1720	1163
			1719	1162
			1718	1161
			1718	1160
			1717	1159
			1716	1158
			1715	1157
			1714	1156
			1713	1155
			1712	1154
			1712	1153
			1711	1152
			1710	1151
			1709	1150
			1709	1149
			1708	1148
			1707	1147
			1707	1146
			1706	1145
			1705	1144
			1705	1143
			1704	1143
			1703	1142
			1703	1141
			1702	1140
			1702	1139
			1701	1138
			1701	1137
			1700	1137
			1700	1136
			1700	1135
			1699	1135
			1699	1134
			1699	1133
			1698	1133
			1698	1132
			1697	1132
			1697	1131
			1697	1130
			1696	1130
			1696	1129
			1695	1129
			1695	1128
			1694	1128
			1693	1128
			1692	1127
			1691	1127
			1690	1126
			1689	1126
			1688	1125
			1687	1125
			1686	1124
			1685	1124
			1684	1124
			1683	1123
			1682	1123
			1681	1122
			1680	1122
			1679	1121
			1678	1121
			1677	1121
			1676	1120
			1675	1120
			1674	1119
			1673	1119
			1672	1119
			1671	1118
			1670	1118
			1669	1118
			1668	1117
			1667	1117
			1666	1117
			1665	1116
			1664	1116
			1663	1116
			1662	1115
			1661	1115
			1660	1114
			1659	1114
			1658	1114
			1657	1113
			1656	1113
			1655	1113
			1654	1113
			1654	1112
			1653	1112
			1652	1112
			1651	1112
			1650	1112
			1650	1111
			1649	1111
			1648	1111
			1647	1111
			1646	1110
			1645	1110
			1644	1110
			1643	1110
			1642	1109
			1641	1109
			1640	1109
			1639	1109
			1638	1108
			1637	1108
			1636	1108
			1635	1108
			1634	1108
			1633	1108
			1632	1107
			1631	1107
			1630	1107
			1629	1107
			1628	1107
			1627	1107
			1626	1107
			1625	1106
			1624	1106
			1623	1106
			1622	1106
			1621	1106
			1620	1106
			1619	1106
			1618	1106
			1617	1106
			1616	1106
			1615	1106
			1614	1106
			1613	1106
			1612	1106
		</curvaI_espina_dorsal>
	</curves.pixel>
	<curves.scaled type=list>
		<curvaD_espina_dorsal type=matrix rownames=FALSE colnames=FALSE nrow=368 ncol=2 as.numeric=TRUE >
			3.41851265687633	-1.86110791991371
			3.41851265687633	-1.86295976859024
			3.42036450555286	-1.86481161726677
			3.42036450555286	-1.8666634659433
			3.42036450555286	-1.86851531461983
			3.42036450555286	-1.87036716329637
			3.42036450555286	-1.8722190119729
			3.42221635422939	-1.87407086064943
			3.42221635422939	-1.87592270932596
			3.42221635422939	-1.87777455800249
			3.42221635422939	-1.87962640667902
			3.42221635422939	-1.88147825535555
			3.42221635422939	-1.88333010403208
			3.42221635422939	-1.88518195270861
			3.42221635422939	-1.88703380138514
			3.42221635422939	-1.88888565006168
			3.42221635422939	-1.89073749873821
			3.42221635422939	-1.89258934741474
			3.42221635422939	-1.89444119609127
			3.42221635422939	-1.8962930447678
			3.42221635422939	-1.89814489344433
			3.42221635422939	-1.89999674212086
			3.42221635422939	-1.90184859079739
			3.42221635422939	-1.90370043947392
			3.42221635422939	-1.90555228815046
			3.42221635422939	-1.90740413682699
			3.42221635422939	-1.90925598550352
			3.42221635422939	-1.91110783418005
			3.42221635422939	-1.91295968285658
			3.42221635422939	-1.91481153153311
			3.42221635422939	-1.91666338020964
			3.42221635422939	-1.91851522888617
			3.42221635422939	-1.9203670775627
			3.42221635422939	-1.92221892623923
			3.42221635422939	-1.92407077491577
			3.42221635422939	-1.9259226235923
			3.42036450555286	-1.92777447226883
			3.42036450555286	-1.92962632094536
			3.42036450555286	-1.93147816962189
			3.42036450555286	-1.93333001829842
			3.42036450555286	-1.93518186697495
			3.42036450555286	-1.93703371565148
			3.42036450555286	-1.93888556432801
			3.42036450555286	-1.94073741300455
			3.42036450555286	-1.94258926168108
			3.42036450555286	-1.94444111035761
			3.42036450555286	-1.94629295903414
			3.41851265687633	-1.94814480771067
			3.41851265687633	-1.9499966563872
			3.41851265687633	-1.95184850506373
			3.41851265687633	-1.95370035374026
			3.41851265687633	-1.95555220241679
			3.41851265687633	-1.95740405109332
			3.41851265687633	-1.95925589976986
			3.41851265687633	-1.96110774844639
			3.41851265687633	-1.96295959712292
			3.41851265687633	-1.96481144579945
			3.4166608081998	-1.96666329447598
			3.4166608081998	-1.96851514315251
			3.4166608081998	-1.97036699182904
			3.4166608081998	-1.97221884050557
			3.4166608081998	-1.9740706891821
			3.4166608081998	-1.97592253785864
			3.4166608081998	-1.97777438653517
			3.4166608081998	-1.9796262352117
			3.41480895952326	-1.98147808388823
			3.41480895952326	-1.98332993256476
			3.41480895952326	-1.98518178124129
			3.41480895952326	-1.98703362991782
			3.41480895952326	-1.98888547859435
			3.41480895952326	-1.99073732727088
			3.41480895952326	-1.99258917594741
			3.41480895952326	-1.99444102462395
			3.41295711084673	-1.99629287330048
			3.41295711084673	-1.99814472197701
			3.41295711084673	-1.99999657065354
			3.41295711084673	-2.00184841933007
			3.41295711084673	-2.0037002680066
			3.41295711084673	-2.00555211668313
			3.41295711084673	-2.00740396535966
			3.4111052621702	-2.00925581403619
			3.4111052621702	-2.01110766271273
			3.4111052621702	-2.01295951138926
			3.4111052621702	-2.01481136006579
			3.4111052621702	-2.01666320874232
			3.4111052621702	-2.01851505741885
			3.4111052621702	-2.02036690609538
			3.4111052621702	-2.02221875477191
			3.40925341349367	-2.02407060344844
			3.40925341349367	-2.02592245212497
			3.40925341349367	-2.02777430080151
			3.40925341349367	-2.02962614947804
			3.40925341349367	-2.03147799815457
			3.40925341349367	-2.0333298468311
			3.40740156481714	-2.03518169550763
			3.40740156481714	-2.03703354418416
			3.40740156481714	-2.03888539286069
			3.40740156481714	-2.04073724153722
			3.40740156481714	-2.04258909021375
			3.40740156481714	-2.04444093889028
			3.40740156481714	-2.04629278756682
			3.40554971614061	-2.04814463624335
			3.40554971614061	-2.04999648491988
			3.40554971614061	-2.05184833359641
			3.40554971614061	-2.05370018227294
			3.40554971614061	-2.05555203094947
			3.40554971614061	-2.057403879626
			3.40369786746408	-2.05925572830253
			3.40369786746408	-2.06110757697906
			3.40369786746408	-2.06295942565559
			3.40369786746408	-2.06481127433213
			3.40369786746408	-2.06666312300866
			3.40369786746408	-2.06851497168519
			3.40184601878755	-2.07036682036172
			3.40184601878755	-2.07221866903825
			3.40184601878755	-2.07407051771478
			3.40184601878755	-2.07592236639131
			3.40184601878755	-2.07777421506784
			3.40184601878755	-2.07962606374437
			3.39999417011102	-2.08147791242091
			3.39999417011102	-2.08332976109744
			3.39999417011102	-2.08518160977397
			3.39999417011102	-2.0870334584505
			3.39999417011102	-2.08888530712703
			3.39814232143449	-2.09073715580356
			3.39814232143449	-2.09258900448009
			3.39814232143449	-2.09444085315662
			3.39814232143449	-2.09629270183315
			3.39814232143449	-2.09814455050968
			3.39629047275795	-2.09999639918622
			3.39629047275795	-2.10184824786275
			3.39629047275795	-2.10370009653928
			3.39629047275795	-2.10555194521581
			3.39629047275795	-2.10740379389234
			3.39443862408142	-2.10740379389234
			3.39443862408142	-2.10925564256887
			3.39443862408142	-2.1111074912454
			3.39443862408142	-2.11295933992193
			3.39443862408142	-2.11481118859846
			3.39443862408142	-2.116663037275
			3.39258677540489	-2.116663037275
			3.39258677540489	-2.11851488595153
			3.39258677540489	-2.12036673462806
			3.39258677540489	-2.12221858330459
			3.39258677540489	-2.12407043198112
			3.39073492672836	-2.12592228065765
			3.39073492672836	-2.12777412933418
			3.39073492672836	-2.12962597801071
			3.39073492672836	-2.13147782668724
			3.38888307805183	-2.13332967536377
			3.38888307805183	-2.13518152404031
			3.38888307805183	-2.13703337271684
			3.38888307805183	-2.13888522139337
			3.3870312293753	-2.1407370700699
			3.3870312293753	-2.14258891874643
			3.3870312293753	-2.14444076742296
			3.3870312293753	-2.14629261609949
			3.3870312293753	-2.14814446477602
			3.38517938069877	-2.14999631345255
			3.38517938069877	-2.15184816212909
			3.38517938069877	-2.15370001080562
			3.38517938069877	-2.15555185948215
			3.38332753202224	-2.15740370815868
			3.38332753202224	-2.15925555683521
			3.38332753202224	-2.16110740551174
			3.38332753202224	-2.16295925418827
			3.38147568334571	-2.1648111028648
			3.38147568334571	-2.16666295154133
			3.38147568334571	-2.16851480021786
			3.38147568334571	-2.1703666488944
			3.38147568334571	-2.17221849757093
			3.37962383466917	-2.17407034624746
			3.37962383466917	-2.17592219492399
			3.37962383466917	-2.17777404360052
			3.37962383466917	-2.17962589227705
			3.37777198599264	-2.18147774095358
			3.37777198599264	-2.18332958963011
			3.37777198599264	-2.18518143830664
			3.37777198599264	-2.18703328698318
			3.37592013731611	-2.18888513565971
			3.37592013731611	-2.19073698433624
			3.37592013731611	-2.19258883301277
			3.37592013731611	-2.1944406816893
			3.37406828863958	-2.19629253036583
			3.37406828863958	-2.19814437904236
			3.37406828863958	-2.19999622771889
			3.37221643996305	-2.20184807639542
			3.37221643996305	-2.20369992507195
			3.37221643996305	-2.20555177374849
			3.37221643996305	-2.20740362242502
			3.37036459128652	-2.20925547110155
			3.37036459128652	-2.21110731977808
			3.37036459128652	-2.21295916845461
			3.37036459128652	-2.21481101713114
			3.36851274260999	-2.21666286580767
			3.36851274260999	-2.2185147144842
			3.36666089393346	-2.22036656316073
			3.36666089393346	-2.22221841183727
			3.36480904525693	-2.22221841183727
			3.3629571965804	-2.2240702605138
			3.36110534790386	-2.22592210919033
			3.36110534790386	-2.22777395786686
			3.35925349922733	-2.22962580654339
			3.35925349922733	-2.23147765521992
			3.3574016505508	-2.23332950389645
			3.35554980187427	-2.23518135257298
			3.35554980187427	-2.23703320124951
			3.35369795319774	-2.23888504992604
			3.35369795319774	-2.24073689860258
			3.35184610452121	-2.24258874727911
			3.35184610452121	-2.24444059595564
			3.35184610452121	-2.24629244463217
			3.34999425584468	-2.24629244463217
			3.34999425584468	-2.2481442933087
			3.34999425584468	-2.24999614198523
			3.34999425584468	-2.25184799066176
			3.34814240716815	-2.25184799066176
			3.34814240716815	-2.25369983933829
			3.34814240716815	-2.25555168801482
			3.34814240716815	-2.25740353669136
			3.34629055849162	-2.25740353669136
			3.34629055849162	-2.25925538536789
			3.34629055849162	-2.26110723404442
			3.34629055849162	-2.26295908272095
			3.34629055849162	-2.26481093139748
			3.34443870981508	-2.26666278007401
			3.34443870981508	-2.26851462875054
			3.34443870981508	-2.27036647742707
			3.34443870981508	-2.2722183261036
			3.34258686113855	-2.27407017478013
			3.34258686113855	-2.27592202345667
			3.34258686113855	-2.2777738721332
			3.34258686113855	-2.27962572080973
			3.34258686113855	-2.28147756948626
			3.34258686113855	-2.28332941816279
			3.34258686113855	-2.28518126683932
			3.34073501246202	-2.28703311551585
			3.34073501246202	-2.28888496419238
			3.34073501246202	-2.29073681286891
			3.34073501246202	-2.29258866154545
			3.34073501246202	-2.29444051022198
			3.34073501246202	-2.29629235889851
			3.34073501246202	-2.29814420757504
			3.34073501246202	-2.29999605625157
			3.34073501246202	-2.3018479049281
			3.34073501246202	-2.30369975360463
			3.34073501246202	-2.30555160228116
			3.34073501246202	-2.30740345095769
			3.34073501246202	-2.30925529963423
			3.34073501246202	-2.31110714831076
			3.34073501246202	-2.31295899698729
			3.34073501246202	-2.31481084566382
			3.34073501246202	-2.31666269434035
			3.34073501246202	-2.31851454301688
			3.34073501246202	-2.32036639169341
			3.34073501246202	-2.32221824036994
			3.34073501246202	-2.32407008904647
			3.34073501246202	-2.325921937723
			3.34073501246202	-2.32777378639954
			3.34073501246202	-2.32962563507607
			3.34073501246202	-2.3314774837526
			3.34073501246202	-2.33332933242913
			3.34073501246202	-2.33518118110566
			3.34073501246202	-2.33703302978219
			3.34073501246202	-2.33888487845872
			3.34073501246202	-2.34073672713525
			3.34073501246202	-2.34258857581178
			3.34073501246202	-2.34444042448832
			3.34073501246202	-2.34629227316485
			3.34073501246202	-2.34814412184138
			3.34073501246202	-2.34999597051791
			3.34258686113855	-2.35184781919444
			3.34258686113855	-2.35369966787097
			3.34258686113855	-2.3555515165475
			3.34258686113855	-2.35740336522403
			3.34258686113855	-2.35925521390056
			3.34258686113855	-2.36110706257709
			3.34258686113855	-2.36295891125363
			3.34258686113855	-2.36481075993016
			3.34258686113855	-2.36666260860669
			3.34258686113855	-2.36851445728322
			3.34443870981508	-2.37036630595975
			3.34443870981508	-2.37221815463628
			3.34443870981508	-2.37407000331281
			3.34443870981508	-2.37592185198934
			3.34443870981508	-2.37777370066587
			3.34443870981508	-2.37962554934241
			3.34443870981508	-2.38147739801894
			3.34443870981508	-2.38332924669547
			3.34629055849162	-2.385181095372
			3.34629055849162	-2.38703294404853
			3.34629055849162	-2.38888479272506
			3.34629055849162	-2.39073664140159
			3.34629055849162	-2.39258849007812
			3.34629055849162	-2.39444033875465
			3.34629055849162	-2.39629218743118
			3.34814240716815	-2.39814403610772
			3.34814240716815	-2.39999588478425
			3.34814240716815	-2.40184773346078
			3.34814240716815	-2.40369958213731
			3.34814240716815	-2.40555143081384
			3.34814240716815	-2.40740327949037
			3.34999425584468	-2.4092551281669
			3.34999425584468	-2.41110697684343
			3.34999425584468	-2.41295882551996
			3.34999425584468	-2.4148106741965
			3.34999425584468	-2.41666252287303
			3.35184610452121	-2.41851437154956
			3.35184610452121	-2.42036622022609
			3.35184610452121	-2.42221806890262
			3.35184610452121	-2.42406991757915
			3.35184610452121	-2.42592176625568
			3.35369795319774	-2.42777361493221
			3.35369795319774	-2.42962546360874
			3.35369795319774	-2.43147731228527
			3.35369795319774	-2.43332916096181
			3.35369795319774	-2.43518100963834
			3.35554980187427	-2.43703285831487
			3.35554980187427	-2.4388847069914
			3.35554980187427	-2.44073655566793
			3.35554980187427	-2.44258840434446
			3.35554980187427	-2.44444025302099
			3.3574016505508	-2.44629210169752
			3.3574016505508	-2.44814395037405
			3.3574016505508	-2.44999579905059
			3.3574016505508	-2.45184764772712
			3.35925349922733	-2.45369949640365
			3.35925349922733	-2.45555134508018
			3.35925349922733	-2.45740319375671
			3.35925349922733	-2.45925504243324
			3.35925349922733	-2.46110689110977
			3.36110534790386	-2.4629587397863
			3.36110534790386	-2.46481058846283
			3.36110534790386	-2.46666243713936
			3.36110534790386	-2.4685142858159
			3.3629571965804	-2.47036613449243
			3.3629571965804	-2.47221798316896
			3.3629571965804	-2.47406983184549
			3.3629571965804	-2.47592168052202
			3.36480904525693	-2.47777352919855
			3.36480904525693	-2.47962537787508
			3.36480904525693	-2.48147722655161
			3.36480904525693	-2.48332907522814
			3.36666089393346	-2.48518092390468
			3.36666089393346	-2.48703277258121
			3.36666089393346	-2.48888462125774
			3.36666089393346	-2.49073646993427
			3.36851274260999	-2.4925883186108
			3.36851274260999	-2.49444016728733
			3.36851274260999	-2.49629201596386
			3.36851274260999	-2.49814386464039
			3.37036459128652	-2.49999571331692
			3.37036459128652	-2.50184756199345
			3.37036459128652	-2.50369941066999
			3.37036459128652	-2.50555125934652
			3.37221643996305	-2.50740310802305
			3.37221643996305	-2.50925495669958
			3.37221643996305	-2.51110680537611
			3.37406828863958	-2.51295865405264
			3.37406828863958	-2.51481050272917
			3.37406828863958	-2.5166623514057
			3.37406828863958	-2.51851420008223
			3.37592013731611	-2.52036604875877
			3.37592013731611	-2.5222178974353
			3.37592013731611	-2.52406974611183
			3.37592013731611	-2.52592159478836
			3.37777198599264	-2.52777344346489
			3.37777198599264	-2.52962529214142
		</curvaD_espina_dorsal>
		<curvaI_espina_dorsal type=matrix rownames=FALSE colnames=FALSE nrow=387 ncol=2 as.numeric=TRUE >
			3.41851265687633	-1.86110791991371
			3.41851265687633	-1.86295976859024
			3.4166608081998	-1.86481161726677
			3.4166608081998	-1.8666634659433
			3.4166608081998	-1.86851531461983
			3.41480895952326	-1.87036716329637
			3.41480895952326	-1.8722190119729
			3.41480895952326	-1.87407086064943
			3.41480895952326	-1.87592270932596
			3.41295711084673	-1.87777455800249
			3.41295711084673	-1.87962640667902
			3.41295711084673	-1.88147825535555
			3.41295711084673	-1.88333010403208
			3.4111052621702	-1.88518195270861
			3.4111052621702	-1.88703380138514
			3.4111052621702	-1.88888565006168
			3.4111052621702	-1.89073749873821
			3.40925341349367	-1.89258934741474
			3.40925341349367	-1.89444119609127
			3.40925341349367	-1.8962930447678
			3.40925341349367	-1.89814489344433
			3.40740156481714	-1.89814489344433
			3.40740156481714	-1.89999674212086
			3.40740156481714	-1.90184859079739
			3.40740156481714	-1.90370043947392
			3.40554971614061	-1.90555228815046
			3.40554971614061	-1.90740413682699
			3.40554971614061	-1.90925598550352
			3.40554971614061	-1.91110783418005
			3.40369786746408	-1.91295968285658
			3.40369786746408	-1.91481153153311
			3.40369786746408	-1.91666338020964
			3.40184601878755	-1.91851522888617
			3.40184601878755	-1.9203670775627
			3.40184601878755	-1.92221892623923
			3.40184601878755	-1.92407077491577
			3.39999417011102	-1.9259226235923
			3.39999417011102	-1.92777447226883
			3.39999417011102	-1.92962632094536
			3.39814232143449	-1.93147816962189
			3.39814232143449	-1.93333001829842
			3.39814232143449	-1.93518186697495
			3.39814232143449	-1.93703371565148
			3.39629047275795	-1.93888556432801
			3.39629047275795	-1.94073741300455
			3.39629047275795	-1.94258926168108
			3.39629047275795	-1.94444111035761
			3.39443862408142	-1.94629295903414
			3.39443862408142	-1.94814480771067
			3.39443862408142	-1.9499966563872
			3.39258677540489	-1.95184850506373
			3.39258677540489	-1.95370035374026
			3.39258677540489	-1.95555220241679
			3.39258677540489	-1.95740405109332
			3.39073492672836	-1.95740405109332
			3.39073492672836	-1.95925589976986
			3.39073492672836	-1.96110774844639
			3.39073492672836	-1.96295959712292
			3.38888307805183	-1.96481144579945
			3.38888307805183	-1.96666329447598
			3.38888307805183	-1.96851514315251
			3.38888307805183	-1.97036699182904
			3.3870312293753	-1.97221884050557
			3.3870312293753	-1.9740706891821
			3.3870312293753	-1.97592253785864
			3.3870312293753	-1.97777438653517
			3.38517938069877	-1.9796262352117
			3.38517938069877	-1.98147808388823
			3.38517938069877	-1.98332993256476
			3.38332753202224	-1.98518178124129
			3.38332753202224	-1.98703362991782
			3.38332753202224	-1.98888547859435
			3.38147568334571	-1.99073732727088
			3.38147568334571	-1.99258917594741
			3.38147568334571	-1.99444102462395
			3.38147568334571	-1.99629287330048
			3.37962383466917	-1.99814472197701
			3.37962383466917	-1.99999657065354
			3.37962383466917	-2.00184841933007
			3.37777198599264	-2.0037002680066
			3.37777198599264	-2.00555211668313
			3.37777198599264	-2.00740396535966
			3.37777198599264	-2.00925581403619
			3.37592013731611	-2.01110766271273
			3.37592013731611	-2.01295951138926
			3.37592013731611	-2.01481136006579
			3.37592013731611	-2.01666320874232
			3.37406828863958	-2.01851505741885
			3.37406828863958	-2.02036690609538
			3.37406828863958	-2.02221875477191
			3.37221643996305	-2.02407060344844
			3.37221643996305	-2.02592245212497
			3.37221643996305	-2.02777430080151
			3.37221643996305	-2.02962614947804
			3.37036459128652	-2.03147799815457
			3.37036459128652	-2.0333298468311
			3.37036459128652	-2.03518169550763
			3.37036459128652	-2.03703354418416
			3.36851274260999	-2.03888539286069
			3.36851274260999	-2.04073724153722
			3.36851274260999	-2.04258909021375
			3.36851274260999	-2.04444093889028
			3.36666089393346	-2.04629278756682
			3.36666089393346	-2.04814463624335
			3.36666089393346	-2.04999648491988
			3.36666089393346	-2.05184833359641
			3.36480904525693	-2.05370018227294
			3.36480904525693	-2.05555203094947
			3.36480904525693	-2.057403879626
			3.36480904525693	-2.05925572830253
			3.36480904525693	-2.06110757697906
			3.3629571965804	-2.06110757697906
			3.3629571965804	-2.06295942565559
			3.3629571965804	-2.06481127433213
			3.3629571965804	-2.06666312300866
			3.36110534790386	-2.06851497168519
			3.36110534790386	-2.07036682036172
			3.36110534790386	-2.07221866903825
			3.36110534790386	-2.07407051771478
			3.35925349922733	-2.07407051771478
			3.35925349922733	-2.07592236639131
			3.35925349922733	-2.07777421506784
			3.35925349922733	-2.07962606374437
			3.3574016505508	-2.08147791242091
			3.3574016505508	-2.08332976109744
			3.3574016505508	-2.08518160977397
			3.3574016505508	-2.0870334584505
			3.35554980187427	-2.08888530712703
			3.35554980187427	-2.09073715580356
			3.35369795319774	-2.09258900448009
			3.35369795319774	-2.09444085315662
			3.35369795319774	-2.09629270183315
			3.35184610452121	-2.09814455050968
			3.35184610452121	-2.09999639918622
			3.35184610452121	-2.10184824786275
			3.34999425584468	-2.10370009653928
			3.34999425584468	-2.10555194521581
			3.34999425584468	-2.10740379389234
			3.34999425584468	-2.10925564256887
			3.34814240716815	-2.10925564256887
			3.34814240716815	-2.1111074912454
			3.34814240716815	-2.11295933992193
			3.34629055849162	-2.11481118859846
			3.34629055849162	-2.116663037275
			3.34443870981508	-2.11851488595153
			3.34443870981508	-2.12036673462806
			3.34443870981508	-2.12221858330459
			3.34258686113855	-2.12407043198112
			3.34258686113855	-2.12592228065765
			3.34258686113855	-2.12777412933418
			3.34073501246202	-2.12777412933418
			3.34073501246202	-2.12962597801071
			3.33888316378549	-2.13147782668724
			3.33888316378549	-2.13332967536377
			3.33888316378549	-2.13518152404031
			3.33703131510896	-2.13703337271684
			3.33703131510896	-2.13888522139337
			3.33517946643243	-2.1407370700699
			3.33517946643243	-2.14258891874643
			3.33517946643243	-2.14444076742296
			3.3333276177559	-2.14629261609949
			3.33147576907937	-2.14814446477602
			3.33147576907937	-2.14999631345255
			3.33147576907937	-2.15184816212909
			3.32962392040284	-2.15370001080562
			3.32962392040284	-2.15555185948215
			3.32777207172631	-2.15740370815868
			3.32777207172631	-2.15925555683521
			3.32592022304977	-2.16110740551174
			3.32592022304977	-2.16295925418827
			3.32406837437324	-2.16295925418827
			3.32406837437324	-2.1648111028648
			3.32406837437324	-2.16666295154133
			3.32221652569671	-2.16851480021786
			3.32221652569671	-2.1703666488944
			3.32036467702018	-2.1703666488944
			3.32036467702018	-2.17221849757093
			3.32036467702018	-2.17407034624746
			3.31851282834365	-2.17592219492399
			3.31851282834365	-2.17777404360052
			3.31666097966712	-2.17777404360052
			3.31666097966712	-2.17962589227705
			3.31480913099059	-2.18147774095358
			3.31480913099059	-2.18332958963011
			3.31295728231406	-2.18518143830664
			3.31295728231406	-2.18703328698318
			3.31110543363753	-2.18888513565971
			3.31110543363753	-2.19073698433624
			3.30925358496099	-2.19258883301277
			3.30740173628446	-2.1944406816893
			3.30740173628446	-2.19629253036583
			3.30554988760793	-2.19814437904236
			3.30554988760793	-2.19999622771889
			3.3036980389314	-2.20184807639542
			3.30184619025487	-2.20184807639542
			3.29999434157834	-2.20184807639542
			3.29814249290181	-2.20184807639542
			3.29629064422528	-2.20184807639542
			3.29443879554875	-2.20184807639542
			3.29258694687221	-2.20184807639542
			3.29073509819568	-2.20184807639542
			3.28888324951915	-2.20184807639542
			3.28703140084262	-2.20184807639542
			3.28517955216609	-2.20184807639542
			3.28332770348956	-2.20184807639542
			3.28147585481303	-2.20184807639542
			3.2796240061365	-2.20184807639542
			3.27777215745997	-2.20184807639542
			3.27592030878344	-2.20184807639542
			3.2740684601069	-2.20184807639542
			3.27221661143037	-2.19999622771889
			3.27036476275384	-2.19999622771889
			3.26851291407731	-2.19999622771889
			3.26666106540078	-2.19999622771889
			3.26480921672425	-2.19999622771889
			3.26295736804772	-2.19999622771889
			3.26110551937119	-2.19814437904236
			3.25925367069466	-2.19814437904236
			3.25740182201812	-2.19814437904236
			3.25554997334159	-2.19629253036583
			3.25369812466506	-2.19629253036583
			3.25184627598853	-2.19629253036583
			3.249994427312	-2.19629253036583
			3.24814257863547	-2.1944406816893
			3.24629072995894	-2.1944406816893
			3.24443888128241	-2.1944406816893
			3.24258703260588	-2.19258883301277
			3.24073518392935	-2.19258883301277
			3.23888333525281	-2.19073698433624
			3.23703148657628	-2.19073698433624
			3.23517963789975	-2.19073698433624
			3.23332778922322	-2.18888513565971
			3.23147594054669	-2.18888513565971
			3.22962409187016	-2.18703328698318
			3.22777224319363	-2.18518143830664
			3.2259203945171	-2.18518143830664
			3.22406854584057	-2.18332958963011
			3.22221669716403	-2.18332958963011
			3.2203648484875	-2.18147774095358
			3.21851299981097	-2.18147774095358
			3.21666115113444	-2.17962589227705
			3.21480930245791	-2.17777404360052
			3.21295745378138	-2.17777404360052
			3.21110560510485	-2.17592219492399
			3.20925375642832	-2.17407034624746
			3.20740190775179	-2.17221849757093
			3.20555005907526	-2.17221849757093
			3.20369821039872	-2.1703666488944
			3.20184636172219	-2.16851480021786
			3.19999451304566	-2.16851480021786
			3.19999451304566	-2.16666295154133
			3.19814266436913	-2.1648111028648
			3.1962908156926	-2.16295925418827
			3.19443896701607	-2.16295925418827
			3.19258711833954	-2.16110740551174
			3.19073526966301	-2.15925555683521
			3.19073526966301	-2.15740370815868
			3.18888342098648	-2.15555185948215
			3.18703157230994	-2.15555185948215
			3.18517972363341	-2.15370001080562
			3.18332787495688	-2.15184816212909
			3.18147602628035	-2.14999631345255
			3.18147602628035	-2.14814446477602
			3.17962417760382	-2.14629261609949
			3.17777232892729	-2.14444076742296
			3.17592048025076	-2.14258891874643
			3.17406863157423	-2.1407370700699
			3.1722167828977	-2.13888522139337
			3.17036493422117	-2.13703337271684
			3.17036493422117	-2.13518152404031
			3.16851308554463	-2.13332967536377
			3.1666612368681	-2.13147782668724
			3.16480938819157	-2.12962597801071
			3.16480938819157	-2.12777412933418
			3.16295753951504	-2.12592228065765
			3.16110569083851	-2.12407043198112
			3.16110569083851	-2.12221858330459
			3.15925384216198	-2.12036673462806
			3.15740199348545	-2.11851488595153
			3.15740199348545	-2.116663037275
			3.15555014480892	-2.116663037275
			3.15369829613239	-2.11481118859846
			3.15369829613239	-2.11295933992193
			3.15184644745585	-2.1111074912454
			3.15184644745585	-2.10925564256887
			3.14999459877932	-2.10740379389234
			3.14999459877932	-2.10555194521581
			3.14814275010279	-2.10555194521581
			3.14814275010279	-2.10370009653928
			3.14814275010279	-2.10184824786275
			3.14629090142626	-2.10184824786275
			3.14629090142626	-2.09999639918622
			3.14629090142626	-2.09814455050968
			3.14443905274973	-2.09814455050968
			3.14443905274973	-2.09629270183315
			3.1425872040732	-2.09629270183315
			3.1425872040732	-2.09444085315662
			3.1425872040732	-2.09258900448009
			3.14073535539667	-2.09258900448009
			3.14073535539667	-2.09073715580356
			3.13888350672014	-2.09073715580356
			3.13888350672014	-2.08888530712703
			3.13703165804361	-2.08888530712703
			3.13517980936708	-2.08888530712703
			3.13332796069054	-2.0870334584505
			3.13147611201401	-2.0870334584505
			3.12962426333748	-2.08518160977397
			3.12777241466095	-2.08518160977397
			3.12592056598442	-2.08332976109744
			3.12406871730789	-2.08332976109744
			3.12221686863136	-2.08147791242091
			3.12036501995483	-2.08147791242091
			3.1185131712783	-2.08147791242091
			3.11666132260176	-2.07962606374437
			3.11480947392523	-2.07962606374437
			3.1129576252487	-2.07777421506784
			3.11110577657217	-2.07777421506784
			3.10925392789564	-2.07592236639131
			3.10740207921911	-2.07592236639131
			3.10555023054258	-2.07592236639131
			3.10369838186605	-2.07407051771478
			3.10184653318952	-2.07407051771478
			3.09999468451299	-2.07221866903825
			3.09814283583645	-2.07221866903825
			3.09629098715992	-2.07221866903825
			3.09443913848339	-2.07036682036172
			3.09258728980686	-2.07036682036172
			3.09073544113033	-2.07036682036172
			3.0888835924538	-2.06851497168519
			3.08703174377727	-2.06851497168519
			3.08517989510074	-2.06851497168519
			3.08332804642421	-2.06666312300866
			3.08147619774768	-2.06666312300866
			3.07962434907114	-2.06666312300866
			3.07777250039461	-2.06481127433213
			3.07592065171808	-2.06481127433213
			3.07406880304155	-2.06295942565559
			3.07221695436502	-2.06295942565559
			3.07036510568849	-2.06295942565559
			3.06851325701196	-2.06110757697906
			3.06666140833543	-2.06110757697906
			3.0648095596589	-2.06110757697906
			3.06295771098236	-2.06110757697906
			3.06295771098236	-2.05925572830253
			3.06110586230583	-2.05925572830253
			3.0592540136293	-2.05925572830253
			3.05740216495277	-2.05925572830253
			3.05555031627624	-2.05925572830253
			3.05555031627624	-2.057403879626
			3.05369846759971	-2.057403879626
			3.05184661892318	-2.057403879626
			3.04999477024665	-2.057403879626
			3.04814292157012	-2.05555203094947
			3.04629107289359	-2.05555203094947
			3.04443922421705	-2.05555203094947
			3.04258737554052	-2.05555203094947
			3.04073552686399	-2.05370018227294
			3.03888367818746	-2.05370018227294
			3.03703182951093	-2.05370018227294
			3.0351799808344	-2.05370018227294
			3.03332813215787	-2.05184833359641
			3.03147628348134	-2.05184833359641
			3.02962443480481	-2.05184833359641
			3.02777258612827	-2.05184833359641
			3.02592073745174	-2.05184833359641
			3.02406888877521	-2.05184833359641
			3.02221704009868	-2.04999648491988
			3.02036519142215	-2.04999648491988
			3.01851334274562	-2.04999648491988
			3.01666149406909	-2.04999648491988
			3.01480964539256	-2.04999648491988
			3.01295779671603	-2.04999648491988
			3.01110594803949	-2.04999648491988
			3.00925409936296	-2.04814463624335
			3.00740225068643	-2.04814463624335
			3.0055504020099	-2.04814463624335
			3.00369855333337	-2.04814463624335
			3.00184670465684	-2.04814463624335
			2.99999485598031	-2.04814463624335
			2.99814300730378	-2.04814463624335
			2.99629115862725	-2.04814463624335
			2.99443930995072	-2.04814463624335
			2.99258746127418	-2.04814463624335
			2.99073561259765	-2.04814463624335
			2.98888376392112	-2.04814463624335
			2.98703191524459	-2.04814463624335
			2.98518006656806	-2.04814463624335
		</curvaI_espina_dorsal>
	</curves.scaled>
	<ruler.points type=matrix rownames=TRUE colnames=FALSE nrow=2 ncol=2 as.numeric=TRUE >
		Ruler point 1	1497	453
		Ruler point 2	2037	452
	</ruler.points>
</shapes>

