<shapes type=list>
	<ruler.pixel type=vector names=FALSE length=1 as.numeric=TRUE >539.000927642987</ruler.pixel>
	<ruler.interval type=vector names=FALSE length=1 as.numeric=TRUE >1</ruler.interval>
	<scaling.units type=vector names=FALSE length=1 as.numeric=FALSE >mm</scaling.units>
	<scaling type=vector names=FALSE length=1 as.numeric=TRUE >0.00185184867653105</scaling>
	<landmarks.pixel type=matrix rownames=TRUE colnames=FALSE nrow=3 ncol=2 as.numeric=TRUE >
		punta_espina_dorsal	1571	875
		esq_izq_caparaza	1360	1039
		organo_dorsal	1608	1210
	</landmarks.pixel>
	<landmarks.scaled type=matrix rownames=TRUE colnames=FALSE nrow=3 ncol=2 as.numeric=TRUE >
		punta_espina_dorsal	2.90925427083029	-1.62036759196467
		esq_izq_caparaza	2.51851420008223	-1.92407077491577
		organo_dorsal	2.97777267186194	-2.24073689860258
	</landmarks.scaled>
	<curves.control type=list>
		<curvaD_espina_dorsal type=matrix rownames=FALSE colnames=FALSE nrow=7 ncol=2 as.numeric=TRUE >
			1571	875
			1582	894
			1582	950
			1583	1036
			1573	1087
			1554	1140
			1608	1210
		</curvaD_espina_dorsal>
		<curvaI_espina_dorsal type=matrix rownames=FALSE colnames=FALSE nrow=9 ncol=2 as.numeric=TRUE >
			1571	875
			1574	942
			1562	997
			1555	1039
			1540	1069
			1477	1089
			1437	1035
			1390	1027
			1360	1039
		</curvaI_espina_dorsal>
	</curves.control>
	<curves.pixel type=list>
		<curvaD_espina_dorsal type=matrix rownames=FALSE colnames=FALSE nrow=343 ncol=2 as.numeric=TRUE >
			1571	875
			1571	876
			1572	876
			1572	877
			1572	878
			1573	879
			1573	880
			1574	881
			1574	882
			1575	883
			1575	884
			1575	885
			1576	886
			1576	887
			1576	888
			1576	889
			1577	890
			1577	891
			1577	892
			1577	893
			1578	894
			1578	895
			1578	896
			1578	897
			1578	898
			1579	899
			1579	900
			1579	901
			1579	902
			1579	903
			1579	904
			1580	905
			1580	906
			1580	907
			1580	908
			1580	909
			1580	910
			1580	911
			1580	912
			1580	913
			1581	914
			1581	915
			1581	916
			1581	917
			1581	918
			1581	919
			1581	920
			1581	921
			1581	922
			1581	923
			1581	924
			1581	925
			1581	926
			1581	927
			1582	928
			1582	929
			1582	930
			1582	931
			1582	932
			1582	933
			1582	934
			1582	935
			1582	936
			1582	937
			1582	938
			1582	939
			1582	940
			1582	941
			1582	942
			1582	943
			1582	944
			1582	945
			1582	946
			1582	947
			1582	948
			1582	949
			1582	950
			1582	951
			1582	952
			1582	953
			1582	954
			1582	955
			1582	956
			1582	957
			1582	958
			1582	959
			1582	960
			1582	961
			1582	962
			1582	963
			1582	964
			1582	965
			1582	966
			1582	967
			1582	968
			1582	969
			1582	970
			1582	971
			1582	972
			1582	973
			1582	974
			1582	975
			1582	976
			1582	977
			1582	978
			1582	979
			1582	980
			1582	981
			1582	982
			1582	983
			1582	984
			1582	985
			1582	986
			1582	987
			1582	988
			1582	989
			1582	990
			1582	991
			1582	992
			1582	993
			1582	994
			1582	995
			1582	996
			1582	997
			1582	998
			1582	999
			1582	1000
			1582	1001
			1582	1002
			1581	1003
			1581	1004
			1581	1005
			1581	1006
			1581	1007
			1581	1008
			1581	1009
			1581	1010
			1581	1011
			1581	1012
			1581	1013
			1581	1014
			1581	1015
			1581	1016
			1581	1017
			1581	1018
			1581	1019
			1581	1020
			1581	1021
			1581	1022
			1580	1023
			1580	1024
			1580	1025
			1580	1026
			1580	1027
			1580	1028
			1580	1029
			1580	1030
			1580	1031
			1580	1032
			1580	1033
			1580	1034
			1580	1035
			1580	1036
			1580	1037
			1579	1038
			1579	1039
			1579	1040
			1579	1041
			1579	1042
			1579	1043
			1579	1044
			1579	1045
			1579	1046
			1579	1047
			1579	1048
			1578	1049
			1578	1050
			1578	1051
			1578	1052
			1578	1053
			1578	1054
			1578	1055
			1578	1056
			1578	1057
			1578	1058
			1577	1059
			1577	1060
			1577	1061
			1577	1062
			1577	1063
			1577	1064
			1577	1065
			1576	1066
			1576	1067
			1576	1068
			1576	1069
			1576	1070
			1576	1071
			1576	1072
			1575	1073
			1575	1074
			1575	1075
			1575	1076
			1575	1077
			1575	1078
			1574	1079
			1574	1080
			1574	1081
			1574	1082
			1574	1083
			1574	1084
			1573	1085
			1573	1086
			1573	1087
			1573	1088
			1572	1089
			1572	1090
			1572	1091
			1571	1092
			1571	1093
			1571	1094
			1571	1095
			1570	1096
			1570	1097
			1570	1098
			1570	1099
			1570	1100
			1569	1101
			1569	1102
			1569	1103
			1569	1104
			1569	1105
			1569	1106
			1568	1107
			1568	1108
			1568	1109
			1568	1110
			1568	1111
			1568	1112
			1568	1113
			1568	1114
			1568	1115
			1568	1116
			1568	1117
			1568	1118
			1568	1119
			1568	1120
			1568	1121
			1568	1122
			1568	1123
			1568	1124
			1569	1125
			1569	1126
			1569	1127
			1569	1128
			1569	1129
			1569	1130
			1569	1131
			1569	1132
			1570	1133
			1570	1134
			1570	1135
			1570	1136
			1570	1137
			1571	1138
			1571	1139
			1571	1140
			1571	1141
			1572	1142
			1572	1143
			1572	1144
			1573	1145
			1573	1146
			1573	1147
			1573	1148
			1574	1148
			1574	1149
			1574	1150
			1574	1151
			1575	1152
			1575	1153
			1576	1154
			1576	1155
			1576	1156
			1577	1157
			1577	1158
			1578	1159
			1578	1160
			1578	1161
			1579	1162
			1579	1163
			1580	1164
			1580	1165
			1581	1166
			1581	1167
			1581	1168
			1582	1168
			1582	1169
			1582	1170
			1583	1170
			1583	1171
			1583	1172
			1584	1173
			1585	1174
			1585	1175
			1585	1176
			1586	1176
			1586	1177
			1587	1178
			1587	1179
			1588	1180
			1588	1181
			1589	1182
			1589	1183
			1590	1184
			1591	1185
			1591	1186
			1592	1187
			1592	1188
			1593	1188
			1593	1189
			1594	1190
			1595	1191
			1595	1192
			1596	1193
			1597	1194
			1597	1195
			1598	1196
			1598	1197
			1599	1198
			1600	1199
			1600	1200
			1601	1201
			1602	1202
			1602	1203
			1603	1204
			1604	1204
			1605	1205
			1605	1206
			1606	1207
			1607	1208
			1607	1209
			1608	1210
		</curvaD_espina_dorsal>
		<curvaI_espina_dorsal type=matrix rownames=FALSE colnames=FALSE nrow=386 ncol=2 as.numeric=TRUE >
			1571	875
			1571	876
			1571	877
			1571	878
			1571	879
			1571	880
			1571	881
			1571	882
			1571	883
			1571	884
			1571	885
			1571	886
			1571	887
			1571	888
			1571	889
			1571	890
			1572	891
			1572	892
			1572	893
			1572	894
			1572	895
			1572	896
			1572	897
			1572	898
			1572	899
			1572	900
			1572	901
			1572	902
			1572	903
			1572	904
			1572	905
			1572	906
			1572	907
			1572	908
			1572	909
			1572	910
			1572	911
			1571	912
			1571	913
			1571	914
			1571	915
			1571	916
			1571	917
			1571	918
			1571	919
			1571	920
			1571	921
			1571	922
			1571	923
			1571	924
			1571	925
			1571	926
			1571	927
			1571	928
			1571	929
			1571	930
			1571	931
			1571	932
			1571	933
			1571	934
			1571	935
			1570	936
			1570	937
			1570	938
			1570	939
			1570	940
			1570	941
			1570	942
			1570	943
			1570	944
			1570	945
			1570	946
			1570	947
			1570	948
			1569	949
			1569	950
			1569	951
			1569	952
			1569	953
			1569	954
			1569	955
			1569	956
			1569	957
			1568	958
			1568	959
			1568	960
			1568	961
			1568	962
			1568	963
			1568	964
			1568	965
			1567	966
			1567	967
			1567	968
			1567	969
			1567	970
			1567	971
			1567	972
			1566	973
			1566	974
			1566	975
			1566	976
			1566	977
			1566	978
			1565	979
			1565	980
			1565	981
			1565	982
			1565	983
			1565	984
			1564	985
			1564	986
			1564	987
			1564	988
			1564	989
			1563	990
			1563	991
			1563	992
			1563	993
			1563	994
			1563	995
			1562	996
			1562	997
			1562	998
			1562	999
			1562	1000
			1561	1001
			1561	1002
			1561	1003
			1561	1004
			1561	1005
			1560	1006
			1560	1007
			1560	1008
			1560	1009
			1560	1010
			1559	1011
			1559	1012
			1559	1013
			1559	1014
			1559	1015
			1558	1016
			1558	1017
			1558	1018
			1558	1019
			1557	1020
			1557	1021
			1557	1022
			1557	1023
			1556	1024
			1556	1025
			1556	1026
			1556	1027
			1555	1027
			1555	1028
			1555	1029
			1555	1030
			1554	1031
			1554	1032
			1554	1033
			1554	1034
			1553	1034
			1553	1035
			1553	1036
			1553	1037
			1552	1038
			1552	1039
			1552	1040
			1551	1041
			1551	1042
			1551	1043
			1551	1044
			1550	1044
			1550	1045
			1550	1046
			1549	1047
			1549	1048
			1549	1049
			1548	1050
			1548	1051
			1547	1052
			1547	1053
			1547	1054
			1546	1055
			1546	1056
			1545	1057
			1545	1058
			1545	1059
			1544	1060
			1544	1061
			1543	1062
			1543	1063
			1542	1064
			1542	1065
			1542	1066
			1541	1067
			1541	1068
			1540	1069
			1539	1069
			1538	1070
			1537	1070
			1536	1070
			1535	1071
			1534	1071
			1533	1071
			1532	1071
			1531	1072
			1530	1072
			1529	1072
			1528	1072
			1527	1072
			1526	1073
			1525	1073
			1524	1073
			1523	1073
			1522	1073
			1521	1073
			1520	1074
			1519	1074
			1518	1074
			1517	1074
			1516	1074
			1515	1074
			1514	1074
			1513	1074
			1512	1074
			1511	1074
			1510	1074
			1509	1074
			1508	1074
			1507	1074
			1506	1074
			1505	1074
			1504	1074
			1503	1074
			1502	1074
			1501	1074
			1500	1074
			1499	1074
			1498	1074
			1497	1074
			1496	1074
			1495	1073
			1494	1073
			1493	1073
			1492	1073
			1491	1073
			1490	1072
			1489	1072
			1488	1072
			1487	1072
			1486	1072
			1486	1071
			1485	1071
			1484	1071
			1483	1071
			1482	1070
			1481	1070
			1480	1070
			1479	1069
			1478	1069
			1477	1068
			1476	1068
			1475	1067
			1474	1067
			1473	1066
			1472	1066
			1471	1065
			1470	1065
			1469	1064
			1468	1064
			1467	1063
			1466	1063
			1465	1062
			1464	1061
			1463	1061
			1462	1060
			1461	1059
			1460	1059
			1459	1058
			1458	1057
			1457	1056
			1456	1056
			1455	1055
			1455	1054
			1454	1053
			1453	1053
			1452	1052
			1451	1051
			1450	1050
			1449	1049
			1448	1048
			1447	1047
			1446	1046
			1445	1045
			1445	1044
			1444	1044
			1443	1043
			1443	1042
			1442	1041
			1441	1041
			1441	1040
			1440	1039
			1440	1038
			1439	1038
			1438	1037
			1438	1036
			1437	1035
			1436	1035
			1435	1035
			1434	1034
			1433	1034
			1432	1034
			1431	1034
			1430	1034
			1429	1034
			1428	1034
			1427	1033
			1426	1033
			1425	1033
			1424	1033
			1423	1033
			1422	1033
			1421	1033
			1420	1033
			1419	1033
			1418	1032
			1417	1032
			1416	1032
			1415	1032
			1414	1032
			1413	1032
			1412	1032
			1411	1032
			1410	1032
			1409	1032
			1408	1032
			1407	1032
			1406	1032
			1405	1032
			1404	1032
			1403	1032
			1402	1032
			1401	1032
			1400	1032
			1399	1032
			1398	1032
			1397	1032
			1396	1032
			1395	1032
			1394	1032
			1393	1032
			1392	1032
			1391	1032
			1390	1032
			1389	1032
			1388	1033
			1387	1033
			1386	1033
			1385	1033
			1384	1033
			1383	1033
			1382	1033
			1381	1033
			1380	1034
			1379	1034
			1378	1034
			1377	1034
			1376	1034
			1375	1035
			1374	1035
			1373	1035
			1372	1035
			1371	1035
			1371	1036
			1370	1036
			1369	1036
			1368	1036
			1367	1037
			1366	1037
			1365	1037
			1364	1038
			1363	1038
			1362	1038
			1361	1039
			1360	1039
		</curvaI_espina_dorsal>
	</curves.pixel>
	<curves.scaled type=list>
		<curvaD_espina_dorsal type=matrix rownames=FALSE colnames=FALSE nrow=343 ncol=2 as.numeric=TRUE >
			2.90925427083029	-1.62036759196467
			2.90925427083029	-1.6222194406412
			2.91110611950682	-1.6222194406412
			2.91110611950682	-1.62407128931773
			2.91110611950682	-1.62592313799427
			2.91295796818335	-1.6277749866708
			2.91295796818335	-1.62962683534733
			2.91480981685988	-1.63147868402386
			2.91480981685988	-1.63333053270039
			2.91666166553641	-1.63518238137692
			2.91666166553641	-1.63703423005345
			2.91666166553641	-1.63888607872998
			2.91851351421294	-1.64073792740651
			2.91851351421294	-1.64258977608305
			2.91851351421294	-1.64444162475958
			2.91851351421294	-1.64629347343611
			2.92036536288947	-1.64814532211264
			2.92036536288947	-1.64999717078917
			2.92036536288947	-1.6518490194657
			2.92036536288947	-1.65370086814223
			2.922217211566	-1.65555271681876
			2.922217211566	-1.65740456549529
			2.922217211566	-1.65925641417182
			2.922217211566	-1.66110826284836
			2.922217211566	-1.66296011152489
			2.92406906024254	-1.66481196020142
			2.92406906024254	-1.66666380887795
			2.92406906024254	-1.66851565755448
			2.92406906024254	-1.67036750623101
			2.92406906024254	-1.67221935490754
			2.92406906024254	-1.67407120358407
			2.92592090891907	-1.6759230522606
			2.92592090891907	-1.67777490093714
			2.92592090891907	-1.67962674961367
			2.92592090891907	-1.6814785982902
			2.92592090891907	-1.68333044696673
			2.92592090891907	-1.68518229564326
			2.92592090891907	-1.68703414431979
			2.92592090891907	-1.68888599299632
			2.92592090891907	-1.69073784167285
			2.9277727575956	-1.69258969034938
			2.9277727575956	-1.69444153902591
			2.9277727575956	-1.69629338770245
			2.9277727575956	-1.69814523637898
			2.9277727575956	-1.69999708505551
			2.9277727575956	-1.70184893373204
			2.9277727575956	-1.70370078240857
			2.9277727575956	-1.7055526310851
			2.9277727575956	-1.70740447976163
			2.9277727575956	-1.70925632843816
			2.9277727575956	-1.71110817711469
			2.9277727575956	-1.71296002579123
			2.9277727575956	-1.71481187446776
			2.9277727575956	-1.71666372314429
			2.92962460627213	-1.71851557182082
			2.92962460627213	-1.72036742049735
			2.92962460627213	-1.72221926917388
			2.92962460627213	-1.72407111785041
			2.92962460627213	-1.72592296652694
			2.92962460627213	-1.72777481520347
			2.92962460627213	-1.72962666388001
			2.92962460627213	-1.73147851255654
			2.92962460627213	-1.73333036123307
			2.92962460627213	-1.7351822099096
			2.92962460627213	-1.73703405858613
			2.92962460627213	-1.73888590726266
			2.92962460627213	-1.74073775593919
			2.92962460627213	-1.74258960461572
			2.92962460627213	-1.74444145329225
			2.92962460627213	-1.74629330196878
			2.92962460627213	-1.74814515064532
			2.92962460627213	-1.74999699932185
			2.92962460627213	-1.75184884799838
			2.92962460627213	-1.75370069667491
			2.92962460627213	-1.75555254535144
			2.92962460627213	-1.75740439402797
			2.92962460627213	-1.7592562427045
			2.92962460627213	-1.76110809138103
			2.92962460627213	-1.76295994005756
			2.92962460627213	-1.7648117887341
			2.92962460627213	-1.76666363741063
			2.92962460627213	-1.76851548608716
			2.92962460627213	-1.77036733476369
			2.92962460627213	-1.77221918344022
			2.92962460627213	-1.77407103211675
			2.92962460627213	-1.77592288079328
			2.92962460627213	-1.77777472946981
			2.92962460627213	-1.77962657814634
			2.92962460627213	-1.78147842682287
			2.92962460627213	-1.78333027549941
			2.92962460627213	-1.78518212417594
			2.92962460627213	-1.78703397285247
			2.92962460627213	-1.788885821529
			2.92962460627213	-1.79073767020553
			2.92962460627213	-1.79258951888206
			2.92962460627213	-1.79444136755859
			2.92962460627213	-1.79629321623512
			2.92962460627213	-1.79814506491165
			2.92962460627213	-1.79999691358819
			2.92962460627213	-1.80184876226472
			2.92962460627213	-1.80370061094125
			2.92962460627213	-1.80555245961778
			2.92962460627213	-1.80740430829431
			2.92962460627213	-1.80925615697084
			2.92962460627213	-1.81110800564737
			2.92962460627213	-1.8129598543239
			2.92962460627213	-1.81481170300043
			2.92962460627213	-1.81666355167696
			2.92962460627213	-1.8185154003535
			2.92962460627213	-1.82036724903003
			2.92962460627213	-1.82221909770656
			2.92962460627213	-1.82407094638309
			2.92962460627213	-1.82592279505962
			2.92962460627213	-1.82777464373615
			2.92962460627213	-1.82962649241268
			2.92962460627213	-1.83147834108921
			2.92962460627213	-1.83333018976574
			2.92962460627213	-1.83518203844228
			2.92962460627213	-1.83703388711881
			2.92962460627213	-1.83888573579534
			2.92962460627213	-1.84073758447187
			2.92962460627213	-1.8425894331484
			2.92962460627213	-1.84444128182493
			2.92962460627213	-1.84629313050146
			2.92962460627213	-1.84814497917799
			2.92962460627213	-1.84999682785452
			2.92962460627213	-1.85184867653105
			2.92962460627213	-1.85370052520759
			2.92962460627213	-1.85555237388412
			2.9277727575956	-1.85740422256065
			2.9277727575956	-1.85925607123718
			2.9277727575956	-1.86110791991371
			2.9277727575956	-1.86295976859024
			2.9277727575956	-1.86481161726677
			2.9277727575956	-1.8666634659433
			2.9277727575956	-1.86851531461983
			2.9277727575956	-1.87036716329637
			2.9277727575956	-1.8722190119729
			2.9277727575956	-1.87407086064943
			2.9277727575956	-1.87592270932596
			2.9277727575956	-1.87777455800249
			2.9277727575956	-1.87962640667902
			2.9277727575956	-1.88147825535555
			2.9277727575956	-1.88333010403208
			2.9277727575956	-1.88518195270861
			2.9277727575956	-1.88703380138514
			2.9277727575956	-1.88888565006168
			2.9277727575956	-1.89073749873821
			2.9277727575956	-1.89258934741474
			2.92592090891907	-1.89444119609127
			2.92592090891907	-1.8962930447678
			2.92592090891907	-1.89814489344433
			2.92592090891907	-1.89999674212086
			2.92592090891907	-1.90184859079739
			2.92592090891907	-1.90370043947392
			2.92592090891907	-1.90555228815046
			2.92592090891907	-1.90740413682699
			2.92592090891907	-1.90925598550352
			2.92592090891907	-1.91110783418005
			2.92592090891907	-1.91295968285658
			2.92592090891907	-1.91481153153311
			2.92592090891907	-1.91666338020964
			2.92592090891907	-1.91851522888617
			2.92592090891907	-1.9203670775627
			2.92406906024254	-1.92221892623923
			2.92406906024254	-1.92407077491577
			2.92406906024254	-1.9259226235923
			2.92406906024254	-1.92777447226883
			2.92406906024254	-1.92962632094536
			2.92406906024254	-1.93147816962189
			2.92406906024254	-1.93333001829842
			2.92406906024254	-1.93518186697495
			2.92406906024254	-1.93703371565148
			2.92406906024254	-1.93888556432801
			2.92406906024254	-1.94073741300455
			2.922217211566	-1.94258926168108
			2.922217211566	-1.94444111035761
			2.922217211566	-1.94629295903414
			2.922217211566	-1.94814480771067
			2.922217211566	-1.9499966563872
			2.922217211566	-1.95184850506373
			2.922217211566	-1.95370035374026
			2.922217211566	-1.95555220241679
			2.922217211566	-1.95740405109332
			2.922217211566	-1.95925589976986
			2.92036536288947	-1.96110774844639
			2.92036536288947	-1.96295959712292
			2.92036536288947	-1.96481144579945
			2.92036536288947	-1.96666329447598
			2.92036536288947	-1.96851514315251
			2.92036536288947	-1.97036699182904
			2.92036536288947	-1.97221884050557
			2.91851351421294	-1.9740706891821
			2.91851351421294	-1.97592253785864
			2.91851351421294	-1.97777438653517
			2.91851351421294	-1.9796262352117
			2.91851351421294	-1.98147808388823
			2.91851351421294	-1.98332993256476
			2.91851351421294	-1.98518178124129
			2.91666166553641	-1.98703362991782
			2.91666166553641	-1.98888547859435
			2.91666166553641	-1.99073732727088
			2.91666166553641	-1.99258917594741
			2.91666166553641	-1.99444102462395
			2.91666166553641	-1.99629287330048
			2.91480981685988	-1.99814472197701
			2.91480981685988	-1.99999657065354
			2.91480981685988	-2.00184841933007
			2.91480981685988	-2.0037002680066
			2.91480981685988	-2.00555211668313
			2.91480981685988	-2.00740396535966
			2.91295796818335	-2.00925581403619
			2.91295796818335	-2.01110766271273
			2.91295796818335	-2.01295951138926
			2.91295796818335	-2.01481136006579
			2.91110611950682	-2.01666320874232
			2.91110611950682	-2.01851505741885
			2.91110611950682	-2.02036690609538
			2.90925427083029	-2.02221875477191
			2.90925427083029	-2.02407060344844
			2.90925427083029	-2.02592245212497
			2.90925427083029	-2.02777430080151
			2.90740242215376	-2.02962614947804
			2.90740242215376	-2.03147799815457
			2.90740242215376	-2.0333298468311
			2.90740242215376	-2.03518169550763
			2.90740242215376	-2.03703354418416
			2.90555057347722	-2.03888539286069
			2.90555057347722	-2.04073724153722
			2.90555057347722	-2.04258909021375
			2.90555057347722	-2.04444093889028
			2.90555057347722	-2.04629278756682
			2.90555057347722	-2.04814463624335
			2.90369872480069	-2.04999648491988
			2.90369872480069	-2.05184833359641
			2.90369872480069	-2.05370018227294
			2.90369872480069	-2.05555203094947
			2.90369872480069	-2.057403879626
			2.90369872480069	-2.05925572830253
			2.90369872480069	-2.06110757697906
			2.90369872480069	-2.06295942565559
			2.90369872480069	-2.06481127433213
			2.90369872480069	-2.06666312300866
			2.90369872480069	-2.06851497168519
			2.90369872480069	-2.07036682036172
			2.90369872480069	-2.07221866903825
			2.90369872480069	-2.07407051771478
			2.90369872480069	-2.07592236639131
			2.90369872480069	-2.07777421506784
			2.90369872480069	-2.07962606374437
			2.90369872480069	-2.08147791242091
			2.90555057347722	-2.08332976109744
			2.90555057347722	-2.08518160977397
			2.90555057347722	-2.0870334584505
			2.90555057347722	-2.08888530712703
			2.90555057347722	-2.09073715580356
			2.90555057347722	-2.09258900448009
			2.90555057347722	-2.09444085315662
			2.90555057347722	-2.09629270183315
			2.90740242215376	-2.09814455050968
			2.90740242215376	-2.09999639918622
			2.90740242215376	-2.10184824786275
			2.90740242215376	-2.10370009653928
			2.90740242215376	-2.10555194521581
			2.90925427083029	-2.10740379389234
			2.90925427083029	-2.10925564256887
			2.90925427083029	-2.1111074912454
			2.90925427083029	-2.11295933992193
			2.91110611950682	-2.11481118859846
			2.91110611950682	-2.116663037275
			2.91110611950682	-2.11851488595153
			2.91295796818335	-2.12036673462806
			2.91295796818335	-2.12221858330459
			2.91295796818335	-2.12407043198112
			2.91295796818335	-2.12592228065765
			2.91480981685988	-2.12592228065765
			2.91480981685988	-2.12777412933418
			2.91480981685988	-2.12962597801071
			2.91480981685988	-2.13147782668724
			2.91666166553641	-2.13332967536377
			2.91666166553641	-2.13518152404031
			2.91851351421294	-2.13703337271684
			2.91851351421294	-2.13888522139337
			2.91851351421294	-2.1407370700699
			2.92036536288947	-2.14258891874643
			2.92036536288947	-2.14444076742296
			2.922217211566	-2.14629261609949
			2.922217211566	-2.14814446477602
			2.922217211566	-2.14999631345255
			2.92406906024254	-2.15184816212909
			2.92406906024254	-2.15370001080562
			2.92592090891907	-2.15555185948215
			2.92592090891907	-2.15740370815868
			2.9277727575956	-2.15925555683521
			2.9277727575956	-2.16110740551174
			2.9277727575956	-2.16295925418827
			2.92962460627213	-2.16295925418827
			2.92962460627213	-2.1648111028648
			2.92962460627213	-2.16666295154133
			2.93147645494866	-2.16666295154133
			2.93147645494866	-2.16851480021786
			2.93147645494866	-2.1703666488944
			2.93332830362519	-2.17221849757093
			2.93518015230172	-2.17407034624746
			2.93518015230172	-2.17592219492399
			2.93518015230172	-2.17777404360052
			2.93703200097825	-2.17777404360052
			2.93703200097825	-2.17962589227705
			2.93888384965478	-2.18147774095358
			2.93888384965478	-2.18332958963011
			2.94073569833131	-2.18518143830664
			2.94073569833131	-2.18703328698318
			2.94258754700785	-2.18888513565971
			2.94258754700785	-2.19073698433624
			2.94443939568438	-2.19258883301277
			2.94629124436091	-2.1944406816893
			2.94629124436091	-2.19629253036583
			2.94814309303744	-2.19814437904236
			2.94814309303744	-2.19999622771889
			2.94999494171397	-2.19999622771889
			2.94999494171397	-2.20184807639542
			2.9518467903905	-2.20369992507195
			2.95369863906703	-2.20555177374849
			2.95369863906703	-2.20740362242502
			2.95555048774356	-2.20925547110155
			2.95740233642009	-2.21110731977808
			2.95740233642009	-2.21295916845461
			2.95925418509663	-2.21481101713114
			2.95925418509663	-2.21666286580767
			2.96110603377316	-2.2185147144842
			2.96295788244969	-2.22036656316073
			2.96295788244969	-2.22221841183727
			2.96480973112622	-2.2240702605138
			2.96666157980275	-2.22592210919033
			2.96666157980275	-2.22777395786686
			2.96851342847928	-2.22962580654339
			2.97036527715581	-2.22962580654339
			2.97221712583234	-2.23147765521992
			2.97221712583234	-2.23332950389645
			2.97406897450887	-2.23518135257298
			2.9759208231854	-2.23703320124951
			2.9759208231854	-2.23888504992604
			2.97777267186194	-2.24073689860258
		</curvaD_espina_dorsal>
		<curvaI_espina_dorsal type=matrix rownames=FALSE colnames=FALSE nrow=386 ncol=2 as.numeric=TRUE >
			2.90925427083029	-1.62036759196467
			2.90925427083029	-1.6222194406412
			2.90925427083029	-1.62407128931773
			2.90925427083029	-1.62592313799427
			2.90925427083029	-1.6277749866708
			2.90925427083029	-1.62962683534733
			2.90925427083029	-1.63147868402386
			2.90925427083029	-1.63333053270039
			2.90925427083029	-1.63518238137692
			2.90925427083029	-1.63703423005345
			2.90925427083029	-1.63888607872998
			2.90925427083029	-1.64073792740651
			2.90925427083029	-1.64258977608305
			2.90925427083029	-1.64444162475958
			2.90925427083029	-1.64629347343611
			2.90925427083029	-1.64814532211264
			2.91110611950682	-1.64999717078917
			2.91110611950682	-1.6518490194657
			2.91110611950682	-1.65370086814223
			2.91110611950682	-1.65555271681876
			2.91110611950682	-1.65740456549529
			2.91110611950682	-1.65925641417182
			2.91110611950682	-1.66110826284836
			2.91110611950682	-1.66296011152489
			2.91110611950682	-1.66481196020142
			2.91110611950682	-1.66666380887795
			2.91110611950682	-1.66851565755448
			2.91110611950682	-1.67036750623101
			2.91110611950682	-1.67221935490754
			2.91110611950682	-1.67407120358407
			2.91110611950682	-1.6759230522606
			2.91110611950682	-1.67777490093714
			2.91110611950682	-1.67962674961367
			2.91110611950682	-1.6814785982902
			2.91110611950682	-1.68333044696673
			2.91110611950682	-1.68518229564326
			2.91110611950682	-1.68703414431979
			2.90925427083029	-1.68888599299632
			2.90925427083029	-1.69073784167285
			2.90925427083029	-1.69258969034938
			2.90925427083029	-1.69444153902591
			2.90925427083029	-1.69629338770245
			2.90925427083029	-1.69814523637898
			2.90925427083029	-1.69999708505551
			2.90925427083029	-1.70184893373204
			2.90925427083029	-1.70370078240857
			2.90925427083029	-1.7055526310851
			2.90925427083029	-1.70740447976163
			2.90925427083029	-1.70925632843816
			2.90925427083029	-1.71110817711469
			2.90925427083029	-1.71296002579123
			2.90925427083029	-1.71481187446776
			2.90925427083029	-1.71666372314429
			2.90925427083029	-1.71851557182082
			2.90925427083029	-1.72036742049735
			2.90925427083029	-1.72221926917388
			2.90925427083029	-1.72407111785041
			2.90925427083029	-1.72592296652694
			2.90925427083029	-1.72777481520347
			2.90925427083029	-1.72962666388001
			2.90925427083029	-1.73147851255654
			2.90740242215376	-1.73333036123307
			2.90740242215376	-1.7351822099096
			2.90740242215376	-1.73703405858613
			2.90740242215376	-1.73888590726266
			2.90740242215376	-1.74073775593919
			2.90740242215376	-1.74258960461572
			2.90740242215376	-1.74444145329225
			2.90740242215376	-1.74629330196878
			2.90740242215376	-1.74814515064532
			2.90740242215376	-1.74999699932185
			2.90740242215376	-1.75184884799838
			2.90740242215376	-1.75370069667491
			2.90740242215376	-1.75555254535144
			2.90555057347722	-1.75740439402797
			2.90555057347722	-1.7592562427045
			2.90555057347722	-1.76110809138103
			2.90555057347722	-1.76295994005756
			2.90555057347722	-1.7648117887341
			2.90555057347722	-1.76666363741063
			2.90555057347722	-1.76851548608716
			2.90555057347722	-1.77036733476369
			2.90555057347722	-1.77221918344022
			2.90369872480069	-1.77407103211675
			2.90369872480069	-1.77592288079328
			2.90369872480069	-1.77777472946981
			2.90369872480069	-1.77962657814634
			2.90369872480069	-1.78147842682287
			2.90369872480069	-1.78333027549941
			2.90369872480069	-1.78518212417594
			2.90369872480069	-1.78703397285247
			2.90184687612416	-1.788885821529
			2.90184687612416	-1.79073767020553
			2.90184687612416	-1.79258951888206
			2.90184687612416	-1.79444136755859
			2.90184687612416	-1.79629321623512
			2.90184687612416	-1.79814506491165
			2.90184687612416	-1.79999691358819
			2.89999502744763	-1.80184876226472
			2.89999502744763	-1.80370061094125
			2.89999502744763	-1.80555245961778
			2.89999502744763	-1.80740430829431
			2.89999502744763	-1.80925615697084
			2.89999502744763	-1.81110800564737
			2.8981431787711	-1.8129598543239
			2.8981431787711	-1.81481170300043
			2.8981431787711	-1.81666355167696
			2.8981431787711	-1.8185154003535
			2.8981431787711	-1.82036724903003
			2.8981431787711	-1.82221909770656
			2.89629133009457	-1.82407094638309
			2.89629133009457	-1.82592279505962
			2.89629133009457	-1.82777464373615
			2.89629133009457	-1.82962649241268
			2.89629133009457	-1.83147834108921
			2.89443948141804	-1.83333018976574
			2.89443948141804	-1.83518203844228
			2.89443948141804	-1.83703388711881
			2.89443948141804	-1.83888573579534
			2.89443948141804	-1.84073758447187
			2.89443948141804	-1.8425894331484
			2.89258763274151	-1.84444128182493
			2.89258763274151	-1.84629313050146
			2.89258763274151	-1.84814497917799
			2.89258763274151	-1.84999682785452
			2.89258763274151	-1.85184867653105
			2.89073578406498	-1.85370052520759
			2.89073578406498	-1.85555237388412
			2.89073578406498	-1.85740422256065
			2.89073578406498	-1.85925607123718
			2.89073578406498	-1.86110791991371
			2.88888393538845	-1.86295976859024
			2.88888393538845	-1.86481161726677
			2.88888393538845	-1.8666634659433
			2.88888393538845	-1.86851531461983
			2.88888393538845	-1.87036716329637
			2.88703208671191	-1.8722190119729
			2.88703208671191	-1.87407086064943
			2.88703208671191	-1.87592270932596
			2.88703208671191	-1.87777455800249
			2.88703208671191	-1.87962640667902
			2.88518023803538	-1.88147825535555
			2.88518023803538	-1.88333010403208
			2.88518023803538	-1.88518195270861
			2.88518023803538	-1.88703380138514
			2.88332838935885	-1.88888565006168
			2.88332838935885	-1.89073749873821
			2.88332838935885	-1.89258934741474
			2.88332838935885	-1.89444119609127
			2.88147654068232	-1.8962930447678
			2.88147654068232	-1.89814489344433
			2.88147654068232	-1.89999674212086
			2.88147654068232	-1.90184859079739
			2.87962469200579	-1.90184859079739
			2.87962469200579	-1.90370043947392
			2.87962469200579	-1.90555228815046
			2.87962469200579	-1.90740413682699
			2.87777284332926	-1.90925598550352
			2.87777284332926	-1.91110783418005
			2.87777284332926	-1.91295968285658
			2.87777284332926	-1.91481153153311
			2.87592099465273	-1.91481153153311
			2.87592099465273	-1.91666338020964
			2.87592099465273	-1.91851522888617
			2.87592099465273	-1.9203670775627
			2.8740691459762	-1.92221892623923
			2.8740691459762	-1.92407077491577
			2.8740691459762	-1.9259226235923
			2.87221729729967	-1.92777447226883
			2.87221729729967	-1.92962632094536
			2.87221729729967	-1.93147816962189
			2.87221729729967	-1.93333001829842
			2.87036544862313	-1.93333001829842
			2.87036544862313	-1.93518186697495
			2.87036544862313	-1.93703371565148
			2.8685135999466	-1.93888556432801
			2.8685135999466	-1.94073741300455
			2.8685135999466	-1.94258926168108
			2.86666175127007	-1.94444111035761
			2.86666175127007	-1.94629295903414
			2.86480990259354	-1.94814480771067
			2.86480990259354	-1.9499966563872
			2.86480990259354	-1.95184850506373
			2.86295805391701	-1.95370035374026
			2.86295805391701	-1.95555220241679
			2.86110620524048	-1.95740405109332
			2.86110620524048	-1.95925589976986
			2.86110620524048	-1.96110774844639
			2.85925435656395	-1.96295959712292
			2.85925435656395	-1.96481144579945
			2.85740250788742	-1.96666329447598
			2.85740250788742	-1.96851514315251
			2.85555065921089	-1.97036699182904
			2.85555065921089	-1.97221884050557
			2.85555065921089	-1.9740706891821
			2.85369881053436	-1.97592253785864
			2.85369881053436	-1.97777438653517
			2.85184696185782	-1.9796262352117
			2.84999511318129	-1.9796262352117
			2.84814326450476	-1.98147808388823
			2.84629141582823	-1.98147808388823
			2.8444395671517	-1.98147808388823
			2.84258771847517	-1.98332993256476
			2.84073586979864	-1.98332993256476
			2.83888402112211	-1.98332993256476
			2.83703217244558	-1.98332993256476
			2.83518032376904	-1.98518178124129
			2.83332847509251	-1.98518178124129
			2.83147662641598	-1.98518178124129
			2.82962477773945	-1.98518178124129
			2.82777292906292	-1.98518178124129
			2.82592108038639	-1.98703362991782
			2.82406923170986	-1.98703362991782
			2.82221738303333	-1.98703362991782
			2.8203655343568	-1.98703362991782
			2.81851368568027	-1.98703362991782
			2.81666183700373	-1.98703362991782
			2.8148099883272	-1.98888547859435
			2.81295813965067	-1.98888547859435
			2.81110629097414	-1.98888547859435
			2.80925444229761	-1.98888547859435
			2.80740259362108	-1.98888547859435
			2.80555074494455	-1.98888547859435
			2.80369889626802	-1.98888547859435
			2.80184704759149	-1.98888547859435
			2.79999519891495	-1.98888547859435
			2.79814335023842	-1.98888547859435
			2.79629150156189	-1.98888547859435
			2.79443965288536	-1.98888547859435
			2.79258780420883	-1.98888547859435
			2.7907359555323	-1.98888547859435
			2.78888410685577	-1.98888547859435
			2.78703225817924	-1.98888547859435
			2.78518040950271	-1.98888547859435
			2.78332856082617	-1.98888547859435
			2.78147671214964	-1.98888547859435
			2.77962486347311	-1.98888547859435
			2.77777301479658	-1.98888547859435
			2.77592116612005	-1.98888547859435
			2.77406931744352	-1.98888547859435
			2.77221746876699	-1.98888547859435
			2.77036562009046	-1.98888547859435
			2.76851377141393	-1.98703362991782
			2.7666619227374	-1.98703362991782
			2.76481007406086	-1.98703362991782
			2.76295822538433	-1.98703362991782
			2.7611063767078	-1.98703362991782
			2.75925452803127	-1.98518178124129
			2.75740267935474	-1.98518178124129
			2.75555083067821	-1.98518178124129
			2.75369898200168	-1.98518178124129
			2.75184713332515	-1.98518178124129
			2.75184713332515	-1.98332993256476
			2.74999528464862	-1.98332993256476
			2.74814343597208	-1.98332993256476
			2.74629158729555	-1.98332993256476
			2.74443973861902	-1.98147808388823
			2.74258788994249	-1.98147808388823
			2.74073604126596	-1.98147808388823
			2.73888419258943	-1.9796262352117
			2.7370323439129	-1.9796262352117
			2.73518049523637	-1.97777438653517
			2.73332864655984	-1.97777438653517
			2.73147679788331	-1.97592253785864
			2.72962494920677	-1.97592253785864
			2.72777310053024	-1.9740706891821
			2.72592125185371	-1.9740706891821
			2.72406940317718	-1.97221884050557
			2.72221755450065	-1.97221884050557
			2.72036570582412	-1.97036699182904
			2.71851385714759	-1.97036699182904
			2.71666200847106	-1.96851514315251
			2.71481015979453	-1.96851514315251
			2.71295831111799	-1.96666329447598
			2.71110646244146	-1.96481144579945
			2.70925461376493	-1.96481144579945
			2.7074027650884	-1.96295959712292
			2.70555091641187	-1.96110774844639
			2.70369906773534	-1.96110774844639
			2.70184721905881	-1.95925589976986
			2.69999537038228	-1.95740405109332
			2.69814352170575	-1.95555220241679
			2.69629167302922	-1.95555220241679
			2.69443982435268	-1.95370035374026
			2.69443982435268	-1.95184850506373
			2.69258797567615	-1.9499966563872
			2.69073612699962	-1.9499966563872
			2.68888427832309	-1.94814480771067
			2.68703242964656	-1.94629295903414
			2.68518058097003	-1.94444111035761
			2.6833287322935	-1.94258926168108
			2.68147688361697	-1.94073741300455
			2.67962503494044	-1.93888556432801
			2.6777731862639	-1.93703371565148
			2.67592133758737	-1.93518186697495
			2.67592133758737	-1.93333001829842
			2.67406948891084	-1.93333001829842
			2.67221764023431	-1.93147816962189
			2.67221764023431	-1.92962632094536
			2.67036579155778	-1.92777447226883
			2.66851394288125	-1.92777447226883
			2.66851394288125	-1.9259226235923
			2.66666209420472	-1.92407077491577
			2.66666209420472	-1.92221892623923
			2.66481024552819	-1.92221892623923
			2.66295839685166	-1.9203670775627
			2.66295839685166	-1.91851522888617
			2.66110654817513	-1.91666338020964
			2.65925469949859	-1.91666338020964
			2.65740285082206	-1.91666338020964
			2.65555100214553	-1.91481153153311
			2.653699153469	-1.91481153153311
			2.65184730479247	-1.91481153153311
			2.64999545611594	-1.91481153153311
			2.64814360743941	-1.91481153153311
			2.64629175876288	-1.91481153153311
			2.64443991008635	-1.91481153153311
			2.64258806140981	-1.91295968285658
			2.64073621273328	-1.91295968285658
			2.63888436405675	-1.91295968285658
			2.63703251538022	-1.91295968285658
			2.63518066670369	-1.91295968285658
			2.63332881802716	-1.91295968285658
			2.63147696935063	-1.91295968285658
			2.6296251206741	-1.91295968285658
			2.62777327199757	-1.91295968285658
			2.62592142332104	-1.91110783418005
			2.6240695746445	-1.91110783418005
			2.62221772596797	-1.91110783418005
			2.62036587729144	-1.91110783418005
			2.61851402861491	-1.91110783418005
			2.61666217993838	-1.91110783418005
			2.61481033126185	-1.91110783418005
			2.61295848258532	-1.91110783418005
			2.61110663390879	-1.91110783418005
			2.60925478523226	-1.91110783418005
			2.60740293655572	-1.91110783418005
			2.60555108787919	-1.91110783418005
			2.60369923920266	-1.91110783418005
			2.60184739052613	-1.91110783418005
			2.5999955418496	-1.91110783418005
			2.59814369317307	-1.91110783418005
			2.59629184449654	-1.91110783418005
			2.59443999582001	-1.91110783418005
			2.59258814714348	-1.91110783418005
			2.59073629846695	-1.91110783418005
			2.58888444979041	-1.91110783418005
			2.58703260111388	-1.91110783418005
			2.58518075243735	-1.91110783418005
			2.58332890376082	-1.91110783418005
			2.58147705508429	-1.91110783418005
			2.57962520640776	-1.91110783418005
			2.57777335773123	-1.91110783418005
			2.5759215090547	-1.91110783418005
			2.57406966037817	-1.91110783418005
			2.57221781170163	-1.91110783418005
			2.5703659630251	-1.91295968285658
			2.56851411434857	-1.91295968285658
			2.56666226567204	-1.91295968285658
			2.56481041699551	-1.91295968285658
			2.56295856831898	-1.91295968285658
			2.56110671964245	-1.91295968285658
			2.55925487096592	-1.91295968285658
			2.55740302228939	-1.91295968285658
			2.55555117361286	-1.91481153153311
			2.55369932493632	-1.91481153153311
			2.55184747625979	-1.91481153153311
			2.54999562758326	-1.91481153153311
			2.54814377890673	-1.91481153153311
			2.5462919302302	-1.91666338020964
			2.54444008155367	-1.91666338020964
			2.54258823287714	-1.91666338020964
			2.54073638420061	-1.91666338020964
			2.53888453552408	-1.91666338020964
			2.53888453552408	-1.91851522888617
			2.53703268684755	-1.91851522888617
			2.53518083817101	-1.91851522888617
			2.53332898949448	-1.91851522888617
			2.53147714081795	-1.9203670775627
			2.52962529214142	-1.9203670775627
			2.52777344346489	-1.9203670775627
			2.52592159478836	-1.92221892623923
			2.52406974611183	-1.92221892623923
			2.5222178974353	-1.92221892623923
			2.52036604875877	-1.92407077491577
			2.51851420008223	-1.92407077491577
		</curvaI_espina_dorsal>
	</curves.scaled>
	<ruler.points type=matrix rownames=TRUE colnames=FALSE nrow=2 ncol=2 as.numeric=TRUE >
		Ruler point 1	1497	453
		Ruler point 2	2037	452
	</ruler.points>
</shapes>

