<shapes type=list>
	<ruler.pixel type=vector names=FALSE length=1 as.numeric=TRUE >539.000927642987</ruler.pixel>
	<ruler.interval type=vector names=FALSE length=1 as.numeric=TRUE >1</ruler.interval>
	<scaling.units type=vector names=FALSE length=1 as.numeric=FALSE >mm</scaling.units>
	<scaling type=vector names=FALSE length=1 as.numeric=TRUE >0.00185184867653105</scaling>
	<landmarks.pixel type=matrix rownames=TRUE colnames=FALSE nrow=3 ncol=2 as.numeric=TRUE >
		punta_espina_dorsal	1628	1021
		esq_izq_caparaza	1392	1139
		organo_dorsal	1612	1375
	</landmarks.pixel>
	<landmarks.scaled type=matrix rownames=TRUE colnames=FALSE nrow=3 ncol=2 as.numeric=TRUE >
		punta_espina_dorsal	3.01480964539256	-1.89073749873821
		esq_izq_caparaza	2.57777335773123	-2.10925564256887
		organo_dorsal	2.98518006656806	-2.5462919302302
	</landmarks.scaled>
	<curves.control type=list>
		<curvaD_espina_dorsal type=matrix rownames=FALSE colnames=FALSE nrow=7 ncol=2 as.numeric=TRUE >
			1628	1021
			1637	1034
			1630	1100
			1619	1175
			1604	1219
			1575	1261
			1612	1375
		</curvaD_espina_dorsal>
		<curvaI_espina_dorsal type=matrix rownames=FALSE colnames=FALSE nrow=9 ncol=2 as.numeric=TRUE >
			1628	1021
			1623	1071
			1612	1120
			1597	1187
			1573	1202
			1515	1203
			1475	1151
			1443	1138
			1392	1139
		</curvaI_espina_dorsal>
	</curves.control>
	<curves.pixel type=list>
		<curvaD_espina_dorsal type=matrix rownames=FALSE colnames=FALSE nrow=361 ncol=2 as.numeric=TRUE >
			1628	1021
			1629	1022
			1629	1023
			1630	1024
			1630	1025
			1630	1026
			1631	1027
			1631	1028
			1631	1029
			1631	1030
			1632	1031
			1632	1032
			1632	1033
			1632	1034
			1632	1035
			1632	1036
			1632	1037
			1632	1038
			1633	1038
			1633	1039
			1633	1040
			1633	1041
			1633	1042
			1633	1043
			1633	1044
			1633	1045
			1633	1046
			1633	1047
			1633	1048
			1633	1049
			1633	1050
			1633	1051
			1633	1052
			1633	1053
			1633	1054
			1633	1055
			1633	1056
			1633	1057
			1633	1058
			1633	1059
			1633	1060
			1633	1061
			1633	1062
			1633	1063
			1633	1064
			1633	1065
			1633	1066
			1633	1067
			1633	1068
			1633	1069
			1633	1070
			1632	1071
			1632	1072
			1632	1073
			1632	1074
			1632	1075
			1632	1076
			1632	1077
			1632	1078
			1632	1079
			1632	1080
			1632	1081
			1632	1082
			1632	1083
			1632	1084
			1631	1085
			1631	1086
			1631	1087
			1631	1088
			1631	1089
			1631	1090
			1631	1091
			1631	1092
			1631	1093
			1631	1094
			1630	1095
			1630	1096
			1630	1097
			1630	1098
			1630	1099
			1630	1100
			1630	1101
			1630	1102
			1630	1103
			1629	1104
			1629	1105
			1629	1106
			1629	1107
			1629	1108
			1629	1109
			1628	1110
			1628	1111
			1628	1112
			1628	1113
			1628	1114
			1628	1115
			1628	1116
			1627	1117
			1627	1118
			1627	1119
			1627	1120
			1627	1121
			1627	1122
			1626	1123
			1626	1124
			1626	1125
			1626	1126
			1626	1127
			1626	1128
			1625	1129
			1625	1130
			1625	1131
			1625	1132
			1625	1133
			1625	1134
			1624	1135
			1624	1136
			1624	1137
			1624	1138
			1624	1139
			1624	1140
			1623	1140
			1623	1141
			1623	1142
			1623	1143
			1623	1144
			1623	1145
			1622	1146
			1622	1147
			1622	1148
			1622	1149
			1622	1150
			1621	1151
			1621	1152
			1621	1153
			1621	1154
			1621	1155
			1620	1156
			1620	1157
			1620	1158
			1620	1159
			1620	1160
			1619	1161
			1619	1162
			1619	1163
			1619	1164
			1618	1165
			1618	1166
			1618	1167
			1618	1168
			1618	1169
			1617	1170
			1617	1171
			1617	1172
			1617	1173
			1616	1174
			1616	1175
			1616	1176
			1616	1177
			1616	1178
			1615	1179
			1615	1180
			1615	1181
			1615	1182
			1614	1183
			1614	1184
			1614	1185
			1614	1186
			1613	1187
			1613	1188
			1613	1189
			1612	1190
			1612	1191
			1612	1192
			1612	1193
			1612	1194
			1611	1195
			1611	1196
			1611	1197
			1611	1198
			1610	1198
			1610	1199
			1610	1200
			1610	1201
			1609	1202
			1609	1203
			1609	1204
			1609	1205
			1608	1206
			1608	1207
			1607	1208
			1607	1209
			1607	1210
			1607	1211
			1606	1212
			1606	1213
			1606	1214
			1605	1215
			1605	1216
			1605	1217
			1604	1218
			1604	1219
			1603	1220
			1603	1221
			1602	1222
			1602	1223
			1601	1224
			1601	1225
			1600	1226
			1600	1227
			1599	1228
			1599	1229
			1598	1230
			1598	1231
			1597	1232
			1597	1233
			1596	1234
			1596	1235
			1596	1236
			1596	1237
			1595	1238
			1595	1239
			1595	1240
			1594	1241
			1594	1242
			1594	1243
			1594	1244
			1594	1245
			1593	1246
			1593	1247
			1593	1248
			1593	1249
			1593	1250
			1593	1251
			1592	1252
			1592	1253
			1592	1254
			1592	1255
			1592	1256
			1592	1257
			1592	1258
			1592	1259
			1592	1260
			1592	1261
			1591	1262
			1591	1263
			1591	1264
			1591	1265
			1591	1266
			1591	1267
			1591	1268
			1591	1269
			1591	1270
			1591	1271
			1591	1272
			1591	1273
			1591	1274
			1591	1275
			1591	1276
			1591	1277
			1591	1278
			1592	1279
			1592	1280
			1592	1281
			1592	1282
			1592	1283
			1592	1284
			1592	1285
			1592	1286
			1592	1287
			1592	1288
			1592	1289
			1592	1290
			1592	1291
			1593	1292
			1593	1293
			1593	1294
			1593	1295
			1593	1296
			1593	1297
			1593	1298
			1593	1299
			1594	1300
			1594	1301
			1594	1302
			1594	1303
			1594	1304
			1594	1305
			1594	1306
			1595	1307
			1595	1308
			1595	1309
			1595	1310
			1595	1311
			1596	1312
			1596	1313
			1596	1314
			1596	1315
			1596	1316
			1597	1317
			1597	1318
			1597	1319
			1597	1320
			1597	1321
			1598	1322
			1598	1323
			1598	1324
			1598	1325
			1598	1326
			1599	1327
			1599	1328
			1599	1329
			1599	1330
			1600	1331
			1600	1332
			1600	1333
			1600	1334
			1601	1335
			1601	1336
			1601	1337
			1601	1338
			1602	1339
			1602	1340
			1602	1341
			1602	1342
			1603	1343
			1603	1344
			1603	1345
			1603	1346
			1604	1347
			1604	1348
			1604	1349
			1605	1350
			1605	1351
			1605	1352
			1605	1353
			1605	1354
			1606	1354
			1606	1355
			1606	1356
			1606	1357
			1607	1358
			1607	1359
			1607	1360
			1607	1361
			1608	1361
			1608	1362
			1608	1363
			1608	1364
			1609	1364
			1609	1365
			1609	1366
			1609	1367
			1610	1368
			1610	1369
			1610	1370
			1611	1371
			1611	1372
			1611	1373
			1612	1374
			1612	1375
		</curvaD_espina_dorsal>
		<curvaI_espina_dorsal type=matrix rownames=FALSE colnames=FALSE nrow=374 ncol=2 as.numeric=TRUE >
			1628	1021
			1628	1022
			1628	1023
			1628	1024
			1628	1025
			1627	1026
			1627	1027
			1627	1028
			1627	1029
			1627	1030
			1627	1031
			1627	1032
			1627	1033
			1627	1034
			1626	1035
			1626	1036
			1626	1037
			1626	1038
			1626	1039
			1626	1040
			1626	1041
			1626	1042
			1625	1043
			1625	1044
			1625	1045
			1625	1046
			1625	1047
			1625	1048
			1625	1049
			1625	1050
			1624	1051
			1624	1052
			1624	1053
			1624	1054
			1624	1055
			1624	1056
			1624	1057
			1623	1058
			1623	1059
			1623	1060
			1623	1061
			1623	1062
			1623	1063
			1623	1064
			1622	1065
			1622	1066
			1622	1067
			1622	1068
			1622	1069
			1622	1070
			1621	1071
			1621	1072
			1621	1073
			1621	1074
			1621	1075
			1621	1076
			1620	1077
			1620	1078
			1620	1079
			1620	1080
			1620	1081
			1620	1082
			1619	1083
			1619	1084
			1619	1085
			1619	1086
			1619	1087
			1618	1088
			1618	1089
			1618	1090
			1618	1091
			1618	1092
			1618	1093
			1617	1094
			1617	1095
			1617	1096
			1617	1097
			1617	1098
			1616	1099
			1616	1100
			1616	1101
			1616	1102
			1616	1103
			1615	1104
			1615	1105
			1615	1106
			1615	1107
			1615	1108
			1614	1109
			1614	1110
			1614	1111
			1614	1112
			1614	1113
			1613	1114
			1613	1115
			1613	1116
			1613	1117
			1613	1118
			1612	1119
			1612	1120
			1612	1121
			1611	1122
			1611	1123
			1611	1124
			1611	1125
			1611	1126
			1610	1127
			1610	1128
			1610	1129
			1610	1130
			1609	1131
			1609	1132
			1609	1133
			1609	1134
			1608	1135
			1608	1136
			1608	1137
			1608	1138
			1607	1139
			1607	1140
			1607	1141
			1607	1142
			1606	1142
			1606	1143
			1606	1144
			1606	1145
			1605	1145
			1605	1146
			1605	1147
			1605	1148
			1604	1149
			1604	1150
			1604	1151
			1603	1152
			1603	1153
			1603	1154
			1602	1155
			1602	1156
			1602	1157
			1601	1158
			1601	1159
			1600	1160
			1600	1161
			1600	1162
			1599	1163
			1599	1164
			1599	1165
			1598	1166
			1598	1167
			1597	1168
			1597	1169
			1597	1170
			1596	1171
			1596	1172
			1595	1173
			1595	1174
			1594	1175
			1594	1176
			1593	1177
			1593	1178
			1592	1179
			1592	1180
			1591	1181
			1591	1182
			1590	1183
			1590	1184
			1589	1185
			1588	1186
			1587	1187
			1587	1188
			1586	1189
			1585	1190
			1585	1191
			1584	1192
			1583	1193
			1582	1194
			1581	1195
			1580	1196
			1580	1197
			1579	1198
			1578	1198
			1577	1199
			1576	1200
			1575	1200
			1575	1201
			1574	1202
			1573	1202
			1572	1202
			1571	1202
			1570	1202
			1569	1202
			1568	1202
			1567	1202
			1566	1202
			1565	1202
			1564	1202
			1563	1202
			1562	1202
			1561	1202
			1560	1202
			1559	1201
			1558	1201
			1557	1201
			1556	1201
			1555	1201
			1554	1201
			1553	1201
			1552	1201
			1551	1200
			1550	1200
			1549	1200
			1548	1200
			1547	1200
			1546	1199
			1545	1199
			1544	1199
			1543	1199
			1542	1198
			1541	1198
			1540	1198
			1539	1198
			1538	1197
			1537	1197
			1536	1197
			1535	1196
			1534	1196
			1533	1196
			1532	1195
			1531	1195
			1530	1194
			1529	1194
			1528	1194
			1527	1193
			1526	1193
			1525	1193
			1524	1192
			1523	1191
			1522	1191
			1521	1190
			1520	1190
			1519	1189
			1518	1189
			1517	1188
			1516	1188
			1515	1187
			1514	1187
			1513	1186
			1512	1185
			1511	1185
			1510	1184
			1509	1184
			1508	1183
			1507	1182
			1506	1182
			1505	1181
			1504	1180
			1503	1180
			1502	1179
			1501	1178
			1501	1177
			1500	1177
			1499	1176
			1498	1175
			1497	1174
			1496	1174
			1495	1173
			1494	1172
			1493	1171
			1492	1170
			1492	1169
			1491	1169
			1490	1168
			1489	1167
			1488	1166
			1487	1165
			1486	1164
			1485	1163
			1485	1162
			1484	1161
			1483	1160
			1482	1160
			1481	1159
			1480	1158
			1479	1157
			1479	1156
			1478	1155
			1477	1154
			1476	1153
			1476	1152
			1475	1151
			1474	1151
			1474	1150
			1473	1150
			1472	1150
			1471	1150
			1470	1149
			1469	1149
			1468	1148
			1467	1148
			1466	1148
			1465	1147
			1464	1147
			1463	1147
			1462	1146
			1461	1146
			1460	1146
			1459	1146
			1458	1145
			1457	1145
			1456	1145
			1455	1145
			1454	1144
			1453	1144
			1452	1144
			1451	1144
			1450	1144
			1449	1143
			1448	1143
			1447	1143
			1446	1143
			1445	1143
			1444	1142
			1443	1142
			1442	1142
			1441	1142
			1440	1142
			1439	1142
			1438	1141
			1437	1141
			1436	1141
			1435	1141
			1434	1141
			1433	1141
			1432	1141
			1431	1141
			1430	1140
			1429	1140
			1428	1140
			1427	1140
			1426	1140
			1425	1140
			1424	1140
			1423	1140
			1422	1140
			1421	1140
			1420	1140
			1419	1140
			1418	1139
			1417	1139
			1416	1139
			1415	1139
			1414	1139
			1413	1139
			1412	1139
			1411	1139
			1410	1139
			1409	1139
			1408	1139
			1407	1139
			1406	1139
			1405	1139
			1404	1139
			1403	1139
			1402	1139
			1401	1139
			1400	1139
			1399	1139
			1398	1139
			1397	1139
			1396	1139
			1395	1139
			1394	1139
			1393	1139
			1392	1139
		</curvaI_espina_dorsal>
	</curves.pixel>
	<curves.scaled type=list>
		<curvaD_espina_dorsal type=matrix rownames=FALSE colnames=FALSE nrow=361 ncol=2 as.numeric=TRUE >
			3.01480964539256	-1.89073749873821
			3.01666149406909	-1.89258934741474
			3.01666149406909	-1.89444119609127
			3.01851334274562	-1.8962930447678
			3.01851334274562	-1.89814489344433
			3.01851334274562	-1.89999674212086
			3.02036519142215	-1.90184859079739
			3.02036519142215	-1.90370043947392
			3.02036519142215	-1.90555228815046
			3.02036519142215	-1.90740413682699
			3.02221704009868	-1.90925598550352
			3.02221704009868	-1.91110783418005
			3.02221704009868	-1.91295968285658
			3.02221704009868	-1.91481153153311
			3.02221704009868	-1.91666338020964
			3.02221704009868	-1.91851522888617
			3.02221704009868	-1.9203670775627
			3.02221704009868	-1.92221892623923
			3.02406888877521	-1.92221892623923
			3.02406888877521	-1.92407077491577
			3.02406888877521	-1.9259226235923
			3.02406888877521	-1.92777447226883
			3.02406888877521	-1.92962632094536
			3.02406888877521	-1.93147816962189
			3.02406888877521	-1.93333001829842
			3.02406888877521	-1.93518186697495
			3.02406888877521	-1.93703371565148
			3.02406888877521	-1.93888556432801
			3.02406888877521	-1.94073741300455
			3.02406888877521	-1.94258926168108
			3.02406888877521	-1.94444111035761
			3.02406888877521	-1.94629295903414
			3.02406888877521	-1.94814480771067
			3.02406888877521	-1.9499966563872
			3.02406888877521	-1.95184850506373
			3.02406888877521	-1.95370035374026
			3.02406888877521	-1.95555220241679
			3.02406888877521	-1.95740405109332
			3.02406888877521	-1.95925589976986
			3.02406888877521	-1.96110774844639
			3.02406888877521	-1.96295959712292
			3.02406888877521	-1.96481144579945
			3.02406888877521	-1.96666329447598
			3.02406888877521	-1.96851514315251
			3.02406888877521	-1.97036699182904
			3.02406888877521	-1.97221884050557
			3.02406888877521	-1.9740706891821
			3.02406888877521	-1.97592253785864
			3.02406888877521	-1.97777438653517
			3.02406888877521	-1.9796262352117
			3.02406888877521	-1.98147808388823
			3.02221704009868	-1.98332993256476
			3.02221704009868	-1.98518178124129
			3.02221704009868	-1.98703362991782
			3.02221704009868	-1.98888547859435
			3.02221704009868	-1.99073732727088
			3.02221704009868	-1.99258917594741
			3.02221704009868	-1.99444102462395
			3.02221704009868	-1.99629287330048
			3.02221704009868	-1.99814472197701
			3.02221704009868	-1.99999657065354
			3.02221704009868	-2.00184841933007
			3.02221704009868	-2.0037002680066
			3.02221704009868	-2.00555211668313
			3.02221704009868	-2.00740396535966
			3.02036519142215	-2.00925581403619
			3.02036519142215	-2.01110766271273
			3.02036519142215	-2.01295951138926
			3.02036519142215	-2.01481136006579
			3.02036519142215	-2.01666320874232
			3.02036519142215	-2.01851505741885
			3.02036519142215	-2.02036690609538
			3.02036519142215	-2.02221875477191
			3.02036519142215	-2.02407060344844
			3.02036519142215	-2.02592245212497
			3.01851334274562	-2.02777430080151
			3.01851334274562	-2.02962614947804
			3.01851334274562	-2.03147799815457
			3.01851334274562	-2.0333298468311
			3.01851334274562	-2.03518169550763
			3.01851334274562	-2.03703354418416
			3.01851334274562	-2.03888539286069
			3.01851334274562	-2.04073724153722
			3.01851334274562	-2.04258909021375
			3.01666149406909	-2.04444093889028
			3.01666149406909	-2.04629278756682
			3.01666149406909	-2.04814463624335
			3.01666149406909	-2.04999648491988
			3.01666149406909	-2.05184833359641
			3.01666149406909	-2.05370018227294
			3.01480964539256	-2.05555203094947
			3.01480964539256	-2.057403879626
			3.01480964539256	-2.05925572830253
			3.01480964539256	-2.06110757697906
			3.01480964539256	-2.06295942565559
			3.01480964539256	-2.06481127433213
			3.01480964539256	-2.06666312300866
			3.01295779671603	-2.06851497168519
			3.01295779671603	-2.07036682036172
			3.01295779671603	-2.07221866903825
			3.01295779671603	-2.07407051771478
			3.01295779671603	-2.07592236639131
			3.01295779671603	-2.07777421506784
			3.01110594803949	-2.07962606374437
			3.01110594803949	-2.08147791242091
			3.01110594803949	-2.08332976109744
			3.01110594803949	-2.08518160977397
			3.01110594803949	-2.0870334584505
			3.01110594803949	-2.08888530712703
			3.00925409936296	-2.09073715580356
			3.00925409936296	-2.09258900448009
			3.00925409936296	-2.09444085315662
			3.00925409936296	-2.09629270183315
			3.00925409936296	-2.09814455050968
			3.00925409936296	-2.09999639918622
			3.00740225068643	-2.10184824786275
			3.00740225068643	-2.10370009653928
			3.00740225068643	-2.10555194521581
			3.00740225068643	-2.10740379389234
			3.00740225068643	-2.10925564256887
			3.00740225068643	-2.1111074912454
			3.0055504020099	-2.1111074912454
			3.0055504020099	-2.11295933992193
			3.0055504020099	-2.11481118859846
			3.0055504020099	-2.116663037275
			3.0055504020099	-2.11851488595153
			3.0055504020099	-2.12036673462806
			3.00369855333337	-2.12221858330459
			3.00369855333337	-2.12407043198112
			3.00369855333337	-2.12592228065765
			3.00369855333337	-2.12777412933418
			3.00369855333337	-2.12962597801071
			3.00184670465684	-2.13147782668724
			3.00184670465684	-2.13332967536377
			3.00184670465684	-2.13518152404031
			3.00184670465684	-2.13703337271684
			3.00184670465684	-2.13888522139337
			2.99999485598031	-2.1407370700699
			2.99999485598031	-2.14258891874643
			2.99999485598031	-2.14444076742296
			2.99999485598031	-2.14629261609949
			2.99999485598031	-2.14814446477602
			2.99814300730378	-2.14999631345255
			2.99814300730378	-2.15184816212909
			2.99814300730378	-2.15370001080562
			2.99814300730378	-2.15555185948215
			2.99629115862725	-2.15740370815868
			2.99629115862725	-2.15925555683521
			2.99629115862725	-2.16110740551174
			2.99629115862725	-2.16295925418827
			2.99629115862725	-2.1648111028648
			2.99443930995072	-2.16666295154133
			2.99443930995072	-2.16851480021786
			2.99443930995072	-2.1703666488944
			2.99443930995072	-2.17221849757093
			2.99258746127418	-2.17407034624746
			2.99258746127418	-2.17592219492399
			2.99258746127418	-2.17777404360052
			2.99258746127418	-2.17962589227705
			2.99258746127418	-2.18147774095358
			2.99073561259765	-2.18332958963011
			2.99073561259765	-2.18518143830664
			2.99073561259765	-2.18703328698318
			2.99073561259765	-2.18888513565971
			2.98888376392112	-2.19073698433624
			2.98888376392112	-2.19258883301277
			2.98888376392112	-2.1944406816893
			2.98888376392112	-2.19629253036583
			2.98703191524459	-2.19814437904236
			2.98703191524459	-2.19999622771889
			2.98703191524459	-2.20184807639542
			2.98518006656806	-2.20369992507195
			2.98518006656806	-2.20555177374849
			2.98518006656806	-2.20740362242502
			2.98518006656806	-2.20925547110155
			2.98518006656806	-2.21110731977808
			2.98332821789153	-2.21295916845461
			2.98332821789153	-2.21481101713114
			2.98332821789153	-2.21666286580767
			2.98332821789153	-2.2185147144842
			2.981476369215	-2.2185147144842
			2.981476369215	-2.22036656316073
			2.981476369215	-2.22221841183727
			2.981476369215	-2.2240702605138
			2.97962452053847	-2.22592210919033
			2.97962452053847	-2.22777395786686
			2.97962452053847	-2.22962580654339
			2.97962452053847	-2.23147765521992
			2.97777267186194	-2.23332950389645
			2.97777267186194	-2.23518135257298
			2.9759208231854	-2.23703320124951
			2.9759208231854	-2.23888504992604
			2.9759208231854	-2.24073689860258
			2.9759208231854	-2.24258874727911
			2.97406897450887	-2.24444059595564
			2.97406897450887	-2.24629244463217
			2.97406897450887	-2.2481442933087
			2.97221712583234	-2.24999614198523
			2.97221712583234	-2.25184799066176
			2.97221712583234	-2.25369983933829
			2.97036527715581	-2.25555168801482
			2.97036527715581	-2.25740353669136
			2.96851342847928	-2.25925538536789
			2.96851342847928	-2.26110723404442
			2.96666157980275	-2.26295908272095
			2.96666157980275	-2.26481093139748
			2.96480973112622	-2.26666278007401
			2.96480973112622	-2.26851462875054
			2.96295788244969	-2.27036647742707
			2.96295788244969	-2.2722183261036
			2.96110603377316	-2.27407017478013
			2.96110603377316	-2.27592202345667
			2.95925418509663	-2.2777738721332
			2.95925418509663	-2.27962572080973
			2.95740233642009	-2.28147756948626
			2.95740233642009	-2.28332941816279
			2.95555048774356	-2.28518126683932
			2.95555048774356	-2.28703311551585
			2.95555048774356	-2.28888496419238
			2.95555048774356	-2.29073681286891
			2.95369863906703	-2.29258866154545
			2.95369863906703	-2.29444051022198
			2.95369863906703	-2.29629235889851
			2.9518467903905	-2.29814420757504
			2.9518467903905	-2.29999605625157
			2.9518467903905	-2.3018479049281
			2.9518467903905	-2.30369975360463
			2.9518467903905	-2.30555160228116
			2.94999494171397	-2.30740345095769
			2.94999494171397	-2.30925529963423
			2.94999494171397	-2.31110714831076
			2.94999494171397	-2.31295899698729
			2.94999494171397	-2.31481084566382
			2.94999494171397	-2.31666269434035
			2.94814309303744	-2.31851454301688
			2.94814309303744	-2.32036639169341
			2.94814309303744	-2.32221824036994
			2.94814309303744	-2.32407008904647
			2.94814309303744	-2.325921937723
			2.94814309303744	-2.32777378639954
			2.94814309303744	-2.32962563507607
			2.94814309303744	-2.3314774837526
			2.94814309303744	-2.33332933242913
			2.94814309303744	-2.33518118110566
			2.94629124436091	-2.33703302978219
			2.94629124436091	-2.33888487845872
			2.94629124436091	-2.34073672713525
			2.94629124436091	-2.34258857581178
			2.94629124436091	-2.34444042448832
			2.94629124436091	-2.34629227316485
			2.94629124436091	-2.34814412184138
			2.94629124436091	-2.34999597051791
			2.94629124436091	-2.35184781919444
			2.94629124436091	-2.35369966787097
			2.94629124436091	-2.3555515165475
			2.94629124436091	-2.35740336522403
			2.94629124436091	-2.35925521390056
			2.94629124436091	-2.36110706257709
			2.94629124436091	-2.36295891125363
			2.94629124436091	-2.36481075993016
			2.94629124436091	-2.36666260860669
			2.94814309303744	-2.36851445728322
			2.94814309303744	-2.37036630595975
			2.94814309303744	-2.37221815463628
			2.94814309303744	-2.37407000331281
			2.94814309303744	-2.37592185198934
			2.94814309303744	-2.37777370066587
			2.94814309303744	-2.37962554934241
			2.94814309303744	-2.38147739801894
			2.94814309303744	-2.38332924669547
			2.94814309303744	-2.385181095372
			2.94814309303744	-2.38703294404853
			2.94814309303744	-2.38888479272506
			2.94814309303744	-2.39073664140159
			2.94999494171397	-2.39258849007812
			2.94999494171397	-2.39444033875465
			2.94999494171397	-2.39629218743118
			2.94999494171397	-2.39814403610772
			2.94999494171397	-2.39999588478425
			2.94999494171397	-2.40184773346078
			2.94999494171397	-2.40369958213731
			2.94999494171397	-2.40555143081384
			2.9518467903905	-2.40740327949037
			2.9518467903905	-2.4092551281669
			2.9518467903905	-2.41110697684343
			2.9518467903905	-2.41295882551996
			2.9518467903905	-2.4148106741965
			2.9518467903905	-2.41666252287303
			2.9518467903905	-2.41851437154956
			2.95369863906703	-2.42036622022609
			2.95369863906703	-2.42221806890262
			2.95369863906703	-2.42406991757915
			2.95369863906703	-2.42592176625568
			2.95369863906703	-2.42777361493221
			2.95555048774356	-2.42962546360874
			2.95555048774356	-2.43147731228527
			2.95555048774356	-2.43332916096181
			2.95555048774356	-2.43518100963834
			2.95555048774356	-2.43703285831487
			2.95740233642009	-2.4388847069914
			2.95740233642009	-2.44073655566793
			2.95740233642009	-2.44258840434446
			2.95740233642009	-2.44444025302099
			2.95740233642009	-2.44629210169752
			2.95925418509663	-2.44814395037405
			2.95925418509663	-2.44999579905059
			2.95925418509663	-2.45184764772712
			2.95925418509663	-2.45369949640365
			2.95925418509663	-2.45555134508018
			2.96110603377316	-2.45740319375671
			2.96110603377316	-2.45925504243324
			2.96110603377316	-2.46110689110977
			2.96110603377316	-2.4629587397863
			2.96295788244969	-2.46481058846283
			2.96295788244969	-2.46666243713936
			2.96295788244969	-2.4685142858159
			2.96295788244969	-2.47036613449243
			2.96480973112622	-2.47221798316896
			2.96480973112622	-2.47406983184549
			2.96480973112622	-2.47592168052202
			2.96480973112622	-2.47777352919855
			2.96666157980275	-2.47962537787508
			2.96666157980275	-2.48147722655161
			2.96666157980275	-2.48332907522814
			2.96666157980275	-2.48518092390468
			2.96851342847928	-2.48703277258121
			2.96851342847928	-2.48888462125774
			2.96851342847928	-2.49073646993427
			2.96851342847928	-2.4925883186108
			2.97036527715581	-2.49444016728733
			2.97036527715581	-2.49629201596386
			2.97036527715581	-2.49814386464039
			2.97221712583234	-2.49999571331692
			2.97221712583234	-2.50184756199345
			2.97221712583234	-2.50369941066999
			2.97221712583234	-2.50555125934652
			2.97221712583234	-2.50740310802305
			2.97406897450887	-2.50740310802305
			2.97406897450887	-2.50925495669958
			2.97406897450887	-2.51110680537611
			2.97406897450887	-2.51295865405264
			2.9759208231854	-2.51481050272917
			2.9759208231854	-2.5166623514057
			2.9759208231854	-2.51851420008223
			2.9759208231854	-2.52036604875877
			2.97777267186194	-2.52036604875877
			2.97777267186194	-2.5222178974353
			2.97777267186194	-2.52406974611183
			2.97777267186194	-2.52592159478836
			2.97962452053847	-2.52592159478836
			2.97962452053847	-2.52777344346489
			2.97962452053847	-2.52962529214142
			2.97962452053847	-2.53147714081795
			2.981476369215	-2.53332898949448
			2.981476369215	-2.53518083817101
			2.981476369215	-2.53703268684755
			2.98332821789153	-2.53888453552408
			2.98332821789153	-2.54073638420061
			2.98332821789153	-2.54258823287714
			2.98518006656806	-2.54444008155367
			2.98518006656806	-2.5462919302302
		</curvaD_espina_dorsal>
		<curvaI_espina_dorsal type=matrix rownames=FALSE colnames=FALSE nrow=374 ncol=2 as.numeric=TRUE >
			3.01480964539256	-1.89073749873821
			3.01480964539256	-1.89258934741474
			3.01480964539256	-1.89444119609127
			3.01480964539256	-1.8962930447678
			3.01480964539256	-1.89814489344433
			3.01295779671603	-1.89999674212086
			3.01295779671603	-1.90184859079739
			3.01295779671603	-1.90370043947392
			3.01295779671603	-1.90555228815046
			3.01295779671603	-1.90740413682699
			3.01295779671603	-1.90925598550352
			3.01295779671603	-1.91110783418005
			3.01295779671603	-1.91295968285658
			3.01295779671603	-1.91481153153311
			3.01110594803949	-1.91666338020964
			3.01110594803949	-1.91851522888617
			3.01110594803949	-1.9203670775627
			3.01110594803949	-1.92221892623923
			3.01110594803949	-1.92407077491577
			3.01110594803949	-1.9259226235923
			3.01110594803949	-1.92777447226883
			3.01110594803949	-1.92962632094536
			3.00925409936296	-1.93147816962189
			3.00925409936296	-1.93333001829842
			3.00925409936296	-1.93518186697495
			3.00925409936296	-1.93703371565148
			3.00925409936296	-1.93888556432801
			3.00925409936296	-1.94073741300455
			3.00925409936296	-1.94258926168108
			3.00925409936296	-1.94444111035761
			3.00740225068643	-1.94629295903414
			3.00740225068643	-1.94814480771067
			3.00740225068643	-1.9499966563872
			3.00740225068643	-1.95184850506373
			3.00740225068643	-1.95370035374026
			3.00740225068643	-1.95555220241679
			3.00740225068643	-1.95740405109332
			3.0055504020099	-1.95925589976986
			3.0055504020099	-1.96110774844639
			3.0055504020099	-1.96295959712292
			3.0055504020099	-1.96481144579945
			3.0055504020099	-1.96666329447598
			3.0055504020099	-1.96851514315251
			3.0055504020099	-1.97036699182904
			3.00369855333337	-1.97221884050557
			3.00369855333337	-1.9740706891821
			3.00369855333337	-1.97592253785864
			3.00369855333337	-1.97777438653517
			3.00369855333337	-1.9796262352117
			3.00369855333337	-1.98147808388823
			3.00184670465684	-1.98332993256476
			3.00184670465684	-1.98518178124129
			3.00184670465684	-1.98703362991782
			3.00184670465684	-1.98888547859435
			3.00184670465684	-1.99073732727088
			3.00184670465684	-1.99258917594741
			2.99999485598031	-1.99444102462395
			2.99999485598031	-1.99629287330048
			2.99999485598031	-1.99814472197701
			2.99999485598031	-1.99999657065354
			2.99999485598031	-2.00184841933007
			2.99999485598031	-2.0037002680066
			2.99814300730378	-2.00555211668313
			2.99814300730378	-2.00740396535966
			2.99814300730378	-2.00925581403619
			2.99814300730378	-2.01110766271273
			2.99814300730378	-2.01295951138926
			2.99629115862725	-2.01481136006579
			2.99629115862725	-2.01666320874232
			2.99629115862725	-2.01851505741885
			2.99629115862725	-2.02036690609538
			2.99629115862725	-2.02221875477191
			2.99629115862725	-2.02407060344844
			2.99443930995072	-2.02592245212497
			2.99443930995072	-2.02777430080151
			2.99443930995072	-2.02962614947804
			2.99443930995072	-2.03147799815457
			2.99443930995072	-2.0333298468311
			2.99258746127418	-2.03518169550763
			2.99258746127418	-2.03703354418416
			2.99258746127418	-2.03888539286069
			2.99258746127418	-2.04073724153722
			2.99258746127418	-2.04258909021375
			2.99073561259765	-2.04444093889028
			2.99073561259765	-2.04629278756682
			2.99073561259765	-2.04814463624335
			2.99073561259765	-2.04999648491988
			2.99073561259765	-2.05184833359641
			2.98888376392112	-2.05370018227294
			2.98888376392112	-2.05555203094947
			2.98888376392112	-2.057403879626
			2.98888376392112	-2.05925572830253
			2.98888376392112	-2.06110757697906
			2.98703191524459	-2.06295942565559
			2.98703191524459	-2.06481127433213
			2.98703191524459	-2.06666312300866
			2.98703191524459	-2.06851497168519
			2.98703191524459	-2.07036682036172
			2.98518006656806	-2.07221866903825
			2.98518006656806	-2.07407051771478
			2.98518006656806	-2.07592236639131
			2.98332821789153	-2.07777421506784
			2.98332821789153	-2.07962606374437
			2.98332821789153	-2.08147791242091
			2.98332821789153	-2.08332976109744
			2.98332821789153	-2.08518160977397
			2.981476369215	-2.0870334584505
			2.981476369215	-2.08888530712703
			2.981476369215	-2.09073715580356
			2.981476369215	-2.09258900448009
			2.97962452053847	-2.09444085315662
			2.97962452053847	-2.09629270183315
			2.97962452053847	-2.09814455050968
			2.97962452053847	-2.09999639918622
			2.97777267186194	-2.10184824786275
			2.97777267186194	-2.10370009653928
			2.97777267186194	-2.10555194521581
			2.97777267186194	-2.10740379389234
			2.9759208231854	-2.10925564256887
			2.9759208231854	-2.1111074912454
			2.9759208231854	-2.11295933992193
			2.9759208231854	-2.11481118859846
			2.97406897450887	-2.11481118859846
			2.97406897450887	-2.116663037275
			2.97406897450887	-2.11851488595153
			2.97406897450887	-2.12036673462806
			2.97221712583234	-2.12036673462806
			2.97221712583234	-2.12221858330459
			2.97221712583234	-2.12407043198112
			2.97221712583234	-2.12592228065765
			2.97036527715581	-2.12777412933418
			2.97036527715581	-2.12962597801071
			2.97036527715581	-2.13147782668724
			2.96851342847928	-2.13332967536377
			2.96851342847928	-2.13518152404031
			2.96851342847928	-2.13703337271684
			2.96666157980275	-2.13888522139337
			2.96666157980275	-2.1407370700699
			2.96666157980275	-2.14258891874643
			2.96480973112622	-2.14444076742296
			2.96480973112622	-2.14629261609949
			2.96295788244969	-2.14814446477602
			2.96295788244969	-2.14999631345255
			2.96295788244969	-2.15184816212909
			2.96110603377316	-2.15370001080562
			2.96110603377316	-2.15555185948215
			2.96110603377316	-2.15740370815868
			2.95925418509663	-2.15925555683521
			2.95925418509663	-2.16110740551174
			2.95740233642009	-2.16295925418827
			2.95740233642009	-2.1648111028648
			2.95740233642009	-2.16666295154133
			2.95555048774356	-2.16851480021786
			2.95555048774356	-2.1703666488944
			2.95369863906703	-2.17221849757093
			2.95369863906703	-2.17407034624746
			2.9518467903905	-2.17592219492399
			2.9518467903905	-2.17777404360052
			2.94999494171397	-2.17962589227705
			2.94999494171397	-2.18147774095358
			2.94814309303744	-2.18332958963011
			2.94814309303744	-2.18518143830664
			2.94629124436091	-2.18703328698318
			2.94629124436091	-2.18888513565971
			2.94443939568438	-2.19073698433624
			2.94443939568438	-2.19258883301277
			2.94258754700785	-2.1944406816893
			2.94073569833131	-2.19629253036583
			2.93888384965478	-2.19814437904236
			2.93888384965478	-2.19999622771889
			2.93703200097825	-2.20184807639542
			2.93518015230172	-2.20369992507195
			2.93518015230172	-2.20555177374849
			2.93332830362519	-2.20740362242502
			2.93147645494866	-2.20925547110155
			2.92962460627213	-2.21110731977808
			2.9277727575956	-2.21295916845461
			2.92592090891907	-2.21481101713114
			2.92592090891907	-2.21666286580767
			2.92406906024254	-2.2185147144842
			2.922217211566	-2.2185147144842
			2.92036536288947	-2.22036656316073
			2.91851351421294	-2.22221841183727
			2.91666166553641	-2.22221841183727
			2.91666166553641	-2.2240702605138
			2.91480981685988	-2.22592210919033
			2.91295796818335	-2.22592210919033
			2.91110611950682	-2.22592210919033
			2.90925427083029	-2.22592210919033
			2.90740242215376	-2.22592210919033
			2.90555057347722	-2.22592210919033
			2.90369872480069	-2.22592210919033
			2.90184687612416	-2.22592210919033
			2.89999502744763	-2.22592210919033
			2.8981431787711	-2.22592210919033
			2.89629133009457	-2.22592210919033
			2.89443948141804	-2.22592210919033
			2.89258763274151	-2.22592210919033
			2.89073578406498	-2.22592210919033
			2.88888393538845	-2.22592210919033
			2.88703208671191	-2.2240702605138
			2.88518023803538	-2.2240702605138
			2.88332838935885	-2.2240702605138
			2.88147654068232	-2.2240702605138
			2.87962469200579	-2.2240702605138
			2.87777284332926	-2.2240702605138
			2.87592099465273	-2.2240702605138
			2.8740691459762	-2.2240702605138
			2.87221729729967	-2.22221841183727
			2.87036544862313	-2.22221841183727
			2.8685135999466	-2.22221841183727
			2.86666175127007	-2.22221841183727
			2.86480990259354	-2.22221841183727
			2.86295805391701	-2.22036656316073
			2.86110620524048	-2.22036656316073
			2.85925435656395	-2.22036656316073
			2.85740250788742	-2.22036656316073
			2.85555065921089	-2.2185147144842
			2.85369881053436	-2.2185147144842
			2.85184696185782	-2.2185147144842
			2.84999511318129	-2.2185147144842
			2.84814326450476	-2.21666286580767
			2.84629141582823	-2.21666286580767
			2.8444395671517	-2.21666286580767
			2.84258771847517	-2.21481101713114
			2.84073586979864	-2.21481101713114
			2.83888402112211	-2.21481101713114
			2.83703217244558	-2.21295916845461
			2.83518032376904	-2.21295916845461
			2.83332847509251	-2.21110731977808
			2.83147662641598	-2.21110731977808
			2.82962477773945	-2.21110731977808
			2.82777292906292	-2.20925547110155
			2.82592108038639	-2.20925547110155
			2.82406923170986	-2.20925547110155
			2.82221738303333	-2.20740362242502
			2.8203655343568	-2.20555177374849
			2.81851368568027	-2.20555177374849
			2.81666183700373	-2.20369992507195
			2.8148099883272	-2.20369992507195
			2.81295813965067	-2.20184807639542
			2.81110629097414	-2.20184807639542
			2.80925444229761	-2.19999622771889
			2.80740259362108	-2.19999622771889
			2.80555074494455	-2.19814437904236
			2.80369889626802	-2.19814437904236
			2.80184704759149	-2.19629253036583
			2.79999519891495	-2.1944406816893
			2.79814335023842	-2.1944406816893
			2.79629150156189	-2.19258883301277
			2.79443965288536	-2.19258883301277
			2.79258780420883	-2.19073698433624
			2.7907359555323	-2.18888513565971
			2.78888410685577	-2.18888513565971
			2.78703225817924	-2.18703328698318
			2.78518040950271	-2.18518143830664
			2.78332856082617	-2.18518143830664
			2.78147671214964	-2.18332958963011
			2.77962486347311	-2.18147774095358
			2.77962486347311	-2.17962589227705
			2.77777301479658	-2.17962589227705
			2.77592116612005	-2.17777404360052
			2.77406931744352	-2.17592219492399
			2.77221746876699	-2.17407034624746
			2.77036562009046	-2.17407034624746
			2.76851377141393	-2.17221849757093
			2.7666619227374	-2.1703666488944
			2.76481007406086	-2.16851480021786
			2.76295822538433	-2.16666295154133
			2.76295822538433	-2.1648111028648
			2.7611063767078	-2.1648111028648
			2.75925452803127	-2.16295925418827
			2.75740267935474	-2.16110740551174
			2.75555083067821	-2.15925555683521
			2.75369898200168	-2.15740370815868
			2.75184713332515	-2.15555185948215
			2.74999528464862	-2.15370001080562
			2.74999528464862	-2.15184816212909
			2.74814343597208	-2.14999631345255
			2.74629158729555	-2.14814446477602
			2.74443973861902	-2.14814446477602
			2.74258788994249	-2.14629261609949
			2.74073604126596	-2.14444076742296
			2.73888419258943	-2.14258891874643
			2.73888419258943	-2.1407370700699
			2.7370323439129	-2.13888522139337
			2.73518049523637	-2.13703337271684
			2.73332864655984	-2.13518152404031
			2.73332864655984	-2.13332967536377
			2.73147679788331	-2.13147782668724
			2.72962494920677	-2.13147782668724
			2.72962494920677	-2.12962597801071
			2.72777310053024	-2.12962597801071
			2.72592125185371	-2.12962597801071
			2.72406940317718	-2.12962597801071
			2.72221755450065	-2.12777412933418
			2.72036570582412	-2.12777412933418
			2.71851385714759	-2.12592228065765
			2.71666200847106	-2.12592228065765
			2.71481015979453	-2.12592228065765
			2.71295831111799	-2.12407043198112
			2.71110646244146	-2.12407043198112
			2.70925461376493	-2.12407043198112
			2.7074027650884	-2.12221858330459
			2.70555091641187	-2.12221858330459
			2.70369906773534	-2.12221858330459
			2.70184721905881	-2.12221858330459
			2.69999537038228	-2.12036673462806
			2.69814352170575	-2.12036673462806
			2.69629167302922	-2.12036673462806
			2.69443982435268	-2.12036673462806
			2.69258797567615	-2.11851488595153
			2.69073612699962	-2.11851488595153
			2.68888427832309	-2.11851488595153
			2.68703242964656	-2.11851488595153
			2.68518058097003	-2.11851488595153
			2.6833287322935	-2.116663037275
			2.68147688361697	-2.116663037275
			2.67962503494044	-2.116663037275
			2.6777731862639	-2.116663037275
			2.67592133758737	-2.116663037275
			2.67406948891084	-2.11481118859846
			2.67221764023431	-2.11481118859846
			2.67036579155778	-2.11481118859846
			2.66851394288125	-2.11481118859846
			2.66666209420472	-2.11481118859846
			2.66481024552819	-2.11481118859846
			2.66295839685166	-2.11295933992193
			2.66110654817513	-2.11295933992193
			2.65925469949859	-2.11295933992193
			2.65740285082206	-2.11295933992193
			2.65555100214553	-2.11295933992193
			2.653699153469	-2.11295933992193
			2.65184730479247	-2.11295933992193
			2.64999545611594	-2.11295933992193
			2.64814360743941	-2.1111074912454
			2.64629175876288	-2.1111074912454
			2.64443991008635	-2.1111074912454
			2.64258806140981	-2.1111074912454
			2.64073621273328	-2.1111074912454
			2.63888436405675	-2.1111074912454
			2.63703251538022	-2.1111074912454
			2.63518066670369	-2.1111074912454
			2.63332881802716	-2.1111074912454
			2.63147696935063	-2.1111074912454
			2.6296251206741	-2.1111074912454
			2.62777327199757	-2.1111074912454
			2.62592142332104	-2.10925564256887
			2.6240695746445	-2.10925564256887
			2.62221772596797	-2.10925564256887
			2.62036587729144	-2.10925564256887
			2.61851402861491	-2.10925564256887
			2.61666217993838	-2.10925564256887
			2.61481033126185	-2.10925564256887
			2.61295848258532	-2.10925564256887
			2.61110663390879	-2.10925564256887
			2.60925478523226	-2.10925564256887
			2.60740293655572	-2.10925564256887
			2.60555108787919	-2.10925564256887
			2.60369923920266	-2.10925564256887
			2.60184739052613	-2.10925564256887
			2.5999955418496	-2.10925564256887
			2.59814369317307	-2.10925564256887
			2.59629184449654	-2.10925564256887
			2.59443999582001	-2.10925564256887
			2.59258814714348	-2.10925564256887
			2.59073629846695	-2.10925564256887
			2.58888444979041	-2.10925564256887
			2.58703260111388	-2.10925564256887
			2.58518075243735	-2.10925564256887
			2.58332890376082	-2.10925564256887
			2.58147705508429	-2.10925564256887
			2.57962520640776	-2.10925564256887
			2.57777335773123	-2.10925564256887
		</curvaI_espina_dorsal>
	</curves.scaled>
	<ruler.points type=matrix rownames=TRUE colnames=FALSE nrow=2 ncol=2 as.numeric=TRUE >
		Ruler point 1	1497	453
		Ruler point 2	2037	452
	</ruler.points>
</shapes>

