<shapes type=list>
	<ruler.pixel type=vector names=FALSE length=1 as.numeric=TRUE >539.000927642987</ruler.pixel>
	<ruler.interval type=vector names=FALSE length=1 as.numeric=TRUE >1</ruler.interval>
	<scaling.units type=vector names=FALSE length=1 as.numeric=FALSE >mm</scaling.units>
	<scaling type=vector names=FALSE length=1 as.numeric=TRUE >0.00185184867653105</scaling>
	<landmarks.pixel type=matrix rownames=TRUE colnames=FALSE nrow=3 ncol=2 as.numeric=TRUE >
		punta_espina_dorsal	1572	926
		esq_izq_caparaza	1352	1029
		organo_dorsal	1578	1255
	</landmarks.pixel>
	<landmarks.scaled type=matrix rownames=TRUE colnames=FALSE nrow=3 ncol=2 as.numeric=TRUE >
		punta_espina_dorsal	2.91110611950682	-1.71481187446776
		esq_izq_caparaza	2.50369941066999	-1.90555228815046
		organo_dorsal	2.922217211566	-2.32407008904647
	</landmarks.scaled>
	<curves.control type=list>
		<curvaD_espina_dorsal type=matrix rownames=FALSE colnames=FALSE nrow=7 ncol=2 as.numeric=TRUE >
			1572	926
			1579	956
			1572	1028
			1566	1070
			1555	1115
			1535	1143
			1578	1255
		</curvaD_espina_dorsal>
		<curvaI_espina_dorsal type=matrix rownames=FALSE colnames=FALSE nrow=9 ncol=2 as.numeric=TRUE >
			1572	926
			1563	968
			1556	1011
			1540	1106
			1531	1093
			1472	1106
			1424	1043
			1382	1024
			1352	1029
		</curvaI_espina_dorsal>
	</curves.control>
	<curves.pixel type=list>
		<curvaD_espina_dorsal type=matrix rownames=FALSE colnames=FALSE nrow=334 ncol=2 as.numeric=TRUE >
			1572	926
			1572	927
			1572	928
			1573	929
			1573	930
			1573	931
			1573	932
			1573	933
			1573	934
			1574	935
			1574	936
			1574	937
			1574	938
			1574	939
			1574	940
			1574	941
			1574	942
			1575	943
			1575	944
			1575	945
			1575	946
			1575	947
			1575	948
			1575	949
			1575	950
			1575	951
			1575	952
			1575	953
			1575	954
			1575	955
			1575	956
			1575	957
			1575	958
			1575	959
			1575	960
			1575	961
			1575	962
			1575	963
			1575	964
			1575	965
			1575	966
			1575	967
			1575	968
			1575	969
			1575	970
			1575	971
			1575	972
			1575	973
			1575	974
			1575	975
			1575	976
			1575	977
			1575	978
			1575	979
			1575	980
			1575	981
			1575	982
			1575	983
			1575	984
			1575	985
			1575	986
			1575	987
			1575	988
			1575	989
			1575	990
			1575	991
			1575	992
			1575	993
			1575	994
			1575	995
			1575	996
			1574	997
			1574	998
			1574	999
			1574	1000
			1574	1001
			1574	1002
			1574	1003
			1574	1004
			1574	1005
			1574	1006
			1574	1007
			1574	1008
			1574	1009
			1574	1010
			1574	1011
			1573	1011
			1573	1012
			1573	1013
			1573	1014
			1573	1015
			1573	1016
			1573	1017
			1573	1018
			1573	1019
			1573	1020
			1573	1021
			1573	1022
			1572	1023
			1572	1024
			1572	1025
			1572	1026
			1572	1027
			1572	1028
			1572	1029
			1572	1030
			1572	1031
			1571	1032
			1571	1033
			1571	1034
			1571	1035
			1571	1036
			1571	1037
			1570	1038
			1570	1039
			1570	1040
			1570	1041
			1570	1042
			1570	1043
			1570	1044
			1569	1044
			1569	1045
			1569	1046
			1569	1047
			1569	1048
			1569	1049
			1569	1050
			1568	1051
			1568	1052
			1568	1053
			1568	1054
			1568	1055
			1568	1056
			1567	1056
			1567	1057
			1567	1058
			1567	1059
			1567	1060
			1567	1061
			1566	1062
			1566	1063
			1566	1064
			1566	1065
			1566	1066
			1566	1067
			1565	1068
			1565	1069
			1565	1070
			1565	1071
			1564	1072
			1564	1073
			1564	1074
			1564	1075
			1564	1076
			1563	1077
			1563	1078
			1563	1079
			1563	1080
			1563	1081
			1562	1082
			1562	1083
			1562	1084
			1562	1085
			1562	1086
			1561	1087
			1561	1088
			1561	1089
			1561	1090
			1561	1091
			1560	1092
			1560	1093
			1560	1094
			1560	1095
			1559	1096
			1559	1097
			1559	1098
			1559	1099
			1559	1100
			1558	1101
			1558	1102
			1558	1103
			1558	1104
			1557	1105
			1557	1106
			1557	1107
			1557	1108
			1556	1109
			1556	1110
			1556	1111
			1556	1112
			1556	1113
			1555	1114
			1555	1115
			1554	1116
			1553	1117
			1553	1118
			1553	1119
			1552	1120
			1552	1121
			1551	1122
			1551	1123
			1551	1124
			1550	1125
			1550	1126
			1550	1127
			1550	1128
			1550	1129
			1549	1130
			1549	1131
			1549	1132
			1549	1133
			1549	1134
			1549	1135
			1549	1136
			1549	1137
			1549	1138
			1549	1139
			1549	1140
			1549	1141
			1549	1142
			1549	1143
			1549	1144
			1549	1145
			1549	1146
			1549	1147
			1549	1148
			1549	1149
			1549	1150
			1549	1151
			1549	1152
			1549	1153
			1549	1154
			1550	1155
			1550	1156
			1550	1157
			1550	1158
			1550	1159
			1550	1160
			1550	1161
			1550	1162
			1551	1163
			1551	1164
			1551	1165
			1551	1166
			1551	1167
			1552	1168
			1552	1169
			1552	1170
			1552	1171
			1552	1172
			1552	1173
			1553	1174
			1553	1175
			1553	1176
			1553	1177
			1554	1178
			1554	1179
			1554	1180
			1554	1181
			1554	1182
			1555	1183
			1555	1184
			1555	1185
			1555	1186
			1556	1187
			1556	1188
			1556	1189
			1556	1190
			1557	1191
			1557	1192
			1557	1193
			1558	1194
			1558	1195
			1558	1196
			1558	1197
			1559	1198
			1559	1199
			1559	1200
			1560	1201
			1560	1202
			1560	1203
			1560	1204
			1561	1205
			1561	1206
			1561	1207
			1562	1208
			1562	1209
			1562	1210
			1563	1211
			1563	1212
			1563	1213
			1563	1214
			1564	1215
			1564	1216
			1564	1217
			1565	1218
			1565	1219
			1566	1220
			1566	1221
			1566	1222
			1567	1223
			1567	1224
			1567	1225
			1567	1226
			1568	1226
			1568	1227
			1568	1228
			1568	1229
			1569	1230
			1569	1231
			1569	1232
			1570	1233
			1570	1234
			1571	1235
			1571	1236
			1571	1237
			1572	1238
			1572	1239
			1572	1240
			1573	1241
			1573	1242
			1573	1243
			1574	1244
			1574	1245
			1575	1246
			1575	1247
			1575	1248
			1576	1249
			1576	1250
			1577	1251
			1577	1252
			1577	1253
			1578	1254
			1578	1255
		</curvaD_espina_dorsal>
		<curvaI_espina_dorsal type=matrix rownames=FALSE colnames=FALSE nrow=362 ncol=2 as.numeric=TRUE >
			1572	926
			1572	927
			1572	928
			1571	929
			1571	930
			1571	931
			1571	932
			1570	933
			1570	934
			1570	935
			1570	936
			1570	937
			1569	938
			1569	939
			1569	940
			1569	941
			1569	942
			1568	943
			1568	944
			1568	945
			1568	946
			1568	947
			1567	948
			1567	949
			1567	950
			1567	951
			1567	952
			1566	953
			1566	954
			1566	955
			1566	956
			1566	957
			1565	958
			1565	959
			1565	960
			1565	961
			1565	962
			1564	963
			1564	964
			1564	965
			1564	966
			1564	967
			1564	968
			1563	969
			1563	970
			1563	971
			1563	972
			1563	973
			1562	974
			1562	975
			1562	976
			1562	977
			1562	978
			1562	979
			1561	980
			1561	981
			1561	982
			1561	983
			1561	984
			1561	985
			1560	986
			1560	987
			1560	988
			1560	989
			1560	990
			1559	991
			1559	992
			1559	993
			1559	994
			1559	995
			1559	996
			1558	997
			1558	998
			1558	999
			1558	1000
			1558	1001
			1557	1002
			1557	1003
			1557	1004
			1557	1005
			1557	1006
			1557	1007
			1556	1008
			1556	1009
			1556	1010
			1556	1011
			1556	1012
			1556	1013
			1555	1014
			1555	1015
			1555	1016
			1555	1017
			1555	1018
			1555	1019
			1554	1020
			1554	1021
			1554	1022
			1554	1023
			1554	1024
			1554	1025
			1553	1026
			1553	1027
			1553	1028
			1553	1029
			1553	1030
			1552	1031
			1552	1032
			1552	1033
			1552	1034
			1552	1035
			1551	1036
			1551	1037
			1551	1038
			1551	1039
			1551	1040
			1551	1041
			1550	1042
			1550	1043
			1550	1044
			1550	1045
			1550	1046
			1549	1047
			1549	1048
			1549	1049
			1549	1050
			1549	1051
			1548	1052
			1548	1053
			1548	1054
			1548	1055
			1547	1056
			1547	1057
			1547	1058
			1547	1059
			1547	1060
			1546	1061
			1546	1062
			1546	1063
			1546	1064
			1545	1065
			1545	1066
			1545	1067
			1545	1068
			1544	1069
			1544	1070
			1544	1071
			1544	1072
			1544	1073
			1543	1074
			1543	1075
			1543	1076
			1542	1077
			1542	1078
			1542	1079
			1542	1080
			1541	1081
			1541	1082
			1540	1083
			1540	1084
			1540	1085
			1540	1086
			1539	1086
			1539	1087
			1539	1088
			1538	1089
			1538	1090
			1537	1091
			1537	1092
			1536	1093
			1535	1094
			1534	1094
			1533	1095
			1532	1094
			1531	1093
			1530	1093
			1529	1094
			1528	1094
			1527	1094
			1526	1094
			1525	1094
			1524	1094
			1523	1094
			1522	1095
			1521	1095
			1520	1095
			1519	1095
			1518	1095
			1517	1095
			1516	1095
			1515	1095
			1514	1095
			1513	1095
			1512	1095
			1511	1095
			1510	1095
			1509	1095
			1508	1095
			1507	1095
			1506	1095
			1505	1095
			1504	1095
			1503	1095
			1502	1095
			1501	1095
			1500	1095
			1499	1094
			1498	1094
			1497	1094
			1496	1094
			1495	1094
			1494	1094
			1494	1093
			1493	1093
			1492	1093
			1491	1093
			1490	1092
			1489	1092
			1488	1092
			1487	1092
			1486	1091
			1485	1091
			1484	1091
			1483	1090
			1482	1090
			1481	1090
			1480	1089
			1479	1089
			1478	1089
			1477	1088
			1476	1087
			1475	1087
			1474	1087
			1473	1086
			1472	1086
			1471	1085
			1470	1085
			1469	1084
			1468	1084
			1468	1083
			1467	1083
			1466	1082
			1465	1082
			1464	1081
			1463	1080
			1462	1080
			1461	1079
			1460	1079
			1459	1078
			1458	1077
			1457	1077
			1457	1076
			1456	1075
			1455	1075
			1454	1074
			1453	1073
			1452	1073
			1451	1072
			1450	1071
			1449	1070
			1448	1069
			1447	1069
			1447	1068
			1446	1067
			1445	1066
			1444	1065
			1443	1065
			1442	1064
			1441	1063
			1440	1062
			1440	1061
			1439	1060
			1438	1059
			1437	1058
			1436	1057
			1435	1056
			1434	1056
			1433	1055
			1433	1054
			1432	1053
			1431	1052
			1430	1051
			1429	1050
			1429	1049
			1428	1049
			1428	1048
			1427	1047
			1426	1046
			1425	1045
			1425	1044
			1424	1043
			1423	1043
			1422	1042
			1421	1042
			1420	1041
			1419	1041
			1418	1040
			1417	1040
			1416	1039
			1415	1039
			1414	1039
			1413	1038
			1412	1038
			1411	1037
			1410	1037
			1409	1037
			1408	1036
			1407	1036
			1406	1036
			1405	1035
			1404	1035
			1403	1035
			1402	1034
			1401	1034
			1400	1034
			1399	1033
			1398	1033
			1397	1033
			1396	1033
			1395	1032
			1394	1032
			1393	1032
			1392	1032
			1391	1031
			1390	1031
			1389	1031
			1388	1031
			1387	1030
			1386	1030
			1385	1030
			1384	1030
			1383	1030
			1382	1029
			1381	1029
			1380	1029
			1379	1029
			1378	1029
			1377	1029
			1376	1029
			1375	1028
			1374	1028
			1373	1028
			1372	1028
			1371	1028
			1370	1028
			1369	1028
			1368	1028
			1367	1028
			1366	1028
			1365	1028
			1364	1028
			1363	1028
			1362	1028
			1361	1028
			1360	1028
			1359	1028
			1358	1028
			1357	1028
			1356	1028
			1355	1029
			1354	1029
			1353	1029
			1352	1029
		</curvaI_espina_dorsal>
	</curves.pixel>
	<curves.scaled type=list>
		<curvaD_espina_dorsal type=matrix rownames=FALSE colnames=FALSE nrow=334 ncol=2 as.numeric=TRUE >
			2.91110611950682	-1.71481187446776
			2.91110611950682	-1.71666372314429
			2.91110611950682	-1.71851557182082
			2.91295796818335	-1.72036742049735
			2.91295796818335	-1.72221926917388
			2.91295796818335	-1.72407111785041
			2.91295796818335	-1.72592296652694
			2.91295796818335	-1.72777481520347
			2.91295796818335	-1.72962666388001
			2.91480981685988	-1.73147851255654
			2.91480981685988	-1.73333036123307
			2.91480981685988	-1.7351822099096
			2.91480981685988	-1.73703405858613
			2.91480981685988	-1.73888590726266
			2.91480981685988	-1.74073775593919
			2.91480981685988	-1.74258960461572
			2.91480981685988	-1.74444145329225
			2.91666166553641	-1.74629330196878
			2.91666166553641	-1.74814515064532
			2.91666166553641	-1.74999699932185
			2.91666166553641	-1.75184884799838
			2.91666166553641	-1.75370069667491
			2.91666166553641	-1.75555254535144
			2.91666166553641	-1.75740439402797
			2.91666166553641	-1.7592562427045
			2.91666166553641	-1.76110809138103
			2.91666166553641	-1.76295994005756
			2.91666166553641	-1.7648117887341
			2.91666166553641	-1.76666363741063
			2.91666166553641	-1.76851548608716
			2.91666166553641	-1.77036733476369
			2.91666166553641	-1.77221918344022
			2.91666166553641	-1.77407103211675
			2.91666166553641	-1.77592288079328
			2.91666166553641	-1.77777472946981
			2.91666166553641	-1.77962657814634
			2.91666166553641	-1.78147842682287
			2.91666166553641	-1.78333027549941
			2.91666166553641	-1.78518212417594
			2.91666166553641	-1.78703397285247
			2.91666166553641	-1.788885821529
			2.91666166553641	-1.79073767020553
			2.91666166553641	-1.79258951888206
			2.91666166553641	-1.79444136755859
			2.91666166553641	-1.79629321623512
			2.91666166553641	-1.79814506491165
			2.91666166553641	-1.79999691358819
			2.91666166553641	-1.80184876226472
			2.91666166553641	-1.80370061094125
			2.91666166553641	-1.80555245961778
			2.91666166553641	-1.80740430829431
			2.91666166553641	-1.80925615697084
			2.91666166553641	-1.81110800564737
			2.91666166553641	-1.8129598543239
			2.91666166553641	-1.81481170300043
			2.91666166553641	-1.81666355167696
			2.91666166553641	-1.8185154003535
			2.91666166553641	-1.82036724903003
			2.91666166553641	-1.82221909770656
			2.91666166553641	-1.82407094638309
			2.91666166553641	-1.82592279505962
			2.91666166553641	-1.82777464373615
			2.91666166553641	-1.82962649241268
			2.91666166553641	-1.83147834108921
			2.91666166553641	-1.83333018976574
			2.91666166553641	-1.83518203844228
			2.91666166553641	-1.83703388711881
			2.91666166553641	-1.83888573579534
			2.91666166553641	-1.84073758447187
			2.91666166553641	-1.8425894331484
			2.91666166553641	-1.84444128182493
			2.91480981685988	-1.84629313050146
			2.91480981685988	-1.84814497917799
			2.91480981685988	-1.84999682785452
			2.91480981685988	-1.85184867653105
			2.91480981685988	-1.85370052520759
			2.91480981685988	-1.85555237388412
			2.91480981685988	-1.85740422256065
			2.91480981685988	-1.85925607123718
			2.91480981685988	-1.86110791991371
			2.91480981685988	-1.86295976859024
			2.91480981685988	-1.86481161726677
			2.91480981685988	-1.8666634659433
			2.91480981685988	-1.86851531461983
			2.91480981685988	-1.87036716329637
			2.91480981685988	-1.8722190119729
			2.91295796818335	-1.8722190119729
			2.91295796818335	-1.87407086064943
			2.91295796818335	-1.87592270932596
			2.91295796818335	-1.87777455800249
			2.91295796818335	-1.87962640667902
			2.91295796818335	-1.88147825535555
			2.91295796818335	-1.88333010403208
			2.91295796818335	-1.88518195270861
			2.91295796818335	-1.88703380138514
			2.91295796818335	-1.88888565006168
			2.91295796818335	-1.89073749873821
			2.91295796818335	-1.89258934741474
			2.91110611950682	-1.89444119609127
			2.91110611950682	-1.8962930447678
			2.91110611950682	-1.89814489344433
			2.91110611950682	-1.89999674212086
			2.91110611950682	-1.90184859079739
			2.91110611950682	-1.90370043947392
			2.91110611950682	-1.90555228815046
			2.91110611950682	-1.90740413682699
			2.91110611950682	-1.90925598550352
			2.90925427083029	-1.91110783418005
			2.90925427083029	-1.91295968285658
			2.90925427083029	-1.91481153153311
			2.90925427083029	-1.91666338020964
			2.90925427083029	-1.91851522888617
			2.90925427083029	-1.9203670775627
			2.90740242215376	-1.92221892623923
			2.90740242215376	-1.92407077491577
			2.90740242215376	-1.9259226235923
			2.90740242215376	-1.92777447226883
			2.90740242215376	-1.92962632094536
			2.90740242215376	-1.93147816962189
			2.90740242215376	-1.93333001829842
			2.90555057347722	-1.93333001829842
			2.90555057347722	-1.93518186697495
			2.90555057347722	-1.93703371565148
			2.90555057347722	-1.93888556432801
			2.90555057347722	-1.94073741300455
			2.90555057347722	-1.94258926168108
			2.90555057347722	-1.94444111035761
			2.90369872480069	-1.94629295903414
			2.90369872480069	-1.94814480771067
			2.90369872480069	-1.9499966563872
			2.90369872480069	-1.95184850506373
			2.90369872480069	-1.95370035374026
			2.90369872480069	-1.95555220241679
			2.90184687612416	-1.95555220241679
			2.90184687612416	-1.95740405109332
			2.90184687612416	-1.95925589976986
			2.90184687612416	-1.96110774844639
			2.90184687612416	-1.96295959712292
			2.90184687612416	-1.96481144579945
			2.89999502744763	-1.96666329447598
			2.89999502744763	-1.96851514315251
			2.89999502744763	-1.97036699182904
			2.89999502744763	-1.97221884050557
			2.89999502744763	-1.9740706891821
			2.89999502744763	-1.97592253785864
			2.8981431787711	-1.97777438653517
			2.8981431787711	-1.9796262352117
			2.8981431787711	-1.98147808388823
			2.8981431787711	-1.98332993256476
			2.89629133009457	-1.98518178124129
			2.89629133009457	-1.98703362991782
			2.89629133009457	-1.98888547859435
			2.89629133009457	-1.99073732727088
			2.89629133009457	-1.99258917594741
			2.89443948141804	-1.99444102462395
			2.89443948141804	-1.99629287330048
			2.89443948141804	-1.99814472197701
			2.89443948141804	-1.99999657065354
			2.89443948141804	-2.00184841933007
			2.89258763274151	-2.0037002680066
			2.89258763274151	-2.00555211668313
			2.89258763274151	-2.00740396535966
			2.89258763274151	-2.00925581403619
			2.89258763274151	-2.01110766271273
			2.89073578406498	-2.01295951138926
			2.89073578406498	-2.01481136006579
			2.89073578406498	-2.01666320874232
			2.89073578406498	-2.01851505741885
			2.89073578406498	-2.02036690609538
			2.88888393538845	-2.02221875477191
			2.88888393538845	-2.02407060344844
			2.88888393538845	-2.02592245212497
			2.88888393538845	-2.02777430080151
			2.88703208671191	-2.02962614947804
			2.88703208671191	-2.03147799815457
			2.88703208671191	-2.0333298468311
			2.88703208671191	-2.03518169550763
			2.88703208671191	-2.03703354418416
			2.88518023803538	-2.03888539286069
			2.88518023803538	-2.04073724153722
			2.88518023803538	-2.04258909021375
			2.88518023803538	-2.04444093889028
			2.88332838935885	-2.04629278756682
			2.88332838935885	-2.04814463624335
			2.88332838935885	-2.04999648491988
			2.88332838935885	-2.05184833359641
			2.88147654068232	-2.05370018227294
			2.88147654068232	-2.05555203094947
			2.88147654068232	-2.057403879626
			2.88147654068232	-2.05925572830253
			2.88147654068232	-2.06110757697906
			2.87962469200579	-2.06295942565559
			2.87962469200579	-2.06481127433213
			2.87777284332926	-2.06666312300866
			2.87592099465273	-2.06851497168519
			2.87592099465273	-2.07036682036172
			2.87592099465273	-2.07221866903825
			2.8740691459762	-2.07407051771478
			2.8740691459762	-2.07592236639131
			2.87221729729967	-2.07777421506784
			2.87221729729967	-2.07962606374437
			2.87221729729967	-2.08147791242091
			2.87036544862313	-2.08332976109744
			2.87036544862313	-2.08518160977397
			2.87036544862313	-2.0870334584505
			2.87036544862313	-2.08888530712703
			2.87036544862313	-2.09073715580356
			2.8685135999466	-2.09258900448009
			2.8685135999466	-2.09444085315662
			2.8685135999466	-2.09629270183315
			2.8685135999466	-2.09814455050968
			2.8685135999466	-2.09999639918622
			2.8685135999466	-2.10184824786275
			2.8685135999466	-2.10370009653928
			2.8685135999466	-2.10555194521581
			2.8685135999466	-2.10740379389234
			2.8685135999466	-2.10925564256887
			2.8685135999466	-2.1111074912454
			2.8685135999466	-2.11295933992193
			2.8685135999466	-2.11481118859846
			2.8685135999466	-2.116663037275
			2.8685135999466	-2.11851488595153
			2.8685135999466	-2.12036673462806
			2.8685135999466	-2.12221858330459
			2.8685135999466	-2.12407043198112
			2.8685135999466	-2.12592228065765
			2.8685135999466	-2.12777412933418
			2.8685135999466	-2.12962597801071
			2.8685135999466	-2.13147782668724
			2.8685135999466	-2.13332967536377
			2.8685135999466	-2.13518152404031
			2.8685135999466	-2.13703337271684
			2.87036544862313	-2.13888522139337
			2.87036544862313	-2.1407370700699
			2.87036544862313	-2.14258891874643
			2.87036544862313	-2.14444076742296
			2.87036544862313	-2.14629261609949
			2.87036544862313	-2.14814446477602
			2.87036544862313	-2.14999631345255
			2.87036544862313	-2.15184816212909
			2.87221729729967	-2.15370001080562
			2.87221729729967	-2.15555185948215
			2.87221729729967	-2.15740370815868
			2.87221729729967	-2.15925555683521
			2.87221729729967	-2.16110740551174
			2.8740691459762	-2.16295925418827
			2.8740691459762	-2.1648111028648
			2.8740691459762	-2.16666295154133
			2.8740691459762	-2.16851480021786
			2.8740691459762	-2.1703666488944
			2.8740691459762	-2.17221849757093
			2.87592099465273	-2.17407034624746
			2.87592099465273	-2.17592219492399
			2.87592099465273	-2.17777404360052
			2.87592099465273	-2.17962589227705
			2.87777284332926	-2.18147774095358
			2.87777284332926	-2.18332958963011
			2.87777284332926	-2.18518143830664
			2.87777284332926	-2.18703328698318
			2.87777284332926	-2.18888513565971
			2.87962469200579	-2.19073698433624
			2.87962469200579	-2.19258883301277
			2.87962469200579	-2.1944406816893
			2.87962469200579	-2.19629253036583
			2.88147654068232	-2.19814437904236
			2.88147654068232	-2.19999622771889
			2.88147654068232	-2.20184807639542
			2.88147654068232	-2.20369992507195
			2.88332838935885	-2.20555177374849
			2.88332838935885	-2.20740362242502
			2.88332838935885	-2.20925547110155
			2.88518023803538	-2.21110731977808
			2.88518023803538	-2.21295916845461
			2.88518023803538	-2.21481101713114
			2.88518023803538	-2.21666286580767
			2.88703208671191	-2.2185147144842
			2.88703208671191	-2.22036656316073
			2.88703208671191	-2.22221841183727
			2.88888393538845	-2.2240702605138
			2.88888393538845	-2.22592210919033
			2.88888393538845	-2.22777395786686
			2.88888393538845	-2.22962580654339
			2.89073578406498	-2.23147765521992
			2.89073578406498	-2.23332950389645
			2.89073578406498	-2.23518135257298
			2.89258763274151	-2.23703320124951
			2.89258763274151	-2.23888504992604
			2.89258763274151	-2.24073689860258
			2.89443948141804	-2.24258874727911
			2.89443948141804	-2.24444059595564
			2.89443948141804	-2.24629244463217
			2.89443948141804	-2.2481442933087
			2.89629133009457	-2.24999614198523
			2.89629133009457	-2.25184799066176
			2.89629133009457	-2.25369983933829
			2.8981431787711	-2.25555168801482
			2.8981431787711	-2.25740353669136
			2.89999502744763	-2.25925538536789
			2.89999502744763	-2.26110723404442
			2.89999502744763	-2.26295908272095
			2.90184687612416	-2.26481093139748
			2.90184687612416	-2.26666278007401
			2.90184687612416	-2.26851462875054
			2.90184687612416	-2.27036647742707
			2.90369872480069	-2.27036647742707
			2.90369872480069	-2.2722183261036
			2.90369872480069	-2.27407017478013
			2.90369872480069	-2.27592202345667
			2.90555057347722	-2.2777738721332
			2.90555057347722	-2.27962572080973
			2.90555057347722	-2.28147756948626
			2.90740242215376	-2.28332941816279
			2.90740242215376	-2.28518126683932
			2.90925427083029	-2.28703311551585
			2.90925427083029	-2.28888496419238
			2.90925427083029	-2.29073681286891
			2.91110611950682	-2.29258866154545
			2.91110611950682	-2.29444051022198
			2.91110611950682	-2.29629235889851
			2.91295796818335	-2.29814420757504
			2.91295796818335	-2.29999605625157
			2.91295796818335	-2.3018479049281
			2.91480981685988	-2.30369975360463
			2.91480981685988	-2.30555160228116
			2.91666166553641	-2.30740345095769
			2.91666166553641	-2.30925529963423
			2.91666166553641	-2.31110714831076
			2.91851351421294	-2.31295899698729
			2.91851351421294	-2.31481084566382
			2.92036536288947	-2.31666269434035
			2.92036536288947	-2.31851454301688
			2.92036536288947	-2.32036639169341
			2.922217211566	-2.32221824036994
			2.922217211566	-2.32407008904647
		</curvaD_espina_dorsal>
		<curvaI_espina_dorsal type=matrix rownames=FALSE colnames=FALSE nrow=362 ncol=2 as.numeric=TRUE >
			2.91110611950682	-1.71481187446776
			2.91110611950682	-1.71666372314429
			2.91110611950682	-1.71851557182082
			2.90925427083029	-1.72036742049735
			2.90925427083029	-1.72221926917388
			2.90925427083029	-1.72407111785041
			2.90925427083029	-1.72592296652694
			2.90740242215376	-1.72777481520347
			2.90740242215376	-1.72962666388001
			2.90740242215376	-1.73147851255654
			2.90740242215376	-1.73333036123307
			2.90740242215376	-1.7351822099096
			2.90555057347722	-1.73703405858613
			2.90555057347722	-1.73888590726266
			2.90555057347722	-1.74073775593919
			2.90555057347722	-1.74258960461572
			2.90555057347722	-1.74444145329225
			2.90369872480069	-1.74629330196878
			2.90369872480069	-1.74814515064532
			2.90369872480069	-1.74999699932185
			2.90369872480069	-1.75184884799838
			2.90369872480069	-1.75370069667491
			2.90184687612416	-1.75555254535144
			2.90184687612416	-1.75740439402797
			2.90184687612416	-1.7592562427045
			2.90184687612416	-1.76110809138103
			2.90184687612416	-1.76295994005756
			2.89999502744763	-1.7648117887341
			2.89999502744763	-1.76666363741063
			2.89999502744763	-1.76851548608716
			2.89999502744763	-1.77036733476369
			2.89999502744763	-1.77221918344022
			2.8981431787711	-1.77407103211675
			2.8981431787711	-1.77592288079328
			2.8981431787711	-1.77777472946981
			2.8981431787711	-1.77962657814634
			2.8981431787711	-1.78147842682287
			2.89629133009457	-1.78333027549941
			2.89629133009457	-1.78518212417594
			2.89629133009457	-1.78703397285247
			2.89629133009457	-1.788885821529
			2.89629133009457	-1.79073767020553
			2.89629133009457	-1.79258951888206
			2.89443948141804	-1.79444136755859
			2.89443948141804	-1.79629321623512
			2.89443948141804	-1.79814506491165
			2.89443948141804	-1.79999691358819
			2.89443948141804	-1.80184876226472
			2.89258763274151	-1.80370061094125
			2.89258763274151	-1.80555245961778
			2.89258763274151	-1.80740430829431
			2.89258763274151	-1.80925615697084
			2.89258763274151	-1.81110800564737
			2.89258763274151	-1.8129598543239
			2.89073578406498	-1.81481170300043
			2.89073578406498	-1.81666355167696
			2.89073578406498	-1.8185154003535
			2.89073578406498	-1.82036724903003
			2.89073578406498	-1.82221909770656
			2.89073578406498	-1.82407094638309
			2.88888393538845	-1.82592279505962
			2.88888393538845	-1.82777464373615
			2.88888393538845	-1.82962649241268
			2.88888393538845	-1.83147834108921
			2.88888393538845	-1.83333018976574
			2.88703208671191	-1.83518203844228
			2.88703208671191	-1.83703388711881
			2.88703208671191	-1.83888573579534
			2.88703208671191	-1.84073758447187
			2.88703208671191	-1.8425894331484
			2.88703208671191	-1.84444128182493
			2.88518023803538	-1.84629313050146
			2.88518023803538	-1.84814497917799
			2.88518023803538	-1.84999682785452
			2.88518023803538	-1.85184867653105
			2.88518023803538	-1.85370052520759
			2.88332838935885	-1.85555237388412
			2.88332838935885	-1.85740422256065
			2.88332838935885	-1.85925607123718
			2.88332838935885	-1.86110791991371
			2.88332838935885	-1.86295976859024
			2.88332838935885	-1.86481161726677
			2.88147654068232	-1.8666634659433
			2.88147654068232	-1.86851531461983
			2.88147654068232	-1.87036716329637
			2.88147654068232	-1.8722190119729
			2.88147654068232	-1.87407086064943
			2.88147654068232	-1.87592270932596
			2.87962469200579	-1.87777455800249
			2.87962469200579	-1.87962640667902
			2.87962469200579	-1.88147825535555
			2.87962469200579	-1.88333010403208
			2.87962469200579	-1.88518195270861
			2.87962469200579	-1.88703380138514
			2.87777284332926	-1.88888565006168
			2.87777284332926	-1.89073749873821
			2.87777284332926	-1.89258934741474
			2.87777284332926	-1.89444119609127
			2.87777284332926	-1.8962930447678
			2.87777284332926	-1.89814489344433
			2.87592099465273	-1.89999674212086
			2.87592099465273	-1.90184859079739
			2.87592099465273	-1.90370043947392
			2.87592099465273	-1.90555228815046
			2.87592099465273	-1.90740413682699
			2.8740691459762	-1.90925598550352
			2.8740691459762	-1.91110783418005
			2.8740691459762	-1.91295968285658
			2.8740691459762	-1.91481153153311
			2.8740691459762	-1.91666338020964
			2.87221729729967	-1.91851522888617
			2.87221729729967	-1.9203670775627
			2.87221729729967	-1.92221892623923
			2.87221729729967	-1.92407077491577
			2.87221729729967	-1.9259226235923
			2.87221729729967	-1.92777447226883
			2.87036544862313	-1.92962632094536
			2.87036544862313	-1.93147816962189
			2.87036544862313	-1.93333001829842
			2.87036544862313	-1.93518186697495
			2.87036544862313	-1.93703371565148
			2.8685135999466	-1.93888556432801
			2.8685135999466	-1.94073741300455
			2.8685135999466	-1.94258926168108
			2.8685135999466	-1.94444111035761
			2.8685135999466	-1.94629295903414
			2.86666175127007	-1.94814480771067
			2.86666175127007	-1.9499966563872
			2.86666175127007	-1.95184850506373
			2.86666175127007	-1.95370035374026
			2.86480990259354	-1.95555220241679
			2.86480990259354	-1.95740405109332
			2.86480990259354	-1.95925589976986
			2.86480990259354	-1.96110774844639
			2.86480990259354	-1.96295959712292
			2.86295805391701	-1.96481144579945
			2.86295805391701	-1.96666329447598
			2.86295805391701	-1.96851514315251
			2.86295805391701	-1.97036699182904
			2.86110620524048	-1.97221884050557
			2.86110620524048	-1.9740706891821
			2.86110620524048	-1.97592253785864
			2.86110620524048	-1.97777438653517
			2.85925435656395	-1.9796262352117
			2.85925435656395	-1.98147808388823
			2.85925435656395	-1.98332993256476
			2.85925435656395	-1.98518178124129
			2.85925435656395	-1.98703362991782
			2.85740250788742	-1.98888547859435
			2.85740250788742	-1.99073732727088
			2.85740250788742	-1.99258917594741
			2.85555065921089	-1.99444102462395
			2.85555065921089	-1.99629287330048
			2.85555065921089	-1.99814472197701
			2.85555065921089	-1.99999657065354
			2.85369881053436	-2.00184841933007
			2.85369881053436	-2.0037002680066
			2.85184696185782	-2.00555211668313
			2.85184696185782	-2.00740396535966
			2.85184696185782	-2.00925581403619
			2.85184696185782	-2.01110766271273
			2.84999511318129	-2.01110766271273
			2.84999511318129	-2.01295951138926
			2.84999511318129	-2.01481136006579
			2.84814326450476	-2.01666320874232
			2.84814326450476	-2.01851505741885
			2.84629141582823	-2.02036690609538
			2.84629141582823	-2.02221875477191
			2.8444395671517	-2.02407060344844
			2.84258771847517	-2.02592245212497
			2.84073586979864	-2.02592245212497
			2.83888402112211	-2.02777430080151
			2.83703217244558	-2.02592245212497
			2.83518032376904	-2.02407060344844
			2.83332847509251	-2.02407060344844
			2.83147662641598	-2.02592245212497
			2.82962477773945	-2.02592245212497
			2.82777292906292	-2.02592245212497
			2.82592108038639	-2.02592245212497
			2.82406923170986	-2.02592245212497
			2.82221738303333	-2.02592245212497
			2.8203655343568	-2.02592245212497
			2.81851368568027	-2.02777430080151
			2.81666183700373	-2.02777430080151
			2.8148099883272	-2.02777430080151
			2.81295813965067	-2.02777430080151
			2.81110629097414	-2.02777430080151
			2.80925444229761	-2.02777430080151
			2.80740259362108	-2.02777430080151
			2.80555074494455	-2.02777430080151
			2.80369889626802	-2.02777430080151
			2.80184704759149	-2.02777430080151
			2.79999519891495	-2.02777430080151
			2.79814335023842	-2.02777430080151
			2.79629150156189	-2.02777430080151
			2.79443965288536	-2.02777430080151
			2.79258780420883	-2.02777430080151
			2.7907359555323	-2.02777430080151
			2.78888410685577	-2.02777430080151
			2.78703225817924	-2.02777430080151
			2.78518040950271	-2.02777430080151
			2.78332856082617	-2.02777430080151
			2.78147671214964	-2.02777430080151
			2.77962486347311	-2.02777430080151
			2.77777301479658	-2.02777430080151
			2.77592116612005	-2.02592245212497
			2.77406931744352	-2.02592245212497
			2.77221746876699	-2.02592245212497
			2.77036562009046	-2.02592245212497
			2.76851377141393	-2.02592245212497
			2.7666619227374	-2.02592245212497
			2.7666619227374	-2.02407060344844
			2.76481007406086	-2.02407060344844
			2.76295822538433	-2.02407060344844
			2.7611063767078	-2.02407060344844
			2.75925452803127	-2.02221875477191
			2.75740267935474	-2.02221875477191
			2.75555083067821	-2.02221875477191
			2.75369898200168	-2.02221875477191
			2.75184713332515	-2.02036690609538
			2.74999528464862	-2.02036690609538
			2.74814343597208	-2.02036690609538
			2.74629158729555	-2.01851505741885
			2.74443973861902	-2.01851505741885
			2.74258788994249	-2.01851505741885
			2.74073604126596	-2.01666320874232
			2.73888419258943	-2.01666320874232
			2.7370323439129	-2.01666320874232
			2.73518049523637	-2.01481136006579
			2.73332864655984	-2.01295951138926
			2.73147679788331	-2.01295951138926
			2.72962494920677	-2.01295951138926
			2.72777310053024	-2.01110766271273
			2.72592125185371	-2.01110766271273
			2.72406940317718	-2.00925581403619
			2.72221755450065	-2.00925581403619
			2.72036570582412	-2.00740396535966
			2.71851385714759	-2.00740396535966
			2.71851385714759	-2.00555211668313
			2.71666200847106	-2.00555211668313
			2.71481015979453	-2.0037002680066
			2.71295831111799	-2.0037002680066
			2.71110646244146	-2.00184841933007
			2.70925461376493	-1.99999657065354
			2.7074027650884	-1.99999657065354
			2.70555091641187	-1.99814472197701
			2.70369906773534	-1.99814472197701
			2.70184721905881	-1.99629287330048
			2.69999537038228	-1.99444102462395
			2.69814352170575	-1.99444102462395
			2.69814352170575	-1.99258917594741
			2.69629167302922	-1.99073732727088
			2.69443982435268	-1.99073732727088
			2.69258797567615	-1.98888547859435
			2.69073612699962	-1.98703362991782
			2.68888427832309	-1.98703362991782
			2.68703242964656	-1.98518178124129
			2.68518058097003	-1.98332993256476
			2.6833287322935	-1.98147808388823
			2.68147688361697	-1.9796262352117
			2.67962503494044	-1.9796262352117
			2.67962503494044	-1.97777438653517
			2.6777731862639	-1.97592253785864
			2.67592133758737	-1.9740706891821
			2.67406948891084	-1.97221884050557
			2.67221764023431	-1.97221884050557
			2.67036579155778	-1.97036699182904
			2.66851394288125	-1.96851514315251
			2.66666209420472	-1.96666329447598
			2.66666209420472	-1.96481144579945
			2.66481024552819	-1.96295959712292
			2.66295839685166	-1.96110774844639
			2.66110654817513	-1.95925589976986
			2.65925469949859	-1.95740405109332
			2.65740285082206	-1.95555220241679
			2.65555100214553	-1.95555220241679
			2.653699153469	-1.95370035374026
			2.653699153469	-1.95184850506373
			2.65184730479247	-1.9499966563872
			2.64999545611594	-1.94814480771067
			2.64814360743941	-1.94629295903414
			2.64629175876288	-1.94444111035761
			2.64629175876288	-1.94258926168108
			2.64443991008635	-1.94258926168108
			2.64443991008635	-1.94073741300455
			2.64258806140981	-1.93888556432801
			2.64073621273328	-1.93703371565148
			2.63888436405675	-1.93518186697495
			2.63888436405675	-1.93333001829842
			2.63703251538022	-1.93147816962189
			2.63518066670369	-1.93147816962189
			2.63332881802716	-1.92962632094536
			2.63147696935063	-1.92962632094536
			2.6296251206741	-1.92777447226883
			2.62777327199757	-1.92777447226883
			2.62592142332104	-1.9259226235923
			2.6240695746445	-1.9259226235923
			2.62221772596797	-1.92407077491577
			2.62036587729144	-1.92407077491577
			2.61851402861491	-1.92407077491577
			2.61666217993838	-1.92221892623923
			2.61481033126185	-1.92221892623923
			2.61295848258532	-1.9203670775627
			2.61110663390879	-1.9203670775627
			2.60925478523226	-1.9203670775627
			2.60740293655572	-1.91851522888617
			2.60555108787919	-1.91851522888617
			2.60369923920266	-1.91851522888617
			2.60184739052613	-1.91666338020964
			2.5999955418496	-1.91666338020964
			2.59814369317307	-1.91666338020964
			2.59629184449654	-1.91481153153311
			2.59443999582001	-1.91481153153311
			2.59258814714348	-1.91481153153311
			2.59073629846695	-1.91295968285658
			2.58888444979041	-1.91295968285658
			2.58703260111388	-1.91295968285658
			2.58518075243735	-1.91295968285658
			2.58332890376082	-1.91110783418005
			2.58147705508429	-1.91110783418005
			2.57962520640776	-1.91110783418005
			2.57777335773123	-1.91110783418005
			2.5759215090547	-1.90925598550352
			2.57406966037817	-1.90925598550352
			2.57221781170163	-1.90925598550352
			2.5703659630251	-1.90925598550352
			2.56851411434857	-1.90740413682699
			2.56666226567204	-1.90740413682699
			2.56481041699551	-1.90740413682699
			2.56295856831898	-1.90740413682699
			2.56110671964245	-1.90740413682699
			2.55925487096592	-1.90555228815046
			2.55740302228939	-1.90555228815046
			2.55555117361286	-1.90555228815046
			2.55369932493632	-1.90555228815046
			2.55184747625979	-1.90555228815046
			2.54999562758326	-1.90555228815046
			2.54814377890673	-1.90555228815046
			2.5462919302302	-1.90370043947392
			2.54444008155367	-1.90370043947392
			2.54258823287714	-1.90370043947392
			2.54073638420061	-1.90370043947392
			2.53888453552408	-1.90370043947392
			2.53703268684755	-1.90370043947392
			2.53518083817101	-1.90370043947392
			2.53332898949448	-1.90370043947392
			2.53147714081795	-1.90370043947392
			2.52962529214142	-1.90370043947392
			2.52777344346489	-1.90370043947392
			2.52592159478836	-1.90370043947392
			2.52406974611183	-1.90370043947392
			2.5222178974353	-1.90370043947392
			2.52036604875877	-1.90370043947392
			2.51851420008223	-1.90370043947392
			2.5166623514057	-1.90370043947392
			2.51481050272917	-1.90370043947392
			2.51295865405264	-1.90370043947392
			2.51110680537611	-1.90370043947392
			2.50925495669958	-1.90555228815046
			2.50740310802305	-1.90555228815046
			2.50555125934652	-1.90555228815046
			2.50369941066999	-1.90555228815046
		</curvaI_espina_dorsal>
	</curves.scaled>
	<ruler.points type=matrix rownames=TRUE colnames=FALSE nrow=2 ncol=2 as.numeric=TRUE >
		Ruler point 1	1497	453
		Ruler point 2	2037	452
	</ruler.points>
</shapes>

