<shapes type=list>
	<ruler.pixel type=vector names=FALSE length=1 as.numeric=TRUE >539.000927642987</ruler.pixel>
	<ruler.interval type=vector names=FALSE length=1 as.numeric=TRUE >1</ruler.interval>
	<scaling.units type=vector names=FALSE length=1 as.numeric=FALSE >mm</scaling.units>
	<scaling type=vector names=FALSE length=1 as.numeric=TRUE >0.00185184867653105</scaling>
	<landmarks.pixel type=matrix rownames=TRUE colnames=FALSE nrow=3 ncol=2 as.numeric=TRUE >
		punta_espina_dorsal	1654	1083
		esq_izq_caparaza	1391	1163
		organo_dorsal	1566	1428
	</landmarks.pixel>
	<landmarks.scaled type=matrix rownames=TRUE colnames=FALSE nrow=3 ncol=2 as.numeric=TRUE >
		punta_espina_dorsal	3.06295771098236	-2.00555211668313
		esq_izq_caparaza	2.5759215090547	-2.15370001080562
		organo_dorsal	2.89999502744763	-2.64443991008635
	</landmarks.scaled>
	<curves.control type=list>
		<curvaD_espina_dorsal type=matrix rownames=FALSE colnames=FALSE nrow=7 ncol=2 as.numeric=TRUE >
			1654	1083
			1660	1095
			1642	1161
			1630	1198
			1595	1273
			1544	1327
			1566	1428
		</curvaD_espina_dorsal>
		<curvaI_espina_dorsal type=matrix rownames=FALSE colnames=FALSE nrow=9 ncol=2 as.numeric=TRUE >
			1654	1083
			1645	1127
			1619	1179
			1598	1237
			1559	1259
			1519	1268
			1471	1191
			1438	1171
			1391	1163
		</curvaI_espina_dorsal>
	</curves.control>
	<curves.pixel type=list>
		<curvaD_espina_dorsal type=matrix rownames=FALSE colnames=FALSE nrow=352 ncol=2 as.numeric=TRUE >
			1654	1083
			1654	1084
			1655	1085
			1655	1086
			1655	1087
			1655	1088
			1655	1089
			1655	1090
			1655	1091
			1655	1092
			1655	1093
			1655	1094
			1655	1095
			1655	1096
			1655	1097
			1655	1098
			1655	1099
			1655	1100
			1655	1101
			1655	1102
			1655	1103
			1655	1104
			1654	1105
			1654	1106
			1654	1107
			1654	1108
			1654	1109
			1654	1110
			1654	1111
			1653	1112
			1653	1113
			1653	1114
			1653	1115
			1653	1116
			1653	1117
			1652	1118
			1652	1119
			1652	1120
			1652	1121
			1652	1122
			1651	1122
			1651	1123
			1651	1124
			1651	1125
			1651	1126
			1650	1127
			1650	1128
			1650	1129
			1650	1130
			1650	1131
			1649	1132
			1649	1133
			1649	1134
			1649	1135
			1648	1136
			1648	1137
			1648	1138
			1648	1139
			1647	1140
			1647	1141
			1647	1142
			1647	1143
			1646	1144
			1646	1145
			1646	1146
			1646	1147
			1645	1148
			1645	1149
			1645	1150
			1645	1151
			1644	1152
			1644	1153
			1644	1154
			1643	1155
			1643	1156
			1643	1157
			1643	1158
			1643	1159
			1642	1160
			1642	1161
			1642	1162
			1641	1163
			1641	1164
			1641	1165
			1640	1166
			1640	1167
			1640	1168
			1639	1169
			1639	1170
			1639	1171
			1638	1172
			1638	1173
			1637	1174
			1637	1175
			1637	1176
			1636	1177
			1636	1178
			1636	1179
			1635	1180
			1635	1181
			1635	1182
			1634	1183
			1634	1184
			1633	1185
			1633	1186
			1632	1187
			1632	1188
			1632	1189
			1631	1190
			1631	1191
			1630	1192
			1630	1193
			1630	1194
			1629	1195
			1629	1196
			1628	1197
			1628	1198
			1628	1199
			1627	1200
			1627	1201
			1626	1202
			1626	1203
			1626	1204
			1625	1205
			1625	1206
			1625	1207
			1624	1207
			1624	1208
			1624	1209
			1623	1209
			1623	1210
			1623	1211
			1622	1212
			1622	1213
			1622	1214
			1621	1215
			1621	1216
			1620	1216
			1620	1217
			1620	1218
			1619	1219
			1619	1220
			1618	1221
			1618	1222
			1618	1223
			1617	1224
			1617	1225
			1616	1226
			1616	1227
			1615	1228
			1615	1229
			1614	1230
			1614	1231
			1613	1232
			1613	1233
			1613	1234
			1612	1235
			1612	1236
			1611	1237
			1611	1238
			1611	1239
			1610	1239
			1610	1240
			1610	1241
			1609	1242
			1609	1243
			1608	1244
			1608	1245
			1607	1246
			1607	1247
			1607	1248
			1606	1249
			1606	1250
			1605	1251
			1605	1252
			1604	1253
			1604	1254
			1603	1255
			1603	1256
			1602	1257
			1602	1258
			1602	1259
			1601	1260
			1601	1261
			1600	1262
			1600	1263
			1599	1264
			1599	1265
			1598	1266
			1598	1267
			1597	1268
			1597	1269
			1596	1270
			1596	1271
			1595	1272
			1595	1273
			1594	1274
			1593	1275
			1593	1276
			1592	1276
			1591	1277
			1591	1278
			1590	1279
			1589	1280
			1588	1281
			1587	1282
			1586	1283
			1586	1284
			1585	1285
			1584	1286
			1583	1287
			1583	1288
			1582	1289
			1581	1290
			1581	1291
			1580	1292
			1579	1293
			1579	1294
			1578	1295
			1578	1296
			1577	1297
			1577	1298
			1576	1299
			1575	1300
			1575	1301
			1575	1302
			1574	1303
			1573	1304
			1573	1305
			1573	1306
			1572	1307
			1572	1308
			1571	1309
			1571	1310
			1570	1311
			1570	1312
			1570	1313
			1569	1314
			1569	1315
			1568	1316
			1568	1317
			1568	1318
			1567	1319
			1567	1320
			1567	1321
			1566	1322
			1566	1323
			1566	1324
			1565	1325
			1565	1326
			1565	1327
			1565	1328
			1564	1329
			1564	1330
			1564	1331
			1564	1332
			1563	1333
			1563	1334
			1563	1335
			1563	1336
			1563	1337
			1562	1338
			1562	1339
			1562	1340
			1562	1341
			1562	1342
			1562	1343
			1561	1344
			1561	1345
			1561	1346
			1561	1347
			1561	1348
			1561	1349
			1561	1350
			1560	1351
			1560	1352
			1560	1353
			1560	1354
			1560	1355
			1560	1356
			1560	1357
			1560	1358
			1560	1359
			1560	1360
			1560	1361
			1560	1362
			1560	1363
			1560	1364
			1559	1365
			1559	1366
			1559	1367
			1559	1368
			1559	1369
			1559	1370
			1559	1371
			1559	1372
			1559	1373
			1559	1374
			1559	1375
			1559	1376
			1559	1377
			1559	1378
			1560	1379
			1560	1380
			1560	1381
			1560	1382
			1560	1383
			1560	1384
			1560	1385
			1560	1386
			1560	1387
			1560	1388
			1560	1389
			1560	1390
			1560	1391
			1560	1392
			1560	1393
			1561	1394
			1561	1395
			1561	1396
			1561	1397
			1561	1398
			1561	1399
			1561	1400
			1561	1401
			1561	1402
			1562	1403
			1562	1404
			1562	1405
			1562	1406
			1562	1407
			1562	1408
			1562	1409
			1563	1410
			1563	1411
			1563	1412
			1563	1413
			1563	1414
			1563	1415
			1564	1416
			1564	1417
			1564	1418
			1564	1419
			1564	1420
			1565	1421
			1565	1422
			1565	1423
			1565	1424
			1565	1425
			1566	1426
			1566	1427
			1566	1428
		</curvaD_espina_dorsal>
		<curvaI_espina_dorsal type=matrix rownames=FALSE colnames=FALSE nrow=383 ncol=2 as.numeric=TRUE >
			1654	1083
			1654	1084
			1654	1085
			1653	1086
			1653	1087
			1653	1088
			1653	1089
			1652	1090
			1652	1091
			1652	1092
			1652	1093
			1651	1094
			1651	1095
			1651	1096
			1651	1097
			1650	1098
			1650	1099
			1650	1100
			1650	1101
			1649	1102
			1649	1103
			1649	1104
			1649	1105
			1648	1106
			1648	1107
			1648	1108
			1647	1109
			1647	1110
			1647	1111
			1647	1112
			1646	1113
			1646	1114
			1645	1115
			1645	1116
			1645	1117
			1645	1118
			1644	1119
			1644	1120
			1644	1121
			1643	1122
			1643	1123
			1642	1124
			1642	1125
			1642	1126
			1641	1127
			1641	1128
			1641	1129
			1640	1130
			1640	1131
			1640	1132
			1639	1133
			1639	1134
			1638	1135
			1638	1136
			1638	1137
			1637	1138
			1637	1139
			1636	1140
			1636	1141
			1636	1142
			1635	1143
			1635	1144
			1634	1145
			1634	1146
			1634	1147
			1633	1148
			1633	1149
			1632	1150
			1632	1151
			1632	1152
			1631	1153
			1631	1154
			1630	1155
			1630	1156
			1630	1157
			1629	1157
			1629	1158
			1628	1159
			1628	1160
			1628	1161
			1627	1162
			1627	1163
			1626	1164
			1626	1165
			1625	1166
			1625	1167
			1625	1168
			1624	1169
			1623	1170
			1623	1171
			1623	1172
			1622	1172
			1622	1173
			1622	1174
			1621	1174
			1621	1175
			1621	1176
			1620	1176
			1620	1177
			1620	1178
			1619	1179
			1619	1180
			1618	1181
			1618	1182
			1618	1183
			1617	1184
			1617	1185
			1616	1186
			1616	1187
			1616	1188
			1615	1189
			1615	1190
			1614	1191
			1614	1192
			1613	1193
			1613	1194
			1613	1195
			1612	1195
			1612	1196
			1612	1197
			1611	1197
			1611	1198
			1611	1199
			1610	1200
			1610	1201
			1609	1202
			1609	1203
			1608	1204
			1608	1205
			1607	1206
			1607	1207
			1606	1208
			1606	1209
			1605	1210
			1605	1211
			1604	1212
			1604	1213
			1603	1214
			1602	1215
			1601	1216
			1601	1217
			1600	1218
			1599	1219
			1599	1220
			1598	1221
			1597	1222
			1597	1223
			1596	1224
			1595	1225
			1595	1226
			1594	1227
			1593	1228
			1593	1229
			1592	1230
			1591	1231
			1590	1232
			1590	1233
			1589	1234
			1588	1235
			1587	1235
			1587	1236
			1586	1237
			1585	1238
			1584	1239
			1584	1240
			1583	1240
			1582	1241
			1581	1242
			1581	1243
			1580	1244
			1579	1244
			1578	1245
			1577	1246
			1576	1247
			1575	1248
			1574	1249
			1573	1250
			1572	1250
			1571	1251
			1570	1252
			1569	1253
			1568	1254
			1567	1254
			1566	1255
			1565	1255
			1564	1256
			1563	1257
			1562	1257
			1561	1258
			1560	1258
			1559	1259
			1558	1259
			1557	1259
			1556	1260
			1555	1260
			1554	1260
			1553	1260
			1552	1260
			1551	1260
			1550	1260
			1549	1260
			1548	1260
			1547	1260
			1546	1260
			1545	1260
			1544	1259
			1543	1259
			1542	1259
			1541	1259
			1540	1259
			1539	1258
			1538	1258
			1537	1258
			1536	1257
			1535	1257
			1534	1256
			1533	1256
			1532	1256
			1531	1255
			1530	1255
			1529	1254
			1528	1254
			1527	1253
			1526	1252
			1525	1252
			1524	1252
			1523	1251
			1522	1250
			1521	1249
			1520	1249
			1519	1248
			1518	1247
			1517	1247
			1516	1246
			1515	1245
			1514	1244
			1513	1243
			1512	1243
			1512	1242
			1511	1241
			1510	1241
			1510	1240
			1509	1240
			1508	1239
			1508	1238
			1507	1238
			1506	1237
			1505	1236
			1504	1235
			1503	1234
			1502	1233
			1502	1232
			1501	1231
			1500	1230
			1499	1230
			1498	1229
			1498	1228
			1497	1227
			1496	1226
			1495	1225
			1494	1224
			1493	1223
			1492	1222
			1492	1221
			1491	1220
			1490	1219
			1490	1218
			1489	1218
			1489	1217
			1488	1216
			1487	1215
			1486	1214
			1486	1213
			1485	1212
			1484	1211
			1484	1210
			1483	1209
			1483	1208
			1482	1208
			1481	1207
			1481	1206
			1480	1205
			1479	1204
			1479	1203
			1478	1202
			1478	1201
			1477	1200
			1476	1199
			1476	1198
			1475	1197
			1474	1196
			1473	1195
			1473	1194
			1472	1193
			1472	1192
			1471	1192
			1471	1191
			1470	1191
			1470	1190
			1469	1190
			1468	1189
			1467	1189
			1466	1188
			1465	1187
			1464	1187
			1463	1186
			1462	1186
			1461	1186
			1461	1185
			1460	1185
			1459	1184
			1458	1184
			1457	1184
			1457	1183
			1456	1183
			1455	1182
			1454	1182
			1453	1182
			1453	1181
			1452	1181
			1451	1181
			1450	1180
			1449	1180
			1448	1179
			1447	1179
			1446	1178
			1445	1178
			1444	1177
			1443	1177
			1442	1177
			1441	1176
			1440	1176
			1439	1176
			1438	1175
			1437	1175
			1436	1175
			1436	1174
			1435	1174
			1434	1174
			1433	1174
			1432	1173
			1431	1173
			1430	1172
			1429	1172
			1428	1172
			1427	1172
			1426	1171
			1425	1171
			1424	1171
			1423	1170
			1422	1170
			1421	1170
			1420	1169
			1419	1169
			1418	1169
			1417	1169
			1416	1168
			1415	1168
			1414	1168
			1413	1168
			1412	1167
			1411	1167
			1410	1167
			1409	1167
			1408	1166
			1407	1166
			1406	1166
			1405	1166
			1404	1165
			1403	1165
			1402	1165
			1401	1165
			1400	1165
			1399	1165
			1399	1164
			1398	1164
			1397	1164
			1396	1164
			1395	1164
			1394	1164
			1393	1163
			1392	1163
			1391	1163
		</curvaI_espina_dorsal>
	</curves.pixel>
	<curves.scaled type=list>
		<curvaD_espina_dorsal type=matrix rownames=FALSE colnames=FALSE nrow=352 ncol=2 as.numeric=TRUE >
			3.06295771098236	-2.00555211668313
			3.06295771098236	-2.00740396535966
			3.0648095596589	-2.00925581403619
			3.0648095596589	-2.01110766271273
			3.0648095596589	-2.01295951138926
			3.0648095596589	-2.01481136006579
			3.0648095596589	-2.01666320874232
			3.0648095596589	-2.01851505741885
			3.0648095596589	-2.02036690609538
			3.0648095596589	-2.02221875477191
			3.0648095596589	-2.02407060344844
			3.0648095596589	-2.02592245212497
			3.0648095596589	-2.02777430080151
			3.0648095596589	-2.02962614947804
			3.0648095596589	-2.03147799815457
			3.0648095596589	-2.0333298468311
			3.0648095596589	-2.03518169550763
			3.0648095596589	-2.03703354418416
			3.0648095596589	-2.03888539286069
			3.0648095596589	-2.04073724153722
			3.0648095596589	-2.04258909021375
			3.0648095596589	-2.04444093889028
			3.06295771098236	-2.04629278756682
			3.06295771098236	-2.04814463624335
			3.06295771098236	-2.04999648491988
			3.06295771098236	-2.05184833359641
			3.06295771098236	-2.05370018227294
			3.06295771098236	-2.05555203094947
			3.06295771098236	-2.057403879626
			3.06110586230583	-2.05925572830253
			3.06110586230583	-2.06110757697906
			3.06110586230583	-2.06295942565559
			3.06110586230583	-2.06481127433213
			3.06110586230583	-2.06666312300866
			3.06110586230583	-2.06851497168519
			3.0592540136293	-2.07036682036172
			3.0592540136293	-2.07221866903825
			3.0592540136293	-2.07407051771478
			3.0592540136293	-2.07592236639131
			3.0592540136293	-2.07777421506784
			3.05740216495277	-2.07777421506784
			3.05740216495277	-2.07962606374437
			3.05740216495277	-2.08147791242091
			3.05740216495277	-2.08332976109744
			3.05740216495277	-2.08518160977397
			3.05555031627624	-2.0870334584505
			3.05555031627624	-2.08888530712703
			3.05555031627624	-2.09073715580356
			3.05555031627624	-2.09258900448009
			3.05555031627624	-2.09444085315662
			3.05369846759971	-2.09629270183315
			3.05369846759971	-2.09814455050968
			3.05369846759971	-2.09999639918622
			3.05369846759971	-2.10184824786275
			3.05184661892318	-2.10370009653928
			3.05184661892318	-2.10555194521581
			3.05184661892318	-2.10740379389234
			3.05184661892318	-2.10925564256887
			3.04999477024665	-2.1111074912454
			3.04999477024665	-2.11295933992193
			3.04999477024665	-2.11481118859846
			3.04999477024665	-2.116663037275
			3.04814292157012	-2.11851488595153
			3.04814292157012	-2.12036673462806
			3.04814292157012	-2.12221858330459
			3.04814292157012	-2.12407043198112
			3.04629107289359	-2.12592228065765
			3.04629107289359	-2.12777412933418
			3.04629107289359	-2.12962597801071
			3.04629107289359	-2.13147782668724
			3.04443922421705	-2.13332967536377
			3.04443922421705	-2.13518152404031
			3.04443922421705	-2.13703337271684
			3.04258737554052	-2.13888522139337
			3.04258737554052	-2.1407370700699
			3.04258737554052	-2.14258891874643
			3.04258737554052	-2.14444076742296
			3.04258737554052	-2.14629261609949
			3.04073552686399	-2.14814446477602
			3.04073552686399	-2.14999631345255
			3.04073552686399	-2.15184816212909
			3.03888367818746	-2.15370001080562
			3.03888367818746	-2.15555185948215
			3.03888367818746	-2.15740370815868
			3.03703182951093	-2.15925555683521
			3.03703182951093	-2.16110740551174
			3.03703182951093	-2.16295925418827
			3.0351799808344	-2.1648111028648
			3.0351799808344	-2.16666295154133
			3.0351799808344	-2.16851480021786
			3.03332813215787	-2.1703666488944
			3.03332813215787	-2.17221849757093
			3.03147628348134	-2.17407034624746
			3.03147628348134	-2.17592219492399
			3.03147628348134	-2.17777404360052
			3.02962443480481	-2.17962589227705
			3.02962443480481	-2.18147774095358
			3.02962443480481	-2.18332958963011
			3.02777258612827	-2.18518143830664
			3.02777258612827	-2.18703328698318
			3.02777258612827	-2.18888513565971
			3.02592073745174	-2.19073698433624
			3.02592073745174	-2.19258883301277
			3.02406888877521	-2.1944406816893
			3.02406888877521	-2.19629253036583
			3.02221704009868	-2.19814437904236
			3.02221704009868	-2.19999622771889
			3.02221704009868	-2.20184807639542
			3.02036519142215	-2.20369992507195
			3.02036519142215	-2.20555177374849
			3.01851334274562	-2.20740362242502
			3.01851334274562	-2.20925547110155
			3.01851334274562	-2.21110731977808
			3.01666149406909	-2.21295916845461
			3.01666149406909	-2.21481101713114
			3.01480964539256	-2.21666286580767
			3.01480964539256	-2.2185147144842
			3.01480964539256	-2.22036656316073
			3.01295779671603	-2.22221841183727
			3.01295779671603	-2.2240702605138
			3.01110594803949	-2.22592210919033
			3.01110594803949	-2.22777395786686
			3.01110594803949	-2.22962580654339
			3.00925409936296	-2.23147765521992
			3.00925409936296	-2.23332950389645
			3.00925409936296	-2.23518135257298
			3.00740225068643	-2.23518135257298
			3.00740225068643	-2.23703320124951
			3.00740225068643	-2.23888504992604
			3.0055504020099	-2.23888504992604
			3.0055504020099	-2.24073689860258
			3.0055504020099	-2.24258874727911
			3.00369855333337	-2.24444059595564
			3.00369855333337	-2.24629244463217
			3.00369855333337	-2.2481442933087
			3.00184670465684	-2.24999614198523
			3.00184670465684	-2.25184799066176
			2.99999485598031	-2.25184799066176
			2.99999485598031	-2.25369983933829
			2.99999485598031	-2.25555168801482
			2.99814300730378	-2.25740353669136
			2.99814300730378	-2.25925538536789
			2.99629115862725	-2.26110723404442
			2.99629115862725	-2.26295908272095
			2.99629115862725	-2.26481093139748
			2.99443930995072	-2.26666278007401
			2.99443930995072	-2.26851462875054
			2.99258746127418	-2.27036647742707
			2.99258746127418	-2.2722183261036
			2.99073561259765	-2.27407017478013
			2.99073561259765	-2.27592202345667
			2.98888376392112	-2.2777738721332
			2.98888376392112	-2.27962572080973
			2.98703191524459	-2.28147756948626
			2.98703191524459	-2.28332941816279
			2.98703191524459	-2.28518126683932
			2.98518006656806	-2.28703311551585
			2.98518006656806	-2.28888496419238
			2.98332821789153	-2.29073681286891
			2.98332821789153	-2.29258866154545
			2.98332821789153	-2.29444051022198
			2.981476369215	-2.29444051022198
			2.981476369215	-2.29629235889851
			2.981476369215	-2.29814420757504
			2.97962452053847	-2.29999605625157
			2.97962452053847	-2.3018479049281
			2.97777267186194	-2.30369975360463
			2.97777267186194	-2.30555160228116
			2.9759208231854	-2.30740345095769
			2.9759208231854	-2.30925529963423
			2.9759208231854	-2.31110714831076
			2.97406897450887	-2.31295899698729
			2.97406897450887	-2.31481084566382
			2.97221712583234	-2.31666269434035
			2.97221712583234	-2.31851454301688
			2.97036527715581	-2.32036639169341
			2.97036527715581	-2.32221824036994
			2.96851342847928	-2.32407008904647
			2.96851342847928	-2.325921937723
			2.96666157980275	-2.32777378639954
			2.96666157980275	-2.32962563507607
			2.96666157980275	-2.3314774837526
			2.96480973112622	-2.33332933242913
			2.96480973112622	-2.33518118110566
			2.96295788244969	-2.33703302978219
			2.96295788244969	-2.33888487845872
			2.96110603377316	-2.34073672713525
			2.96110603377316	-2.34258857581178
			2.95925418509663	-2.34444042448832
			2.95925418509663	-2.34629227316485
			2.95740233642009	-2.34814412184138
			2.95740233642009	-2.34999597051791
			2.95555048774356	-2.35184781919444
			2.95555048774356	-2.35369966787097
			2.95369863906703	-2.3555515165475
			2.95369863906703	-2.35740336522403
			2.9518467903905	-2.35925521390056
			2.94999494171397	-2.36110706257709
			2.94999494171397	-2.36295891125363
			2.94814309303744	-2.36295891125363
			2.94629124436091	-2.36481075993016
			2.94629124436091	-2.36666260860669
			2.94443939568438	-2.36851445728322
			2.94258754700785	-2.37036630595975
			2.94073569833131	-2.37221815463628
			2.93888384965478	-2.37407000331281
			2.93703200097825	-2.37592185198934
			2.93703200097825	-2.37777370066587
			2.93518015230172	-2.37962554934241
			2.93332830362519	-2.38147739801894
			2.93147645494866	-2.38332924669547
			2.93147645494866	-2.385181095372
			2.92962460627213	-2.38703294404853
			2.9277727575956	-2.38888479272506
			2.9277727575956	-2.39073664140159
			2.92592090891907	-2.39258849007812
			2.92406906024254	-2.39444033875465
			2.92406906024254	-2.39629218743118
			2.922217211566	-2.39814403610772
			2.922217211566	-2.39999588478425
			2.92036536288947	-2.40184773346078
			2.92036536288947	-2.40369958213731
			2.91851351421294	-2.40555143081384
			2.91666166553641	-2.40740327949037
			2.91666166553641	-2.4092551281669
			2.91666166553641	-2.41110697684343
			2.91480981685988	-2.41295882551996
			2.91295796818335	-2.4148106741965
			2.91295796818335	-2.41666252287303
			2.91295796818335	-2.41851437154956
			2.91110611950682	-2.42036622022609
			2.91110611950682	-2.42221806890262
			2.90925427083029	-2.42406991757915
			2.90925427083029	-2.42592176625568
			2.90740242215376	-2.42777361493221
			2.90740242215376	-2.42962546360874
			2.90740242215376	-2.43147731228527
			2.90555057347722	-2.43332916096181
			2.90555057347722	-2.43518100963834
			2.90369872480069	-2.43703285831487
			2.90369872480069	-2.4388847069914
			2.90369872480069	-2.44073655566793
			2.90184687612416	-2.44258840434446
			2.90184687612416	-2.44444025302099
			2.90184687612416	-2.44629210169752
			2.89999502744763	-2.44814395037405
			2.89999502744763	-2.44999579905059
			2.89999502744763	-2.45184764772712
			2.8981431787711	-2.45369949640365
			2.8981431787711	-2.45555134508018
			2.8981431787711	-2.45740319375671
			2.8981431787711	-2.45925504243324
			2.89629133009457	-2.46110689110977
			2.89629133009457	-2.4629587397863
			2.89629133009457	-2.46481058846283
			2.89629133009457	-2.46666243713936
			2.89443948141804	-2.4685142858159
			2.89443948141804	-2.47036613449243
			2.89443948141804	-2.47221798316896
			2.89443948141804	-2.47406983184549
			2.89443948141804	-2.47592168052202
			2.89258763274151	-2.47777352919855
			2.89258763274151	-2.47962537787508
			2.89258763274151	-2.48147722655161
			2.89258763274151	-2.48332907522814
			2.89258763274151	-2.48518092390468
			2.89258763274151	-2.48703277258121
			2.89073578406498	-2.48888462125774
			2.89073578406498	-2.49073646993427
			2.89073578406498	-2.4925883186108
			2.89073578406498	-2.49444016728733
			2.89073578406498	-2.49629201596386
			2.89073578406498	-2.49814386464039
			2.89073578406498	-2.49999571331692
			2.88888393538845	-2.50184756199345
			2.88888393538845	-2.50369941066999
			2.88888393538845	-2.50555125934652
			2.88888393538845	-2.50740310802305
			2.88888393538845	-2.50925495669958
			2.88888393538845	-2.51110680537611
			2.88888393538845	-2.51295865405264
			2.88888393538845	-2.51481050272917
			2.88888393538845	-2.5166623514057
			2.88888393538845	-2.51851420008223
			2.88888393538845	-2.52036604875877
			2.88888393538845	-2.5222178974353
			2.88888393538845	-2.52406974611183
			2.88888393538845	-2.52592159478836
			2.88703208671191	-2.52777344346489
			2.88703208671191	-2.52962529214142
			2.88703208671191	-2.53147714081795
			2.88703208671191	-2.53332898949448
			2.88703208671191	-2.53518083817101
			2.88703208671191	-2.53703268684755
			2.88703208671191	-2.53888453552408
			2.88703208671191	-2.54073638420061
			2.88703208671191	-2.54258823287714
			2.88703208671191	-2.54444008155367
			2.88703208671191	-2.5462919302302
			2.88703208671191	-2.54814377890673
			2.88703208671191	-2.54999562758326
			2.88703208671191	-2.55184747625979
			2.88888393538845	-2.55369932493632
			2.88888393538845	-2.55555117361286
			2.88888393538845	-2.55740302228939
			2.88888393538845	-2.55925487096592
			2.88888393538845	-2.56110671964245
			2.88888393538845	-2.56295856831898
			2.88888393538845	-2.56481041699551
			2.88888393538845	-2.56666226567204
			2.88888393538845	-2.56851411434857
			2.88888393538845	-2.5703659630251
			2.88888393538845	-2.57221781170163
			2.88888393538845	-2.57406966037817
			2.88888393538845	-2.5759215090547
			2.88888393538845	-2.57777335773123
			2.88888393538845	-2.57962520640776
			2.89073578406498	-2.58147705508429
			2.89073578406498	-2.58332890376082
			2.89073578406498	-2.58518075243735
			2.89073578406498	-2.58703260111388
			2.89073578406498	-2.58888444979041
			2.89073578406498	-2.59073629846695
			2.89073578406498	-2.59258814714348
			2.89073578406498	-2.59443999582001
			2.89073578406498	-2.59629184449654
			2.89258763274151	-2.59814369317307
			2.89258763274151	-2.5999955418496
			2.89258763274151	-2.60184739052613
			2.89258763274151	-2.60369923920266
			2.89258763274151	-2.60555108787919
			2.89258763274151	-2.60740293655572
			2.89258763274151	-2.60925478523226
			2.89443948141804	-2.61110663390879
			2.89443948141804	-2.61295848258532
			2.89443948141804	-2.61481033126185
			2.89443948141804	-2.61666217993838
			2.89443948141804	-2.61851402861491
			2.89443948141804	-2.62036587729144
			2.89629133009457	-2.62221772596797
			2.89629133009457	-2.6240695746445
			2.89629133009457	-2.62592142332104
			2.89629133009457	-2.62777327199757
			2.89629133009457	-2.6296251206741
			2.8981431787711	-2.63147696935063
			2.8981431787711	-2.63332881802716
			2.8981431787711	-2.63518066670369
			2.8981431787711	-2.63703251538022
			2.8981431787711	-2.63888436405675
			2.89999502744763	-2.64073621273328
			2.89999502744763	-2.64258806140981
			2.89999502744763	-2.64443991008635
		</curvaD_espina_dorsal>
		<curvaI_espina_dorsal type=matrix rownames=FALSE colnames=FALSE nrow=383 ncol=2 as.numeric=TRUE >
			3.06295771098236	-2.00555211668313
			3.06295771098236	-2.00740396535966
			3.06295771098236	-2.00925581403619
			3.06110586230583	-2.01110766271273
			3.06110586230583	-2.01295951138926
			3.06110586230583	-2.01481136006579
			3.06110586230583	-2.01666320874232
			3.0592540136293	-2.01851505741885
			3.0592540136293	-2.02036690609538
			3.0592540136293	-2.02221875477191
			3.0592540136293	-2.02407060344844
			3.05740216495277	-2.02592245212497
			3.05740216495277	-2.02777430080151
			3.05740216495277	-2.02962614947804
			3.05740216495277	-2.03147799815457
			3.05555031627624	-2.0333298468311
			3.05555031627624	-2.03518169550763
			3.05555031627624	-2.03703354418416
			3.05555031627624	-2.03888539286069
			3.05369846759971	-2.04073724153722
			3.05369846759971	-2.04258909021375
			3.05369846759971	-2.04444093889028
			3.05369846759971	-2.04629278756682
			3.05184661892318	-2.04814463624335
			3.05184661892318	-2.04999648491988
			3.05184661892318	-2.05184833359641
			3.04999477024665	-2.05370018227294
			3.04999477024665	-2.05555203094947
			3.04999477024665	-2.057403879626
			3.04999477024665	-2.05925572830253
			3.04814292157012	-2.06110757697906
			3.04814292157012	-2.06295942565559
			3.04629107289359	-2.06481127433213
			3.04629107289359	-2.06666312300866
			3.04629107289359	-2.06851497168519
			3.04629107289359	-2.07036682036172
			3.04443922421705	-2.07221866903825
			3.04443922421705	-2.07407051771478
			3.04443922421705	-2.07592236639131
			3.04258737554052	-2.07777421506784
			3.04258737554052	-2.07962606374437
			3.04073552686399	-2.08147791242091
			3.04073552686399	-2.08332976109744
			3.04073552686399	-2.08518160977397
			3.03888367818746	-2.0870334584505
			3.03888367818746	-2.08888530712703
			3.03888367818746	-2.09073715580356
			3.03703182951093	-2.09258900448009
			3.03703182951093	-2.09444085315662
			3.03703182951093	-2.09629270183315
			3.0351799808344	-2.09814455050968
			3.0351799808344	-2.09999639918622
			3.03332813215787	-2.10184824786275
			3.03332813215787	-2.10370009653928
			3.03332813215787	-2.10555194521581
			3.03147628348134	-2.10740379389234
			3.03147628348134	-2.10925564256887
			3.02962443480481	-2.1111074912454
			3.02962443480481	-2.11295933992193
			3.02962443480481	-2.11481118859846
			3.02777258612827	-2.116663037275
			3.02777258612827	-2.11851488595153
			3.02592073745174	-2.12036673462806
			3.02592073745174	-2.12221858330459
			3.02592073745174	-2.12407043198112
			3.02406888877521	-2.12592228065765
			3.02406888877521	-2.12777412933418
			3.02221704009868	-2.12962597801071
			3.02221704009868	-2.13147782668724
			3.02221704009868	-2.13332967536377
			3.02036519142215	-2.13518152404031
			3.02036519142215	-2.13703337271684
			3.01851334274562	-2.13888522139337
			3.01851334274562	-2.1407370700699
			3.01851334274562	-2.14258891874643
			3.01666149406909	-2.14258891874643
			3.01666149406909	-2.14444076742296
			3.01480964539256	-2.14629261609949
			3.01480964539256	-2.14814446477602
			3.01480964539256	-2.14999631345255
			3.01295779671603	-2.15184816212909
			3.01295779671603	-2.15370001080562
			3.01110594803949	-2.15555185948215
			3.01110594803949	-2.15740370815868
			3.00925409936296	-2.15925555683521
			3.00925409936296	-2.16110740551174
			3.00925409936296	-2.16295925418827
			3.00740225068643	-2.1648111028648
			3.0055504020099	-2.16666295154133
			3.0055504020099	-2.16851480021786
			3.0055504020099	-2.1703666488944
			3.00369855333337	-2.1703666488944
			3.00369855333337	-2.17221849757093
			3.00369855333337	-2.17407034624746
			3.00184670465684	-2.17407034624746
			3.00184670465684	-2.17592219492399
			3.00184670465684	-2.17777404360052
			2.99999485598031	-2.17777404360052
			2.99999485598031	-2.17962589227705
			2.99999485598031	-2.18147774095358
			2.99814300730378	-2.18332958963011
			2.99814300730378	-2.18518143830664
			2.99629115862725	-2.18703328698318
			2.99629115862725	-2.18888513565971
			2.99629115862725	-2.19073698433624
			2.99443930995072	-2.19258883301277
			2.99443930995072	-2.1944406816893
			2.99258746127418	-2.19629253036583
			2.99258746127418	-2.19814437904236
			2.99258746127418	-2.19999622771889
			2.99073561259765	-2.20184807639542
			2.99073561259765	-2.20369992507195
			2.98888376392112	-2.20555177374849
			2.98888376392112	-2.20740362242502
			2.98703191524459	-2.20925547110155
			2.98703191524459	-2.21110731977808
			2.98703191524459	-2.21295916845461
			2.98518006656806	-2.21295916845461
			2.98518006656806	-2.21481101713114
			2.98518006656806	-2.21666286580767
			2.98332821789153	-2.21666286580767
			2.98332821789153	-2.2185147144842
			2.98332821789153	-2.22036656316073
			2.981476369215	-2.22221841183727
			2.981476369215	-2.2240702605138
			2.97962452053847	-2.22592210919033
			2.97962452053847	-2.22777395786686
			2.97777267186194	-2.22962580654339
			2.97777267186194	-2.23147765521992
			2.9759208231854	-2.23332950389645
			2.9759208231854	-2.23518135257298
			2.97406897450887	-2.23703320124951
			2.97406897450887	-2.23888504992604
			2.97221712583234	-2.24073689860258
			2.97221712583234	-2.24258874727911
			2.97036527715581	-2.24444059595564
			2.97036527715581	-2.24629244463217
			2.96851342847928	-2.2481442933087
			2.96666157980275	-2.24999614198523
			2.96480973112622	-2.25184799066176
			2.96480973112622	-2.25369983933829
			2.96295788244969	-2.25555168801482
			2.96110603377316	-2.25740353669136
			2.96110603377316	-2.25925538536789
			2.95925418509663	-2.26110723404442
			2.95740233642009	-2.26295908272095
			2.95740233642009	-2.26481093139748
			2.95555048774356	-2.26666278007401
			2.95369863906703	-2.26851462875054
			2.95369863906703	-2.27036647742707
			2.9518467903905	-2.2722183261036
			2.94999494171397	-2.27407017478013
			2.94999494171397	-2.27592202345667
			2.94814309303744	-2.2777738721332
			2.94629124436091	-2.27962572080973
			2.94443939568438	-2.28147756948626
			2.94443939568438	-2.28332941816279
			2.94258754700785	-2.28518126683932
			2.94073569833131	-2.28703311551585
			2.93888384965478	-2.28703311551585
			2.93888384965478	-2.28888496419238
			2.93703200097825	-2.29073681286891
			2.93518015230172	-2.29258866154545
			2.93332830362519	-2.29444051022198
			2.93332830362519	-2.29629235889851
			2.93147645494866	-2.29629235889851
			2.92962460627213	-2.29814420757504
			2.9277727575956	-2.29999605625157
			2.9277727575956	-2.3018479049281
			2.92592090891907	-2.30369975360463
			2.92406906024254	-2.30369975360463
			2.922217211566	-2.30555160228116
			2.92036536288947	-2.30740345095769
			2.91851351421294	-2.30925529963423
			2.91666166553641	-2.31110714831076
			2.91480981685988	-2.31295899698729
			2.91295796818335	-2.31481084566382
			2.91110611950682	-2.31481084566382
			2.90925427083029	-2.31666269434035
			2.90740242215376	-2.31851454301688
			2.90555057347722	-2.32036639169341
			2.90369872480069	-2.32221824036994
			2.90184687612416	-2.32221824036994
			2.89999502744763	-2.32407008904647
			2.8981431787711	-2.32407008904647
			2.89629133009457	-2.325921937723
			2.89443948141804	-2.32777378639954
			2.89258763274151	-2.32777378639954
			2.89073578406498	-2.32962563507607
			2.88888393538845	-2.32962563507607
			2.88703208671191	-2.3314774837526
			2.88518023803538	-2.3314774837526
			2.88332838935885	-2.3314774837526
			2.88147654068232	-2.33332933242913
			2.87962469200579	-2.33332933242913
			2.87777284332926	-2.33332933242913
			2.87592099465273	-2.33332933242913
			2.8740691459762	-2.33332933242913
			2.87221729729967	-2.33332933242913
			2.87036544862313	-2.33332933242913
			2.8685135999466	-2.33332933242913
			2.86666175127007	-2.33332933242913
			2.86480990259354	-2.33332933242913
			2.86295805391701	-2.33332933242913
			2.86110620524048	-2.33332933242913
			2.85925435656395	-2.3314774837526
			2.85740250788742	-2.3314774837526
			2.85555065921089	-2.3314774837526
			2.85369881053436	-2.3314774837526
			2.85184696185782	-2.3314774837526
			2.84999511318129	-2.32962563507607
			2.84814326450476	-2.32962563507607
			2.84629141582823	-2.32962563507607
			2.8444395671517	-2.32777378639954
			2.84258771847517	-2.32777378639954
			2.84073586979864	-2.325921937723
			2.83888402112211	-2.325921937723
			2.83703217244558	-2.325921937723
			2.83518032376904	-2.32407008904647
			2.83332847509251	-2.32407008904647
			2.83147662641598	-2.32221824036994
			2.82962477773945	-2.32221824036994
			2.82777292906292	-2.32036639169341
			2.82592108038639	-2.31851454301688
			2.82406923170986	-2.31851454301688
			2.82221738303333	-2.31851454301688
			2.8203655343568	-2.31666269434035
			2.81851368568027	-2.31481084566382
			2.81666183700373	-2.31295899698729
			2.8148099883272	-2.31295899698729
			2.81295813965067	-2.31110714831076
			2.81110629097414	-2.30925529963423
			2.80925444229761	-2.30925529963423
			2.80740259362108	-2.30740345095769
			2.80555074494455	-2.30555160228116
			2.80369889626802	-2.30369975360463
			2.80184704759149	-2.3018479049281
			2.79999519891495	-2.3018479049281
			2.79999519891495	-2.29999605625157
			2.79814335023842	-2.29814420757504
			2.79629150156189	-2.29814420757504
			2.79629150156189	-2.29629235889851
			2.79443965288536	-2.29629235889851
			2.79258780420883	-2.29444051022198
			2.79258780420883	-2.29258866154545
			2.7907359555323	-2.29258866154545
			2.78888410685577	-2.29073681286891
			2.78703225817924	-2.28888496419238
			2.78518040950271	-2.28703311551585
			2.78332856082617	-2.28518126683932
			2.78147671214964	-2.28332941816279
			2.78147671214964	-2.28147756948626
			2.77962486347311	-2.27962572080973
			2.77777301479658	-2.2777738721332
			2.77592116612005	-2.2777738721332
			2.77406931744352	-2.27592202345667
			2.77406931744352	-2.27407017478013
			2.77221746876699	-2.2722183261036
			2.77036562009046	-2.27036647742707
			2.76851377141393	-2.26851462875054
			2.7666619227374	-2.26666278007401
			2.76481007406086	-2.26481093139748
			2.76295822538433	-2.26295908272095
			2.76295822538433	-2.26110723404442
			2.7611063767078	-2.25925538536789
			2.75925452803127	-2.25740353669136
			2.75925452803127	-2.25555168801482
			2.75740267935474	-2.25555168801482
			2.75740267935474	-2.25369983933829
			2.75555083067821	-2.25184799066176
			2.75369898200168	-2.24999614198523
			2.75184713332515	-2.2481442933087
			2.75184713332515	-2.24629244463217
			2.74999528464862	-2.24444059595564
			2.74814343597208	-2.24258874727911
			2.74814343597208	-2.24073689860258
			2.74629158729555	-2.23888504992604
			2.74629158729555	-2.23703320124951
			2.74443973861902	-2.23703320124951
			2.74258788994249	-2.23518135257298
			2.74258788994249	-2.23332950389645
			2.74073604126596	-2.23147765521992
			2.73888419258943	-2.22962580654339
			2.73888419258943	-2.22777395786686
			2.7370323439129	-2.22592210919033
			2.7370323439129	-2.2240702605138
			2.73518049523637	-2.22221841183727
			2.73332864655984	-2.22036656316073
			2.73332864655984	-2.2185147144842
			2.73147679788331	-2.21666286580767
			2.72962494920677	-2.21481101713114
			2.72777310053024	-2.21295916845461
			2.72777310053024	-2.21110731977808
			2.72592125185371	-2.20925547110155
			2.72592125185371	-2.20740362242502
			2.72406940317718	-2.20740362242502
			2.72406940317718	-2.20555177374849
			2.72221755450065	-2.20555177374849
			2.72221755450065	-2.20369992507195
			2.72036570582412	-2.20369992507195
			2.71851385714759	-2.20184807639542
			2.71666200847106	-2.20184807639542
			2.71481015979453	-2.19999622771889
			2.71295831111799	-2.19814437904236
			2.71110646244146	-2.19814437904236
			2.70925461376493	-2.19629253036583
			2.7074027650884	-2.19629253036583
			2.70555091641187	-2.19629253036583
			2.70555091641187	-2.1944406816893
			2.70369906773534	-2.1944406816893
			2.70184721905881	-2.19258883301277
			2.69999537038228	-2.19258883301277
			2.69814352170575	-2.19258883301277
			2.69814352170575	-2.19073698433624
			2.69629167302922	-2.19073698433624
			2.69443982435268	-2.18888513565971
			2.69258797567615	-2.18888513565971
			2.69073612699962	-2.18888513565971
			2.69073612699962	-2.18703328698318
			2.68888427832309	-2.18703328698318
			2.68703242964656	-2.18703328698318
			2.68518058097003	-2.18518143830664
			2.6833287322935	-2.18518143830664
			2.68147688361697	-2.18332958963011
			2.67962503494044	-2.18332958963011
			2.6777731862639	-2.18147774095358
			2.67592133758737	-2.18147774095358
			2.67406948891084	-2.17962589227705
			2.67221764023431	-2.17962589227705
			2.67036579155778	-2.17962589227705
			2.66851394288125	-2.17777404360052
			2.66666209420472	-2.17777404360052
			2.66481024552819	-2.17777404360052
			2.66295839685166	-2.17592219492399
			2.66110654817513	-2.17592219492399
			2.65925469949859	-2.17592219492399
			2.65925469949859	-2.17407034624746
			2.65740285082206	-2.17407034624746
			2.65555100214553	-2.17407034624746
			2.653699153469	-2.17407034624746
			2.65184730479247	-2.17221849757093
			2.64999545611594	-2.17221849757093
			2.64814360743941	-2.1703666488944
			2.64629175876288	-2.1703666488944
			2.64443991008635	-2.1703666488944
			2.64258806140981	-2.1703666488944
			2.64073621273328	-2.16851480021786
			2.63888436405675	-2.16851480021786
			2.63703251538022	-2.16851480021786
			2.63518066670369	-2.16666295154133
			2.63332881802716	-2.16666295154133
			2.63147696935063	-2.16666295154133
			2.6296251206741	-2.1648111028648
			2.62777327199757	-2.1648111028648
			2.62592142332104	-2.1648111028648
			2.6240695746445	-2.1648111028648
			2.62221772596797	-2.16295925418827
			2.62036587729144	-2.16295925418827
			2.61851402861491	-2.16295925418827
			2.61666217993838	-2.16295925418827
			2.61481033126185	-2.16110740551174
			2.61295848258532	-2.16110740551174
			2.61110663390879	-2.16110740551174
			2.60925478523226	-2.16110740551174
			2.60740293655572	-2.15925555683521
			2.60555108787919	-2.15925555683521
			2.60369923920266	-2.15925555683521
			2.60184739052613	-2.15925555683521
			2.5999955418496	-2.15740370815868
			2.59814369317307	-2.15740370815868
			2.59629184449654	-2.15740370815868
			2.59443999582001	-2.15740370815868
			2.59258814714348	-2.15740370815868
			2.59073629846695	-2.15740370815868
			2.59073629846695	-2.15555185948215
			2.58888444979041	-2.15555185948215
			2.58703260111388	-2.15555185948215
			2.58518075243735	-2.15555185948215
			2.58332890376082	-2.15555185948215
			2.58147705508429	-2.15555185948215
			2.57962520640776	-2.15370001080562
			2.57777335773123	-2.15370001080562
			2.5759215090547	-2.15370001080562
		</curvaI_espina_dorsal>
	</curves.scaled>
	<ruler.points type=matrix rownames=TRUE colnames=FALSE nrow=2 ncol=2 as.numeric=TRUE >
		Ruler point 1	1497	453
		Ruler point 2	2037	452
	</ruler.points>
</shapes>

