<shapes type=list>
	<ruler.pixel type=vector names=FALSE length=1 as.numeric=TRUE >539.000927642987</ruler.pixel>
	<ruler.interval type=vector names=FALSE length=1 as.numeric=TRUE >1</ruler.interval>
	<scaling.units type=vector names=FALSE length=1 as.numeric=FALSE >mm</scaling.units>
	<scaling type=vector names=FALSE length=1 as.numeric=TRUE >0.00185184867653105</scaling>
	<landmarks.pixel type=matrix rownames=TRUE colnames=FALSE nrow=3 ncol=2 as.numeric=TRUE >
		punta_espina_dorsal	1380	1144
		esq_izq_caparaza	1519	1347
		organo_dorsal	1688	1087
	</landmarks.pixel>
	<landmarks.scaled type=matrix rownames=TRUE colnames=FALSE nrow=3 ncol=2 as.numeric=TRUE >
		punta_espina_dorsal	2.55555117361286	-2.11851488595153
		esq_izq_caparaza	2.81295813965067	-2.49444016728733
		organo_dorsal	3.12592056598442	-2.01295951138926
	</landmarks.scaled>
	<curves.control type=list>
		<curvaD_espina_dorsal type=matrix rownames=FALSE colnames=FALSE nrow=7 ncol=2 as.numeric=TRUE >
			1380	1144
			1439	1127
			1497	1123
			1532	1124
			1571	1127
			1604	1147
			1688	1087
		</curvaD_espina_dorsal>
		<curvaI_espina_dorsal type=matrix rownames=FALSE colnames=FALSE nrow=9 ncol=2 as.numeric=TRUE >
			1380	1144
			1446	1143
			1489	1138
			1526	1140
			1557	1163
			1566	1210
			1519	1265
			1509	1292
			1519	1347
		</curvaI_espina_dorsal>
	</curves.control>
	<curves.pixel type=list>
		<curvaD_espina_dorsal type=matrix rownames=FALSE colnames=FALSE nrow=317 ncol=2 as.numeric=TRUE >
			1380	1144
			1381	1144
			1382	1143
			1383	1143
			1384	1143
			1385	1142
			1386	1142
			1387	1142
			1388	1142
			1389	1141
			1390	1141
			1391	1141
			1392	1141
			1393	1141
			1393	1140
			1394	1140
			1395	1140
			1396	1140
			1397	1139
			1398	1139
			1399	1139
			1400	1139
			1401	1138
			1402	1138
			1403	1138
			1404	1138
			1405	1137
			1406	1137
			1407	1137
			1408	1137
			1409	1137
			1409	1136
			1410	1136
			1411	1136
			1412	1136
			1413	1135
			1414	1135
			1415	1135
			1416	1135
			1417	1135
			1418	1134
			1419	1134
			1420	1134
			1421	1134
			1422	1134
			1423	1133
			1424	1133
			1425	1133
			1426	1133
			1427	1132
			1428	1132
			1429	1132
			1430	1132
			1431	1132
			1432	1131
			1433	1131
			1434	1131
			1435	1131
			1436	1131
			1437	1131
			1438	1130
			1439	1130
			1440	1130
			1441	1130
			1442	1130
			1443	1130
			1444	1129
			1445	1129
			1446	1129
			1447	1129
			1448	1129
			1449	1129
			1450	1128
			1451	1128
			1452	1128
			1453	1128
			1454	1128
			1455	1128
			1456	1127
			1457	1127
			1458	1127
			1459	1127
			1460	1127
			1461	1127
			1462	1127
			1463	1126
			1464	1126
			1465	1126
			1466	1126
			1467	1126
			1468	1126
			1469	1126
			1470	1126
			1471	1125
			1472	1125
			1473	1125
			1474	1125
			1475	1125
			1476	1125
			1477	1125
			1478	1125
			1479	1125
			1480	1124
			1481	1124
			1482	1124
			1483	1124
			1484	1124
			1485	1124
			1486	1124
			1487	1124
			1488	1124
			1489	1124
			1490	1124
			1491	1123
			1492	1123
			1493	1123
			1494	1123
			1495	1123
			1496	1123
			1497	1123
			1498	1123
			1499	1123
			1500	1123
			1501	1123
			1502	1123
			1503	1123
			1504	1123
			1505	1123
			1506	1123
			1507	1123
			1508	1123
			1509	1123
			1510	1123
			1511	1123
			1512	1124
			1513	1124
			1514	1124
			1515	1124
			1516	1124
			1517	1124
			1518	1124
			1519	1124
			1520	1124
			1521	1124
			1522	1124
			1523	1124
			1524	1124
			1525	1124
			1526	1124
			1527	1124
			1528	1124
			1529	1124
			1530	1124
			1531	1124
			1532	1124
			1533	1124
			1534	1125
			1535	1125
			1536	1125
			1537	1125
			1538	1125
			1539	1125
			1540	1125
			1541	1125
			1542	1125
			1543	1125
			1544	1125
			1545	1125
			1546	1125
			1547	1125
			1548	1125
			1549	1125
			1550	1126
			1551	1126
			1552	1126
			1553	1126
			1554	1126
			1555	1126
			1556	1126
			1557	1126
			1558	1126
			1559	1126
			1560	1126
			1561	1126
			1562	1126
			1563	1126
			1564	1126
			1564	1127
			1565	1127
			1566	1127
			1567	1127
			1568	1127
			1569	1127
			1570	1127
			1571	1127
			1572	1127
			1572	1128
			1573	1128
			1574	1129
			1575	1129
			1576	1129
			1576	1130
			1577	1130
			1578	1130
			1579	1131
			1580	1131
			1581	1131
			1582	1131
			1583	1131
			1584	1132
			1585	1132
			1586	1132
			1587	1132
			1588	1132
			1589	1132
			1590	1132
			1591	1132
			1592	1132
			1593	1132
			1594	1132
			1595	1132
			1596	1132
			1597	1132
			1598	1132
			1599	1131
			1600	1131
			1601	1131
			1602	1131
			1603	1131
			1604	1131
			1605	1130
			1606	1130
			1607	1130
			1608	1130
			1609	1129
			1610	1129
			1611	1129
			1612	1128
			1613	1128
			1614	1128
			1615	1128
			1616	1127
			1617	1127
			1618	1127
			1619	1126
			1620	1126
			1621	1126
			1622	1125
			1623	1125
			1624	1124
			1625	1124
			1626	1123
			1627	1123
			1628	1123
			1629	1122
			1630	1122
			1631	1121
			1632	1121
			1633	1120
			1634	1120
			1635	1120
			1636	1119
			1637	1118
			1638	1118
			1639	1117
			1640	1117
			1641	1116
			1642	1116
			1643	1115
			1644	1115
			1645	1114
			1646	1114
			1647	1113
			1648	1112
			1649	1112
			1650	1112
			1650	1111
			1651	1111
			1652	1111
			1652	1110
			1653	1110
			1654	1109
			1655	1109
			1656	1108
			1657	1107
			1658	1107
			1659	1106
			1660	1106
			1661	1105
			1662	1104
			1663	1104
			1664	1103
			1665	1102
			1666	1102
			1667	1101
			1668	1101
			1669	1100
			1670	1099
			1671	1099
			1672	1098
			1673	1097
			1674	1097
			1675	1096
			1676	1095
			1677	1094
			1678	1094
			1679	1093
			1680	1092
			1681	1092
			1682	1091
			1683	1091
			1683	1090
			1684	1090
			1685	1089
			1686	1088
			1687	1088
			1688	1087
		</curvaD_espina_dorsal>
		<curvaI_espina_dorsal type=matrix rownames=FALSE colnames=FALSE nrow=372 ncol=2 as.numeric=TRUE >
			1380	1144
			1381	1144
			1382	1144
			1383	1144
			1384	1144
			1385	1144
			1386	1144
			1387	1144
			1388	1144
			1389	1144
			1390	1144
			1391	1144
			1392	1144
			1393	1144
			1394	1144
			1395	1144
			1396	1144
			1397	1144
			1398	1144
			1399	1144
			1400	1144
			1401	1144
			1402	1144
			1403	1144
			1404	1143
			1405	1143
			1406	1143
			1407	1143
			1408	1143
			1409	1143
			1410	1143
			1411	1143
			1412	1143
			1413	1143
			1414	1143
			1415	1143
			1416	1143
			1417	1143
			1418	1143
			1419	1143
			1420	1143
			1421	1143
			1422	1143
			1423	1143
			1424	1143
			1425	1143
			1426	1143
			1427	1143
			1428	1143
			1429	1143
			1430	1143
			1431	1142
			1432	1142
			1433	1142
			1434	1142
			1435	1142
			1436	1142
			1437	1142
			1438	1142
			1439	1142
			1440	1142
			1441	1142
			1442	1142
			1443	1142
			1444	1142
			1445	1142
			1446	1142
			1447	1142
			1448	1142
			1449	1141
			1450	1141
			1451	1141
			1452	1141
			1453	1141
			1454	1141
			1455	1141
			1456	1141
			1457	1141
			1458	1141
			1459	1141
			1460	1141
			1461	1141
			1462	1141
			1463	1140
			1464	1140
			1465	1140
			1466	1140
			1467	1140
			1468	1140
			1469	1140
			1470	1140
			1471	1140
			1472	1140
			1473	1140
			1474	1140
			1475	1139
			1476	1139
			1477	1139
			1478	1139
			1479	1139
			1480	1139
			1481	1139
			1482	1139
			1483	1139
			1484	1139
			1485	1138
			1486	1138
			1487	1138
			1488	1138
			1489	1138
			1490	1138
			1491	1138
			1492	1138
			1493	1138
			1494	1138
			1495	1139
			1496	1139
			1497	1139
			1498	1139
			1499	1139
			1500	1139
			1501	1139
			1502	1139
			1503	1140
			1504	1140
			1505	1140
			1506	1140
			1507	1140
			1508	1140
			1509	1141
			1510	1141
			1511	1141
			1512	1142
			1513	1142
			1514	1142
			1515	1142
			1516	1143
			1517	1143
			1518	1143
			1519	1143
			1520	1144
			1521	1144
			1522	1144
			1523	1145
			1524	1145
			1525	1145
			1525	1146
			1526	1146
			1527	1146
			1528	1147
			1529	1147
			1530	1147
			1531	1148
			1532	1148
			1533	1149
			1534	1149
			1535	1150
			1536	1150
			1537	1151
			1538	1151
			1539	1152
			1540	1152
			1541	1153
			1542	1153
			1543	1154
			1544	1154
			1545	1155
			1546	1156
			1547	1156
			1548	1157
			1549	1157
			1549	1158
			1550	1158
			1551	1159
			1552	1160
			1553	1160
			1554	1161
			1555	1161
			1556	1162
			1556	1163
			1557	1163
			1557	1164
			1557	1165
			1557	1166
			1558	1166
			1558	1167
			1558	1168
			1558	1169
			1558	1170
			1558	1171
			1558	1172
			1558	1173
			1558	1174
			1558	1175
			1558	1176
			1558	1177
			1558	1178
			1558	1179
			1558	1180
			1558	1181
			1558	1182
			1558	1183
			1558	1184
			1558	1185
			1558	1186
			1558	1187
			1558	1188
			1558	1189
			1558	1190
			1558	1191
			1557	1191
			1557	1192
			1557	1193
			1557	1194
			1557	1195
			1557	1196
			1556	1197
			1556	1198
			1556	1199
			1556	1200
			1555	1201
			1555	1202
			1555	1203
			1555	1204
			1554	1205
			1554	1206
			1554	1207
			1553	1208
			1553	1209
			1553	1210
			1552	1211
			1552	1212
			1552	1213
			1551	1213
			1551	1214
			1551	1215
			1551	1216
			1550	1216
			1550	1217
			1550	1218
			1549	1219
			1549	1220
			1548	1221
			1548	1222
			1547	1223
			1547	1224
			1546	1225
			1546	1226
			1546	1227
			1545	1227
			1545	1228
			1544	1229
			1544	1230
			1543	1231
			1543	1232
			1542	1233
			1541	1234
			1541	1235
			1540	1236
			1540	1237
			1539	1238
			1539	1239
			1538	1240
			1537	1240
			1537	1241
			1536	1242
			1536	1243
			1535	1244
			1534	1245
			1534	1246
			1533	1247
			1532	1248
			1532	1249
			1531	1250
			1530	1251
			1530	1252
			1529	1253
			1528	1254
			1527	1255
			1527	1256
			1526	1257
			1525	1257
			1524	1258
			1524	1259
			1523	1260
			1522	1261
			1521	1262
			1521	1263
			1520	1264
			1519	1265
			1519	1266
			1518	1267
			1518	1268
			1518	1269
			1518	1270
			1517	1271
			1517	1272
			1517	1273
			1516	1274
			1516	1275
			1516	1276
			1516	1277
			1516	1278
			1515	1279
			1515	1280
			1515	1281
			1515	1282
			1515	1283
			1515	1284
			1515	1285
			1515	1286
			1515	1287
			1514	1288
			1514	1289
			1514	1290
			1514	1291
			1514	1292
			1514	1293
			1514	1294
			1514	1295
			1514	1296
			1514	1297
			1514	1298
			1514	1299
			1514	1300
			1514	1301
			1514	1302
			1514	1303
			1514	1304
			1514	1305
			1514	1306
			1514	1307
			1514	1308
			1514	1309
			1514	1310
			1514	1311
			1514	1312
			1514	1313
			1515	1314
			1515	1315
			1515	1316
			1515	1317
			1515	1318
			1515	1319
			1515	1320
			1515	1321
			1515	1322
			1515	1323
			1516	1324
			1516	1325
			1516	1326
			1516	1327
			1516	1328
			1516	1329
			1516	1330
			1516	1331
			1517	1332
			1517	1333
			1517	1334
			1517	1335
			1517	1336
			1517	1337
			1517	1338
			1518	1339
			1518	1340
			1518	1341
			1518	1342
			1518	1343
			1519	1344
			1519	1345
			1519	1346
			1519	1347
		</curvaI_espina_dorsal>
	</curves.pixel>
	<curves.scaled type=list>
		<curvaD_espina_dorsal type=matrix rownames=FALSE colnames=FALSE nrow=317 ncol=2 as.numeric=TRUE >
			2.55555117361286	-2.11851488595153
			2.55740302228939	-2.11851488595153
			2.55925487096592	-2.116663037275
			2.56110671964245	-2.116663037275
			2.56295856831898	-2.116663037275
			2.56481041699551	-2.11481118859846
			2.56666226567204	-2.11481118859846
			2.56851411434857	-2.11481118859846
			2.5703659630251	-2.11481118859846
			2.57221781170163	-2.11295933992193
			2.57406966037817	-2.11295933992193
			2.5759215090547	-2.11295933992193
			2.57777335773123	-2.11295933992193
			2.57962520640776	-2.11295933992193
			2.57962520640776	-2.1111074912454
			2.58147705508429	-2.1111074912454
			2.58332890376082	-2.1111074912454
			2.58518075243735	-2.1111074912454
			2.58703260111388	-2.10925564256887
			2.58888444979041	-2.10925564256887
			2.59073629846695	-2.10925564256887
			2.59258814714348	-2.10925564256887
			2.59443999582001	-2.10740379389234
			2.59629184449654	-2.10740379389234
			2.59814369317307	-2.10740379389234
			2.5999955418496	-2.10740379389234
			2.60184739052613	-2.10555194521581
			2.60369923920266	-2.10555194521581
			2.60555108787919	-2.10555194521581
			2.60740293655572	-2.10555194521581
			2.60925478523226	-2.10555194521581
			2.60925478523226	-2.10370009653928
			2.61110663390879	-2.10370009653928
			2.61295848258532	-2.10370009653928
			2.61481033126185	-2.10370009653928
			2.61666217993838	-2.10184824786275
			2.61851402861491	-2.10184824786275
			2.62036587729144	-2.10184824786275
			2.62221772596797	-2.10184824786275
			2.6240695746445	-2.10184824786275
			2.62592142332104	-2.09999639918622
			2.62777327199757	-2.09999639918622
			2.6296251206741	-2.09999639918622
			2.63147696935063	-2.09999639918622
			2.63332881802716	-2.09999639918622
			2.63518066670369	-2.09814455050968
			2.63703251538022	-2.09814455050968
			2.63888436405675	-2.09814455050968
			2.64073621273328	-2.09814455050968
			2.64258806140981	-2.09629270183315
			2.64443991008635	-2.09629270183315
			2.64629175876288	-2.09629270183315
			2.64814360743941	-2.09629270183315
			2.64999545611594	-2.09629270183315
			2.65184730479247	-2.09444085315662
			2.653699153469	-2.09444085315662
			2.65555100214553	-2.09444085315662
			2.65740285082206	-2.09444085315662
			2.65925469949859	-2.09444085315662
			2.66110654817513	-2.09444085315662
			2.66295839685166	-2.09258900448009
			2.66481024552819	-2.09258900448009
			2.66666209420472	-2.09258900448009
			2.66851394288125	-2.09258900448009
			2.67036579155778	-2.09258900448009
			2.67221764023431	-2.09258900448009
			2.67406948891084	-2.09073715580356
			2.67592133758737	-2.09073715580356
			2.6777731862639	-2.09073715580356
			2.67962503494044	-2.09073715580356
			2.68147688361697	-2.09073715580356
			2.6833287322935	-2.09073715580356
			2.68518058097003	-2.08888530712703
			2.68703242964656	-2.08888530712703
			2.68888427832309	-2.08888530712703
			2.69073612699962	-2.08888530712703
			2.69258797567615	-2.08888530712703
			2.69443982435268	-2.08888530712703
			2.69629167302922	-2.0870334584505
			2.69814352170575	-2.0870334584505
			2.69999537038228	-2.0870334584505
			2.70184721905881	-2.0870334584505
			2.70369906773534	-2.0870334584505
			2.70555091641187	-2.0870334584505
			2.7074027650884	-2.0870334584505
			2.70925461376493	-2.08518160977397
			2.71110646244146	-2.08518160977397
			2.71295831111799	-2.08518160977397
			2.71481015979453	-2.08518160977397
			2.71666200847106	-2.08518160977397
			2.71851385714759	-2.08518160977397
			2.72036570582412	-2.08518160977397
			2.72221755450065	-2.08518160977397
			2.72406940317718	-2.08332976109744
			2.72592125185371	-2.08332976109744
			2.72777310053024	-2.08332976109744
			2.72962494920677	-2.08332976109744
			2.73147679788331	-2.08332976109744
			2.73332864655984	-2.08332976109744
			2.73518049523637	-2.08332976109744
			2.7370323439129	-2.08332976109744
			2.73888419258943	-2.08332976109744
			2.74073604126596	-2.08147791242091
			2.74258788994249	-2.08147791242091
			2.74443973861902	-2.08147791242091
			2.74629158729555	-2.08147791242091
			2.74814343597208	-2.08147791242091
			2.74999528464862	-2.08147791242091
			2.75184713332515	-2.08147791242091
			2.75369898200168	-2.08147791242091
			2.75555083067821	-2.08147791242091
			2.75740267935474	-2.08147791242091
			2.75925452803127	-2.08147791242091
			2.7611063767078	-2.07962606374437
			2.76295822538433	-2.07962606374437
			2.76481007406086	-2.07962606374437
			2.7666619227374	-2.07962606374437
			2.76851377141393	-2.07962606374437
			2.77036562009046	-2.07962606374437
			2.77221746876699	-2.07962606374437
			2.77406931744352	-2.07962606374437
			2.77592116612005	-2.07962606374437
			2.77777301479658	-2.07962606374437
			2.77962486347311	-2.07962606374437
			2.78147671214964	-2.07962606374437
			2.78332856082617	-2.07962606374437
			2.78518040950271	-2.07962606374437
			2.78703225817924	-2.07962606374437
			2.78888410685577	-2.07962606374437
			2.7907359555323	-2.07962606374437
			2.79258780420883	-2.07962606374437
			2.79443965288536	-2.07962606374437
			2.79629150156189	-2.07962606374437
			2.79814335023842	-2.07962606374437
			2.79999519891495	-2.08147791242091
			2.80184704759149	-2.08147791242091
			2.80369889626802	-2.08147791242091
			2.80555074494455	-2.08147791242091
			2.80740259362108	-2.08147791242091
			2.80925444229761	-2.08147791242091
			2.81110629097414	-2.08147791242091
			2.81295813965067	-2.08147791242091
			2.8148099883272	-2.08147791242091
			2.81666183700373	-2.08147791242091
			2.81851368568027	-2.08147791242091
			2.8203655343568	-2.08147791242091
			2.82221738303333	-2.08147791242091
			2.82406923170986	-2.08147791242091
			2.82592108038639	-2.08147791242091
			2.82777292906292	-2.08147791242091
			2.82962477773945	-2.08147791242091
			2.83147662641598	-2.08147791242091
			2.83332847509251	-2.08147791242091
			2.83518032376904	-2.08147791242091
			2.83703217244558	-2.08147791242091
			2.83888402112211	-2.08147791242091
			2.84073586979864	-2.08332976109744
			2.84258771847517	-2.08332976109744
			2.8444395671517	-2.08332976109744
			2.84629141582823	-2.08332976109744
			2.84814326450476	-2.08332976109744
			2.84999511318129	-2.08332976109744
			2.85184696185782	-2.08332976109744
			2.85369881053436	-2.08332976109744
			2.85555065921089	-2.08332976109744
			2.85740250788742	-2.08332976109744
			2.85925435656395	-2.08332976109744
			2.86110620524048	-2.08332976109744
			2.86295805391701	-2.08332976109744
			2.86480990259354	-2.08332976109744
			2.86666175127007	-2.08332976109744
			2.8685135999466	-2.08332976109744
			2.87036544862313	-2.08518160977397
			2.87221729729967	-2.08518160977397
			2.8740691459762	-2.08518160977397
			2.87592099465273	-2.08518160977397
			2.87777284332926	-2.08518160977397
			2.87962469200579	-2.08518160977397
			2.88147654068232	-2.08518160977397
			2.88332838935885	-2.08518160977397
			2.88518023803538	-2.08518160977397
			2.88703208671191	-2.08518160977397
			2.88888393538845	-2.08518160977397
			2.89073578406498	-2.08518160977397
			2.89258763274151	-2.08518160977397
			2.89443948141804	-2.08518160977397
			2.89629133009457	-2.08518160977397
			2.89629133009457	-2.0870334584505
			2.8981431787711	-2.0870334584505
			2.89999502744763	-2.0870334584505
			2.90184687612416	-2.0870334584505
			2.90369872480069	-2.0870334584505
			2.90555057347722	-2.0870334584505
			2.90740242215376	-2.0870334584505
			2.90925427083029	-2.0870334584505
			2.91110611950682	-2.0870334584505
			2.91110611950682	-2.08888530712703
			2.91295796818335	-2.08888530712703
			2.91480981685988	-2.09073715580356
			2.91666166553641	-2.09073715580356
			2.91851351421294	-2.09073715580356
			2.91851351421294	-2.09258900448009
			2.92036536288947	-2.09258900448009
			2.922217211566	-2.09258900448009
			2.92406906024254	-2.09444085315662
			2.92592090891907	-2.09444085315662
			2.9277727575956	-2.09444085315662
			2.92962460627213	-2.09444085315662
			2.93147645494866	-2.09444085315662
			2.93332830362519	-2.09629270183315
			2.93518015230172	-2.09629270183315
			2.93703200097825	-2.09629270183315
			2.93888384965478	-2.09629270183315
			2.94073569833131	-2.09629270183315
			2.94258754700785	-2.09629270183315
			2.94443939568438	-2.09629270183315
			2.94629124436091	-2.09629270183315
			2.94814309303744	-2.09629270183315
			2.94999494171397	-2.09629270183315
			2.9518467903905	-2.09629270183315
			2.95369863906703	-2.09629270183315
			2.95555048774356	-2.09629270183315
			2.95740233642009	-2.09629270183315
			2.95925418509663	-2.09629270183315
			2.96110603377316	-2.09444085315662
			2.96295788244969	-2.09444085315662
			2.96480973112622	-2.09444085315662
			2.96666157980275	-2.09444085315662
			2.96851342847928	-2.09444085315662
			2.97036527715581	-2.09444085315662
			2.97221712583234	-2.09258900448009
			2.97406897450887	-2.09258900448009
			2.9759208231854	-2.09258900448009
			2.97777267186194	-2.09258900448009
			2.97962452053847	-2.09073715580356
			2.981476369215	-2.09073715580356
			2.98332821789153	-2.09073715580356
			2.98518006656806	-2.08888530712703
			2.98703191524459	-2.08888530712703
			2.98888376392112	-2.08888530712703
			2.99073561259765	-2.08888530712703
			2.99258746127418	-2.0870334584505
			2.99443930995072	-2.0870334584505
			2.99629115862725	-2.0870334584505
			2.99814300730378	-2.08518160977397
			2.99999485598031	-2.08518160977397
			3.00184670465684	-2.08518160977397
			3.00369855333337	-2.08332976109744
			3.0055504020099	-2.08332976109744
			3.00740225068643	-2.08147791242091
			3.00925409936296	-2.08147791242091
			3.01110594803949	-2.07962606374437
			3.01295779671603	-2.07962606374437
			3.01480964539256	-2.07962606374437
			3.01666149406909	-2.07777421506784
			3.01851334274562	-2.07777421506784
			3.02036519142215	-2.07592236639131
			3.02221704009868	-2.07592236639131
			3.02406888877521	-2.07407051771478
			3.02592073745174	-2.07407051771478
			3.02777258612827	-2.07407051771478
			3.02962443480481	-2.07221866903825
			3.03147628348134	-2.07036682036172
			3.03332813215787	-2.07036682036172
			3.0351799808344	-2.06851497168519
			3.03703182951093	-2.06851497168519
			3.03888367818746	-2.06666312300866
			3.04073552686399	-2.06666312300866
			3.04258737554052	-2.06481127433213
			3.04443922421705	-2.06481127433213
			3.04629107289359	-2.06295942565559
			3.04814292157012	-2.06295942565559
			3.04999477024665	-2.06110757697906
			3.05184661892318	-2.05925572830253
			3.05369846759971	-2.05925572830253
			3.05555031627624	-2.05925572830253
			3.05555031627624	-2.057403879626
			3.05740216495277	-2.057403879626
			3.0592540136293	-2.057403879626
			3.0592540136293	-2.05555203094947
			3.06110586230583	-2.05555203094947
			3.06295771098236	-2.05370018227294
			3.0648095596589	-2.05370018227294
			3.06666140833543	-2.05184833359641
			3.06851325701196	-2.04999648491988
			3.07036510568849	-2.04999648491988
			3.07221695436502	-2.04814463624335
			3.07406880304155	-2.04814463624335
			3.07592065171808	-2.04629278756682
			3.07777250039461	-2.04444093889028
			3.07962434907114	-2.04444093889028
			3.08147619774768	-2.04258909021375
			3.08332804642421	-2.04073724153722
			3.08517989510074	-2.04073724153722
			3.08703174377727	-2.03888539286069
			3.0888835924538	-2.03888539286069
			3.09073544113033	-2.03703354418416
			3.09258728980686	-2.03518169550763
			3.09443913848339	-2.03518169550763
			3.09629098715992	-2.0333298468311
			3.09814283583645	-2.03147799815457
			3.09999468451299	-2.03147799815457
			3.10184653318952	-2.02962614947804
			3.10369838186605	-2.02777430080151
			3.10555023054258	-2.02592245212497
			3.10740207921911	-2.02592245212497
			3.10925392789564	-2.02407060344844
			3.11110577657217	-2.02221875477191
			3.1129576252487	-2.02221875477191
			3.11480947392523	-2.02036690609538
			3.11666132260176	-2.02036690609538
			3.11666132260176	-2.01851505741885
			3.1185131712783	-2.01851505741885
			3.12036501995483	-2.01666320874232
			3.12221686863136	-2.01481136006579
			3.12406871730789	-2.01481136006579
			3.12592056598442	-2.01295951138926
		</curvaD_espina_dorsal>
		<curvaI_espina_dorsal type=matrix rownames=FALSE colnames=FALSE nrow=372 ncol=2 as.numeric=TRUE >
			2.55555117361286	-2.11851488595153
			2.55740302228939	-2.11851488595153
			2.55925487096592	-2.11851488595153
			2.56110671964245	-2.11851488595153
			2.56295856831898	-2.11851488595153
			2.56481041699551	-2.11851488595153
			2.56666226567204	-2.11851488595153
			2.56851411434857	-2.11851488595153
			2.5703659630251	-2.11851488595153
			2.57221781170163	-2.11851488595153
			2.57406966037817	-2.11851488595153
			2.5759215090547	-2.11851488595153
			2.57777335773123	-2.11851488595153
			2.57962520640776	-2.11851488595153
			2.58147705508429	-2.11851488595153
			2.58332890376082	-2.11851488595153
			2.58518075243735	-2.11851488595153
			2.58703260111388	-2.11851488595153
			2.58888444979041	-2.11851488595153
			2.59073629846695	-2.11851488595153
			2.59258814714348	-2.11851488595153
			2.59443999582001	-2.11851488595153
			2.59629184449654	-2.11851488595153
			2.59814369317307	-2.11851488595153
			2.5999955418496	-2.116663037275
			2.60184739052613	-2.116663037275
			2.60369923920266	-2.116663037275
			2.60555108787919	-2.116663037275
			2.60740293655572	-2.116663037275
			2.60925478523226	-2.116663037275
			2.61110663390879	-2.116663037275
			2.61295848258532	-2.116663037275
			2.61481033126185	-2.116663037275
			2.61666217993838	-2.116663037275
			2.61851402861491	-2.116663037275
			2.62036587729144	-2.116663037275
			2.62221772596797	-2.116663037275
			2.6240695746445	-2.116663037275
			2.62592142332104	-2.116663037275
			2.62777327199757	-2.116663037275
			2.6296251206741	-2.116663037275
			2.63147696935063	-2.116663037275
			2.63332881802716	-2.116663037275
			2.63518066670369	-2.116663037275
			2.63703251538022	-2.116663037275
			2.63888436405675	-2.116663037275
			2.64073621273328	-2.116663037275
			2.64258806140981	-2.116663037275
			2.64443991008635	-2.116663037275
			2.64629175876288	-2.116663037275
			2.64814360743941	-2.116663037275
			2.64999545611594	-2.11481118859846
			2.65184730479247	-2.11481118859846
			2.653699153469	-2.11481118859846
			2.65555100214553	-2.11481118859846
			2.65740285082206	-2.11481118859846
			2.65925469949859	-2.11481118859846
			2.66110654817513	-2.11481118859846
			2.66295839685166	-2.11481118859846
			2.66481024552819	-2.11481118859846
			2.66666209420472	-2.11481118859846
			2.66851394288125	-2.11481118859846
			2.67036579155778	-2.11481118859846
			2.67221764023431	-2.11481118859846
			2.67406948891084	-2.11481118859846
			2.67592133758737	-2.11481118859846
			2.6777731862639	-2.11481118859846
			2.67962503494044	-2.11481118859846
			2.68147688361697	-2.11481118859846
			2.6833287322935	-2.11295933992193
			2.68518058097003	-2.11295933992193
			2.68703242964656	-2.11295933992193
			2.68888427832309	-2.11295933992193
			2.69073612699962	-2.11295933992193
			2.69258797567615	-2.11295933992193
			2.69443982435268	-2.11295933992193
			2.69629167302922	-2.11295933992193
			2.69814352170575	-2.11295933992193
			2.69999537038228	-2.11295933992193
			2.70184721905881	-2.11295933992193
			2.70369906773534	-2.11295933992193
			2.70555091641187	-2.11295933992193
			2.7074027650884	-2.11295933992193
			2.70925461376493	-2.1111074912454
			2.71110646244146	-2.1111074912454
			2.71295831111799	-2.1111074912454
			2.71481015979453	-2.1111074912454
			2.71666200847106	-2.1111074912454
			2.71851385714759	-2.1111074912454
			2.72036570582412	-2.1111074912454
			2.72221755450065	-2.1111074912454
			2.72406940317718	-2.1111074912454
			2.72592125185371	-2.1111074912454
			2.72777310053024	-2.1111074912454
			2.72962494920677	-2.1111074912454
			2.73147679788331	-2.10925564256887
			2.73332864655984	-2.10925564256887
			2.73518049523637	-2.10925564256887
			2.7370323439129	-2.10925564256887
			2.73888419258943	-2.10925564256887
			2.74073604126596	-2.10925564256887
			2.74258788994249	-2.10925564256887
			2.74443973861902	-2.10925564256887
			2.74629158729555	-2.10925564256887
			2.74814343597208	-2.10925564256887
			2.74999528464862	-2.10740379389234
			2.75184713332515	-2.10740379389234
			2.75369898200168	-2.10740379389234
			2.75555083067821	-2.10740379389234
			2.75740267935474	-2.10740379389234
			2.75925452803127	-2.10740379389234
			2.7611063767078	-2.10740379389234
			2.76295822538433	-2.10740379389234
			2.76481007406086	-2.10740379389234
			2.7666619227374	-2.10740379389234
			2.76851377141393	-2.10925564256887
			2.77036562009046	-2.10925564256887
			2.77221746876699	-2.10925564256887
			2.77406931744352	-2.10925564256887
			2.77592116612005	-2.10925564256887
			2.77777301479658	-2.10925564256887
			2.77962486347311	-2.10925564256887
			2.78147671214964	-2.10925564256887
			2.78332856082617	-2.1111074912454
			2.78518040950271	-2.1111074912454
			2.78703225817924	-2.1111074912454
			2.78888410685577	-2.1111074912454
			2.7907359555323	-2.1111074912454
			2.79258780420883	-2.1111074912454
			2.79443965288536	-2.11295933992193
			2.79629150156189	-2.11295933992193
			2.79814335023842	-2.11295933992193
			2.79999519891495	-2.11481118859846
			2.80184704759149	-2.11481118859846
			2.80369889626802	-2.11481118859846
			2.80555074494455	-2.11481118859846
			2.80740259362108	-2.116663037275
			2.80925444229761	-2.116663037275
			2.81110629097414	-2.116663037275
			2.81295813965067	-2.116663037275
			2.8148099883272	-2.11851488595153
			2.81666183700373	-2.11851488595153
			2.81851368568027	-2.11851488595153
			2.8203655343568	-2.12036673462806
			2.82221738303333	-2.12036673462806
			2.82406923170986	-2.12036673462806
			2.82406923170986	-2.12221858330459
			2.82592108038639	-2.12221858330459
			2.82777292906292	-2.12221858330459
			2.82962477773945	-2.12407043198112
			2.83147662641598	-2.12407043198112
			2.83332847509251	-2.12407043198112
			2.83518032376904	-2.12592228065765
			2.83703217244558	-2.12592228065765
			2.83888402112211	-2.12777412933418
			2.84073586979864	-2.12777412933418
			2.84258771847517	-2.12962597801071
			2.8444395671517	-2.12962597801071
			2.84629141582823	-2.13147782668724
			2.84814326450476	-2.13147782668724
			2.84999511318129	-2.13332967536377
			2.85184696185782	-2.13332967536377
			2.85369881053436	-2.13518152404031
			2.85555065921089	-2.13518152404031
			2.85740250788742	-2.13703337271684
			2.85925435656395	-2.13703337271684
			2.86110620524048	-2.13888522139337
			2.86295805391701	-2.1407370700699
			2.86480990259354	-2.1407370700699
			2.86666175127007	-2.14258891874643
			2.8685135999466	-2.14258891874643
			2.8685135999466	-2.14444076742296
			2.87036544862313	-2.14444076742296
			2.87221729729967	-2.14629261609949
			2.8740691459762	-2.14814446477602
			2.87592099465273	-2.14814446477602
			2.87777284332926	-2.14999631345255
			2.87962469200579	-2.14999631345255
			2.88147654068232	-2.15184816212909
			2.88147654068232	-2.15370001080562
			2.88332838935885	-2.15370001080562
			2.88332838935885	-2.15555185948215
			2.88332838935885	-2.15740370815868
			2.88332838935885	-2.15925555683521
			2.88518023803538	-2.15925555683521
			2.88518023803538	-2.16110740551174
			2.88518023803538	-2.16295925418827
			2.88518023803538	-2.1648111028648
			2.88518023803538	-2.16666295154133
			2.88518023803538	-2.16851480021786
			2.88518023803538	-2.1703666488944
			2.88518023803538	-2.17221849757093
			2.88518023803538	-2.17407034624746
			2.88518023803538	-2.17592219492399
			2.88518023803538	-2.17777404360052
			2.88518023803538	-2.17962589227705
			2.88518023803538	-2.18147774095358
			2.88518023803538	-2.18332958963011
			2.88518023803538	-2.18518143830664
			2.88518023803538	-2.18703328698318
			2.88518023803538	-2.18888513565971
			2.88518023803538	-2.19073698433624
			2.88518023803538	-2.19258883301277
			2.88518023803538	-2.1944406816893
			2.88518023803538	-2.19629253036583
			2.88518023803538	-2.19814437904236
			2.88518023803538	-2.19999622771889
			2.88518023803538	-2.20184807639542
			2.88518023803538	-2.20369992507195
			2.88518023803538	-2.20555177374849
			2.88332838935885	-2.20555177374849
			2.88332838935885	-2.20740362242502
			2.88332838935885	-2.20925547110155
			2.88332838935885	-2.21110731977808
			2.88332838935885	-2.21295916845461
			2.88332838935885	-2.21481101713114
			2.88147654068232	-2.21666286580767
			2.88147654068232	-2.2185147144842
			2.88147654068232	-2.22036656316073
			2.88147654068232	-2.22221841183727
			2.87962469200579	-2.2240702605138
			2.87962469200579	-2.22592210919033
			2.87962469200579	-2.22777395786686
			2.87962469200579	-2.22962580654339
			2.87777284332926	-2.23147765521992
			2.87777284332926	-2.23332950389645
			2.87777284332926	-2.23518135257298
			2.87592099465273	-2.23703320124951
			2.87592099465273	-2.23888504992604
			2.87592099465273	-2.24073689860258
			2.8740691459762	-2.24258874727911
			2.8740691459762	-2.24444059595564
			2.8740691459762	-2.24629244463217
			2.87221729729967	-2.24629244463217
			2.87221729729967	-2.2481442933087
			2.87221729729967	-2.24999614198523
			2.87221729729967	-2.25184799066176
			2.87036544862313	-2.25184799066176
			2.87036544862313	-2.25369983933829
			2.87036544862313	-2.25555168801482
			2.8685135999466	-2.25740353669136
			2.8685135999466	-2.25925538536789
			2.86666175127007	-2.26110723404442
			2.86666175127007	-2.26295908272095
			2.86480990259354	-2.26481093139748
			2.86480990259354	-2.26666278007401
			2.86295805391701	-2.26851462875054
			2.86295805391701	-2.27036647742707
			2.86295805391701	-2.2722183261036
			2.86110620524048	-2.2722183261036
			2.86110620524048	-2.27407017478013
			2.85925435656395	-2.27592202345667
			2.85925435656395	-2.2777738721332
			2.85740250788742	-2.27962572080973
			2.85740250788742	-2.28147756948626
			2.85555065921089	-2.28332941816279
			2.85369881053436	-2.28518126683932
			2.85369881053436	-2.28703311551585
			2.85184696185782	-2.28888496419238
			2.85184696185782	-2.29073681286891
			2.84999511318129	-2.29258866154545
			2.84999511318129	-2.29444051022198
			2.84814326450476	-2.29629235889851
			2.84629141582823	-2.29629235889851
			2.84629141582823	-2.29814420757504
			2.8444395671517	-2.29999605625157
			2.8444395671517	-2.3018479049281
			2.84258771847517	-2.30369975360463
			2.84073586979864	-2.30555160228116
			2.84073586979864	-2.30740345095769
			2.83888402112211	-2.30925529963423
			2.83703217244558	-2.31110714831076
			2.83703217244558	-2.31295899698729
			2.83518032376904	-2.31481084566382
			2.83332847509251	-2.31666269434035
			2.83332847509251	-2.31851454301688
			2.83147662641598	-2.32036639169341
			2.82962477773945	-2.32221824036994
			2.82777292906292	-2.32407008904647
			2.82777292906292	-2.325921937723
			2.82592108038639	-2.32777378639954
			2.82406923170986	-2.32777378639954
			2.82221738303333	-2.32962563507607
			2.82221738303333	-2.3314774837526
			2.8203655343568	-2.33332933242913
			2.81851368568027	-2.33518118110566
			2.81666183700373	-2.33703302978219
			2.81666183700373	-2.33888487845872
			2.8148099883272	-2.34073672713525
			2.81295813965067	-2.34258857581178
			2.81295813965067	-2.34444042448832
			2.81110629097414	-2.34629227316485
			2.81110629097414	-2.34814412184138
			2.81110629097414	-2.34999597051791
			2.81110629097414	-2.35184781919444
			2.80925444229761	-2.35369966787097
			2.80925444229761	-2.3555515165475
			2.80925444229761	-2.35740336522403
			2.80740259362108	-2.35925521390056
			2.80740259362108	-2.36110706257709
			2.80740259362108	-2.36295891125363
			2.80740259362108	-2.36481075993016
			2.80740259362108	-2.36666260860669
			2.80555074494455	-2.36851445728322
			2.80555074494455	-2.37036630595975
			2.80555074494455	-2.37221815463628
			2.80555074494455	-2.37407000331281
			2.80555074494455	-2.37592185198934
			2.80555074494455	-2.37777370066587
			2.80555074494455	-2.37962554934241
			2.80555074494455	-2.38147739801894
			2.80555074494455	-2.38332924669547
			2.80369889626802	-2.385181095372
			2.80369889626802	-2.38703294404853
			2.80369889626802	-2.38888479272506
			2.80369889626802	-2.39073664140159
			2.80369889626802	-2.39258849007812
			2.80369889626802	-2.39444033875465
			2.80369889626802	-2.39629218743118
			2.80369889626802	-2.39814403610772
			2.80369889626802	-2.39999588478425
			2.80369889626802	-2.40184773346078
			2.80369889626802	-2.40369958213731
			2.80369889626802	-2.40555143081384
			2.80369889626802	-2.40740327949037
			2.80369889626802	-2.4092551281669
			2.80369889626802	-2.41110697684343
			2.80369889626802	-2.41295882551996
			2.80369889626802	-2.4148106741965
			2.80369889626802	-2.41666252287303
			2.80369889626802	-2.41851437154956
			2.80369889626802	-2.42036622022609
			2.80369889626802	-2.42221806890262
			2.80369889626802	-2.42406991757915
			2.80369889626802	-2.42592176625568
			2.80369889626802	-2.42777361493221
			2.80369889626802	-2.42962546360874
			2.80369889626802	-2.43147731228527
			2.80555074494455	-2.43332916096181
			2.80555074494455	-2.43518100963834
			2.80555074494455	-2.43703285831487
			2.80555074494455	-2.4388847069914
			2.80555074494455	-2.44073655566793
			2.80555074494455	-2.44258840434446
			2.80555074494455	-2.44444025302099
			2.80555074494455	-2.44629210169752
			2.80555074494455	-2.44814395037405
			2.80555074494455	-2.44999579905059
			2.80740259362108	-2.45184764772712
			2.80740259362108	-2.45369949640365
			2.80740259362108	-2.45555134508018
			2.80740259362108	-2.45740319375671
			2.80740259362108	-2.45925504243324
			2.80740259362108	-2.46110689110977
			2.80740259362108	-2.4629587397863
			2.80740259362108	-2.46481058846283
			2.80925444229761	-2.46666243713936
			2.80925444229761	-2.4685142858159
			2.80925444229761	-2.47036613449243
			2.80925444229761	-2.47221798316896
			2.80925444229761	-2.47406983184549
			2.80925444229761	-2.47592168052202
			2.80925444229761	-2.47777352919855
			2.81110629097414	-2.47962537787508
			2.81110629097414	-2.48147722655161
			2.81110629097414	-2.48332907522814
			2.81110629097414	-2.48518092390468
			2.81110629097414	-2.48703277258121
			2.81295813965067	-2.48888462125774
			2.81295813965067	-2.49073646993427
			2.81295813965067	-2.4925883186108
			2.81295813965067	-2.49444016728733
		</curvaI_espina_dorsal>
	</curves.scaled>
	<ruler.points type=matrix rownames=TRUE colnames=FALSE nrow=2 ncol=2 as.numeric=TRUE >
		Ruler point 1	1497	453
		Ruler point 2	2037	452
	</ruler.points>
</shapes>

