<shapes type=list>
	<ruler.pixel type=vector names=FALSE length=1 as.numeric=TRUE >539.000927642987</ruler.pixel>
	<ruler.interval type=vector names=FALSE length=1 as.numeric=TRUE >1</ruler.interval>
	<scaling.units type=vector names=FALSE length=1 as.numeric=FALSE >mm</scaling.units>
	<scaling type=vector names=FALSE length=1 as.numeric=TRUE >0.00185184867653105</scaling>
	<landmarks.pixel type=matrix rownames=TRUE colnames=FALSE nrow=3 ncol=2 as.numeric=TRUE >
		punta_espina_dorsal	1530	1139
		esq_izq_caparaza	1750	1285
		organo_dorsal	1849	968
	</landmarks.pixel>
	<landmarks.scaled type=matrix rownames=TRUE colnames=FALSE nrow=3 ncol=2 as.numeric=TRUE >
		punta_espina_dorsal	2.83332847509251	-2.10925564256887
		esq_izq_caparaza	3.24073518392935	-2.37962554934241
		organo_dorsal	3.42406820290592	-1.79258951888206
	</landmarks.scaled>
	<curves.control type=list>
		<curvaD_espina_dorsal type=matrix rownames=FALSE colnames=FALSE nrow=7 ncol=2 as.numeric=TRUE >
			1530	1139
			1565	1113
			1628	1086
			1674	1067
			1715	1059
			1752	1080
			1849	968
		</curvaD_espina_dorsal>
		<curvaI_espina_dorsal type=matrix rownames=FALSE colnames=FALSE nrow=9 ncol=2 as.numeric=TRUE >
			1530	1139
			1578	1117
			1612	1110
			1683	1089
			1713	1095
			1746	1160
			1718	1208
			1720	1236
			1750	1285
		</curvaI_espina_dorsal>
	</curves.control>
	<curves.pixel type=list>
		<curvaD_espina_dorsal type=matrix rownames=FALSE colnames=FALSE nrow=346 ncol=2 as.numeric=TRUE >
			1530	1139
			1531	1139
			1531	1138
			1532	1138
			1532	1137
			1533	1137
			1533	1136
			1534	1136
			1535	1136
			1535	1135
			1536	1135
			1536	1134
			1537	1134
			1538	1134
			1538	1133
			1539	1133
			1539	1132
			1540	1132
			1541	1131
			1542	1131
			1543	1130
			1544	1129
			1545	1129
			1546	1128
			1547	1127
			1548	1127
			1549	1126
			1550	1125
			1551	1125
			1552	1124
			1553	1124
			1554	1123
			1555	1122
			1556	1122
			1557	1121
			1558	1121
			1559	1120
			1560	1119
			1561	1119
			1562	1118
			1563	1117
			1564	1117
			1565	1117
			1565	1116
			1566	1116
			1567	1116
			1567	1115
			1568	1115
			1569	1115
			1569	1114
			1570	1114
			1571	1113
			1572	1113
			1573	1112
			1574	1112
			1575	1111
			1576	1111
			1577	1110
			1578	1110
			1578	1109
			1579	1109
			1580	1108
			1581	1108
			1582	1108
			1583	1107
			1584	1107
			1585	1106
			1586	1105
			1587	1105
			1588	1104
			1589	1104
			1590	1103
			1591	1103
			1592	1102
			1593	1102
			1594	1101
			1595	1101
			1596	1101
			1597	1100
			1598	1099
			1599	1099
			1600	1099
			1601	1098
			1602	1098
			1603	1097
			1604	1097
			1605	1096
			1606	1096
			1607	1095
			1608	1095
			1609	1094
			1610	1094
			1611	1093
			1612	1093
			1613	1093
			1614	1092
			1615	1092
			1616	1091
			1617	1091
			1618	1090
			1619	1090
			1620	1089
			1621	1089
			1622	1089
			1622	1088
			1623	1088
			1624	1088
			1625	1087
			1626	1087
			1627	1086
			1628	1086
			1629	1086
			1630	1085
			1631	1085
			1632	1084
			1633	1084
			1634	1084
			1634	1083
			1635	1083
			1636	1083
			1637	1083
			1637	1082
			1638	1082
			1639	1082
			1639	1081
			1640	1081
			1641	1081
			1642	1080
			1643	1080
			1644	1080
			1645	1079
			1646	1079
			1647	1079
			1647	1078
			1648	1078
			1649	1078
			1650	1078
			1651	1077
			1652	1077
			1653	1076
			1654	1076
			1655	1076
			1656	1075
			1657	1075
			1658	1075
			1659	1074
			1660	1074
			1661	1074
			1662	1073
			1663	1073
			1664	1073
			1665	1072
			1666	1072
			1667	1071
			1668	1071
			1669	1071
			1670	1071
			1671	1070
			1672	1070
			1673	1070
			1674	1069
			1675	1069
			1676	1069
			1677	1068
			1678	1068
			1679	1068
			1680	1068
			1681	1067
			1682	1067
			1683	1067
			1684	1066
			1685	1066
			1686	1066
			1687	1066
			1688	1065
			1689	1065
			1690	1065
			1691	1065
			1692	1064
			1693	1064
			1694	1064
			1695	1063
			1696	1063
			1697	1063
			1698	1063
			1699	1062
			1700	1062
			1701	1062
			1702	1062
			1703	1062
			1703	1061
			1704	1061
			1705	1061
			1706	1061
			1707	1061
			1708	1060
			1709	1060
			1710	1060
			1711	1060
			1712	1060
			1713	1059
			1714	1059
			1715	1059
			1716	1059
			1717	1060
			1718	1061
			1719	1061
			1720	1061
			1721	1061
			1722	1062
			1723	1062
			1724	1062
			1725	1062
			1726	1062
			1727	1062
			1728	1062
			1729	1062
			1730	1062
			1731	1062
			1732	1062
			1733	1062
			1734	1062
			1735	1062
			1736	1062
			1737	1061
			1738	1061
			1739	1061
			1740	1060
			1741	1060
			1742	1060
			1743	1059
			1744	1059
			1745	1059
			1746	1058
			1747	1058
			1748	1058
			1748	1057
			1749	1057
			1750	1057
			1750	1056
			1751	1056
			1752	1056
			1752	1055
			1753	1055
			1754	1055
			1755	1054
			1756	1053
			1757	1053
			1758	1052
			1759	1052
			1760	1051
			1761	1051
			1762	1050
			1763	1050
			1763	1049
			1764	1048
			1765	1048
			1766	1047
			1767	1047
			1768	1046
			1769	1045
			1770	1045
			1771	1044
			1772	1043
			1773	1042
			1774	1042
			1775	1041
			1776	1040
			1777	1039
			1778	1038
			1779	1038
			1780	1037
			1781	1036
			1782	1035
			1783	1035
			1784	1034
			1785	1033
			1786	1032
			1787	1031
			1788	1031
			1789	1030
			1789	1029
			1790	1029
			1791	1028
			1792	1027
			1793	1026
			1794	1025
			1795	1024
			1796	1023
			1797	1022
			1798	1021
			1799	1020
			1800	1020
			1801	1019
			1802	1018
			1803	1017
			1804	1016
			1805	1015
			1806	1014
			1807	1013
			1808	1012
			1809	1011
			1810	1010
			1811	1009
			1812	1008
			1813	1007
			1814	1006
			1815	1005
			1816	1004
			1817	1003
			1818	1002
			1819	1001
			1820	1000
			1821	999
			1822	998
			1823	997
			1824	996
			1825	995
			1826	994
			1827	993
			1828	992
			1829	991
			1830	990
			1831	989
			1831	988
			1832	987
			1833	986
			1834	985
			1835	984
			1836	983
			1836	982
			1837	982
			1838	981
			1839	980
			1839	979
			1840	978
			1841	977
			1842	976
			1843	975
			1844	974
			1845	973
			1846	972
			1847	971
			1848	970
			1848	969
			1849	968
		</curvaD_espina_dorsal>
		<curvaI_espina_dorsal type=matrix rownames=FALSE colnames=FALSE nrow=384 ncol=2 as.numeric=TRUE >
			1530	1139
			1531	1139
			1532	1138
			1533	1138
			1534	1137
			1535	1137
			1536	1136
			1537	1136
			1538	1136
			1539	1135
			1540	1135
			1541	1134
			1542	1134
			1542	1133
			1543	1133
			1544	1133
			1545	1132
			1546	1132
			1547	1131
			1548	1131
			1549	1131
			1550	1130
			1551	1130
			1552	1130
			1553	1129
			1554	1129
			1554	1128
			1555	1128
			1556	1128
			1557	1127
			1558	1127
			1559	1127
			1560	1126
			1561	1126
			1562	1126
			1562	1125
			1563	1125
			1564	1125
			1565	1124
			1566	1124
			1567	1124
			1568	1123
			1569	1123
			1570	1122
			1571	1122
			1572	1122
			1573	1121
			1574	1121
			1575	1120
			1576	1120
			1577	1120
			1578	1119
			1579	1119
			1580	1119
			1581	1118
			1582	1118
			1583	1118
			1584	1117
			1585	1117
			1586	1117
			1587	1117
			1588	1116
			1589	1116
			1590	1116
			1591	1115
			1592	1115
			1593	1115
			1594	1115
			1594	1114
			1595	1114
			1596	1114
			1597	1114
			1598	1113
			1599	1113
			1600	1113
			1601	1113
			1602	1112
			1603	1112
			1604	1112
			1605	1111
			1606	1111
			1607	1111
			1608	1111
			1609	1111
			1610	1110
			1611	1110
			1612	1110
			1613	1110
			1614	1109
			1615	1109
			1616	1109
			1617	1109
			1618	1108
			1619	1108
			1620	1108
			1621	1107
			1622	1107
			1623	1107
			1624	1107
			1625	1106
			1626	1106
			1627	1106
			1628	1105
			1629	1105
			1630	1105
			1631	1105
			1632	1104
			1633	1104
			1634	1104
			1635	1104
			1636	1103
			1637	1103
			1638	1103
			1639	1103
			1640	1102
			1641	1102
			1642	1102
			1643	1102
			1644	1101
			1645	1101
			1646	1101
			1647	1101
			1648	1100
			1649	1100
			1650	1100
			1651	1100
			1652	1100
			1653	1099
			1654	1099
			1655	1099
			1656	1099
			1657	1099
			1658	1098
			1659	1098
			1660	1098
			1661	1098
			1662	1098
			1663	1097
			1664	1097
			1665	1097
			1666	1097
			1667	1097
			1668	1096
			1669	1096
			1670	1096
			1671	1096
			1672	1096
			1673	1096
			1674	1096
			1675	1095
			1676	1095
			1677	1095
			1678	1095
			1679	1095
			1680	1095
			1681	1095
			1682	1095
			1683	1094
			1684	1094
			1685	1094
			1686	1094
			1687	1094
			1688	1094
			1689	1094
			1690	1094
			1691	1094
			1692	1094
			1693	1094
			1694	1094
			1695	1094
			1696	1094
			1697	1094
			1698	1094
			1699	1094
			1700	1094
			1701	1094
			1702	1094
			1703	1094
			1704	1094
			1705	1094
			1706	1094
			1707	1094
			1708	1094
			1709	1094
			1710	1094
			1711	1095
			1712	1095
			1713	1096
			1714	1097
			1715	1098
			1715	1099
			1716	1100
			1716	1101
			1716	1102
			1717	1102
			1717	1103
			1717	1104
			1718	1105
			1718	1106
			1719	1107
			1719	1108
			1719	1109
			1720	1110
			1720	1111
			1721	1112
			1721	1113
			1722	1114
			1722	1115
			1722	1116
			1722	1117
			1723	1117
			1723	1118
			1723	1119
			1724	1120
			1724	1121
			1724	1122
			1725	1123
			1725	1124
			1725	1125
			1726	1126
			1726	1127
			1726	1128
			1726	1129
			1727	1130
			1727	1131
			1727	1132
			1728	1133
			1728	1134
			1728	1135
			1728	1136
			1728	1137
			1728	1138
			1729	1138
			1729	1139
			1729	1140
			1729	1141
			1729	1142
			1729	1143
			1730	1144
			1730	1145
			1730	1146
			1730	1147
			1730	1148
			1730	1149
			1730	1150
			1730	1151
			1731	1152
			1731	1153
			1731	1154
			1731	1155
			1731	1156
			1731	1157
			1731	1158
			1731	1159
			1731	1160
			1731	1161
			1731	1162
			1731	1163
			1731	1164
			1731	1165
			1731	1166
			1731	1167
			1731	1168
			1730	1169
			1730	1170
			1730	1171
			1730	1172
			1730	1173
			1730	1174
			1730	1175
			1730	1176
			1729	1177
			1729	1178
			1729	1179
			1729	1180
			1729	1181
			1728	1182
			1728	1183
			1728	1184
			1728	1185
			1727	1186
			1727	1187
			1727	1188
			1727	1189
			1726	1190
			1726	1191
			1725	1192
			1725	1193
			1725	1194
			1724	1195
			1724	1196
			1723	1197
			1723	1198
			1723	1199
			1722	1200
			1722	1201
			1721	1202
			1721	1203
			1720	1204
			1720	1205
			1719	1206
			1719	1207
			1718	1208
			1718	1209
			1718	1210
			1718	1211
			1718	1212
			1719	1213
			1719	1214
			1719	1215
			1719	1216
			1719	1217
			1719	1218
			1720	1219
			1720	1220
			1720	1221
			1720	1222
			1721	1222
			1721	1223
			1721	1224
			1721	1225
			1722	1226
			1722	1227
			1722	1228
			1722	1229
			1723	1230
			1723	1231
			1723	1232
			1724	1233
			1724	1234
			1724	1235
			1725	1236
			1725	1237
			1726	1238
			1726	1239
			1726	1240
			1727	1241
			1727	1242
			1728	1243
			1728	1244
			1729	1245
			1729	1246
			1730	1247
			1730	1248
			1731	1249
			1731	1250
			1731	1251
			1732	1251
			1732	1252
			1732	1253
			1733	1254
			1733	1255
			1734	1256
			1734	1257
			1735	1258
			1735	1259
			1736	1260
			1736	1261
			1737	1262
			1738	1263
			1738	1264
			1739	1265
			1739	1266
			1739	1267
			1740	1267
			1740	1268
			1740	1269
			1741	1269
			1741	1270
			1742	1271
			1742	1272
			1743	1273
			1744	1274
			1744	1275
			1745	1276
			1745	1277
			1746	1278
			1747	1279
			1747	1280
			1748	1281
			1748	1282
			1749	1283
			1750	1284
			1750	1285
		</curvaI_espina_dorsal>
	</curves.pixel>
	<curves.scaled type=list>
		<curvaD_espina_dorsal type=matrix rownames=FALSE colnames=FALSE nrow=346 ncol=2 as.numeric=TRUE >
			2.83332847509251	-2.10925564256887
			2.83518032376904	-2.10925564256887
			2.83518032376904	-2.10740379389234
			2.83703217244558	-2.10740379389234
			2.83703217244558	-2.10555194521581
			2.83888402112211	-2.10555194521581
			2.83888402112211	-2.10370009653928
			2.84073586979864	-2.10370009653928
			2.84258771847517	-2.10370009653928
			2.84258771847517	-2.10184824786275
			2.8444395671517	-2.10184824786275
			2.8444395671517	-2.09999639918622
			2.84629141582823	-2.09999639918622
			2.84814326450476	-2.09999639918622
			2.84814326450476	-2.09814455050968
			2.84999511318129	-2.09814455050968
			2.84999511318129	-2.09629270183315
			2.85184696185782	-2.09629270183315
			2.85369881053436	-2.09444085315662
			2.85555065921089	-2.09444085315662
			2.85740250788742	-2.09258900448009
			2.85925435656395	-2.09073715580356
			2.86110620524048	-2.09073715580356
			2.86295805391701	-2.08888530712703
			2.86480990259354	-2.0870334584505
			2.86666175127007	-2.0870334584505
			2.8685135999466	-2.08518160977397
			2.87036544862313	-2.08332976109744
			2.87221729729967	-2.08332976109744
			2.8740691459762	-2.08147791242091
			2.87592099465273	-2.08147791242091
			2.87777284332926	-2.07962606374437
			2.87962469200579	-2.07777421506784
			2.88147654068232	-2.07777421506784
			2.88332838935885	-2.07592236639131
			2.88518023803538	-2.07592236639131
			2.88703208671191	-2.07407051771478
			2.88888393538845	-2.07221866903825
			2.89073578406498	-2.07221866903825
			2.89258763274151	-2.07036682036172
			2.89443948141804	-2.06851497168519
			2.89629133009457	-2.06851497168519
			2.8981431787711	-2.06851497168519
			2.8981431787711	-2.06666312300866
			2.89999502744763	-2.06666312300866
			2.90184687612416	-2.06666312300866
			2.90184687612416	-2.06481127433213
			2.90369872480069	-2.06481127433213
			2.90555057347722	-2.06481127433213
			2.90555057347722	-2.06295942565559
			2.90740242215376	-2.06295942565559
			2.90925427083029	-2.06110757697906
			2.91110611950682	-2.06110757697906
			2.91295796818335	-2.05925572830253
			2.91480981685988	-2.05925572830253
			2.91666166553641	-2.057403879626
			2.91851351421294	-2.057403879626
			2.92036536288947	-2.05555203094947
			2.922217211566	-2.05555203094947
			2.922217211566	-2.05370018227294
			2.92406906024254	-2.05370018227294
			2.92592090891907	-2.05184833359641
			2.9277727575956	-2.05184833359641
			2.92962460627213	-2.05184833359641
			2.93147645494866	-2.04999648491988
			2.93332830362519	-2.04999648491988
			2.93518015230172	-2.04814463624335
			2.93703200097825	-2.04629278756682
			2.93888384965478	-2.04629278756682
			2.94073569833131	-2.04444093889028
			2.94258754700785	-2.04444093889028
			2.94443939568438	-2.04258909021375
			2.94629124436091	-2.04258909021375
			2.94814309303744	-2.04073724153722
			2.94999494171397	-2.04073724153722
			2.9518467903905	-2.03888539286069
			2.95369863906703	-2.03888539286069
			2.95555048774356	-2.03888539286069
			2.95740233642009	-2.03703354418416
			2.95925418509663	-2.03518169550763
			2.96110603377316	-2.03518169550763
			2.96295788244969	-2.03518169550763
			2.96480973112622	-2.0333298468311
			2.96666157980275	-2.0333298468311
			2.96851342847928	-2.03147799815457
			2.97036527715581	-2.03147799815457
			2.97221712583234	-2.02962614947804
			2.97406897450887	-2.02962614947804
			2.9759208231854	-2.02777430080151
			2.97777267186194	-2.02777430080151
			2.97962452053847	-2.02592245212497
			2.981476369215	-2.02592245212497
			2.98332821789153	-2.02407060344844
			2.98518006656806	-2.02407060344844
			2.98703191524459	-2.02407060344844
			2.98888376392112	-2.02221875477191
			2.99073561259765	-2.02221875477191
			2.99258746127418	-2.02036690609538
			2.99443930995072	-2.02036690609538
			2.99629115862725	-2.01851505741885
			2.99814300730378	-2.01851505741885
			2.99999485598031	-2.01666320874232
			3.00184670465684	-2.01666320874232
			3.00369855333337	-2.01666320874232
			3.00369855333337	-2.01481136006579
			3.0055504020099	-2.01481136006579
			3.00740225068643	-2.01481136006579
			3.00925409936296	-2.01295951138926
			3.01110594803949	-2.01295951138926
			3.01295779671603	-2.01110766271273
			3.01480964539256	-2.01110766271273
			3.01666149406909	-2.01110766271273
			3.01851334274562	-2.00925581403619
			3.02036519142215	-2.00925581403619
			3.02221704009868	-2.00740396535966
			3.02406888877521	-2.00740396535966
			3.02592073745174	-2.00740396535966
			3.02592073745174	-2.00555211668313
			3.02777258612827	-2.00555211668313
			3.02962443480481	-2.00555211668313
			3.03147628348134	-2.00555211668313
			3.03147628348134	-2.0037002680066
			3.03332813215787	-2.0037002680066
			3.0351799808344	-2.0037002680066
			3.0351799808344	-2.00184841933007
			3.03703182951093	-2.00184841933007
			3.03888367818746	-2.00184841933007
			3.04073552686399	-1.99999657065354
			3.04258737554052	-1.99999657065354
			3.04443922421705	-1.99999657065354
			3.04629107289359	-1.99814472197701
			3.04814292157012	-1.99814472197701
			3.04999477024665	-1.99814472197701
			3.04999477024665	-1.99629287330048
			3.05184661892318	-1.99629287330048
			3.05369846759971	-1.99629287330048
			3.05555031627624	-1.99629287330048
			3.05740216495277	-1.99444102462395
			3.0592540136293	-1.99444102462395
			3.06110586230583	-1.99258917594741
			3.06295771098236	-1.99258917594741
			3.0648095596589	-1.99258917594741
			3.06666140833543	-1.99073732727088
			3.06851325701196	-1.99073732727088
			3.07036510568849	-1.99073732727088
			3.07221695436502	-1.98888547859435
			3.07406880304155	-1.98888547859435
			3.07592065171808	-1.98888547859435
			3.07777250039461	-1.98703362991782
			3.07962434907114	-1.98703362991782
			3.08147619774768	-1.98703362991782
			3.08332804642421	-1.98518178124129
			3.08517989510074	-1.98518178124129
			3.08703174377727	-1.98332993256476
			3.0888835924538	-1.98332993256476
			3.09073544113033	-1.98332993256476
			3.09258728980686	-1.98332993256476
			3.09443913848339	-1.98147808388823
			3.09629098715992	-1.98147808388823
			3.09814283583645	-1.98147808388823
			3.09999468451299	-1.9796262352117
			3.10184653318952	-1.9796262352117
			3.10369838186605	-1.9796262352117
			3.10555023054258	-1.97777438653517
			3.10740207921911	-1.97777438653517
			3.10925392789564	-1.97777438653517
			3.11110577657217	-1.97777438653517
			3.1129576252487	-1.97592253785864
			3.11480947392523	-1.97592253785864
			3.11666132260176	-1.97592253785864
			3.1185131712783	-1.9740706891821
			3.12036501995483	-1.9740706891821
			3.12221686863136	-1.9740706891821
			3.12406871730789	-1.9740706891821
			3.12592056598442	-1.97221884050557
			3.12777241466095	-1.97221884050557
			3.12962426333748	-1.97221884050557
			3.13147611201401	-1.97221884050557
			3.13332796069054	-1.97036699182904
			3.13517980936708	-1.97036699182904
			3.13703165804361	-1.97036699182904
			3.13888350672014	-1.96851514315251
			3.14073535539667	-1.96851514315251
			3.1425872040732	-1.96851514315251
			3.14443905274973	-1.96851514315251
			3.14629090142626	-1.96666329447598
			3.14814275010279	-1.96666329447598
			3.14999459877932	-1.96666329447598
			3.15184644745585	-1.96666329447598
			3.15369829613239	-1.96666329447598
			3.15369829613239	-1.96481144579945
			3.15555014480892	-1.96481144579945
			3.15740199348545	-1.96481144579945
			3.15925384216198	-1.96481144579945
			3.16110569083851	-1.96481144579945
			3.16295753951504	-1.96295959712292
			3.16480938819157	-1.96295959712292
			3.1666612368681	-1.96295959712292
			3.16851308554463	-1.96295959712292
			3.17036493422117	-1.96295959712292
			3.1722167828977	-1.96110774844639
			3.17406863157423	-1.96110774844639
			3.17592048025076	-1.96110774844639
			3.17777232892729	-1.96110774844639
			3.17962417760382	-1.96295959712292
			3.18147602628035	-1.96481144579945
			3.18332787495688	-1.96481144579945
			3.18517972363341	-1.96481144579945
			3.18703157230994	-1.96481144579945
			3.18888342098648	-1.96666329447598
			3.19073526966301	-1.96666329447598
			3.19258711833954	-1.96666329447598
			3.19443896701607	-1.96666329447598
			3.1962908156926	-1.96666329447598
			3.19814266436913	-1.96666329447598
			3.19999451304566	-1.96666329447598
			3.20184636172219	-1.96666329447598
			3.20369821039872	-1.96666329447598
			3.20555005907526	-1.96666329447598
			3.20740190775179	-1.96666329447598
			3.20925375642832	-1.96666329447598
			3.21110560510485	-1.96666329447598
			3.21295745378138	-1.96666329447598
			3.21480930245791	-1.96666329447598
			3.21666115113444	-1.96481144579945
			3.21851299981097	-1.96481144579945
			3.2203648484875	-1.96481144579945
			3.22221669716403	-1.96295959712292
			3.22406854584057	-1.96295959712292
			3.2259203945171	-1.96295959712292
			3.22777224319363	-1.96110774844639
			3.22962409187016	-1.96110774844639
			3.23147594054669	-1.96110774844639
			3.23332778922322	-1.95925589976986
			3.23517963789975	-1.95925589976986
			3.23703148657628	-1.95925589976986
			3.23703148657628	-1.95740405109332
			3.23888333525281	-1.95740405109332
			3.24073518392935	-1.95740405109332
			3.24073518392935	-1.95555220241679
			3.24258703260588	-1.95555220241679
			3.24443888128241	-1.95555220241679
			3.24443888128241	-1.95370035374026
			3.24629072995894	-1.95370035374026
			3.24814257863547	-1.95370035374026
			3.249994427312	-1.95184850506373
			3.25184627598853	-1.9499966563872
			3.25369812466506	-1.9499966563872
			3.25554997334159	-1.94814480771067
			3.25740182201812	-1.94814480771067
			3.25925367069466	-1.94629295903414
			3.26110551937119	-1.94629295903414
			3.26295736804772	-1.94444111035761
			3.26480921672425	-1.94444111035761
			3.26480921672425	-1.94258926168108
			3.26666106540078	-1.94073741300455
			3.26851291407731	-1.94073741300455
			3.27036476275384	-1.93888556432801
			3.27221661143037	-1.93888556432801
			3.2740684601069	-1.93703371565148
			3.27592030878344	-1.93518186697495
			3.27777215745997	-1.93518186697495
			3.2796240061365	-1.93333001829842
			3.28147585481303	-1.93147816962189
			3.28332770348956	-1.92962632094536
			3.28517955216609	-1.92962632094536
			3.28703140084262	-1.92777447226883
			3.28888324951915	-1.9259226235923
			3.29073509819568	-1.92407077491577
			3.29258694687221	-1.92221892623923
			3.29443879554875	-1.92221892623923
			3.29629064422528	-1.9203670775627
			3.29814249290181	-1.91851522888617
			3.29999434157834	-1.91666338020964
			3.30184619025487	-1.91666338020964
			3.3036980389314	-1.91481153153311
			3.30554988760793	-1.91295968285658
			3.30740173628446	-1.91110783418005
			3.30925358496099	-1.90925598550352
			3.31110543363753	-1.90925598550352
			3.31295728231406	-1.90740413682699
			3.31295728231406	-1.90555228815046
			3.31480913099059	-1.90555228815046
			3.31666097966712	-1.90370043947392
			3.31851282834365	-1.90184859079739
			3.32036467702018	-1.89999674212086
			3.32221652569671	-1.89814489344433
			3.32406837437324	-1.8962930447678
			3.32592022304977	-1.89444119609127
			3.32777207172631	-1.89258934741474
			3.32962392040284	-1.89073749873821
			3.33147576907937	-1.88888565006168
			3.3333276177559	-1.88888565006168
			3.33517946643243	-1.88703380138514
			3.33703131510896	-1.88518195270861
			3.33888316378549	-1.88333010403208
			3.34073501246202	-1.88147825535555
			3.34258686113855	-1.87962640667902
			3.34443870981508	-1.87777455800249
			3.34629055849162	-1.87592270932596
			3.34814240716815	-1.87407086064943
			3.34999425584468	-1.8722190119729
			3.35184610452121	-1.87036716329637
			3.35369795319774	-1.86851531461983
			3.35554980187427	-1.8666634659433
			3.3574016505508	-1.86481161726677
			3.35925349922733	-1.86295976859024
			3.36110534790386	-1.86110791991371
			3.3629571965804	-1.85925607123718
			3.36480904525693	-1.85740422256065
			3.36666089393346	-1.85555237388412
			3.36851274260999	-1.85370052520759
			3.37036459128652	-1.85184867653105
			3.37221643996305	-1.84999682785452
			3.37406828863958	-1.84814497917799
			3.37592013731611	-1.84629313050146
			3.37777198599264	-1.84444128182493
			3.37962383466917	-1.8425894331484
			3.38147568334571	-1.84073758447187
			3.38332753202224	-1.83888573579534
			3.38517938069877	-1.83703388711881
			3.3870312293753	-1.83518203844228
			3.38888307805183	-1.83333018976574
			3.39073492672836	-1.83147834108921
			3.39073492672836	-1.82962649241268
			3.39258677540489	-1.82777464373615
			3.39443862408142	-1.82592279505962
			3.39629047275795	-1.82407094638309
			3.39814232143449	-1.82221909770656
			3.39999417011102	-1.82036724903003
			3.39999417011102	-1.8185154003535
			3.40184601878755	-1.8185154003535
			3.40369786746408	-1.81666355167696
			3.40554971614061	-1.81481170300043
			3.40554971614061	-1.8129598543239
			3.40740156481714	-1.81110800564737
			3.40925341349367	-1.80925615697084
			3.4111052621702	-1.80740430829431
			3.41295711084673	-1.80555245961778
			3.41480895952326	-1.80370061094125
			3.4166608081998	-1.80184876226472
			3.41851265687633	-1.79999691358819
			3.42036450555286	-1.79814506491165
			3.42221635422939	-1.79629321623512
			3.42221635422939	-1.79444136755859
			3.42406820290592	-1.79258951888206
		</curvaD_espina_dorsal>
		<curvaI_espina_dorsal type=matrix rownames=FALSE colnames=FALSE nrow=384 ncol=2 as.numeric=TRUE >
			2.83332847509251	-2.10925564256887
			2.83518032376904	-2.10925564256887
			2.83703217244558	-2.10740379389234
			2.83888402112211	-2.10740379389234
			2.84073586979864	-2.10555194521581
			2.84258771847517	-2.10555194521581
			2.8444395671517	-2.10370009653928
			2.84629141582823	-2.10370009653928
			2.84814326450476	-2.10370009653928
			2.84999511318129	-2.10184824786275
			2.85184696185782	-2.10184824786275
			2.85369881053436	-2.09999639918622
			2.85555065921089	-2.09999639918622
			2.85555065921089	-2.09814455050968
			2.85740250788742	-2.09814455050968
			2.85925435656395	-2.09814455050968
			2.86110620524048	-2.09629270183315
			2.86295805391701	-2.09629270183315
			2.86480990259354	-2.09444085315662
			2.86666175127007	-2.09444085315662
			2.8685135999466	-2.09444085315662
			2.87036544862313	-2.09258900448009
			2.87221729729967	-2.09258900448009
			2.8740691459762	-2.09258900448009
			2.87592099465273	-2.09073715580356
			2.87777284332926	-2.09073715580356
			2.87777284332926	-2.08888530712703
			2.87962469200579	-2.08888530712703
			2.88147654068232	-2.08888530712703
			2.88332838935885	-2.0870334584505
			2.88518023803538	-2.0870334584505
			2.88703208671191	-2.0870334584505
			2.88888393538845	-2.08518160977397
			2.89073578406498	-2.08518160977397
			2.89258763274151	-2.08518160977397
			2.89258763274151	-2.08332976109744
			2.89443948141804	-2.08332976109744
			2.89629133009457	-2.08332976109744
			2.8981431787711	-2.08147791242091
			2.89999502744763	-2.08147791242091
			2.90184687612416	-2.08147791242091
			2.90369872480069	-2.07962606374437
			2.90555057347722	-2.07962606374437
			2.90740242215376	-2.07777421506784
			2.90925427083029	-2.07777421506784
			2.91110611950682	-2.07777421506784
			2.91295796818335	-2.07592236639131
			2.91480981685988	-2.07592236639131
			2.91666166553641	-2.07407051771478
			2.91851351421294	-2.07407051771478
			2.92036536288947	-2.07407051771478
			2.922217211566	-2.07221866903825
			2.92406906024254	-2.07221866903825
			2.92592090891907	-2.07221866903825
			2.9277727575956	-2.07036682036172
			2.92962460627213	-2.07036682036172
			2.93147645494866	-2.07036682036172
			2.93332830362519	-2.06851497168519
			2.93518015230172	-2.06851497168519
			2.93703200097825	-2.06851497168519
			2.93888384965478	-2.06851497168519
			2.94073569833131	-2.06666312300866
			2.94258754700785	-2.06666312300866
			2.94443939568438	-2.06666312300866
			2.94629124436091	-2.06481127433213
			2.94814309303744	-2.06481127433213
			2.94999494171397	-2.06481127433213
			2.9518467903905	-2.06481127433213
			2.9518467903905	-2.06295942565559
			2.95369863906703	-2.06295942565559
			2.95555048774356	-2.06295942565559
			2.95740233642009	-2.06295942565559
			2.95925418509663	-2.06110757697906
			2.96110603377316	-2.06110757697906
			2.96295788244969	-2.06110757697906
			2.96480973112622	-2.06110757697906
			2.96666157980275	-2.05925572830253
			2.96851342847928	-2.05925572830253
			2.97036527715581	-2.05925572830253
			2.97221712583234	-2.057403879626
			2.97406897450887	-2.057403879626
			2.9759208231854	-2.057403879626
			2.97777267186194	-2.057403879626
			2.97962452053847	-2.057403879626
			2.981476369215	-2.05555203094947
			2.98332821789153	-2.05555203094947
			2.98518006656806	-2.05555203094947
			2.98703191524459	-2.05555203094947
			2.98888376392112	-2.05370018227294
			2.99073561259765	-2.05370018227294
			2.99258746127418	-2.05370018227294
			2.99443930995072	-2.05370018227294
			2.99629115862725	-2.05184833359641
			2.99814300730378	-2.05184833359641
			2.99999485598031	-2.05184833359641
			3.00184670465684	-2.04999648491988
			3.00369855333337	-2.04999648491988
			3.0055504020099	-2.04999648491988
			3.00740225068643	-2.04999648491988
			3.00925409936296	-2.04814463624335
			3.01110594803949	-2.04814463624335
			3.01295779671603	-2.04814463624335
			3.01480964539256	-2.04629278756682
			3.01666149406909	-2.04629278756682
			3.01851334274562	-2.04629278756682
			3.02036519142215	-2.04629278756682
			3.02221704009868	-2.04444093889028
			3.02406888877521	-2.04444093889028
			3.02592073745174	-2.04444093889028
			3.02777258612827	-2.04444093889028
			3.02962443480481	-2.04258909021375
			3.03147628348134	-2.04258909021375
			3.03332813215787	-2.04258909021375
			3.0351799808344	-2.04258909021375
			3.03703182951093	-2.04073724153722
			3.03888367818746	-2.04073724153722
			3.04073552686399	-2.04073724153722
			3.04258737554052	-2.04073724153722
			3.04443922421705	-2.03888539286069
			3.04629107289359	-2.03888539286069
			3.04814292157012	-2.03888539286069
			3.04999477024665	-2.03888539286069
			3.05184661892318	-2.03703354418416
			3.05369846759971	-2.03703354418416
			3.05555031627624	-2.03703354418416
			3.05740216495277	-2.03703354418416
			3.0592540136293	-2.03703354418416
			3.06110586230583	-2.03518169550763
			3.06295771098236	-2.03518169550763
			3.0648095596589	-2.03518169550763
			3.06666140833543	-2.03518169550763
			3.06851325701196	-2.03518169550763
			3.07036510568849	-2.0333298468311
			3.07221695436502	-2.0333298468311
			3.07406880304155	-2.0333298468311
			3.07592065171808	-2.0333298468311
			3.07777250039461	-2.0333298468311
			3.07962434907114	-2.03147799815457
			3.08147619774768	-2.03147799815457
			3.08332804642421	-2.03147799815457
			3.08517989510074	-2.03147799815457
			3.08703174377727	-2.03147799815457
			3.0888835924538	-2.02962614947804
			3.09073544113033	-2.02962614947804
			3.09258728980686	-2.02962614947804
			3.09443913848339	-2.02962614947804
			3.09629098715992	-2.02962614947804
			3.09814283583645	-2.02962614947804
			3.09999468451299	-2.02962614947804
			3.10184653318952	-2.02777430080151
			3.10369838186605	-2.02777430080151
			3.10555023054258	-2.02777430080151
			3.10740207921911	-2.02777430080151
			3.10925392789564	-2.02777430080151
			3.11110577657217	-2.02777430080151
			3.1129576252487	-2.02777430080151
			3.11480947392523	-2.02777430080151
			3.11666132260176	-2.02592245212497
			3.1185131712783	-2.02592245212497
			3.12036501995483	-2.02592245212497
			3.12221686863136	-2.02592245212497
			3.12406871730789	-2.02592245212497
			3.12592056598442	-2.02592245212497
			3.12777241466095	-2.02592245212497
			3.12962426333748	-2.02592245212497
			3.13147611201401	-2.02592245212497
			3.13332796069054	-2.02592245212497
			3.13517980936708	-2.02592245212497
			3.13703165804361	-2.02592245212497
			3.13888350672014	-2.02592245212497
			3.14073535539667	-2.02592245212497
			3.1425872040732	-2.02592245212497
			3.14443905274973	-2.02592245212497
			3.14629090142626	-2.02592245212497
			3.14814275010279	-2.02592245212497
			3.14999459877932	-2.02592245212497
			3.15184644745585	-2.02592245212497
			3.15369829613239	-2.02592245212497
			3.15555014480892	-2.02592245212497
			3.15740199348545	-2.02592245212497
			3.15925384216198	-2.02592245212497
			3.16110569083851	-2.02592245212497
			3.16295753951504	-2.02592245212497
			3.16480938819157	-2.02592245212497
			3.1666612368681	-2.02592245212497
			3.16851308554463	-2.02777430080151
			3.17036493422117	-2.02777430080151
			3.1722167828977	-2.02962614947804
			3.17406863157423	-2.03147799815457
			3.17592048025076	-2.0333298468311
			3.17592048025076	-2.03518169550763
			3.17777232892729	-2.03703354418416
			3.17777232892729	-2.03888539286069
			3.17777232892729	-2.04073724153722
			3.17962417760382	-2.04073724153722
			3.17962417760382	-2.04258909021375
			3.17962417760382	-2.04444093889028
			3.18147602628035	-2.04629278756682
			3.18147602628035	-2.04814463624335
			3.18332787495688	-2.04999648491988
			3.18332787495688	-2.05184833359641
			3.18332787495688	-2.05370018227294
			3.18517972363341	-2.05555203094947
			3.18517972363341	-2.057403879626
			3.18703157230994	-2.05925572830253
			3.18703157230994	-2.06110757697906
			3.18888342098648	-2.06295942565559
			3.18888342098648	-2.06481127433213
			3.18888342098648	-2.06666312300866
			3.18888342098648	-2.06851497168519
			3.19073526966301	-2.06851497168519
			3.19073526966301	-2.07036682036172
			3.19073526966301	-2.07221866903825
			3.19258711833954	-2.07407051771478
			3.19258711833954	-2.07592236639131
			3.19258711833954	-2.07777421506784
			3.19443896701607	-2.07962606374437
			3.19443896701607	-2.08147791242091
			3.19443896701607	-2.08332976109744
			3.1962908156926	-2.08518160977397
			3.1962908156926	-2.0870334584505
			3.1962908156926	-2.08888530712703
			3.1962908156926	-2.09073715580356
			3.19814266436913	-2.09258900448009
			3.19814266436913	-2.09444085315662
			3.19814266436913	-2.09629270183315
			3.19999451304566	-2.09814455050968
			3.19999451304566	-2.09999639918622
			3.19999451304566	-2.10184824786275
			3.19999451304566	-2.10370009653928
			3.19999451304566	-2.10555194521581
			3.19999451304566	-2.10740379389234
			3.20184636172219	-2.10740379389234
			3.20184636172219	-2.10925564256887
			3.20184636172219	-2.1111074912454
			3.20184636172219	-2.11295933992193
			3.20184636172219	-2.11481118859846
			3.20184636172219	-2.116663037275
			3.20369821039872	-2.11851488595153
			3.20369821039872	-2.12036673462806
			3.20369821039872	-2.12221858330459
			3.20369821039872	-2.12407043198112
			3.20369821039872	-2.12592228065765
			3.20369821039872	-2.12777412933418
			3.20369821039872	-2.12962597801071
			3.20369821039872	-2.13147782668724
			3.20555005907526	-2.13332967536377
			3.20555005907526	-2.13518152404031
			3.20555005907526	-2.13703337271684
			3.20555005907526	-2.13888522139337
			3.20555005907526	-2.1407370700699
			3.20555005907526	-2.14258891874643
			3.20555005907526	-2.14444076742296
			3.20555005907526	-2.14629261609949
			3.20555005907526	-2.14814446477602
			3.20555005907526	-2.14999631345255
			3.20555005907526	-2.15184816212909
			3.20555005907526	-2.15370001080562
			3.20555005907526	-2.15555185948215
			3.20555005907526	-2.15740370815868
			3.20555005907526	-2.15925555683521
			3.20555005907526	-2.16110740551174
			3.20555005907526	-2.16295925418827
			3.20369821039872	-2.1648111028648
			3.20369821039872	-2.16666295154133
			3.20369821039872	-2.16851480021786
			3.20369821039872	-2.1703666488944
			3.20369821039872	-2.17221849757093
			3.20369821039872	-2.17407034624746
			3.20369821039872	-2.17592219492399
			3.20369821039872	-2.17777404360052
			3.20184636172219	-2.17962589227705
			3.20184636172219	-2.18147774095358
			3.20184636172219	-2.18332958963011
			3.20184636172219	-2.18518143830664
			3.20184636172219	-2.18703328698318
			3.19999451304566	-2.18888513565971
			3.19999451304566	-2.19073698433624
			3.19999451304566	-2.19258883301277
			3.19999451304566	-2.1944406816893
			3.19814266436913	-2.19629253036583
			3.19814266436913	-2.19814437904236
			3.19814266436913	-2.19999622771889
			3.19814266436913	-2.20184807639542
			3.1962908156926	-2.20369992507195
			3.1962908156926	-2.20555177374849
			3.19443896701607	-2.20740362242502
			3.19443896701607	-2.20925547110155
			3.19443896701607	-2.21110731977808
			3.19258711833954	-2.21295916845461
			3.19258711833954	-2.21481101713114
			3.19073526966301	-2.21666286580767
			3.19073526966301	-2.2185147144842
			3.19073526966301	-2.22036656316073
			3.18888342098648	-2.22221841183727
			3.18888342098648	-2.2240702605138
			3.18703157230994	-2.22592210919033
			3.18703157230994	-2.22777395786686
			3.18517972363341	-2.22962580654339
			3.18517972363341	-2.23147765521992
			3.18332787495688	-2.23332950389645
			3.18332787495688	-2.23518135257298
			3.18147602628035	-2.23703320124951
			3.18147602628035	-2.23888504992604
			3.18147602628035	-2.24073689860258
			3.18147602628035	-2.24258874727911
			3.18147602628035	-2.24444059595564
			3.18332787495688	-2.24629244463217
			3.18332787495688	-2.2481442933087
			3.18332787495688	-2.24999614198523
			3.18332787495688	-2.25184799066176
			3.18332787495688	-2.25369983933829
			3.18332787495688	-2.25555168801482
			3.18517972363341	-2.25740353669136
			3.18517972363341	-2.25925538536789
			3.18517972363341	-2.26110723404442
			3.18517972363341	-2.26295908272095
			3.18703157230994	-2.26295908272095
			3.18703157230994	-2.26481093139748
			3.18703157230994	-2.26666278007401
			3.18703157230994	-2.26851462875054
			3.18888342098648	-2.27036647742707
			3.18888342098648	-2.2722183261036
			3.18888342098648	-2.27407017478013
			3.18888342098648	-2.27592202345667
			3.19073526966301	-2.2777738721332
			3.19073526966301	-2.27962572080973
			3.19073526966301	-2.28147756948626
			3.19258711833954	-2.28332941816279
			3.19258711833954	-2.28518126683932
			3.19258711833954	-2.28703311551585
			3.19443896701607	-2.28888496419238
			3.19443896701607	-2.29073681286891
			3.1962908156926	-2.29258866154545
			3.1962908156926	-2.29444051022198
			3.1962908156926	-2.29629235889851
			3.19814266436913	-2.29814420757504
			3.19814266436913	-2.29999605625157
			3.19999451304566	-2.3018479049281
			3.19999451304566	-2.30369975360463
			3.20184636172219	-2.30555160228116
			3.20184636172219	-2.30740345095769
			3.20369821039872	-2.30925529963423
			3.20369821039872	-2.31110714831076
			3.20555005907526	-2.31295899698729
			3.20555005907526	-2.31481084566382
			3.20555005907526	-2.31666269434035
			3.20740190775179	-2.31666269434035
			3.20740190775179	-2.31851454301688
			3.20740190775179	-2.32036639169341
			3.20925375642832	-2.32221824036994
			3.20925375642832	-2.32407008904647
			3.21110560510485	-2.325921937723
			3.21110560510485	-2.32777378639954
			3.21295745378138	-2.32962563507607
			3.21295745378138	-2.3314774837526
			3.21480930245791	-2.33332933242913
			3.21480930245791	-2.33518118110566
			3.21666115113444	-2.33703302978219
			3.21851299981097	-2.33888487845872
			3.21851299981097	-2.34073672713525
			3.2203648484875	-2.34258857581178
			3.2203648484875	-2.34444042448832
			3.2203648484875	-2.34629227316485
			3.22221669716403	-2.34629227316485
			3.22221669716403	-2.34814412184138
			3.22221669716403	-2.34999597051791
			3.22406854584057	-2.34999597051791
			3.22406854584057	-2.35184781919444
			3.2259203945171	-2.35369966787097
			3.2259203945171	-2.3555515165475
			3.22777224319363	-2.35740336522403
			3.22962409187016	-2.35925521390056
			3.22962409187016	-2.36110706257709
			3.23147594054669	-2.36295891125363
			3.23147594054669	-2.36481075993016
			3.23332778922322	-2.36666260860669
			3.23517963789975	-2.36851445728322
			3.23517963789975	-2.37036630595975
			3.23703148657628	-2.37221815463628
			3.23703148657628	-2.37407000331281
			3.23888333525281	-2.37592185198934
			3.24073518392935	-2.37777370066587
			3.24073518392935	-2.37962554934241
		</curvaI_espina_dorsal>
	</curves.scaled>
	<ruler.points type=matrix rownames=TRUE colnames=FALSE nrow=2 ncol=2 as.numeric=TRUE >
		Ruler point 1	1497	453
		Ruler point 2	2037	452
	</ruler.points>
</shapes>

