<shapes type=list>
	<ruler.pixel type=vector names=FALSE length=1 as.numeric=TRUE >539.000927642987</ruler.pixel>
	<ruler.interval type=vector names=FALSE length=1 as.numeric=TRUE >1</ruler.interval>
	<scaling.units type=vector names=FALSE length=1 as.numeric=FALSE >mm</scaling.units>
	<scaling type=vector names=FALSE length=1 as.numeric=TRUE >0.00185184867653105</scaling>
	<landmarks.pixel type=matrix rownames=TRUE colnames=FALSE nrow=3 ncol=2 as.numeric=TRUE >
		punta_espina_dorsal	1326	1083
		esq_izq_caparaza	1468	1303
		organo_dorsal	1656	1071
	</landmarks.pixel>
	<landmarks.scaled type=matrix rownames=TRUE colnames=FALSE nrow=3 ncol=2 as.numeric=TRUE >
		punta_espina_dorsal	2.45555134508018	-2.00555211668313
		esq_izq_caparaza	2.71851385714759	-2.41295882551996
		organo_dorsal	3.06666140833543	-1.98332993256476
	</landmarks.scaled>
	<curves.control type=list>
		<curvaD_espina_dorsal type=matrix rownames=FALSE colnames=FALSE nrow=7 ncol=2 as.numeric=TRUE >
			1326	1083
			1341	1071
			1431	1083
			1474	1085
			1531	1096
			1592	1121
			1656	1071
		</curvaD_espina_dorsal>
		<curvaI_espina_dorsal type=matrix rownames=FALSE colnames=FALSE nrow=9 ncol=2 as.numeric=TRUE >
			1326	1083
			1391	1083
			1431	1096
			1478	1109
			1509	1133
			1522	1189
			1468	1232
			1457	1257
			1468	1303
		</curvaI_espina_dorsal>
	</curves.control>
	<curves.pixel type=list>
		<curvaD_espina_dorsal type=matrix rownames=FALSE colnames=FALSE nrow=337 ncol=2 as.numeric=TRUE >
			1326	1083
			1327	1083
			1327	1082
			1328	1082
			1328	1081
			1329	1081
			1330	1081
			1331	1080
			1332	1080
			1333	1080
			1334	1080
			1335	1079
			1336	1079
			1337	1079
			1338	1079
			1339	1078
			1340	1078
			1341	1078
			1342	1078
			1343	1078
			1344	1078
			1345	1078
			1346	1077
			1347	1077
			1348	1077
			1349	1077
			1350	1077
			1351	1077
			1352	1077
			1353	1077
			1354	1077
			1355	1077
			1356	1077
			1357	1077
			1358	1077
			1359	1077
			1360	1077
			1361	1077
			1362	1077
			1363	1077
			1364	1077
			1365	1077
			1366	1077
			1367	1077
			1368	1077
			1369	1077
			1370	1077
			1371	1077
			1372	1077
			1373	1077
			1374	1077
			1375	1077
			1376	1077
			1377	1078
			1378	1078
			1379	1078
			1380	1078
			1381	1078
			1382	1078
			1383	1078
			1384	1078
			1385	1078
			1386	1078
			1387	1078
			1388	1078
			1389	1078
			1390	1078
			1391	1079
			1392	1079
			1393	1079
			1394	1079
			1395	1079
			1396	1079
			1397	1079
			1398	1079
			1399	1079
			1400	1079
			1401	1079
			1402	1080
			1403	1080
			1404	1080
			1405	1080
			1406	1080
			1407	1080
			1408	1080
			1409	1080
			1410	1080
			1411	1081
			1412	1081
			1413	1081
			1414	1081
			1415	1081
			1416	1081
			1417	1081
			1418	1081
			1419	1082
			1420	1082
			1421	1082
			1422	1082
			1423	1082
			1424	1082
			1425	1082
			1426	1082
			1427	1082
			1428	1083
			1429	1083
			1430	1083
			1431	1083
			1432	1083
			1433	1083
			1434	1083
			1435	1083
			1436	1083
			1437	1083
			1438	1083
			1439	1083
			1440	1083
			1441	1084
			1442	1084
			1443	1084
			1444	1084
			1445	1084
			1446	1084
			1447	1084
			1448	1084
			1449	1084
			1450	1084
			1451	1084
			1452	1084
			1453	1085
			1454	1085
			1455	1085
			1456	1085
			1457	1085
			1458	1085
			1459	1085
			1460	1085
			1461	1085
			1462	1085
			1463	1086
			1464	1086
			1465	1086
			1466	1086
			1467	1086
			1468	1086
			1469	1086
			1470	1086
			1471	1086
			1472	1087
			1473	1087
			1474	1087
			1475	1087
			1476	1087
			1477	1087
			1478	1087
			1479	1087
			1480	1088
			1481	1088
			1482	1088
			1483	1088
			1484	1088
			1485	1088
			1486	1088
			1487	1089
			1488	1089
			1489	1089
			1490	1089
			1491	1089
			1492	1089
			1493	1089
			1494	1090
			1495	1090
			1496	1090
			1497	1090
			1498	1090
			1499	1090
			1500	1090
			1500	1091
			1501	1091
			1502	1091
			1503	1091
			1504	1091
			1505	1091
			1506	1092
			1507	1092
			1508	1092
			1509	1092
			1510	1092
			1511	1092
			1512	1093
			1513	1093
			1514	1093
			1515	1093
			1516	1093
			1517	1093
			1518	1094
			1519	1094
			1520	1094
			1521	1094
			1522	1094
			1523	1094
			1524	1095
			1525	1095
			1526	1095
			1527	1095
			1528	1095
			1529	1096
			1530	1096
			1531	1096
			1532	1097
			1533	1097
			1534	1097
			1535	1098
			1536	1098
			1537	1098
			1538	1099
			1539	1099
			1540	1099
			1541	1100
			1542	1100
			1543	1100
			1544	1101
			1545	1101
			1546	1101
			1547	1101
			1548	1101
			1549	1102
			1550	1102
			1551	1102
			1552	1102
			1553	1103
			1554	1103
			1555	1103
			1556	1103
			1557	1103
			1558	1103
			1559	1104
			1560	1104
			1561	1104
			1562	1104
			1563	1104
			1564	1104
			1565	1104
			1566	1104
			1567	1104
			1568	1104
			1569	1104
			1570	1104
			1571	1104
			1572	1104
			1573	1104
			1574	1104
			1575	1104
			1576	1104
			1577	1104
			1578	1104
			1579	1104
			1580	1104
			1581	1104
			1582	1104
			1583	1104
			1584	1104
			1585	1104
			1586	1103
			1587	1103
			1588	1103
			1589	1103
			1590	1103
			1591	1103
			1592	1102
			1593	1102
			1594	1102
			1595	1102
			1596	1102
			1597	1101
			1598	1101
			1599	1101
			1600	1100
			1601	1100
			1602	1100
			1603	1100
			1604	1099
			1605	1099
			1606	1099
			1607	1098
			1608	1098
			1609	1098
			1610	1097
			1611	1097
			1612	1097
			1613	1096
			1614	1096
			1615	1095
			1616	1095
			1617	1094
			1618	1094
			1619	1094
			1620	1093
			1621	1093
			1622	1092
			1623	1092
			1624	1091
			1625	1091
			1626	1091
			1626	1090
			1627	1090
			1628	1089
			1629	1089
			1630	1088
			1631	1088
			1632	1087
			1633	1087
			1634	1086
			1635	1086
			1635	1085
			1636	1085
			1637	1084
			1638	1084
			1639	1083
			1640	1082
			1641	1082
			1642	1081
			1643	1081
			1644	1080
			1644	1079
			1645	1079
			1646	1078
			1647	1078
			1648	1077
			1649	1076
			1650	1076
			1651	1075
			1652	1074
			1653	1073
			1654	1072
			1655	1072
			1656	1071
		</curvaD_espina_dorsal>
		<curvaI_espina_dorsal type=matrix rownames=FALSE colnames=FALSE nrow=361 ncol=2 as.numeric=TRUE >
			1326	1083
			1327	1083
			1328	1083
			1329	1083
			1330	1083
			1331	1083
			1332	1083
			1333	1083
			1334	1083
			1335	1083
			1336	1083
			1337	1083
			1338	1083
			1339	1083
			1340	1083
			1341	1083
			1342	1083
			1343	1083
			1344	1083
			1345	1083
			1346	1083
			1347	1083
			1348	1083
			1349	1083
			1350	1083
			1351	1084
			1352	1084
			1353	1084
			1354	1084
			1355	1084
			1356	1084
			1357	1084
			1358	1084
			1359	1084
			1360	1084
			1361	1084
			1362	1084
			1363	1084
			1364	1084
			1365	1084
			1366	1084
			1367	1085
			1368	1085
			1369	1085
			1370	1085
			1371	1085
			1372	1085
			1373	1085
			1374	1085
			1375	1085
			1376	1085
			1377	1085
			1378	1085
			1379	1086
			1380	1086
			1381	1086
			1382	1086
			1383	1086
			1384	1086
			1385	1086
			1386	1086
			1387	1087
			1388	1087
			1389	1087
			1390	1087
			1391	1087
			1392	1087
			1393	1087
			1394	1088
			1395	1088
			1396	1088
			1397	1088
			1398	1088
			1399	1088
			1400	1089
			1401	1089
			1402	1089
			1403	1089
			1404	1089
			1405	1089
			1406	1090
			1407	1090
			1408	1090
			1409	1090
			1410	1090
			1411	1091
			1412	1091
			1413	1091
			1414	1091
			1415	1091
			1415	1092
			1416	1092
			1417	1092
			1418	1092
			1419	1093
			1420	1093
			1421	1093
			1422	1093
			1423	1093
			1423	1094
			1424	1094
			1425	1094
			1426	1094
			1427	1095
			1428	1095
			1429	1095
			1430	1096
			1431	1096
			1432	1096
			1433	1097
			1434	1097
			1435	1097
			1436	1098
			1437	1098
			1438	1098
			1439	1098
			1440	1099
			1441	1099
			1442	1099
			1443	1100
			1444	1100
			1445	1100
			1446	1101
			1447	1101
			1448	1101
			1449	1102
			1450	1102
			1451	1102
			1452	1102
			1452	1103
			1453	1103
			1454	1103
			1455	1104
			1456	1104
			1457	1104
			1458	1105
			1459	1105
			1460	1106
			1461	1106
			1462	1107
			1463	1107
			1464	1107
			1465	1108
			1466	1108
			1467	1109
			1468	1109
			1469	1110
			1470	1110
			1471	1111
			1472	1111
			1473	1111
			1474	1112
			1475	1112
			1476	1113
			1477	1113
			1478	1114
			1479	1114
			1480	1115
			1481	1115
			1482	1116
			1483	1116
			1484	1117
			1485	1117
			1486	1118
			1487	1118
			1488	1119
			1489	1119
			1490	1120
			1491	1121
			1492	1122
			1493	1122
			1494	1123
			1495	1123
			1496	1124
			1497	1125
			1498	1125
			1499	1126
			1500	1126
			1501	1127
			1502	1128
			1503	1129
			1504	1130
			1505	1130
			1506	1131
			1507	1131
			1508	1132
			1508	1133
			1509	1134
			1509	1135
			1510	1136
			1510	1137
			1510	1138
			1510	1139
			1510	1140
			1510	1141
			1511	1142
			1511	1143
			1511	1144
			1511	1145
			1511	1146
			1511	1147
			1511	1148
			1511	1149
			1511	1150
			1511	1151
			1512	1152
			1512	1153
			1512	1154
			1512	1155
			1511	1156
			1511	1157
			1511	1158
			1511	1159
			1511	1160
			1511	1161
			1511	1162
			1511	1163
			1511	1164
			1511	1165
			1511	1166
			1510	1167
			1510	1168
			1510	1169
			1510	1170
			1510	1171
			1510	1172
			1509	1173
			1509	1174
			1509	1175
			1509	1176
			1508	1177
			1508	1178
			1508	1179
			1507	1180
			1507	1181
			1507	1182
			1506	1183
			1506	1184
			1506	1185
			1505	1186
			1505	1187
			1504	1188
			1504	1189
			1503	1190
			1503	1191
			1502	1192
			1502	1193
			1501	1194
			1501	1195
			1500	1196
			1500	1197
			1499	1198
			1498	1199
			1498	1200
			1497	1201
			1497	1202
			1496	1203
			1495	1204
			1495	1205
			1494	1205
			1493	1206
			1493	1207
			1492	1208
			1491	1209
			1491	1210
			1490	1211
			1489	1212
			1488	1213
			1488	1214
			1487	1214
			1486	1215
			1485	1216
			1484	1217
			1483	1218
			1483	1219
			1482	1220
			1481	1221
			1480	1222
			1479	1222
			1478	1223
			1477	1224
			1476	1225
			1475	1226
			1474	1227
			1473	1228
			1472	1228
			1471	1229
			1470	1230
			1469	1231
			1468	1232
			1468	1233
			1467	1234
			1467	1235
			1466	1236
			1466	1237
			1466	1238
			1465	1239
			1465	1240
			1465	1241
			1465	1242
			1464	1243
			1464	1244
			1464	1245
			1464	1246
			1464	1247
			1463	1248
			1463	1249
			1463	1250
			1463	1251
			1463	1252
			1463	1253
			1463	1254
			1463	1255
			1463	1256
			1463	1257
			1463	1258
			1463	1259
			1463	1260
			1463	1261
			1463	1262
			1463	1263
			1463	1264
			1463	1265
			1463	1266
			1463	1267
			1463	1268
			1463	1269
			1463	1270
			1463	1271
			1463	1272
			1463	1273
			1463	1274
			1463	1275
			1463	1276
			1463	1277
			1463	1278
			1464	1279
			1464	1280
			1464	1281
			1464	1282
			1464	1283
			1464	1284
			1464	1285
			1465	1286
			1465	1287
			1465	1288
			1465	1289
			1465	1290
			1466	1291
			1466	1292
			1466	1293
			1466	1294
			1466	1295
			1466	1296
			1467	1297
			1467	1298
			1467	1299
			1467	1300
			1468	1301
			1468	1302
			1468	1303
		</curvaI_espina_dorsal>
	</curves.pixel>
	<curves.scaled type=list>
		<curvaD_espina_dorsal type=matrix rownames=FALSE colnames=FALSE nrow=337 ncol=2 as.numeric=TRUE >
			2.45555134508018	-2.00555211668313
			2.45740319375671	-2.00555211668313
			2.45740319375671	-2.0037002680066
			2.45925504243324	-2.0037002680066
			2.45925504243324	-2.00184841933007
			2.46110689110977	-2.00184841933007
			2.4629587397863	-2.00184841933007
			2.46481058846283	-1.99999657065354
			2.46666243713936	-1.99999657065354
			2.4685142858159	-1.99999657065354
			2.47036613449243	-1.99999657065354
			2.47221798316896	-1.99814472197701
			2.47406983184549	-1.99814472197701
			2.47592168052202	-1.99814472197701
			2.47777352919855	-1.99814472197701
			2.47962537787508	-1.99629287330048
			2.48147722655161	-1.99629287330048
			2.48332907522814	-1.99629287330048
			2.48518092390468	-1.99629287330048
			2.48703277258121	-1.99629287330048
			2.48888462125774	-1.99629287330048
			2.49073646993427	-1.99629287330048
			2.4925883186108	-1.99444102462395
			2.49444016728733	-1.99444102462395
			2.49629201596386	-1.99444102462395
			2.49814386464039	-1.99444102462395
			2.49999571331692	-1.99444102462395
			2.50184756199345	-1.99444102462395
			2.50369941066999	-1.99444102462395
			2.50555125934652	-1.99444102462395
			2.50740310802305	-1.99444102462395
			2.50925495669958	-1.99444102462395
			2.51110680537611	-1.99444102462395
			2.51295865405264	-1.99444102462395
			2.51481050272917	-1.99444102462395
			2.5166623514057	-1.99444102462395
			2.51851420008223	-1.99444102462395
			2.52036604875877	-1.99444102462395
			2.5222178974353	-1.99444102462395
			2.52406974611183	-1.99444102462395
			2.52592159478836	-1.99444102462395
			2.52777344346489	-1.99444102462395
			2.52962529214142	-1.99444102462395
			2.53147714081795	-1.99444102462395
			2.53332898949448	-1.99444102462395
			2.53518083817101	-1.99444102462395
			2.53703268684755	-1.99444102462395
			2.53888453552408	-1.99444102462395
			2.54073638420061	-1.99444102462395
			2.54258823287714	-1.99444102462395
			2.54444008155367	-1.99444102462395
			2.5462919302302	-1.99444102462395
			2.54814377890673	-1.99444102462395
			2.54999562758326	-1.99629287330048
			2.55184747625979	-1.99629287330048
			2.55369932493632	-1.99629287330048
			2.55555117361286	-1.99629287330048
			2.55740302228939	-1.99629287330048
			2.55925487096592	-1.99629287330048
			2.56110671964245	-1.99629287330048
			2.56295856831898	-1.99629287330048
			2.56481041699551	-1.99629287330048
			2.56666226567204	-1.99629287330048
			2.56851411434857	-1.99629287330048
			2.5703659630251	-1.99629287330048
			2.57221781170163	-1.99629287330048
			2.57406966037817	-1.99629287330048
			2.5759215090547	-1.99814472197701
			2.57777335773123	-1.99814472197701
			2.57962520640776	-1.99814472197701
			2.58147705508429	-1.99814472197701
			2.58332890376082	-1.99814472197701
			2.58518075243735	-1.99814472197701
			2.58703260111388	-1.99814472197701
			2.58888444979041	-1.99814472197701
			2.59073629846695	-1.99814472197701
			2.59258814714348	-1.99814472197701
			2.59443999582001	-1.99814472197701
			2.59629184449654	-1.99999657065354
			2.59814369317307	-1.99999657065354
			2.5999955418496	-1.99999657065354
			2.60184739052613	-1.99999657065354
			2.60369923920266	-1.99999657065354
			2.60555108787919	-1.99999657065354
			2.60740293655572	-1.99999657065354
			2.60925478523226	-1.99999657065354
			2.61110663390879	-1.99999657065354
			2.61295848258532	-2.00184841933007
			2.61481033126185	-2.00184841933007
			2.61666217993838	-2.00184841933007
			2.61851402861491	-2.00184841933007
			2.62036587729144	-2.00184841933007
			2.62221772596797	-2.00184841933007
			2.6240695746445	-2.00184841933007
			2.62592142332104	-2.00184841933007
			2.62777327199757	-2.0037002680066
			2.6296251206741	-2.0037002680066
			2.63147696935063	-2.0037002680066
			2.63332881802716	-2.0037002680066
			2.63518066670369	-2.0037002680066
			2.63703251538022	-2.0037002680066
			2.63888436405675	-2.0037002680066
			2.64073621273328	-2.0037002680066
			2.64258806140981	-2.0037002680066
			2.64443991008635	-2.00555211668313
			2.64629175876288	-2.00555211668313
			2.64814360743941	-2.00555211668313
			2.64999545611594	-2.00555211668313
			2.65184730479247	-2.00555211668313
			2.653699153469	-2.00555211668313
			2.65555100214553	-2.00555211668313
			2.65740285082206	-2.00555211668313
			2.65925469949859	-2.00555211668313
			2.66110654817513	-2.00555211668313
			2.66295839685166	-2.00555211668313
			2.66481024552819	-2.00555211668313
			2.66666209420472	-2.00555211668313
			2.66851394288125	-2.00740396535966
			2.67036579155778	-2.00740396535966
			2.67221764023431	-2.00740396535966
			2.67406948891084	-2.00740396535966
			2.67592133758737	-2.00740396535966
			2.6777731862639	-2.00740396535966
			2.67962503494044	-2.00740396535966
			2.68147688361697	-2.00740396535966
			2.6833287322935	-2.00740396535966
			2.68518058097003	-2.00740396535966
			2.68703242964656	-2.00740396535966
			2.68888427832309	-2.00740396535966
			2.69073612699962	-2.00925581403619
			2.69258797567615	-2.00925581403619
			2.69443982435268	-2.00925581403619
			2.69629167302922	-2.00925581403619
			2.69814352170575	-2.00925581403619
			2.69999537038228	-2.00925581403619
			2.70184721905881	-2.00925581403619
			2.70369906773534	-2.00925581403619
			2.70555091641187	-2.00925581403619
			2.7074027650884	-2.00925581403619
			2.70925461376493	-2.01110766271273
			2.71110646244146	-2.01110766271273
			2.71295831111799	-2.01110766271273
			2.71481015979453	-2.01110766271273
			2.71666200847106	-2.01110766271273
			2.71851385714759	-2.01110766271273
			2.72036570582412	-2.01110766271273
			2.72221755450065	-2.01110766271273
			2.72406940317718	-2.01110766271273
			2.72592125185371	-2.01295951138926
			2.72777310053024	-2.01295951138926
			2.72962494920677	-2.01295951138926
			2.73147679788331	-2.01295951138926
			2.73332864655984	-2.01295951138926
			2.73518049523637	-2.01295951138926
			2.7370323439129	-2.01295951138926
			2.73888419258943	-2.01295951138926
			2.74073604126596	-2.01481136006579
			2.74258788994249	-2.01481136006579
			2.74443973861902	-2.01481136006579
			2.74629158729555	-2.01481136006579
			2.74814343597208	-2.01481136006579
			2.74999528464862	-2.01481136006579
			2.75184713332515	-2.01481136006579
			2.75369898200168	-2.01666320874232
			2.75555083067821	-2.01666320874232
			2.75740267935474	-2.01666320874232
			2.75925452803127	-2.01666320874232
			2.7611063767078	-2.01666320874232
			2.76295822538433	-2.01666320874232
			2.76481007406086	-2.01666320874232
			2.7666619227374	-2.01851505741885
			2.76851377141393	-2.01851505741885
			2.77036562009046	-2.01851505741885
			2.77221746876699	-2.01851505741885
			2.77406931744352	-2.01851505741885
			2.77592116612005	-2.01851505741885
			2.77777301479658	-2.01851505741885
			2.77777301479658	-2.02036690609538
			2.77962486347311	-2.02036690609538
			2.78147671214964	-2.02036690609538
			2.78332856082617	-2.02036690609538
			2.78518040950271	-2.02036690609538
			2.78703225817924	-2.02036690609538
			2.78888410685577	-2.02221875477191
			2.7907359555323	-2.02221875477191
			2.79258780420883	-2.02221875477191
			2.79443965288536	-2.02221875477191
			2.79629150156189	-2.02221875477191
			2.79814335023842	-2.02221875477191
			2.79999519891495	-2.02407060344844
			2.80184704759149	-2.02407060344844
			2.80369889626802	-2.02407060344844
			2.80555074494455	-2.02407060344844
			2.80740259362108	-2.02407060344844
			2.80925444229761	-2.02407060344844
			2.81110629097414	-2.02592245212497
			2.81295813965067	-2.02592245212497
			2.8148099883272	-2.02592245212497
			2.81666183700373	-2.02592245212497
			2.81851368568027	-2.02592245212497
			2.8203655343568	-2.02592245212497
			2.82221738303333	-2.02777430080151
			2.82406923170986	-2.02777430080151
			2.82592108038639	-2.02777430080151
			2.82777292906292	-2.02777430080151
			2.82962477773945	-2.02777430080151
			2.83147662641598	-2.02962614947804
			2.83332847509251	-2.02962614947804
			2.83518032376904	-2.02962614947804
			2.83703217244558	-2.03147799815457
			2.83888402112211	-2.03147799815457
			2.84073586979864	-2.03147799815457
			2.84258771847517	-2.0333298468311
			2.8444395671517	-2.0333298468311
			2.84629141582823	-2.0333298468311
			2.84814326450476	-2.03518169550763
			2.84999511318129	-2.03518169550763
			2.85184696185782	-2.03518169550763
			2.85369881053436	-2.03703354418416
			2.85555065921089	-2.03703354418416
			2.85740250788742	-2.03703354418416
			2.85925435656395	-2.03888539286069
			2.86110620524048	-2.03888539286069
			2.86295805391701	-2.03888539286069
			2.86480990259354	-2.03888539286069
			2.86666175127007	-2.03888539286069
			2.8685135999466	-2.04073724153722
			2.87036544862313	-2.04073724153722
			2.87221729729967	-2.04073724153722
			2.8740691459762	-2.04073724153722
			2.87592099465273	-2.04258909021375
			2.87777284332926	-2.04258909021375
			2.87962469200579	-2.04258909021375
			2.88147654068232	-2.04258909021375
			2.88332838935885	-2.04258909021375
			2.88518023803538	-2.04258909021375
			2.88703208671191	-2.04444093889028
			2.88888393538845	-2.04444093889028
			2.89073578406498	-2.04444093889028
			2.89258763274151	-2.04444093889028
			2.89443948141804	-2.04444093889028
			2.89629133009457	-2.04444093889028
			2.8981431787711	-2.04444093889028
			2.89999502744763	-2.04444093889028
			2.90184687612416	-2.04444093889028
			2.90369872480069	-2.04444093889028
			2.90555057347722	-2.04444093889028
			2.90740242215376	-2.04444093889028
			2.90925427083029	-2.04444093889028
			2.91110611950682	-2.04444093889028
			2.91295796818335	-2.04444093889028
			2.91480981685988	-2.04444093889028
			2.91666166553641	-2.04444093889028
			2.91851351421294	-2.04444093889028
			2.92036536288947	-2.04444093889028
			2.922217211566	-2.04444093889028
			2.92406906024254	-2.04444093889028
			2.92592090891907	-2.04444093889028
			2.9277727575956	-2.04444093889028
			2.92962460627213	-2.04444093889028
			2.93147645494866	-2.04444093889028
			2.93332830362519	-2.04444093889028
			2.93518015230172	-2.04444093889028
			2.93703200097825	-2.04258909021375
			2.93888384965478	-2.04258909021375
			2.94073569833131	-2.04258909021375
			2.94258754700785	-2.04258909021375
			2.94443939568438	-2.04258909021375
			2.94629124436091	-2.04258909021375
			2.94814309303744	-2.04073724153722
			2.94999494171397	-2.04073724153722
			2.9518467903905	-2.04073724153722
			2.95369863906703	-2.04073724153722
			2.95555048774356	-2.04073724153722
			2.95740233642009	-2.03888539286069
			2.95925418509663	-2.03888539286069
			2.96110603377316	-2.03888539286069
			2.96295788244969	-2.03703354418416
			2.96480973112622	-2.03703354418416
			2.96666157980275	-2.03703354418416
			2.96851342847928	-2.03703354418416
			2.97036527715581	-2.03518169550763
			2.97221712583234	-2.03518169550763
			2.97406897450887	-2.03518169550763
			2.9759208231854	-2.0333298468311
			2.97777267186194	-2.0333298468311
			2.97962452053847	-2.0333298468311
			2.981476369215	-2.03147799815457
			2.98332821789153	-2.03147799815457
			2.98518006656806	-2.03147799815457
			2.98703191524459	-2.02962614947804
			2.98888376392112	-2.02962614947804
			2.99073561259765	-2.02777430080151
			2.99258746127418	-2.02777430080151
			2.99443930995072	-2.02592245212497
			2.99629115862725	-2.02592245212497
			2.99814300730378	-2.02592245212497
			2.99999485598031	-2.02407060344844
			3.00184670465684	-2.02407060344844
			3.00369855333337	-2.02221875477191
			3.0055504020099	-2.02221875477191
			3.00740225068643	-2.02036690609538
			3.00925409936296	-2.02036690609538
			3.01110594803949	-2.02036690609538
			3.01110594803949	-2.01851505741885
			3.01295779671603	-2.01851505741885
			3.01480964539256	-2.01666320874232
			3.01666149406909	-2.01666320874232
			3.01851334274562	-2.01481136006579
			3.02036519142215	-2.01481136006579
			3.02221704009868	-2.01295951138926
			3.02406888877521	-2.01295951138926
			3.02592073745174	-2.01110766271273
			3.02777258612827	-2.01110766271273
			3.02777258612827	-2.00925581403619
			3.02962443480481	-2.00925581403619
			3.03147628348134	-2.00740396535966
			3.03332813215787	-2.00740396535966
			3.0351799808344	-2.00555211668313
			3.03703182951093	-2.0037002680066
			3.03888367818746	-2.0037002680066
			3.04073552686399	-2.00184841933007
			3.04258737554052	-2.00184841933007
			3.04443922421705	-1.99999657065354
			3.04443922421705	-1.99814472197701
			3.04629107289359	-1.99814472197701
			3.04814292157012	-1.99629287330048
			3.04999477024665	-1.99629287330048
			3.05184661892318	-1.99444102462395
			3.05369846759971	-1.99258917594741
			3.05555031627624	-1.99258917594741
			3.05740216495277	-1.99073732727088
			3.0592540136293	-1.98888547859435
			3.06110586230583	-1.98703362991782
			3.06295771098236	-1.98518178124129
			3.0648095596589	-1.98518178124129
			3.06666140833543	-1.98332993256476
		</curvaD_espina_dorsal>
		<curvaI_espina_dorsal type=matrix rownames=FALSE colnames=FALSE nrow=361 ncol=2 as.numeric=TRUE >
			2.45555134508018	-2.00555211668313
			2.45740319375671	-2.00555211668313
			2.45925504243324	-2.00555211668313
			2.46110689110977	-2.00555211668313
			2.4629587397863	-2.00555211668313
			2.46481058846283	-2.00555211668313
			2.46666243713936	-2.00555211668313
			2.4685142858159	-2.00555211668313
			2.47036613449243	-2.00555211668313
			2.47221798316896	-2.00555211668313
			2.47406983184549	-2.00555211668313
			2.47592168052202	-2.00555211668313
			2.47777352919855	-2.00555211668313
			2.47962537787508	-2.00555211668313
			2.48147722655161	-2.00555211668313
			2.48332907522814	-2.00555211668313
			2.48518092390468	-2.00555211668313
			2.48703277258121	-2.00555211668313
			2.48888462125774	-2.00555211668313
			2.49073646993427	-2.00555211668313
			2.4925883186108	-2.00555211668313
			2.49444016728733	-2.00555211668313
			2.49629201596386	-2.00555211668313
			2.49814386464039	-2.00555211668313
			2.49999571331692	-2.00555211668313
			2.50184756199345	-2.00740396535966
			2.50369941066999	-2.00740396535966
			2.50555125934652	-2.00740396535966
			2.50740310802305	-2.00740396535966
			2.50925495669958	-2.00740396535966
			2.51110680537611	-2.00740396535966
			2.51295865405264	-2.00740396535966
			2.51481050272917	-2.00740396535966
			2.5166623514057	-2.00740396535966
			2.51851420008223	-2.00740396535966
			2.52036604875877	-2.00740396535966
			2.5222178974353	-2.00740396535966
			2.52406974611183	-2.00740396535966
			2.52592159478836	-2.00740396535966
			2.52777344346489	-2.00740396535966
			2.52962529214142	-2.00740396535966
			2.53147714081795	-2.00925581403619
			2.53332898949448	-2.00925581403619
			2.53518083817101	-2.00925581403619
			2.53703268684755	-2.00925581403619
			2.53888453552408	-2.00925581403619
			2.54073638420061	-2.00925581403619
			2.54258823287714	-2.00925581403619
			2.54444008155367	-2.00925581403619
			2.5462919302302	-2.00925581403619
			2.54814377890673	-2.00925581403619
			2.54999562758326	-2.00925581403619
			2.55184747625979	-2.00925581403619
			2.55369932493632	-2.01110766271273
			2.55555117361286	-2.01110766271273
			2.55740302228939	-2.01110766271273
			2.55925487096592	-2.01110766271273
			2.56110671964245	-2.01110766271273
			2.56295856831898	-2.01110766271273
			2.56481041699551	-2.01110766271273
			2.56666226567204	-2.01110766271273
			2.56851411434857	-2.01295951138926
			2.5703659630251	-2.01295951138926
			2.57221781170163	-2.01295951138926
			2.57406966037817	-2.01295951138926
			2.5759215090547	-2.01295951138926
			2.57777335773123	-2.01295951138926
			2.57962520640776	-2.01295951138926
			2.58147705508429	-2.01481136006579
			2.58332890376082	-2.01481136006579
			2.58518075243735	-2.01481136006579
			2.58703260111388	-2.01481136006579
			2.58888444979041	-2.01481136006579
			2.59073629846695	-2.01481136006579
			2.59258814714348	-2.01666320874232
			2.59443999582001	-2.01666320874232
			2.59629184449654	-2.01666320874232
			2.59814369317307	-2.01666320874232
			2.5999955418496	-2.01666320874232
			2.60184739052613	-2.01666320874232
			2.60369923920266	-2.01851505741885
			2.60555108787919	-2.01851505741885
			2.60740293655572	-2.01851505741885
			2.60925478523226	-2.01851505741885
			2.61110663390879	-2.01851505741885
			2.61295848258532	-2.02036690609538
			2.61481033126185	-2.02036690609538
			2.61666217993838	-2.02036690609538
			2.61851402861491	-2.02036690609538
			2.62036587729144	-2.02036690609538
			2.62036587729144	-2.02221875477191
			2.62221772596797	-2.02221875477191
			2.6240695746445	-2.02221875477191
			2.62592142332104	-2.02221875477191
			2.62777327199757	-2.02407060344844
			2.6296251206741	-2.02407060344844
			2.63147696935063	-2.02407060344844
			2.63332881802716	-2.02407060344844
			2.63518066670369	-2.02407060344844
			2.63518066670369	-2.02592245212497
			2.63703251538022	-2.02592245212497
			2.63888436405675	-2.02592245212497
			2.64073621273328	-2.02592245212497
			2.64258806140981	-2.02777430080151
			2.64443991008635	-2.02777430080151
			2.64629175876288	-2.02777430080151
			2.64814360743941	-2.02962614947804
			2.64999545611594	-2.02962614947804
			2.65184730479247	-2.02962614947804
			2.653699153469	-2.03147799815457
			2.65555100214553	-2.03147799815457
			2.65740285082206	-2.03147799815457
			2.65925469949859	-2.0333298468311
			2.66110654817513	-2.0333298468311
			2.66295839685166	-2.0333298468311
			2.66481024552819	-2.0333298468311
			2.66666209420472	-2.03518169550763
			2.66851394288125	-2.03518169550763
			2.67036579155778	-2.03518169550763
			2.67221764023431	-2.03703354418416
			2.67406948891084	-2.03703354418416
			2.67592133758737	-2.03703354418416
			2.6777731862639	-2.03888539286069
			2.67962503494044	-2.03888539286069
			2.68147688361697	-2.03888539286069
			2.6833287322935	-2.04073724153722
			2.68518058097003	-2.04073724153722
			2.68703242964656	-2.04073724153722
			2.68888427832309	-2.04073724153722
			2.68888427832309	-2.04258909021375
			2.69073612699962	-2.04258909021375
			2.69258797567615	-2.04258909021375
			2.69443982435268	-2.04444093889028
			2.69629167302922	-2.04444093889028
			2.69814352170575	-2.04444093889028
			2.69999537038228	-2.04629278756682
			2.70184721905881	-2.04629278756682
			2.70369906773534	-2.04814463624335
			2.70555091641187	-2.04814463624335
			2.7074027650884	-2.04999648491988
			2.70925461376493	-2.04999648491988
			2.71110646244146	-2.04999648491988
			2.71295831111799	-2.05184833359641
			2.71481015979453	-2.05184833359641
			2.71666200847106	-2.05370018227294
			2.71851385714759	-2.05370018227294
			2.72036570582412	-2.05555203094947
			2.72221755450065	-2.05555203094947
			2.72406940317718	-2.057403879626
			2.72592125185371	-2.057403879626
			2.72777310053024	-2.057403879626
			2.72962494920677	-2.05925572830253
			2.73147679788331	-2.05925572830253
			2.73332864655984	-2.06110757697906
			2.73518049523637	-2.06110757697906
			2.7370323439129	-2.06295942565559
			2.73888419258943	-2.06295942565559
			2.74073604126596	-2.06481127433213
			2.74258788994249	-2.06481127433213
			2.74443973861902	-2.06666312300866
			2.74629158729555	-2.06666312300866
			2.74814343597208	-2.06851497168519
			2.74999528464862	-2.06851497168519
			2.75184713332515	-2.07036682036172
			2.75369898200168	-2.07036682036172
			2.75555083067821	-2.07221866903825
			2.75740267935474	-2.07221866903825
			2.75925452803127	-2.07407051771478
			2.7611063767078	-2.07592236639131
			2.76295822538433	-2.07777421506784
			2.76481007406086	-2.07777421506784
			2.7666619227374	-2.07962606374437
			2.76851377141393	-2.07962606374437
			2.77036562009046	-2.08147791242091
			2.77221746876699	-2.08332976109744
			2.77406931744352	-2.08332976109744
			2.77592116612005	-2.08518160977397
			2.77777301479658	-2.08518160977397
			2.77962486347311	-2.0870334584505
			2.78147671214964	-2.08888530712703
			2.78332856082617	-2.09073715580356
			2.78518040950271	-2.09258900448009
			2.78703225817924	-2.09258900448009
			2.78888410685577	-2.09444085315662
			2.7907359555323	-2.09444085315662
			2.79258780420883	-2.09629270183315
			2.79258780420883	-2.09814455050968
			2.79443965288536	-2.09999639918622
			2.79443965288536	-2.10184824786275
			2.79629150156189	-2.10370009653928
			2.79629150156189	-2.10555194521581
			2.79629150156189	-2.10740379389234
			2.79629150156189	-2.10925564256887
			2.79629150156189	-2.1111074912454
			2.79629150156189	-2.11295933992193
			2.79814335023842	-2.11481118859846
			2.79814335023842	-2.116663037275
			2.79814335023842	-2.11851488595153
			2.79814335023842	-2.12036673462806
			2.79814335023842	-2.12221858330459
			2.79814335023842	-2.12407043198112
			2.79814335023842	-2.12592228065765
			2.79814335023842	-2.12777412933418
			2.79814335023842	-2.12962597801071
			2.79814335023842	-2.13147782668724
			2.79999519891495	-2.13332967536377
			2.79999519891495	-2.13518152404031
			2.79999519891495	-2.13703337271684
			2.79999519891495	-2.13888522139337
			2.79814335023842	-2.1407370700699
			2.79814335023842	-2.14258891874643
			2.79814335023842	-2.14444076742296
			2.79814335023842	-2.14629261609949
			2.79814335023842	-2.14814446477602
			2.79814335023842	-2.14999631345255
			2.79814335023842	-2.15184816212909
			2.79814335023842	-2.15370001080562
			2.79814335023842	-2.15555185948215
			2.79814335023842	-2.15740370815868
			2.79814335023842	-2.15925555683521
			2.79629150156189	-2.16110740551174
			2.79629150156189	-2.16295925418827
			2.79629150156189	-2.1648111028648
			2.79629150156189	-2.16666295154133
			2.79629150156189	-2.16851480021786
			2.79629150156189	-2.1703666488944
			2.79443965288536	-2.17221849757093
			2.79443965288536	-2.17407034624746
			2.79443965288536	-2.17592219492399
			2.79443965288536	-2.17777404360052
			2.79258780420883	-2.17962589227705
			2.79258780420883	-2.18147774095358
			2.79258780420883	-2.18332958963011
			2.7907359555323	-2.18518143830664
			2.7907359555323	-2.18703328698318
			2.7907359555323	-2.18888513565971
			2.78888410685577	-2.19073698433624
			2.78888410685577	-2.19258883301277
			2.78888410685577	-2.1944406816893
			2.78703225817924	-2.19629253036583
			2.78703225817924	-2.19814437904236
			2.78518040950271	-2.19999622771889
			2.78518040950271	-2.20184807639542
			2.78332856082617	-2.20369992507195
			2.78332856082617	-2.20555177374849
			2.78147671214964	-2.20740362242502
			2.78147671214964	-2.20925547110155
			2.77962486347311	-2.21110731977808
			2.77962486347311	-2.21295916845461
			2.77777301479658	-2.21481101713114
			2.77777301479658	-2.21666286580767
			2.77592116612005	-2.2185147144842
			2.77406931744352	-2.22036656316073
			2.77406931744352	-2.22221841183727
			2.77221746876699	-2.2240702605138
			2.77221746876699	-2.22592210919033
			2.77036562009046	-2.22777395786686
			2.76851377141393	-2.22962580654339
			2.76851377141393	-2.23147765521992
			2.7666619227374	-2.23147765521992
			2.76481007406086	-2.23332950389645
			2.76481007406086	-2.23518135257298
			2.76295822538433	-2.23703320124951
			2.7611063767078	-2.23888504992604
			2.7611063767078	-2.24073689860258
			2.75925452803127	-2.24258874727911
			2.75740267935474	-2.24444059595564
			2.75555083067821	-2.24629244463217
			2.75555083067821	-2.2481442933087
			2.75369898200168	-2.2481442933087
			2.75184713332515	-2.24999614198523
			2.74999528464862	-2.25184799066176
			2.74814343597208	-2.25369983933829
			2.74629158729555	-2.25555168801482
			2.74629158729555	-2.25740353669136
			2.74443973861902	-2.25925538536789
			2.74258788994249	-2.26110723404442
			2.74073604126596	-2.26295908272095
			2.73888419258943	-2.26295908272095
			2.7370323439129	-2.26481093139748
			2.73518049523637	-2.26666278007401
			2.73332864655984	-2.26851462875054
			2.73147679788331	-2.27036647742707
			2.72962494920677	-2.2722183261036
			2.72777310053024	-2.27407017478013
			2.72592125185371	-2.27407017478013
			2.72406940317718	-2.27592202345667
			2.72221755450065	-2.2777738721332
			2.72036570582412	-2.27962572080973
			2.71851385714759	-2.28147756948626
			2.71851385714759	-2.28332941816279
			2.71666200847106	-2.28518126683932
			2.71666200847106	-2.28703311551585
			2.71481015979453	-2.28888496419238
			2.71481015979453	-2.29073681286891
			2.71481015979453	-2.29258866154545
			2.71295831111799	-2.29444051022198
			2.71295831111799	-2.29629235889851
			2.71295831111799	-2.29814420757504
			2.71295831111799	-2.29999605625157
			2.71110646244146	-2.3018479049281
			2.71110646244146	-2.30369975360463
			2.71110646244146	-2.30555160228116
			2.71110646244146	-2.30740345095769
			2.71110646244146	-2.30925529963423
			2.70925461376493	-2.31110714831076
			2.70925461376493	-2.31295899698729
			2.70925461376493	-2.31481084566382
			2.70925461376493	-2.31666269434035
			2.70925461376493	-2.31851454301688
			2.70925461376493	-2.32036639169341
			2.70925461376493	-2.32221824036994
			2.70925461376493	-2.32407008904647
			2.70925461376493	-2.325921937723
			2.70925461376493	-2.32777378639954
			2.70925461376493	-2.32962563507607
			2.70925461376493	-2.3314774837526
			2.70925461376493	-2.33332933242913
			2.70925461376493	-2.33518118110566
			2.70925461376493	-2.33703302978219
			2.70925461376493	-2.33888487845872
			2.70925461376493	-2.34073672713525
			2.70925461376493	-2.34258857581178
			2.70925461376493	-2.34444042448832
			2.70925461376493	-2.34629227316485
			2.70925461376493	-2.34814412184138
			2.70925461376493	-2.34999597051791
			2.70925461376493	-2.35184781919444
			2.70925461376493	-2.35369966787097
			2.70925461376493	-2.3555515165475
			2.70925461376493	-2.35740336522403
			2.70925461376493	-2.35925521390056
			2.70925461376493	-2.36110706257709
			2.70925461376493	-2.36295891125363
			2.70925461376493	-2.36481075993016
			2.70925461376493	-2.36666260860669
			2.71110646244146	-2.36851445728322
			2.71110646244146	-2.37036630595975
			2.71110646244146	-2.37221815463628
			2.71110646244146	-2.37407000331281
			2.71110646244146	-2.37592185198934
			2.71110646244146	-2.37777370066587
			2.71110646244146	-2.37962554934241
			2.71295831111799	-2.38147739801894
			2.71295831111799	-2.38332924669547
			2.71295831111799	-2.385181095372
			2.71295831111799	-2.38703294404853
			2.71295831111799	-2.38888479272506
			2.71481015979453	-2.39073664140159
			2.71481015979453	-2.39258849007812
			2.71481015979453	-2.39444033875465
			2.71481015979453	-2.39629218743118
			2.71481015979453	-2.39814403610772
			2.71481015979453	-2.39999588478425
			2.71666200847106	-2.40184773346078
			2.71666200847106	-2.40369958213731
			2.71666200847106	-2.40555143081384
			2.71666200847106	-2.40740327949037
			2.71851385714759	-2.4092551281669
			2.71851385714759	-2.41110697684343
			2.71851385714759	-2.41295882551996
		</curvaI_espina_dorsal>
	</curves.scaled>
	<ruler.points type=matrix rownames=TRUE colnames=FALSE nrow=2 ncol=2 as.numeric=TRUE >
		Ruler point 1	1497	453
		Ruler point 2	2037	452
	</ruler.points>
</shapes>

