<shapes type=list>
	<ruler.pixel type=vector names=FALSE length=1 as.numeric=TRUE >539.000927642987</ruler.pixel>
	<ruler.interval type=vector names=FALSE length=1 as.numeric=TRUE >1</ruler.interval>
	<scaling.units type=vector names=FALSE length=1 as.numeric=FALSE >mm</scaling.units>
	<scaling type=vector names=FALSE length=1 as.numeric=TRUE >0.00185184867653105</scaling>
	<landmarks.pixel type=matrix rownames=TRUE colnames=FALSE nrow=3 ncol=2 as.numeric=TRUE >
		punta_espina_dorsal	1398	922
		esq_izq_caparaza	1355	1184
		organo_dorsal	1655	1152
	</landmarks.pixel>
	<landmarks.scaled type=matrix rownames=TRUE colnames=FALSE nrow=3 ncol=2 as.numeric=TRUE >
		punta_espina_dorsal	2.58888444979041	-1.70740447976163
		esq_izq_caparaza	2.50925495669958	-2.19258883301277
		organo_dorsal	3.0648095596589	-2.13332967536377
	</landmarks.scaled>
	<curves.control type=list>
		<curvaD_espina_dorsal type=matrix rownames=FALSE colnames=FALSE nrow=7 ncol=2 as.numeric=TRUE >
			1398	922
			1416	925
			1457	969
			1501	1018
			1541	1075
			1576	1151
			1655	1152
		</curvaD_espina_dorsal>
		<curvaI_espina_dorsal type=matrix rownames=FALSE colnames=FALSE nrow=9 ncol=2 as.numeric=TRUE >
			1398	922
			1462	985
			1471	1007
			1511	1074
			1504	1092
			1467	1144
			1405	1131
			1370	1159
			1355	1184
		</curvaI_espina_dorsal>
	</curves.control>
	<curves.pixel type=list>
		<curvaD_espina_dorsal type=matrix rownames=FALSE colnames=FALSE nrow=308 ncol=2 as.numeric=TRUE >
			1398	922
			1399	922
			1400	922
			1401	923
			1402	923
			1403	923
			1404	924
			1405	924
			1405	925
			1406	925
			1407	925
			1408	926
			1409	926
			1410	927
			1411	928
			1412	928
			1413	929
			1414	930
			1415	930
			1416	931
			1417	932
			1418	932
			1418	933
			1419	933
			1420	934
			1421	935
			1422	935
			1423	936
			1424	937
			1425	938
			1426	938
			1426	939
			1427	940
			1428	941
			1429	942
			1430	942
			1431	943
			1432	944
			1433	945
			1434	946
			1435	947
			1436	948
			1437	949
			1438	950
			1439	951
			1440	952
			1441	953
			1442	954
			1443	955
			1444	956
			1445	957
			1446	958
			1447	958
			1447	959
			1448	960
			1449	960
			1449	961
			1450	962
			1451	962
			1451	963
			1452	964
			1453	965
			1454	965
			1454	966
			1455	967
			1456	968
			1457	969
			1458	970
			1459	971
			1460	972
			1461	973
			1462	974
			1463	975
			1463	976
			1464	977
			1465	978
			1466	979
			1467	980
			1468	981
			1469	982
			1469	983
			1470	984
			1471	984
			1471	985
			1472	986
			1473	987
			1474	988
			1475	989
			1476	990
			1476	991
			1477	992
			1478	993
			1479	994
			1480	995
			1480	996
			1481	997
			1482	998
			1483	999
			1484	1000
			1484	1001
			1485	1002
			1486	1002
			1487	1003
			1487	1004
			1488	1005
			1489	1006
			1490	1007
			1490	1008
			1491	1009
			1492	1010
			1493	1011
			1493	1012
			1494	1013
			1495	1014
			1496	1015
			1497	1016
			1497	1017
			1498	1018
			1499	1018
			1500	1019
			1500	1020
			1501	1021
			1502	1022
			1503	1023
			1503	1024
			1504	1025
			1505	1026
			1506	1027
			1506	1028
			1507	1029
			1508	1030
			1509	1031
			1509	1032
			1510	1033
			1511	1034
			1512	1035
			1512	1036
			1513	1037
			1514	1038
			1515	1039
			1515	1040
			1516	1041
			1517	1042
			1518	1043
			1518	1044
			1519	1045
			1520	1046
			1521	1047
			1521	1048
			1522	1049
			1523	1050
			1523	1051
			1524	1052
			1525	1053
			1526	1054
			1526	1055
			1527	1056
			1528	1057
			1529	1058
			1529	1059
			1530	1060
			1531	1061
			1532	1062
			1532	1063
			1533	1064
			1534	1065
			1534	1066
			1535	1067
			1536	1068
			1537	1069
			1537	1070
			1538	1071
			1539	1072
			1540	1073
			1540	1074
			1541	1075
			1542	1076
			1542	1077
			1542	1078
			1543	1079
			1543	1080
			1544	1080
			1544	1081
			1544	1082
			1545	1083
			1546	1084
			1546	1085
			1547	1086
			1547	1087
			1548	1088
			1548	1089
			1549	1090
			1549	1091
			1550	1091
			1550	1092
			1551	1093
			1551	1094
			1552	1095
			1552	1096
			1553	1097
			1554	1098
			1555	1099
			1555	1100
			1556	1101
			1557	1102
			1557	1103
			1558	1104
			1559	1105
			1559	1106
			1560	1107
			1561	1108
			1561	1109
			1562	1109
			1563	1110
			1564	1111
			1564	1112
			1565	1113
			1566	1114
			1567	1115
			1568	1116
			1569	1117
			1570	1118
			1571	1119
			1572	1120
			1573	1121
			1574	1122
			1575	1123
			1576	1124
			1577	1124
			1578	1125
			1579	1126
			1580	1127
			1581	1128
			1582	1128
			1583	1129
			1584	1130
			1585	1131
			1586	1132
			1587	1132
			1588	1133
			1589	1134
			1590	1134
			1591	1135
			1592	1136
			1593	1136
			1594	1137
			1595	1137
			1596	1137
			1596	1138
			1597	1138
			1598	1139
			1599	1139
			1600	1140
			1601	1140
			1602	1141
			1603	1141
			1604	1141
			1605	1142
			1606	1143
			1607	1143
			1608	1143
			1609	1144
			1610	1144
			1611	1145
			1612	1145
			1613	1145
			1614	1146
			1615	1146
			1616	1146
			1617	1146
			1618	1147
			1619	1147
			1620	1147
			1621	1148
			1622	1148
			1623	1148
			1624	1148
			1625	1149
			1626	1149
			1627	1149
			1628	1149
			1629	1149
			1630	1150
			1631	1150
			1632	1150
			1633	1150
			1634	1150
			1635	1150
			1636	1151
			1637	1151
			1638	1151
			1639	1151
			1640	1151
			1641	1151
			1642	1151
			1643	1151
			1644	1152
			1645	1152
			1646	1152
			1647	1152
			1648	1152
			1649	1152
			1650	1152
			1651	1152
			1652	1152
			1653	1152
			1654	1152
			1655	1152
		</curvaD_espina_dorsal>
		<curvaI_espina_dorsal type=matrix rownames=FALSE colnames=FALSE nrow=355 ncol=2 as.numeric=TRUE >
			1398	922
			1399	923
			1400	924
			1401	925
			1402	926
			1403	927
			1404	928
			1405	929
			1406	930
			1407	931
			1408	932
			1409	933
			1410	934
			1411	935
			1412	936
			1413	937
			1414	938
			1415	939
			1416	940
			1417	941
			1418	942
			1419	943
			1420	944
			1421	945
			1422	946
			1423	947
			1424	948
			1425	949
			1426	950
			1427	951
			1428	952
			1428	953
			1429	954
			1430	955
			1431	956
			1432	956
			1433	957
			1433	958
			1434	959
			1435	960
			1436	961
			1437	962
			1437	963
			1438	963
			1439	964
			1440	965
			1440	966
			1441	967
			1442	968
			1443	968
			1443	969
			1444	970
			1445	971
			1446	972
			1447	973
			1448	974
			1448	975
			1449	976
			1450	977
			1451	978
			1451	979
			1452	979
			1453	980
			1454	981
			1454	982
			1455	983
			1456	984
			1457	985
			1458	986
			1458	987
			1459	988
			1460	989
			1460	990
			1461	991
			1462	991
			1462	992
			1463	993
			1463	994
			1464	995
			1465	996
			1466	997
			1466	998
			1467	999
			1467	1000
			1468	1001
			1469	1002
			1469	1003
			1470	1004
			1470	1005
			1471	1006
			1471	1007
			1472	1008
			1472	1009
			1473	1010
			1473	1011
			1474	1012
			1474	1013
			1475	1014
			1475	1015
			1476	1015
			1476	1016
			1477	1017
			1477	1018
			1478	1019
			1478	1020
			1479	1020
			1479	1021
			1480	1022
			1480	1023
			1481	1024
			1481	1025
			1482	1026
			1483	1027
			1483	1028
			1484	1029
			1484	1030
			1485	1031
			1485	1032
			1485	1033
			1486	1033
			1486	1034
			1487	1035
			1487	1036
			1488	1037
			1488	1038
			1489	1039
			1489	1040
			1490	1040
			1490	1041
			1490	1042
			1491	1043
			1491	1044
			1492	1045
			1492	1046
			1493	1047
			1493	1048
			1494	1049
			1494	1050
			1495	1051
			1495	1052
			1495	1053
			1496	1054
			1497	1055
			1497	1056
			1497	1057
			1498	1058
			1498	1059
			1499	1060
			1499	1061
			1499	1062
			1500	1063
			1500	1064
			1501	1065
			1501	1066
			1501	1067
			1501	1068
			1502	1069
			1502	1070
			1503	1071
			1503	1072
			1503	1073
			1503	1074
			1504	1075
			1504	1076
			1504	1077
			1504	1078
			1504	1079
			1504	1080
			1505	1080
			1505	1081
			1505	1082
			1505	1083
			1505	1084
			1505	1085
			1505	1086
			1505	1087
			1505	1088
			1505	1089
			1505	1090
			1504	1091
			1504	1092
			1503	1093
			1502	1094
			1502	1095
			1501	1096
			1500	1097
			1500	1098
			1499	1098
			1499	1099
			1498	1100
			1497	1101
			1497	1102
			1496	1102
			1495	1103
			1494	1104
			1494	1105
			1493	1105
			1492	1106
			1492	1107
			1491	1107
			1490	1108
			1490	1109
			1489	1110
			1488	1110
			1488	1111
			1487	1111
			1486	1112
			1485	1113
			1484	1114
			1483	1115
			1482	1115
			1481	1116
			1480	1117
			1479	1117
			1479	1118
			1478	1119
			1477	1119
			1476	1120
			1475	1121
			1474	1121
			1473	1122
			1472	1122
			1471	1123
			1470	1123
			1469	1124
			1468	1124
			1467	1125
			1466	1125
			1465	1126
			1464	1126
			1463	1127
			1462	1127
			1461	1128
			1460	1128
			1459	1128
			1458	1129
			1457	1129
			1456	1129
			1455	1130
			1454	1130
			1453	1130
			1452	1131
			1451	1131
			1450	1131
			1449	1131
			1448	1132
			1447	1132
			1446	1132
			1445	1132
			1444	1132
			1443	1133
			1442	1133
			1441	1133
			1440	1133
			1439	1133
			1438	1133
			1437	1133
			1436	1133
			1435	1133
			1434	1133
			1433	1134
			1432	1134
			1431	1134
			1430	1134
			1429	1134
			1428	1134
			1427	1134
			1426	1134
			1425	1134
			1424	1133
			1423	1133
			1422	1133
			1421	1133
			1420	1133
			1419	1133
			1418	1133
			1417	1133
			1416	1133
			1415	1133
			1414	1133
			1413	1132
			1412	1132
			1411	1132
			1410	1132
			1409	1132
			1408	1132
			1407	1131
			1406	1131
			1405	1131
			1404	1131
			1404	1132
			1403	1132
			1403	1133
			1402	1133
			1402	1134
			1401	1134
			1400	1135
			1399	1136
			1398	1137
			1397	1137
			1396	1138
			1395	1139
			1394	1140
			1393	1141
			1392	1142
			1391	1142
			1390	1143
			1390	1144
			1389	1145
			1388	1146
			1387	1147
			1386	1147
			1385	1148
			1384	1149
			1383	1150
			1383	1151
			1382	1151
			1381	1152
			1380	1153
			1379	1154
			1378	1155
			1378	1156
			1377	1156
			1376	1157
			1375	1158
			1374	1159
			1374	1160
			1373	1160
			1372	1161
			1372	1162
			1371	1163
			1370	1164
			1369	1164
			1369	1165
			1368	1166
			1367	1167
			1367	1168
			1366	1168
			1365	1169
			1365	1170
			1364	1171
			1363	1172
			1362	1173
			1362	1174
			1361	1175
			1360	1176
			1360	1177
			1359	1178
			1358	1179
			1358	1180
			1357	1181
			1357	1182
			1356	1182
			1355	1183
			1355	1184
		</curvaI_espina_dorsal>
	</curves.pixel>
	<curves.scaled type=list>
		<curvaD_espina_dorsal type=matrix rownames=FALSE colnames=FALSE nrow=308 ncol=2 as.numeric=TRUE >
			2.58888444979041	-1.70740447976163
			2.59073629846695	-1.70740447976163
			2.59258814714348	-1.70740447976163
			2.59443999582001	-1.70925632843816
			2.59629184449654	-1.70925632843816
			2.59814369317307	-1.70925632843816
			2.5999955418496	-1.71110817711469
			2.60184739052613	-1.71110817711469
			2.60184739052613	-1.71296002579123
			2.60369923920266	-1.71296002579123
			2.60555108787919	-1.71296002579123
			2.60740293655572	-1.71481187446776
			2.60925478523226	-1.71481187446776
			2.61110663390879	-1.71666372314429
			2.61295848258532	-1.71851557182082
			2.61481033126185	-1.71851557182082
			2.61666217993838	-1.72036742049735
			2.61851402861491	-1.72221926917388
			2.62036587729144	-1.72221926917388
			2.62221772596797	-1.72407111785041
			2.6240695746445	-1.72592296652694
			2.62592142332104	-1.72592296652694
			2.62592142332104	-1.72777481520347
			2.62777327199757	-1.72777481520347
			2.6296251206741	-1.72962666388001
			2.63147696935063	-1.73147851255654
			2.63332881802716	-1.73147851255654
			2.63518066670369	-1.73333036123307
			2.63703251538022	-1.7351822099096
			2.63888436405675	-1.73703405858613
			2.64073621273328	-1.73703405858613
			2.64073621273328	-1.73888590726266
			2.64258806140981	-1.74073775593919
			2.64443991008635	-1.74258960461572
			2.64629175876288	-1.74444145329225
			2.64814360743941	-1.74444145329225
			2.64999545611594	-1.74629330196878
			2.65184730479247	-1.74814515064532
			2.653699153469	-1.74999699932185
			2.65555100214553	-1.75184884799838
			2.65740285082206	-1.75370069667491
			2.65925469949859	-1.75555254535144
			2.66110654817513	-1.75740439402797
			2.66295839685166	-1.7592562427045
			2.66481024552819	-1.76110809138103
			2.66666209420472	-1.76295994005756
			2.66851394288125	-1.7648117887341
			2.67036579155778	-1.76666363741063
			2.67221764023431	-1.76851548608716
			2.67406948891084	-1.77036733476369
			2.67592133758737	-1.77221918344022
			2.6777731862639	-1.77407103211675
			2.67962503494044	-1.77407103211675
			2.67962503494044	-1.77592288079328
			2.68147688361697	-1.77777472946981
			2.6833287322935	-1.77777472946981
			2.6833287322935	-1.77962657814634
			2.68518058097003	-1.78147842682287
			2.68703242964656	-1.78147842682287
			2.68703242964656	-1.78333027549941
			2.68888427832309	-1.78518212417594
			2.69073612699962	-1.78703397285247
			2.69258797567615	-1.78703397285247
			2.69258797567615	-1.788885821529
			2.69443982435268	-1.79073767020553
			2.69629167302922	-1.79258951888206
			2.69814352170575	-1.79444136755859
			2.69999537038228	-1.79629321623512
			2.70184721905881	-1.79814506491165
			2.70369906773534	-1.79999691358819
			2.70555091641187	-1.80184876226472
			2.7074027650884	-1.80370061094125
			2.70925461376493	-1.80555245961778
			2.70925461376493	-1.80740430829431
			2.71110646244146	-1.80925615697084
			2.71295831111799	-1.81110800564737
			2.71481015979453	-1.8129598543239
			2.71666200847106	-1.81481170300043
			2.71851385714759	-1.81666355167696
			2.72036570582412	-1.8185154003535
			2.72036570582412	-1.82036724903003
			2.72221755450065	-1.82221909770656
			2.72406940317718	-1.82221909770656
			2.72406940317718	-1.82407094638309
			2.72592125185371	-1.82592279505962
			2.72777310053024	-1.82777464373615
			2.72962494920677	-1.82962649241268
			2.73147679788331	-1.83147834108921
			2.73332864655984	-1.83333018976574
			2.73332864655984	-1.83518203844228
			2.73518049523637	-1.83703388711881
			2.7370323439129	-1.83888573579534
			2.73888419258943	-1.84073758447187
			2.74073604126596	-1.8425894331484
			2.74073604126596	-1.84444128182493
			2.74258788994249	-1.84629313050146
			2.74443973861902	-1.84814497917799
			2.74629158729555	-1.84999682785452
			2.74814343597208	-1.85184867653105
			2.74814343597208	-1.85370052520759
			2.74999528464862	-1.85555237388412
			2.75184713332515	-1.85555237388412
			2.75369898200168	-1.85740422256065
			2.75369898200168	-1.85925607123718
			2.75555083067821	-1.86110791991371
			2.75740267935474	-1.86295976859024
			2.75925452803127	-1.86481161726677
			2.75925452803127	-1.8666634659433
			2.7611063767078	-1.86851531461983
			2.76295822538433	-1.87036716329637
			2.76481007406086	-1.8722190119729
			2.76481007406086	-1.87407086064943
			2.7666619227374	-1.87592270932596
			2.76851377141393	-1.87777455800249
			2.77036562009046	-1.87962640667902
			2.77221746876699	-1.88147825535555
			2.77221746876699	-1.88333010403208
			2.77406931744352	-1.88518195270861
			2.77592116612005	-1.88518195270861
			2.77777301479658	-1.88703380138514
			2.77777301479658	-1.88888565006168
			2.77962486347311	-1.89073749873821
			2.78147671214964	-1.89258934741474
			2.78332856082617	-1.89444119609127
			2.78332856082617	-1.8962930447678
			2.78518040950271	-1.89814489344433
			2.78703225817924	-1.89999674212086
			2.78888410685577	-1.90184859079739
			2.78888410685577	-1.90370043947392
			2.7907359555323	-1.90555228815046
			2.79258780420883	-1.90740413682699
			2.79443965288536	-1.90925598550352
			2.79443965288536	-1.91110783418005
			2.79629150156189	-1.91295968285658
			2.79814335023842	-1.91481153153311
			2.79999519891495	-1.91666338020964
			2.79999519891495	-1.91851522888617
			2.80184704759149	-1.9203670775627
			2.80369889626802	-1.92221892623923
			2.80555074494455	-1.92407077491577
			2.80555074494455	-1.9259226235923
			2.80740259362108	-1.92777447226883
			2.80925444229761	-1.92962632094536
			2.81110629097414	-1.93147816962189
			2.81110629097414	-1.93333001829842
			2.81295813965067	-1.93518186697495
			2.8148099883272	-1.93703371565148
			2.81666183700373	-1.93888556432801
			2.81666183700373	-1.94073741300455
			2.81851368568027	-1.94258926168108
			2.8203655343568	-1.94444111035761
			2.8203655343568	-1.94629295903414
			2.82221738303333	-1.94814480771067
			2.82406923170986	-1.9499966563872
			2.82592108038639	-1.95184850506373
			2.82592108038639	-1.95370035374026
			2.82777292906292	-1.95555220241679
			2.82962477773945	-1.95740405109332
			2.83147662641598	-1.95925589976986
			2.83147662641598	-1.96110774844639
			2.83332847509251	-1.96295959712292
			2.83518032376904	-1.96481144579945
			2.83703217244558	-1.96666329447598
			2.83703217244558	-1.96851514315251
			2.83888402112211	-1.97036699182904
			2.84073586979864	-1.97221884050557
			2.84073586979864	-1.9740706891821
			2.84258771847517	-1.97592253785864
			2.8444395671517	-1.97777438653517
			2.84629141582823	-1.9796262352117
			2.84629141582823	-1.98147808388823
			2.84814326450476	-1.98332993256476
			2.84999511318129	-1.98518178124129
			2.85184696185782	-1.98703362991782
			2.85184696185782	-1.98888547859435
			2.85369881053436	-1.99073732727088
			2.85555065921089	-1.99258917594741
			2.85555065921089	-1.99444102462395
			2.85555065921089	-1.99629287330048
			2.85740250788742	-1.99814472197701
			2.85740250788742	-1.99999657065354
			2.85925435656395	-1.99999657065354
			2.85925435656395	-2.00184841933007
			2.85925435656395	-2.0037002680066
			2.86110620524048	-2.00555211668313
			2.86295805391701	-2.00740396535966
			2.86295805391701	-2.00925581403619
			2.86480990259354	-2.01110766271273
			2.86480990259354	-2.01295951138926
			2.86666175127007	-2.01481136006579
			2.86666175127007	-2.01666320874232
			2.8685135999466	-2.01851505741885
			2.8685135999466	-2.02036690609538
			2.87036544862313	-2.02036690609538
			2.87036544862313	-2.02221875477191
			2.87221729729967	-2.02407060344844
			2.87221729729967	-2.02592245212497
			2.8740691459762	-2.02777430080151
			2.8740691459762	-2.02962614947804
			2.87592099465273	-2.03147799815457
			2.87777284332926	-2.0333298468311
			2.87962469200579	-2.03518169550763
			2.87962469200579	-2.03703354418416
			2.88147654068232	-2.03888539286069
			2.88332838935885	-2.04073724153722
			2.88332838935885	-2.04258909021375
			2.88518023803538	-2.04444093889028
			2.88703208671191	-2.04629278756682
			2.88703208671191	-2.04814463624335
			2.88888393538845	-2.04999648491988
			2.89073578406498	-2.05184833359641
			2.89073578406498	-2.05370018227294
			2.89258763274151	-2.05370018227294
			2.89443948141804	-2.05555203094947
			2.89629133009457	-2.057403879626
			2.89629133009457	-2.05925572830253
			2.8981431787711	-2.06110757697906
			2.89999502744763	-2.06295942565559
			2.90184687612416	-2.06481127433213
			2.90369872480069	-2.06666312300866
			2.90555057347722	-2.06851497168519
			2.90740242215376	-2.07036682036172
			2.90925427083029	-2.07221866903825
			2.91110611950682	-2.07407051771478
			2.91295796818335	-2.07592236639131
			2.91480981685988	-2.07777421506784
			2.91666166553641	-2.07962606374437
			2.91851351421294	-2.08147791242091
			2.92036536288947	-2.08147791242091
			2.922217211566	-2.08332976109744
			2.92406906024254	-2.08518160977397
			2.92592090891907	-2.0870334584505
			2.9277727575956	-2.08888530712703
			2.92962460627213	-2.08888530712703
			2.93147645494866	-2.09073715580356
			2.93332830362519	-2.09258900448009
			2.93518015230172	-2.09444085315662
			2.93703200097825	-2.09629270183315
			2.93888384965478	-2.09629270183315
			2.94073569833131	-2.09814455050968
			2.94258754700785	-2.09999639918622
			2.94443939568438	-2.09999639918622
			2.94629124436091	-2.10184824786275
			2.94814309303744	-2.10370009653928
			2.94999494171397	-2.10370009653928
			2.9518467903905	-2.10555194521581
			2.95369863906703	-2.10555194521581
			2.95555048774356	-2.10555194521581
			2.95555048774356	-2.10740379389234
			2.95740233642009	-2.10740379389234
			2.95925418509663	-2.10925564256887
			2.96110603377316	-2.10925564256887
			2.96295788244969	-2.1111074912454
			2.96480973112622	-2.1111074912454
			2.96666157980275	-2.11295933992193
			2.96851342847928	-2.11295933992193
			2.97036527715581	-2.11295933992193
			2.97221712583234	-2.11481118859846
			2.97406897450887	-2.116663037275
			2.9759208231854	-2.116663037275
			2.97777267186194	-2.116663037275
			2.97962452053847	-2.11851488595153
			2.981476369215	-2.11851488595153
			2.98332821789153	-2.12036673462806
			2.98518006656806	-2.12036673462806
			2.98703191524459	-2.12036673462806
			2.98888376392112	-2.12221858330459
			2.99073561259765	-2.12221858330459
			2.99258746127418	-2.12221858330459
			2.99443930995072	-2.12221858330459
			2.99629115862725	-2.12407043198112
			2.99814300730378	-2.12407043198112
			2.99999485598031	-2.12407043198112
			3.00184670465684	-2.12592228065765
			3.00369855333337	-2.12592228065765
			3.0055504020099	-2.12592228065765
			3.00740225068643	-2.12592228065765
			3.00925409936296	-2.12777412933418
			3.01110594803949	-2.12777412933418
			3.01295779671603	-2.12777412933418
			3.01480964539256	-2.12777412933418
			3.01666149406909	-2.12777412933418
			3.01851334274562	-2.12962597801071
			3.02036519142215	-2.12962597801071
			3.02221704009868	-2.12962597801071
			3.02406888877521	-2.12962597801071
			3.02592073745174	-2.12962597801071
			3.02777258612827	-2.12962597801071
			3.02962443480481	-2.13147782668724
			3.03147628348134	-2.13147782668724
			3.03332813215787	-2.13147782668724
			3.0351799808344	-2.13147782668724
			3.03703182951093	-2.13147782668724
			3.03888367818746	-2.13147782668724
			3.04073552686399	-2.13147782668724
			3.04258737554052	-2.13147782668724
			3.04443922421705	-2.13332967536377
			3.04629107289359	-2.13332967536377
			3.04814292157012	-2.13332967536377
			3.04999477024665	-2.13332967536377
			3.05184661892318	-2.13332967536377
			3.05369846759971	-2.13332967536377
			3.05555031627624	-2.13332967536377
			3.05740216495277	-2.13332967536377
			3.0592540136293	-2.13332967536377
			3.06110586230583	-2.13332967536377
			3.06295771098236	-2.13332967536377
			3.0648095596589	-2.13332967536377
		</curvaD_espina_dorsal>
		<curvaI_espina_dorsal type=matrix rownames=FALSE colnames=FALSE nrow=355 ncol=2 as.numeric=TRUE >
			2.58888444979041	-1.70740447976163
			2.59073629846695	-1.70925632843816
			2.59258814714348	-1.71110817711469
			2.59443999582001	-1.71296002579123
			2.59629184449654	-1.71481187446776
			2.59814369317307	-1.71666372314429
			2.5999955418496	-1.71851557182082
			2.60184739052613	-1.72036742049735
			2.60369923920266	-1.72221926917388
			2.60555108787919	-1.72407111785041
			2.60740293655572	-1.72592296652694
			2.60925478523226	-1.72777481520347
			2.61110663390879	-1.72962666388001
			2.61295848258532	-1.73147851255654
			2.61481033126185	-1.73333036123307
			2.61666217993838	-1.7351822099096
			2.61851402861491	-1.73703405858613
			2.62036587729144	-1.73888590726266
			2.62221772596797	-1.74073775593919
			2.6240695746445	-1.74258960461572
			2.62592142332104	-1.74444145329225
			2.62777327199757	-1.74629330196878
			2.6296251206741	-1.74814515064532
			2.63147696935063	-1.74999699932185
			2.63332881802716	-1.75184884799838
			2.63518066670369	-1.75370069667491
			2.63703251538022	-1.75555254535144
			2.63888436405675	-1.75740439402797
			2.64073621273328	-1.7592562427045
			2.64258806140981	-1.76110809138103
			2.64443991008635	-1.76295994005756
			2.64443991008635	-1.7648117887341
			2.64629175876288	-1.76666363741063
			2.64814360743941	-1.76851548608716
			2.64999545611594	-1.77036733476369
			2.65184730479247	-1.77036733476369
			2.653699153469	-1.77221918344022
			2.653699153469	-1.77407103211675
			2.65555100214553	-1.77592288079328
			2.65740285082206	-1.77777472946981
			2.65925469949859	-1.77962657814634
			2.66110654817513	-1.78147842682287
			2.66110654817513	-1.78333027549941
			2.66295839685166	-1.78333027549941
			2.66481024552819	-1.78518212417594
			2.66666209420472	-1.78703397285247
			2.66666209420472	-1.788885821529
			2.66851394288125	-1.79073767020553
			2.67036579155778	-1.79258951888206
			2.67221764023431	-1.79258951888206
			2.67221764023431	-1.79444136755859
			2.67406948891084	-1.79629321623512
			2.67592133758737	-1.79814506491165
			2.6777731862639	-1.79999691358819
			2.67962503494044	-1.80184876226472
			2.68147688361697	-1.80370061094125
			2.68147688361697	-1.80555245961778
			2.6833287322935	-1.80740430829431
			2.68518058097003	-1.80925615697084
			2.68703242964656	-1.81110800564737
			2.68703242964656	-1.8129598543239
			2.68888427832309	-1.8129598543239
			2.69073612699962	-1.81481170300043
			2.69258797567615	-1.81666355167696
			2.69258797567615	-1.8185154003535
			2.69443982435268	-1.82036724903003
			2.69629167302922	-1.82221909770656
			2.69814352170575	-1.82407094638309
			2.69999537038228	-1.82592279505962
			2.69999537038228	-1.82777464373615
			2.70184721905881	-1.82962649241268
			2.70369906773534	-1.83147834108921
			2.70369906773534	-1.83333018976574
			2.70555091641187	-1.83518203844228
			2.7074027650884	-1.83518203844228
			2.7074027650884	-1.83703388711881
			2.70925461376493	-1.83888573579534
			2.70925461376493	-1.84073758447187
			2.71110646244146	-1.8425894331484
			2.71295831111799	-1.84444128182493
			2.71481015979453	-1.84629313050146
			2.71481015979453	-1.84814497917799
			2.71666200847106	-1.84999682785452
			2.71666200847106	-1.85184867653105
			2.71851385714759	-1.85370052520759
			2.72036570582412	-1.85555237388412
			2.72036570582412	-1.85740422256065
			2.72221755450065	-1.85925607123718
			2.72221755450065	-1.86110791991371
			2.72406940317718	-1.86295976859024
			2.72406940317718	-1.86481161726677
			2.72592125185371	-1.8666634659433
			2.72592125185371	-1.86851531461983
			2.72777310053024	-1.87036716329637
			2.72777310053024	-1.8722190119729
			2.72962494920677	-1.87407086064943
			2.72962494920677	-1.87592270932596
			2.73147679788331	-1.87777455800249
			2.73147679788331	-1.87962640667902
			2.73332864655984	-1.87962640667902
			2.73332864655984	-1.88147825535555
			2.73518049523637	-1.88333010403208
			2.73518049523637	-1.88518195270861
			2.7370323439129	-1.88703380138514
			2.7370323439129	-1.88888565006168
			2.73888419258943	-1.88888565006168
			2.73888419258943	-1.89073749873821
			2.74073604126596	-1.89258934741474
			2.74073604126596	-1.89444119609127
			2.74258788994249	-1.8962930447678
			2.74258788994249	-1.89814489344433
			2.74443973861902	-1.89999674212086
			2.74629158729555	-1.90184859079739
			2.74629158729555	-1.90370043947392
			2.74814343597208	-1.90555228815046
			2.74814343597208	-1.90740413682699
			2.74999528464862	-1.90925598550352
			2.74999528464862	-1.91110783418005
			2.74999528464862	-1.91295968285658
			2.75184713332515	-1.91295968285658
			2.75184713332515	-1.91481153153311
			2.75369898200168	-1.91666338020964
			2.75369898200168	-1.91851522888617
			2.75555083067821	-1.9203670775627
			2.75555083067821	-1.92221892623923
			2.75740267935474	-1.92407077491577
			2.75740267935474	-1.9259226235923
			2.75925452803127	-1.9259226235923
			2.75925452803127	-1.92777447226883
			2.75925452803127	-1.92962632094536
			2.7611063767078	-1.93147816962189
			2.7611063767078	-1.93333001829842
			2.76295822538433	-1.93518186697495
			2.76295822538433	-1.93703371565148
			2.76481007406086	-1.93888556432801
			2.76481007406086	-1.94073741300455
			2.7666619227374	-1.94258926168108
			2.7666619227374	-1.94444111035761
			2.76851377141393	-1.94629295903414
			2.76851377141393	-1.94814480771067
			2.76851377141393	-1.9499966563872
			2.77036562009046	-1.95184850506373
			2.77221746876699	-1.95370035374026
			2.77221746876699	-1.95555220241679
			2.77221746876699	-1.95740405109332
			2.77406931744352	-1.95925589976986
			2.77406931744352	-1.96110774844639
			2.77592116612005	-1.96295959712292
			2.77592116612005	-1.96481144579945
			2.77592116612005	-1.96666329447598
			2.77777301479658	-1.96851514315251
			2.77777301479658	-1.97036699182904
			2.77962486347311	-1.97221884050557
			2.77962486347311	-1.9740706891821
			2.77962486347311	-1.97592253785864
			2.77962486347311	-1.97777438653517
			2.78147671214964	-1.9796262352117
			2.78147671214964	-1.98147808388823
			2.78332856082617	-1.98332993256476
			2.78332856082617	-1.98518178124129
			2.78332856082617	-1.98703362991782
			2.78332856082617	-1.98888547859435
			2.78518040950271	-1.99073732727088
			2.78518040950271	-1.99258917594741
			2.78518040950271	-1.99444102462395
			2.78518040950271	-1.99629287330048
			2.78518040950271	-1.99814472197701
			2.78518040950271	-1.99999657065354
			2.78703225817924	-1.99999657065354
			2.78703225817924	-2.00184841933007
			2.78703225817924	-2.0037002680066
			2.78703225817924	-2.00555211668313
			2.78703225817924	-2.00740396535966
			2.78703225817924	-2.00925581403619
			2.78703225817924	-2.01110766271273
			2.78703225817924	-2.01295951138926
			2.78703225817924	-2.01481136006579
			2.78703225817924	-2.01666320874232
			2.78703225817924	-2.01851505741885
			2.78518040950271	-2.02036690609538
			2.78518040950271	-2.02221875477191
			2.78332856082617	-2.02407060344844
			2.78147671214964	-2.02592245212497
			2.78147671214964	-2.02777430080151
			2.77962486347311	-2.02962614947804
			2.77777301479658	-2.03147799815457
			2.77777301479658	-2.0333298468311
			2.77592116612005	-2.0333298468311
			2.77592116612005	-2.03518169550763
			2.77406931744352	-2.03703354418416
			2.77221746876699	-2.03888539286069
			2.77221746876699	-2.04073724153722
			2.77036562009046	-2.04073724153722
			2.76851377141393	-2.04258909021375
			2.7666619227374	-2.04444093889028
			2.7666619227374	-2.04629278756682
			2.76481007406086	-2.04629278756682
			2.76295822538433	-2.04814463624335
			2.76295822538433	-2.04999648491988
			2.7611063767078	-2.04999648491988
			2.75925452803127	-2.05184833359641
			2.75925452803127	-2.05370018227294
			2.75740267935474	-2.05555203094947
			2.75555083067821	-2.05555203094947
			2.75555083067821	-2.057403879626
			2.75369898200168	-2.057403879626
			2.75184713332515	-2.05925572830253
			2.74999528464862	-2.06110757697906
			2.74814343597208	-2.06295942565559
			2.74629158729555	-2.06481127433213
			2.74443973861902	-2.06481127433213
			2.74258788994249	-2.06666312300866
			2.74073604126596	-2.06851497168519
			2.73888419258943	-2.06851497168519
			2.73888419258943	-2.07036682036172
			2.7370323439129	-2.07221866903825
			2.73518049523637	-2.07221866903825
			2.73332864655984	-2.07407051771478
			2.73147679788331	-2.07592236639131
			2.72962494920677	-2.07592236639131
			2.72777310053024	-2.07777421506784
			2.72592125185371	-2.07777421506784
			2.72406940317718	-2.07962606374437
			2.72221755450065	-2.07962606374437
			2.72036570582412	-2.08147791242091
			2.71851385714759	-2.08147791242091
			2.71666200847106	-2.08332976109744
			2.71481015979453	-2.08332976109744
			2.71295831111799	-2.08518160977397
			2.71110646244146	-2.08518160977397
			2.70925461376493	-2.0870334584505
			2.7074027650884	-2.0870334584505
			2.70555091641187	-2.08888530712703
			2.70369906773534	-2.08888530712703
			2.70184721905881	-2.08888530712703
			2.69999537038228	-2.09073715580356
			2.69814352170575	-2.09073715580356
			2.69629167302922	-2.09073715580356
			2.69443982435268	-2.09258900448009
			2.69258797567615	-2.09258900448009
			2.69073612699962	-2.09258900448009
			2.68888427832309	-2.09444085315662
			2.68703242964656	-2.09444085315662
			2.68518058097003	-2.09444085315662
			2.6833287322935	-2.09444085315662
			2.68147688361697	-2.09629270183315
			2.67962503494044	-2.09629270183315
			2.6777731862639	-2.09629270183315
			2.67592133758737	-2.09629270183315
			2.67406948891084	-2.09629270183315
			2.67221764023431	-2.09814455050968
			2.67036579155778	-2.09814455050968
			2.66851394288125	-2.09814455050968
			2.66666209420472	-2.09814455050968
			2.66481024552819	-2.09814455050968
			2.66295839685166	-2.09814455050968
			2.66110654817513	-2.09814455050968
			2.65925469949859	-2.09814455050968
			2.65740285082206	-2.09814455050968
			2.65555100214553	-2.09814455050968
			2.653699153469	-2.09999639918622
			2.65184730479247	-2.09999639918622
			2.64999545611594	-2.09999639918622
			2.64814360743941	-2.09999639918622
			2.64629175876288	-2.09999639918622
			2.64443991008635	-2.09999639918622
			2.64258806140981	-2.09999639918622
			2.64073621273328	-2.09999639918622
			2.63888436405675	-2.09999639918622
			2.63703251538022	-2.09814455050968
			2.63518066670369	-2.09814455050968
			2.63332881802716	-2.09814455050968
			2.63147696935063	-2.09814455050968
			2.6296251206741	-2.09814455050968
			2.62777327199757	-2.09814455050968
			2.62592142332104	-2.09814455050968
			2.6240695746445	-2.09814455050968
			2.62221772596797	-2.09814455050968
			2.62036587729144	-2.09814455050968
			2.61851402861491	-2.09814455050968
			2.61666217993838	-2.09629270183315
			2.61481033126185	-2.09629270183315
			2.61295848258532	-2.09629270183315
			2.61110663390879	-2.09629270183315
			2.60925478523226	-2.09629270183315
			2.60740293655572	-2.09629270183315
			2.60555108787919	-2.09444085315662
			2.60369923920266	-2.09444085315662
			2.60184739052613	-2.09444085315662
			2.5999955418496	-2.09444085315662
			2.5999955418496	-2.09629270183315
			2.59814369317307	-2.09629270183315
			2.59814369317307	-2.09814455050968
			2.59629184449654	-2.09814455050968
			2.59629184449654	-2.09999639918622
			2.59443999582001	-2.09999639918622
			2.59258814714348	-2.10184824786275
			2.59073629846695	-2.10370009653928
			2.58888444979041	-2.10555194521581
			2.58703260111388	-2.10555194521581
			2.58518075243735	-2.10740379389234
			2.58332890376082	-2.10925564256887
			2.58147705508429	-2.1111074912454
			2.57962520640776	-2.11295933992193
			2.57777335773123	-2.11481118859846
			2.5759215090547	-2.11481118859846
			2.57406966037817	-2.116663037275
			2.57406966037817	-2.11851488595153
			2.57221781170163	-2.12036673462806
			2.5703659630251	-2.12221858330459
			2.56851411434857	-2.12407043198112
			2.56666226567204	-2.12407043198112
			2.56481041699551	-2.12592228065765
			2.56295856831898	-2.12777412933418
			2.56110671964245	-2.12962597801071
			2.56110671964245	-2.13147782668724
			2.55925487096592	-2.13147782668724
			2.55740302228939	-2.13332967536377
			2.55555117361286	-2.13518152404031
			2.55369932493632	-2.13703337271684
			2.55184747625979	-2.13888522139337
			2.55184747625979	-2.1407370700699
			2.54999562758326	-2.1407370700699
			2.54814377890673	-2.14258891874643
			2.5462919302302	-2.14444076742296
			2.54444008155367	-2.14629261609949
			2.54444008155367	-2.14814446477602
			2.54258823287714	-2.14814446477602
			2.54073638420061	-2.14999631345255
			2.54073638420061	-2.15184816212909
			2.53888453552408	-2.15370001080562
			2.53703268684755	-2.15555185948215
			2.53518083817101	-2.15555185948215
			2.53518083817101	-2.15740370815868
			2.53332898949448	-2.15925555683521
			2.53147714081795	-2.16110740551174
			2.53147714081795	-2.16295925418827
			2.52962529214142	-2.16295925418827
			2.52777344346489	-2.1648111028648
			2.52777344346489	-2.16666295154133
			2.52592159478836	-2.16851480021786
			2.52406974611183	-2.1703666488944
			2.5222178974353	-2.17221849757093
			2.5222178974353	-2.17407034624746
			2.52036604875877	-2.17592219492399
			2.51851420008223	-2.17777404360052
			2.51851420008223	-2.17962589227705
			2.5166623514057	-2.18147774095358
			2.51481050272917	-2.18332958963011
			2.51481050272917	-2.18518143830664
			2.51295865405264	-2.18703328698318
			2.51295865405264	-2.18888513565971
			2.51110680537611	-2.18888513565971
			2.50925495669958	-2.19073698433624
			2.50925495669958	-2.19258883301277
		</curvaI_espina_dorsal>
	</curves.scaled>
	<ruler.points type=matrix rownames=TRUE colnames=FALSE nrow=2 ncol=2 as.numeric=TRUE >
		Ruler point 1	1497	453
		Ruler point 2	2037	452
	</ruler.points>
</shapes>

