<shapes type=list>
	<ruler.pixel type=vector names=FALSE length=1 as.numeric=TRUE >539.000927642987</ruler.pixel>
	<ruler.interval type=vector names=FALSE length=1 as.numeric=TRUE >1</ruler.interval>
	<scaling.units type=vector names=FALSE length=1 as.numeric=FALSE >mm</scaling.units>
	<scaling type=vector names=FALSE length=1 as.numeric=TRUE >0.00185184867653105</scaling>
	<landmarks.pixel type=matrix rownames=TRUE colnames=FALSE nrow=3 ncol=2 as.numeric=TRUE >
		punta_espina_dorsal	1555	1023
		esq_izq_caparaza	1557	1297
		organo_dorsal	1859	1225
	</landmarks.pixel>
	<landmarks.scaled type=matrix rownames=TRUE colnames=FALSE nrow=3 ncol=2 as.numeric=TRUE >
		punta_espina_dorsal	2.87962469200579	-1.89444119609127
		esq_izq_caparaza	2.88332838935885	-2.40184773346078
		organo_dorsal	3.44258668967123	-2.26851462875054
	</landmarks.scaled>
	<curves.control type=list>
		<curvaD_espina_dorsal type=matrix rownames=FALSE colnames=FALSE nrow=7 ncol=2 as.numeric=TRUE >
			1555	1023
			1562	1019
			1635	1066
			1678	1104
			1710	1134
			1759	1213
			1859	1225
		</curvaD_espina_dorsal>
		<curvaI_espina_dorsal type=matrix rownames=FALSE colnames=FALSE nrow=9 ncol=2 as.numeric=TRUE >
			1555	1023
			1610	1059
			1648	1097
			1698	1157
			1696	1175
			1667	1228
			1603	1232
			1572	1247
			1557	1297
		</curvaI_espina_dorsal>
	</curves.control>
	<curves.pixel type=list>
		<curvaD_espina_dorsal type=matrix rownames=FALSE colnames=FALSE nrow=335 ncol=2 as.numeric=TRUE >
			1555	1023
			1556	1023
			1557	1023
			1558	1023
			1559	1023
			1560	1023
			1561	1024
			1562	1024
			1563	1024
			1564	1025
			1565	1025
			1566	1025
			1566	1026
			1567	1026
			1568	1026
			1569	1027
			1570	1027
			1571	1028
			1572	1029
			1573	1029
			1574	1029
			1575	1030
			1576	1030
			1577	1031
			1578	1031
			1579	1032
			1580	1032
			1581	1033
			1582	1034
			1583	1034
			1584	1035
			1585	1035
			1586	1036
			1587	1037
			1588	1037
			1589	1038
			1590	1038
			1591	1039
			1592	1039
			1592	1040
			1593	1040
			1594	1040
			1594	1041
			1595	1041
			1596	1042
			1597	1042
			1597	1043
			1598	1043
			1599	1044
			1600	1044
			1601	1044
			1601	1045
			1602	1045
			1603	1046
			1604	1046
			1605	1047
			1606	1048
			1607	1049
			1608	1049
			1609	1050
			1610	1050
			1611	1051
			1612	1051
			1612	1052
			1613	1052
			1614	1052
			1614	1053
			1615	1053
			1616	1054
			1617	1055
			1618	1055
			1619	1056
			1620	1056
			1621	1057
			1622	1057
			1622	1058
			1623	1058
			1624	1059
			1625	1060
			1626	1060
			1627	1061
			1628	1062
			1629	1062
			1630	1063
			1631	1064
			1632	1064
			1633	1065
			1634	1065
			1635	1066
			1636	1067
			1637	1068
			1638	1068
			1638	1069
			1639	1070
			1640	1070
			1641	1071
			1641	1072
			1642	1072
			1643	1073
			1644	1074
			1645	1075
			1646	1076
			1647	1076
			1648	1077
			1649	1078
			1650	1079
			1650	1080
			1651	1080
			1652	1081
			1653	1082
			1654	1083
			1655	1084
			1656	1084
			1656	1085
			1657	1086
			1658	1087
			1659	1087
			1660	1088
			1661	1089
			1662	1090
			1663	1091
			1664	1092
			1665	1093
			1666	1094
			1667	1095
			1668	1096
			1669	1097
			1670	1097
			1671	1098
			1672	1099
			1673	1100
			1674	1101
			1675	1102
			1676	1103
			1677	1104
			1678	1105
			1679	1105
			1680	1106
			1681	1107
			1682	1108
			1683	1109
			1684	1110
			1685	1111
			1686	1111
			1686	1112
			1687	1113
			1688	1114
			1689	1115
			1690	1116
			1691	1116
			1692	1117
			1693	1118
			1694	1119
			1695	1120
			1696	1121
			1697	1122
			1698	1123
			1699	1124
			1700	1125
			1701	1126
			1702	1127
			1703	1128
			1704	1128
			1704	1129
			1705	1129
			1706	1130
			1707	1131
			1708	1132
			1709	1133
			1710	1134
			1711	1135
			1711	1136
			1712	1137
			1713	1138
			1713	1139
			1714	1140
			1715	1141
			1715	1142
			1716	1143
			1717	1144
			1718	1145
			1718	1146
			1719	1147
			1719	1148
			1720	1149
			1721	1150
			1721	1151
			1722	1151
			1723	1152
			1723	1153
			1724	1154
			1725	1155
			1726	1156
			1727	1157
			1727	1158
			1728	1159
			1729	1160
			1730	1161
			1731	1162
			1731	1163
			1732	1164
			1733	1165
			1734	1165
			1735	1166
			1736	1167
			1736	1168
			1737	1169
			1738	1170
			1739	1171
			1740	1171
			1741	1172
			1742	1173
			1743	1174
			1743	1175
			1744	1176
			1745	1176
			1746	1177
			1747	1178
			1748	1179
			1749	1180
			1750	1180
			1751	1181
			1752	1182
			1753	1183
			1754	1184
			1755	1185
			1756	1185
			1756	1186
			1757	1186
			1758	1187
			1759	1187
			1759	1188
			1760	1188
			1761	1189
			1762	1190
			1763	1191
			1764	1191
			1765	1192
			1766	1193
			1767	1193
			1768	1194
			1769	1194
			1770	1195
			1771	1196
			1772	1197
			1773	1197
			1774	1198
			1775	1198
			1776	1199
			1777	1200
			1778	1200
			1779	1200
			1780	1201
			1781	1201
			1781	1202
			1782	1202
			1783	1203
			1784	1203
			1785	1203
			1785	1204
			1786	1204
			1787	1205
			1788	1205
			1789	1205
			1790	1206
			1791	1207
			1792	1207
			1793	1207
			1794	1208
			1795	1208
			1796	1209
			1797	1209
			1798	1210
			1799	1210
			1800	1211
			1801	1211
			1802	1211
			1803	1212
			1804	1212
			1805	1212
			1806	1213
			1807	1213
			1808	1213
			1809	1214
			1810	1214
			1811	1214
			1812	1215
			1813	1215
			1814	1215
			1815	1216
			1816	1216
			1817	1216
			1818	1217
			1819	1217
			1820	1217
			1821	1218
			1822	1218
			1823	1218
			1824	1218
			1825	1219
			1826	1219
			1827	1219
			1828	1219
			1829	1220
			1830	1220
			1831	1220
			1832	1220
			1833	1221
			1834	1221
			1835	1221
			1836	1221
			1837	1221
			1838	1222
			1839	1222
			1840	1222
			1841	1222
			1842	1222
			1843	1223
			1844	1223
			1845	1223
			1846	1223
			1847	1223
			1848	1223
			1849	1224
			1850	1224
			1851	1224
			1852	1224
			1853	1224
			1854	1224
			1855	1224
			1855	1225
			1856	1225
			1857	1225
			1858	1225
			1859	1225
		</curvaD_espina_dorsal>
		<curvaI_espina_dorsal type=matrix rownames=FALSE colnames=FALSE nrow=370 ncol=2 as.numeric=TRUE >
			1555	1023
			1556	1024
			1557	1024
			1558	1025
			1559	1026
			1560	1027
			1561	1027
			1562	1028
			1563	1028
			1564	1029
			1565	1030
			1566	1031
			1567	1031
			1568	1032
			1569	1032
			1570	1033
			1571	1034
			1572	1035
			1573	1035
			1574	1036
			1575	1036
			1576	1037
			1576	1038
			1577	1038
			1578	1039
			1579	1039
			1580	1040
			1581	1041
			1582	1041
			1583	1042
			1583	1043
			1584	1043
			1585	1044
			1586	1044
			1587	1045
			1588	1046
			1589	1047
			1590	1048
			1591	1048
			1592	1049
			1593	1050
			1594	1051
			1595	1051
			1596	1052
			1597	1053
			1598	1054
			1599	1054
			1600	1055
			1601	1056
			1602	1057
			1603	1057
			1604	1058
			1605	1059
			1606	1060
			1607	1060
			1608	1061
			1609	1062
			1610	1063
			1611	1063
			1611	1064
			1612	1065
			1613	1066
			1614	1066
			1615	1067
			1616	1068
			1617	1069
			1618	1069
			1619	1070
			1620	1071
			1621	1072
			1622	1073
			1623	1074
			1624	1075
			1625	1076
			1626	1076
			1627	1077
			1627	1078
			1628	1078
			1629	1079
			1630	1080
			1631	1081
			1632	1082
			1633	1083
			1634	1084
			1635	1084
			1636	1085
			1636	1086
			1637	1086
			1638	1087
			1638	1088
			1639	1088
			1640	1089
			1641	1090
			1642	1091
			1643	1092
			1644	1093
			1645	1094
			1646	1095
			1647	1096
			1648	1097
			1649	1098
			1650	1099
			1650	1100
			1651	1101
			1652	1102
			1653	1103
			1653	1104
			1654	1104
			1655	1105
			1655	1106
			1656	1107
			1657	1108
			1658	1109
			1658	1110
			1659	1110
			1660	1111
			1660	1112
			1661	1113
			1662	1114
			1663	1115
			1664	1116
			1664	1117
			1665	1118
			1666	1119
			1666	1120
			1667	1121
			1668	1122
			1669	1123
			1669	1124
			1670	1125
			1671	1126
			1672	1127
			1673	1128
			1673	1129
			1674	1130
			1675	1131
			1676	1132
			1676	1133
			1677	1134
			1678	1135
			1678	1136
			1679	1137
			1680	1138
			1680	1139
			1681	1140
			1682	1141
			1682	1142
			1683	1143
			1683	1144
			1684	1145
			1684	1146
			1685	1146
			1685	1147
			1686	1148
			1686	1149
			1687	1150
			1687	1151
			1688	1151
			1688	1152
			1689	1153
			1689	1154
			1690	1154
			1690	1155
			1690	1156
			1691	1157
			1691	1158
			1692	1159
			1692	1160
			1693	1161
			1693	1162
			1693	1163
			1694	1163
			1694	1164
			1694	1165
			1695	1166
			1695	1167
			1695	1168
			1696	1169
			1696	1170
			1696	1171
			1696	1172
			1696	1173
			1696	1174
			1696	1175
			1696	1176
			1695	1177
			1694	1178
			1694	1179
			1693	1180
			1692	1181
			1692	1182
			1692	1183
			1691	1183
			1691	1184
			1690	1185
			1689	1186
			1688	1187
			1688	1188
			1687	1189
			1686	1190
			1686	1191
			1685	1191
			1685	1192
			1684	1193
			1684	1194
			1683	1194
			1682	1195
			1682	1196
			1681	1196
			1681	1197
			1680	1198
			1679	1198
			1679	1199
			1678	1200
			1677	1201
			1676	1202
			1675	1203
			1674	1204
			1673	1204
			1673	1205
			1672	1206
			1671	1207
			1670	1207
			1669	1208
			1668	1209
			1667	1210
			1666	1211
			1665	1211
			1664	1212
			1663	1213
			1662	1214
			1661	1214
			1660	1214
			1660	1215
			1659	1215
			1658	1216
			1657	1216
			1656	1217
			1655	1218
			1654	1218
			1653	1219
			1652	1219
			1651	1220
			1650	1220
			1649	1221
			1648	1221
			1647	1222
			1646	1222
			1645	1223
			1644	1223
			1643	1224
			1642	1224
			1641	1224
			1640	1224
			1640	1225
			1639	1225
			1638	1225
			1637	1226
			1636	1226
			1635	1226
			1634	1227
			1633	1227
			1632	1227
			1631	1228
			1630	1228
			1629	1228
			1628	1228
			1627	1229
			1626	1229
			1625	1229
			1624	1229
			1623	1229
			1622	1230
			1621	1230
			1620	1230
			1619	1230
			1618	1230
			1617	1231
			1616	1231
			1615	1231
			1614	1231
			1613	1231
			1612	1231
			1611	1231
			1610	1231
			1609	1231
			1609	1232
			1608	1232
			1607	1232
			1606	1232
			1605	1232
			1604	1232
			1603	1232
			1602	1233
			1601	1233
			1600	1233
			1600	1234
			1599	1234
			1598	1235
			1597	1235
			1597	1236
			1596	1236
			1595	1237
			1594	1237
			1594	1238
			1593	1238
			1592	1239
			1591	1239
			1591	1240
			1590	1240
			1589	1241
			1589	1242
			1588	1242
			1587	1243
			1586	1244
			1585	1245
			1584	1246
			1583	1247
			1582	1248
			1582	1249
			1581	1249
			1580	1250
			1579	1251
			1579	1252
			1578	1253
			1577	1254
			1577	1255
			1576	1256
			1575	1257
			1574	1258
			1574	1259
			1573	1260
			1572	1261
			1572	1262
			1571	1263
			1570	1264
			1570	1265
			1570	1266
			1569	1266
			1569	1267
			1569	1268
			1568	1269
			1568	1270
			1567	1271
			1566	1272
			1566	1273
			1566	1274
			1565	1275
			1565	1276
			1564	1277
			1564	1278
			1564	1279
			1563	1280
			1563	1281
			1562	1282
			1562	1283
			1561	1284
			1561	1285
			1561	1286
			1560	1287
			1560	1288
			1560	1289
			1559	1290
			1559	1291
			1559	1292
			1558	1293
			1558	1294
			1558	1295
			1557	1296
			1557	1297
		</curvaI_espina_dorsal>
	</curves.pixel>
	<curves.scaled type=list>
		<curvaD_espina_dorsal type=matrix rownames=FALSE colnames=FALSE nrow=335 ncol=2 as.numeric=TRUE >
			2.87962469200579	-1.89444119609127
			2.88147654068232	-1.89444119609127
			2.88332838935885	-1.89444119609127
			2.88518023803538	-1.89444119609127
			2.88703208671191	-1.89444119609127
			2.88888393538845	-1.89444119609127
			2.89073578406498	-1.8962930447678
			2.89258763274151	-1.8962930447678
			2.89443948141804	-1.8962930447678
			2.89629133009457	-1.89814489344433
			2.8981431787711	-1.89814489344433
			2.89999502744763	-1.89814489344433
			2.89999502744763	-1.89999674212086
			2.90184687612416	-1.89999674212086
			2.90369872480069	-1.89999674212086
			2.90555057347722	-1.90184859079739
			2.90740242215376	-1.90184859079739
			2.90925427083029	-1.90370043947392
			2.91110611950682	-1.90555228815046
			2.91295796818335	-1.90555228815046
			2.91480981685988	-1.90555228815046
			2.91666166553641	-1.90740413682699
			2.91851351421294	-1.90740413682699
			2.92036536288947	-1.90925598550352
			2.922217211566	-1.90925598550352
			2.92406906024254	-1.91110783418005
			2.92592090891907	-1.91110783418005
			2.9277727575956	-1.91295968285658
			2.92962460627213	-1.91481153153311
			2.93147645494866	-1.91481153153311
			2.93332830362519	-1.91666338020964
			2.93518015230172	-1.91666338020964
			2.93703200097825	-1.91851522888617
			2.93888384965478	-1.9203670775627
			2.94073569833131	-1.9203670775627
			2.94258754700785	-1.92221892623923
			2.94443939568438	-1.92221892623923
			2.94629124436091	-1.92407077491577
			2.94814309303744	-1.92407077491577
			2.94814309303744	-1.9259226235923
			2.94999494171397	-1.9259226235923
			2.9518467903905	-1.9259226235923
			2.9518467903905	-1.92777447226883
			2.95369863906703	-1.92777447226883
			2.95555048774356	-1.92962632094536
			2.95740233642009	-1.92962632094536
			2.95740233642009	-1.93147816962189
			2.95925418509663	-1.93147816962189
			2.96110603377316	-1.93333001829842
			2.96295788244969	-1.93333001829842
			2.96480973112622	-1.93333001829842
			2.96480973112622	-1.93518186697495
			2.96666157980275	-1.93518186697495
			2.96851342847928	-1.93703371565148
			2.97036527715581	-1.93703371565148
			2.97221712583234	-1.93888556432801
			2.97406897450887	-1.94073741300455
			2.9759208231854	-1.94258926168108
			2.97777267186194	-1.94258926168108
			2.97962452053847	-1.94444111035761
			2.981476369215	-1.94444111035761
			2.98332821789153	-1.94629295903414
			2.98518006656806	-1.94629295903414
			2.98518006656806	-1.94814480771067
			2.98703191524459	-1.94814480771067
			2.98888376392112	-1.94814480771067
			2.98888376392112	-1.9499966563872
			2.99073561259765	-1.9499966563872
			2.99258746127418	-1.95184850506373
			2.99443930995072	-1.95370035374026
			2.99629115862725	-1.95370035374026
			2.99814300730378	-1.95555220241679
			2.99999485598031	-1.95555220241679
			3.00184670465684	-1.95740405109332
			3.00369855333337	-1.95740405109332
			3.00369855333337	-1.95925589976986
			3.0055504020099	-1.95925589976986
			3.00740225068643	-1.96110774844639
			3.00925409936296	-1.96295959712292
			3.01110594803949	-1.96295959712292
			3.01295779671603	-1.96481144579945
			3.01480964539256	-1.96666329447598
			3.01666149406909	-1.96666329447598
			3.01851334274562	-1.96851514315251
			3.02036519142215	-1.97036699182904
			3.02221704009868	-1.97036699182904
			3.02406888877521	-1.97221884050557
			3.02592073745174	-1.97221884050557
			3.02777258612827	-1.9740706891821
			3.02962443480481	-1.97592253785864
			3.03147628348134	-1.97777438653517
			3.03332813215787	-1.97777438653517
			3.03332813215787	-1.9796262352117
			3.0351799808344	-1.98147808388823
			3.03703182951093	-1.98147808388823
			3.03888367818746	-1.98332993256476
			3.03888367818746	-1.98518178124129
			3.04073552686399	-1.98518178124129
			3.04258737554052	-1.98703362991782
			3.04443922421705	-1.98888547859435
			3.04629107289359	-1.99073732727088
			3.04814292157012	-1.99258917594741
			3.04999477024665	-1.99258917594741
			3.05184661892318	-1.99444102462395
			3.05369846759971	-1.99629287330048
			3.05555031627624	-1.99814472197701
			3.05555031627624	-1.99999657065354
			3.05740216495277	-1.99999657065354
			3.0592540136293	-2.00184841933007
			3.06110586230583	-2.0037002680066
			3.06295771098236	-2.00555211668313
			3.0648095596589	-2.00740396535966
			3.06666140833543	-2.00740396535966
			3.06666140833543	-2.00925581403619
			3.06851325701196	-2.01110766271273
			3.07036510568849	-2.01295951138926
			3.07221695436502	-2.01295951138926
			3.07406880304155	-2.01481136006579
			3.07592065171808	-2.01666320874232
			3.07777250039461	-2.01851505741885
			3.07962434907114	-2.02036690609538
			3.08147619774768	-2.02221875477191
			3.08332804642421	-2.02407060344844
			3.08517989510074	-2.02592245212497
			3.08703174377727	-2.02777430080151
			3.0888835924538	-2.02962614947804
			3.09073544113033	-2.03147799815457
			3.09258728980686	-2.03147799815457
			3.09443913848339	-2.0333298468311
			3.09629098715992	-2.03518169550763
			3.09814283583645	-2.03703354418416
			3.09999468451299	-2.03888539286069
			3.10184653318952	-2.04073724153722
			3.10369838186605	-2.04258909021375
			3.10555023054258	-2.04444093889028
			3.10740207921911	-2.04629278756682
			3.10925392789564	-2.04629278756682
			3.11110577657217	-2.04814463624335
			3.1129576252487	-2.04999648491988
			3.11480947392523	-2.05184833359641
			3.11666132260176	-2.05370018227294
			3.1185131712783	-2.05555203094947
			3.12036501995483	-2.057403879626
			3.12221686863136	-2.057403879626
			3.12221686863136	-2.05925572830253
			3.12406871730789	-2.06110757697906
			3.12592056598442	-2.06295942565559
			3.12777241466095	-2.06481127433213
			3.12962426333748	-2.06666312300866
			3.13147611201401	-2.06666312300866
			3.13332796069054	-2.06851497168519
			3.13517980936708	-2.07036682036172
			3.13703165804361	-2.07221866903825
			3.13888350672014	-2.07407051771478
			3.14073535539667	-2.07592236639131
			3.1425872040732	-2.07777421506784
			3.14443905274973	-2.07962606374437
			3.14629090142626	-2.08147791242091
			3.14814275010279	-2.08332976109744
			3.14999459877932	-2.08518160977397
			3.15184644745585	-2.0870334584505
			3.15369829613239	-2.08888530712703
			3.15555014480892	-2.08888530712703
			3.15555014480892	-2.09073715580356
			3.15740199348545	-2.09073715580356
			3.15925384216198	-2.09258900448009
			3.16110569083851	-2.09444085315662
			3.16295753951504	-2.09629270183315
			3.16480938819157	-2.09814455050968
			3.1666612368681	-2.09999639918622
			3.16851308554463	-2.10184824786275
			3.16851308554463	-2.10370009653928
			3.17036493422117	-2.10555194521581
			3.1722167828977	-2.10740379389234
			3.1722167828977	-2.10925564256887
			3.17406863157423	-2.1111074912454
			3.17592048025076	-2.11295933992193
			3.17592048025076	-2.11481118859846
			3.17777232892729	-2.116663037275
			3.17962417760382	-2.11851488595153
			3.18147602628035	-2.12036673462806
			3.18147602628035	-2.12221858330459
			3.18332787495688	-2.12407043198112
			3.18332787495688	-2.12592228065765
			3.18517972363341	-2.12777412933418
			3.18703157230994	-2.12962597801071
			3.18703157230994	-2.13147782668724
			3.18888342098648	-2.13147782668724
			3.19073526966301	-2.13332967536377
			3.19073526966301	-2.13518152404031
			3.19258711833954	-2.13703337271684
			3.19443896701607	-2.13888522139337
			3.1962908156926	-2.1407370700699
			3.19814266436913	-2.14258891874643
			3.19814266436913	-2.14444076742296
			3.19999451304566	-2.14629261609949
			3.20184636172219	-2.14814446477602
			3.20369821039872	-2.14999631345255
			3.20555005907526	-2.15184816212909
			3.20555005907526	-2.15370001080562
			3.20740190775179	-2.15555185948215
			3.20925375642832	-2.15740370815868
			3.21110560510485	-2.15740370815868
			3.21295745378138	-2.15925555683521
			3.21480930245791	-2.16110740551174
			3.21480930245791	-2.16295925418827
			3.21666115113444	-2.1648111028648
			3.21851299981097	-2.16666295154133
			3.2203648484875	-2.16851480021786
			3.22221669716403	-2.16851480021786
			3.22406854584057	-2.1703666488944
			3.2259203945171	-2.17221849757093
			3.22777224319363	-2.17407034624746
			3.22777224319363	-2.17592219492399
			3.22962409187016	-2.17777404360052
			3.23147594054669	-2.17777404360052
			3.23332778922322	-2.17962589227705
			3.23517963789975	-2.18147774095358
			3.23703148657628	-2.18332958963011
			3.23888333525281	-2.18518143830664
			3.24073518392935	-2.18518143830664
			3.24258703260588	-2.18703328698318
			3.24443888128241	-2.18888513565971
			3.24629072995894	-2.19073698433624
			3.24814257863547	-2.19258883301277
			3.249994427312	-2.1944406816893
			3.25184627598853	-2.1944406816893
			3.25184627598853	-2.19629253036583
			3.25369812466506	-2.19629253036583
			3.25554997334159	-2.19814437904236
			3.25740182201812	-2.19814437904236
			3.25740182201812	-2.19999622771889
			3.25925367069466	-2.19999622771889
			3.26110551937119	-2.20184807639542
			3.26295736804772	-2.20369992507195
			3.26480921672425	-2.20555177374849
			3.26666106540078	-2.20555177374849
			3.26851291407731	-2.20740362242502
			3.27036476275384	-2.20925547110155
			3.27221661143037	-2.20925547110155
			3.2740684601069	-2.21110731977808
			3.27592030878344	-2.21110731977808
			3.27777215745997	-2.21295916845461
			3.2796240061365	-2.21481101713114
			3.28147585481303	-2.21666286580767
			3.28332770348956	-2.21666286580767
			3.28517955216609	-2.2185147144842
			3.28703140084262	-2.2185147144842
			3.28888324951915	-2.22036656316073
			3.29073509819568	-2.22221841183727
			3.29258694687221	-2.22221841183727
			3.29443879554875	-2.22221841183727
			3.29629064422528	-2.2240702605138
			3.29814249290181	-2.2240702605138
			3.29814249290181	-2.22592210919033
			3.29999434157834	-2.22592210919033
			3.30184619025487	-2.22777395786686
			3.3036980389314	-2.22777395786686
			3.30554988760793	-2.22777395786686
			3.30554988760793	-2.22962580654339
			3.30740173628446	-2.22962580654339
			3.30925358496099	-2.23147765521992
			3.31110543363753	-2.23147765521992
			3.31295728231406	-2.23147765521992
			3.31480913099059	-2.23332950389645
			3.31666097966712	-2.23518135257298
			3.31851282834365	-2.23518135257298
			3.32036467702018	-2.23518135257298
			3.32221652569671	-2.23703320124951
			3.32406837437324	-2.23703320124951
			3.32592022304977	-2.23888504992604
			3.32777207172631	-2.23888504992604
			3.32962392040284	-2.24073689860258
			3.33147576907937	-2.24073689860258
			3.3333276177559	-2.24258874727911
			3.33517946643243	-2.24258874727911
			3.33703131510896	-2.24258874727911
			3.33888316378549	-2.24444059595564
			3.34073501246202	-2.24444059595564
			3.34258686113855	-2.24444059595564
			3.34443870981508	-2.24629244463217
			3.34629055849162	-2.24629244463217
			3.34814240716815	-2.24629244463217
			3.34999425584468	-2.2481442933087
			3.35184610452121	-2.2481442933087
			3.35369795319774	-2.2481442933087
			3.35554980187427	-2.24999614198523
			3.3574016505508	-2.24999614198523
			3.35925349922733	-2.24999614198523
			3.36110534790386	-2.25184799066176
			3.3629571965804	-2.25184799066176
			3.36480904525693	-2.25184799066176
			3.36666089393346	-2.25369983933829
			3.36851274260999	-2.25369983933829
			3.37036459128652	-2.25369983933829
			3.37221643996305	-2.25555168801482
			3.37406828863958	-2.25555168801482
			3.37592013731611	-2.25555168801482
			3.37777198599264	-2.25555168801482
			3.37962383466917	-2.25740353669136
			3.38147568334571	-2.25740353669136
			3.38332753202224	-2.25740353669136
			3.38517938069877	-2.25740353669136
			3.3870312293753	-2.25925538536789
			3.38888307805183	-2.25925538536789
			3.39073492672836	-2.25925538536789
			3.39258677540489	-2.25925538536789
			3.39443862408142	-2.26110723404442
			3.39629047275795	-2.26110723404442
			3.39814232143449	-2.26110723404442
			3.39999417011102	-2.26110723404442
			3.40184601878755	-2.26110723404442
			3.40369786746408	-2.26295908272095
			3.40554971614061	-2.26295908272095
			3.40740156481714	-2.26295908272095
			3.40925341349367	-2.26295908272095
			3.4111052621702	-2.26295908272095
			3.41295711084673	-2.26481093139748
			3.41480895952326	-2.26481093139748
			3.4166608081998	-2.26481093139748
			3.41851265687633	-2.26481093139748
			3.42036450555286	-2.26481093139748
			3.42221635422939	-2.26481093139748
			3.42406820290592	-2.26666278007401
			3.42592005158245	-2.26666278007401
			3.42777190025898	-2.26666278007401
			3.42962374893551	-2.26666278007401
			3.43147559761204	-2.26666278007401
			3.43332744628858	-2.26666278007401
			3.43517929496511	-2.26666278007401
			3.43517929496511	-2.26851462875054
			3.43703114364164	-2.26851462875054
			3.43888299231817	-2.26851462875054
			3.4407348409947	-2.26851462875054
			3.44258668967123	-2.26851462875054
		</curvaD_espina_dorsal>
		<curvaI_espina_dorsal type=matrix rownames=FALSE colnames=FALSE nrow=370 ncol=2 as.numeric=TRUE >
			2.87962469200579	-1.89444119609127
			2.88147654068232	-1.8962930447678
			2.88332838935885	-1.8962930447678
			2.88518023803538	-1.89814489344433
			2.88703208671191	-1.89999674212086
			2.88888393538845	-1.90184859079739
			2.89073578406498	-1.90184859079739
			2.89258763274151	-1.90370043947392
			2.89443948141804	-1.90370043947392
			2.89629133009457	-1.90555228815046
			2.8981431787711	-1.90740413682699
			2.89999502744763	-1.90925598550352
			2.90184687612416	-1.90925598550352
			2.90369872480069	-1.91110783418005
			2.90555057347722	-1.91110783418005
			2.90740242215376	-1.91295968285658
			2.90925427083029	-1.91481153153311
			2.91110611950682	-1.91666338020964
			2.91295796818335	-1.91666338020964
			2.91480981685988	-1.91851522888617
			2.91666166553641	-1.91851522888617
			2.91851351421294	-1.9203670775627
			2.91851351421294	-1.92221892623923
			2.92036536288947	-1.92221892623923
			2.922217211566	-1.92407077491577
			2.92406906024254	-1.92407077491577
			2.92592090891907	-1.9259226235923
			2.9277727575956	-1.92777447226883
			2.92962460627213	-1.92777447226883
			2.93147645494866	-1.92962632094536
			2.93147645494866	-1.93147816962189
			2.93332830362519	-1.93147816962189
			2.93518015230172	-1.93333001829842
			2.93703200097825	-1.93333001829842
			2.93888384965478	-1.93518186697495
			2.94073569833131	-1.93703371565148
			2.94258754700785	-1.93888556432801
			2.94443939568438	-1.94073741300455
			2.94629124436091	-1.94073741300455
			2.94814309303744	-1.94258926168108
			2.94999494171397	-1.94444111035761
			2.9518467903905	-1.94629295903414
			2.95369863906703	-1.94629295903414
			2.95555048774356	-1.94814480771067
			2.95740233642009	-1.9499966563872
			2.95925418509663	-1.95184850506373
			2.96110603377316	-1.95184850506373
			2.96295788244969	-1.95370035374026
			2.96480973112622	-1.95555220241679
			2.96666157980275	-1.95740405109332
			2.96851342847928	-1.95740405109332
			2.97036527715581	-1.95925589976986
			2.97221712583234	-1.96110774844639
			2.97406897450887	-1.96295959712292
			2.9759208231854	-1.96295959712292
			2.97777267186194	-1.96481144579945
			2.97962452053847	-1.96666329447598
			2.981476369215	-1.96851514315251
			2.98332821789153	-1.96851514315251
			2.98332821789153	-1.97036699182904
			2.98518006656806	-1.97221884050557
			2.98703191524459	-1.9740706891821
			2.98888376392112	-1.9740706891821
			2.99073561259765	-1.97592253785864
			2.99258746127418	-1.97777438653517
			2.99443930995072	-1.9796262352117
			2.99629115862725	-1.9796262352117
			2.99814300730378	-1.98147808388823
			2.99999485598031	-1.98332993256476
			3.00184670465684	-1.98518178124129
			3.00369855333337	-1.98703362991782
			3.0055504020099	-1.98888547859435
			3.00740225068643	-1.99073732727088
			3.00925409936296	-1.99258917594741
			3.01110594803949	-1.99258917594741
			3.01295779671603	-1.99444102462395
			3.01295779671603	-1.99629287330048
			3.01480964539256	-1.99629287330048
			3.01666149406909	-1.99814472197701
			3.01851334274562	-1.99999657065354
			3.02036519142215	-2.00184841933007
			3.02221704009868	-2.0037002680066
			3.02406888877521	-2.00555211668313
			3.02592073745174	-2.00740396535966
			3.02777258612827	-2.00740396535966
			3.02962443480481	-2.00925581403619
			3.02962443480481	-2.01110766271273
			3.03147628348134	-2.01110766271273
			3.03332813215787	-2.01295951138926
			3.03332813215787	-2.01481136006579
			3.0351799808344	-2.01481136006579
			3.03703182951093	-2.01666320874232
			3.03888367818746	-2.01851505741885
			3.04073552686399	-2.02036690609538
			3.04258737554052	-2.02221875477191
			3.04443922421705	-2.02407060344844
			3.04629107289359	-2.02592245212497
			3.04814292157012	-2.02777430080151
			3.04999477024665	-2.02962614947804
			3.05184661892318	-2.03147799815457
			3.05369846759971	-2.0333298468311
			3.05555031627624	-2.03518169550763
			3.05555031627624	-2.03703354418416
			3.05740216495277	-2.03888539286069
			3.0592540136293	-2.04073724153722
			3.06110586230583	-2.04258909021375
			3.06110586230583	-2.04444093889028
			3.06295771098236	-2.04444093889028
			3.0648095596589	-2.04629278756682
			3.0648095596589	-2.04814463624335
			3.06666140833543	-2.04999648491988
			3.06851325701196	-2.05184833359641
			3.07036510568849	-2.05370018227294
			3.07036510568849	-2.05555203094947
			3.07221695436502	-2.05555203094947
			3.07406880304155	-2.057403879626
			3.07406880304155	-2.05925572830253
			3.07592065171808	-2.06110757697906
			3.07777250039461	-2.06295942565559
			3.07962434907114	-2.06481127433213
			3.08147619774768	-2.06666312300866
			3.08147619774768	-2.06851497168519
			3.08332804642421	-2.07036682036172
			3.08517989510074	-2.07221866903825
			3.08517989510074	-2.07407051771478
			3.08703174377727	-2.07592236639131
			3.0888835924538	-2.07777421506784
			3.09073544113033	-2.07962606374437
			3.09073544113033	-2.08147791242091
			3.09258728980686	-2.08332976109744
			3.09443913848339	-2.08518160977397
			3.09629098715992	-2.0870334584505
			3.09814283583645	-2.08888530712703
			3.09814283583645	-2.09073715580356
			3.09999468451299	-2.09258900448009
			3.10184653318952	-2.09444085315662
			3.10369838186605	-2.09629270183315
			3.10369838186605	-2.09814455050968
			3.10555023054258	-2.09999639918622
			3.10740207921911	-2.10184824786275
			3.10740207921911	-2.10370009653928
			3.10925392789564	-2.10555194521581
			3.11110577657217	-2.10740379389234
			3.11110577657217	-2.10925564256887
			3.1129576252487	-2.1111074912454
			3.11480947392523	-2.11295933992193
			3.11480947392523	-2.11481118859846
			3.11666132260176	-2.116663037275
			3.11666132260176	-2.11851488595153
			3.1185131712783	-2.12036673462806
			3.1185131712783	-2.12221858330459
			3.12036501995483	-2.12221858330459
			3.12036501995483	-2.12407043198112
			3.12221686863136	-2.12592228065765
			3.12221686863136	-2.12777412933418
			3.12406871730789	-2.12962597801071
			3.12406871730789	-2.13147782668724
			3.12592056598442	-2.13147782668724
			3.12592056598442	-2.13332967536377
			3.12777241466095	-2.13518152404031
			3.12777241466095	-2.13703337271684
			3.12962426333748	-2.13703337271684
			3.12962426333748	-2.13888522139337
			3.12962426333748	-2.1407370700699
			3.13147611201401	-2.14258891874643
			3.13147611201401	-2.14444076742296
			3.13332796069054	-2.14629261609949
			3.13332796069054	-2.14814446477602
			3.13517980936708	-2.14999631345255
			3.13517980936708	-2.15184816212909
			3.13517980936708	-2.15370001080562
			3.13703165804361	-2.15370001080562
			3.13703165804361	-2.15555185948215
			3.13703165804361	-2.15740370815868
			3.13888350672014	-2.15925555683521
			3.13888350672014	-2.16110740551174
			3.13888350672014	-2.16295925418827
			3.14073535539667	-2.1648111028648
			3.14073535539667	-2.16666295154133
			3.14073535539667	-2.16851480021786
			3.14073535539667	-2.1703666488944
			3.14073535539667	-2.17221849757093
			3.14073535539667	-2.17407034624746
			3.14073535539667	-2.17592219492399
			3.14073535539667	-2.17777404360052
			3.13888350672014	-2.17962589227705
			3.13703165804361	-2.18147774095358
			3.13703165804361	-2.18332958963011
			3.13517980936708	-2.18518143830664
			3.13332796069054	-2.18703328698318
			3.13332796069054	-2.18888513565971
			3.13332796069054	-2.19073698433624
			3.13147611201401	-2.19073698433624
			3.13147611201401	-2.19258883301277
			3.12962426333748	-2.1944406816893
			3.12777241466095	-2.19629253036583
			3.12592056598442	-2.19814437904236
			3.12592056598442	-2.19999622771889
			3.12406871730789	-2.20184807639542
			3.12221686863136	-2.20369992507195
			3.12221686863136	-2.20555177374849
			3.12036501995483	-2.20555177374849
			3.12036501995483	-2.20740362242502
			3.1185131712783	-2.20925547110155
			3.1185131712783	-2.21110731977808
			3.11666132260176	-2.21110731977808
			3.11480947392523	-2.21295916845461
			3.11480947392523	-2.21481101713114
			3.1129576252487	-2.21481101713114
			3.1129576252487	-2.21666286580767
			3.11110577657217	-2.2185147144842
			3.10925392789564	-2.2185147144842
			3.10925392789564	-2.22036656316073
			3.10740207921911	-2.22221841183727
			3.10555023054258	-2.2240702605138
			3.10369838186605	-2.22592210919033
			3.10184653318952	-2.22777395786686
			3.09999468451299	-2.22962580654339
			3.09814283583645	-2.22962580654339
			3.09814283583645	-2.23147765521992
			3.09629098715992	-2.23332950389645
			3.09443913848339	-2.23518135257298
			3.09258728980686	-2.23518135257298
			3.09073544113033	-2.23703320124951
			3.0888835924538	-2.23888504992604
			3.08703174377727	-2.24073689860258
			3.08517989510074	-2.24258874727911
			3.08332804642421	-2.24258874727911
			3.08147619774768	-2.24444059595564
			3.07962434907114	-2.24629244463217
			3.07777250039461	-2.2481442933087
			3.07592065171808	-2.2481442933087
			3.07406880304155	-2.2481442933087
			3.07406880304155	-2.24999614198523
			3.07221695436502	-2.24999614198523
			3.07036510568849	-2.25184799066176
			3.06851325701196	-2.25184799066176
			3.06666140833543	-2.25369983933829
			3.0648095596589	-2.25555168801482
			3.06295771098236	-2.25555168801482
			3.06110586230583	-2.25740353669136
			3.0592540136293	-2.25740353669136
			3.05740216495277	-2.25925538536789
			3.05555031627624	-2.25925538536789
			3.05369846759971	-2.26110723404442
			3.05184661892318	-2.26110723404442
			3.04999477024665	-2.26295908272095
			3.04814292157012	-2.26295908272095
			3.04629107289359	-2.26481093139748
			3.04443922421705	-2.26481093139748
			3.04258737554052	-2.26666278007401
			3.04073552686399	-2.26666278007401
			3.03888367818746	-2.26666278007401
			3.03703182951093	-2.26666278007401
			3.03703182951093	-2.26851462875054
			3.0351799808344	-2.26851462875054
			3.03332813215787	-2.26851462875054
			3.03147628348134	-2.27036647742707
			3.02962443480481	-2.27036647742707
			3.02777258612827	-2.27036647742707
			3.02592073745174	-2.2722183261036
			3.02406888877521	-2.2722183261036
			3.02221704009868	-2.2722183261036
			3.02036519142215	-2.27407017478013
			3.01851334274562	-2.27407017478013
			3.01666149406909	-2.27407017478013
			3.01480964539256	-2.27407017478013
			3.01295779671603	-2.27592202345667
			3.01110594803949	-2.27592202345667
			3.00925409936296	-2.27592202345667
			3.00740225068643	-2.27592202345667
			3.0055504020099	-2.27592202345667
			3.00369855333337	-2.2777738721332
			3.00184670465684	-2.2777738721332
			2.99999485598031	-2.2777738721332
			2.99814300730378	-2.2777738721332
			2.99629115862725	-2.2777738721332
			2.99443930995072	-2.27962572080973
			2.99258746127418	-2.27962572080973
			2.99073561259765	-2.27962572080973
			2.98888376392112	-2.27962572080973
			2.98703191524459	-2.27962572080973
			2.98518006656806	-2.27962572080973
			2.98332821789153	-2.27962572080973
			2.981476369215	-2.27962572080973
			2.97962452053847	-2.27962572080973
			2.97962452053847	-2.28147756948626
			2.97777267186194	-2.28147756948626
			2.9759208231854	-2.28147756948626
			2.97406897450887	-2.28147756948626
			2.97221712583234	-2.28147756948626
			2.97036527715581	-2.28147756948626
			2.96851342847928	-2.28147756948626
			2.96666157980275	-2.28332941816279
			2.96480973112622	-2.28332941816279
			2.96295788244969	-2.28332941816279
			2.96295788244969	-2.28518126683932
			2.96110603377316	-2.28518126683932
			2.95925418509663	-2.28703311551585
			2.95740233642009	-2.28703311551585
			2.95740233642009	-2.28888496419238
			2.95555048774356	-2.28888496419238
			2.95369863906703	-2.29073681286891
			2.9518467903905	-2.29073681286891
			2.9518467903905	-2.29258866154545
			2.94999494171397	-2.29258866154545
			2.94814309303744	-2.29444051022198
			2.94629124436091	-2.29444051022198
			2.94629124436091	-2.29629235889851
			2.94443939568438	-2.29629235889851
			2.94258754700785	-2.29814420757504
			2.94258754700785	-2.29999605625157
			2.94073569833131	-2.29999605625157
			2.93888384965478	-2.3018479049281
			2.93703200097825	-2.30369975360463
			2.93518015230172	-2.30555160228116
			2.93332830362519	-2.30740345095769
			2.93147645494866	-2.30925529963423
			2.92962460627213	-2.31110714831076
			2.92962460627213	-2.31295899698729
			2.9277727575956	-2.31295899698729
			2.92592090891907	-2.31481084566382
			2.92406906024254	-2.31666269434035
			2.92406906024254	-2.31851454301688
			2.922217211566	-2.32036639169341
			2.92036536288947	-2.32221824036994
			2.92036536288947	-2.32407008904647
			2.91851351421294	-2.325921937723
			2.91666166553641	-2.32777378639954
			2.91480981685988	-2.32962563507607
			2.91480981685988	-2.3314774837526
			2.91295796818335	-2.33332933242913
			2.91110611950682	-2.33518118110566
			2.91110611950682	-2.33703302978219
			2.90925427083029	-2.33888487845872
			2.90740242215376	-2.34073672713525
			2.90740242215376	-2.34258857581178
			2.90740242215376	-2.34444042448832
			2.90555057347722	-2.34444042448832
			2.90555057347722	-2.34629227316485
			2.90555057347722	-2.34814412184138
			2.90369872480069	-2.34999597051791
			2.90369872480069	-2.35184781919444
			2.90184687612416	-2.35369966787097
			2.89999502744763	-2.3555515165475
			2.89999502744763	-2.35740336522403
			2.89999502744763	-2.35925521390056
			2.8981431787711	-2.36110706257709
			2.8981431787711	-2.36295891125363
			2.89629133009457	-2.36481075993016
			2.89629133009457	-2.36666260860669
			2.89629133009457	-2.36851445728322
			2.89443948141804	-2.37036630595975
			2.89443948141804	-2.37221815463628
			2.89258763274151	-2.37407000331281
			2.89258763274151	-2.37592185198934
			2.89073578406498	-2.37777370066587
			2.89073578406498	-2.37962554934241
			2.89073578406498	-2.38147739801894
			2.88888393538845	-2.38332924669547
			2.88888393538845	-2.385181095372
			2.88888393538845	-2.38703294404853
			2.88703208671191	-2.38888479272506
			2.88703208671191	-2.39073664140159
			2.88703208671191	-2.39258849007812
			2.88518023803538	-2.39444033875465
			2.88518023803538	-2.39629218743118
			2.88518023803538	-2.39814403610772
			2.88332838935885	-2.39999588478425
			2.88332838935885	-2.40184773346078
		</curvaI_espina_dorsal>
	</curves.scaled>
	<ruler.points type=matrix rownames=TRUE colnames=FALSE nrow=2 ncol=2 as.numeric=TRUE >
		Ruler point 1	1497	453
		Ruler point 2	2037	452
	</ruler.points>
</shapes>

