<shapes type=list>
	<ruler.pixel type=vector names=FALSE length=1 as.numeric=TRUE >539.000927642987</ruler.pixel>
	<ruler.interval type=vector names=FALSE length=1 as.numeric=TRUE >1</ruler.interval>
	<scaling.units type=vector names=FALSE length=1 as.numeric=FALSE >mm</scaling.units>
	<scaling type=vector names=FALSE length=1 as.numeric=TRUE >0.00185184867653105</scaling>
	<landmarks.pixel type=matrix rownames=TRUE colnames=FALSE nrow=3 ncol=2 as.numeric=TRUE >
		punta_espina_dorsal	1580	943
		esq_izq_caparaza	1656	1208
		organo_dorsal	1929	1047
	</landmarks.pixel>
	<landmarks.scaled type=matrix rownames=TRUE colnames=FALSE nrow=3 ncol=2 as.numeric=TRUE >
		punta_espina_dorsal	2.92592090891907	-1.74629330196878
		esq_izq_caparaza	3.06666140833543	-2.23703320124951
		organo_dorsal	3.5722160970284	-1.93888556432801
	</landmarks.scaled>
	<curves.control type=list>
		<curvaD_espina_dorsal type=matrix rownames=FALSE colnames=FALSE nrow=7 ncol=2 as.numeric=TRUE >
			1580	943
			1621	948
			1697	976
			1741	997
			1779	1018
			1828	1071
			1929	1047
		</curvaD_espina_dorsal>
		<curvaI_espina_dorsal type=matrix rownames=FALSE colnames=FALSE nrow=9 ncol=2 as.numeric=TRUE >
			1580	943
			1642	964
			1670	979
			1722	1001
			1756	1047
			1756	1093
			1683	1131
			1657	1171
			1656	1208
		</curvaI_espina_dorsal>
	</curves.control>
	<curves.pixel type=list>
		<curvaD_espina_dorsal type=matrix rownames=FALSE colnames=FALSE nrow=359 ncol=2 as.numeric=TRUE >
			1580	943
			1581	943
			1582	943
			1583	943
			1584	944
			1585	944
			1586	944
			1587	944
			1588	944
			1589	944
			1590	945
			1591	945
			1592	945
			1593	945
			1594	945
			1595	945
			1596	946
			1597	946
			1598	946
			1599	946
			1600	946
			1601	947
			1602	947
			1603	947
			1604	947
			1605	947
			1606	948
			1607	948
			1608	948
			1609	948
			1610	949
			1611	949
			1612	949
			1613	949
			1614	949
			1614	950
			1615	950
			1616	950
			1617	950
			1618	951
			1619	951
			1620	951
			1621	951
			1622	952
			1623	952
			1624	952
			1625	952
			1626	953
			1627	953
			1628	953
			1629	954
			1630	954
			1631	954
			1632	954
			1633	955
			1634	955
			1635	955
			1636	956
			1637	956
			1638	956
			1639	957
			1640	957
			1641	957
			1642	957
			1643	958
			1644	958
			1645	958
			1646	958
			1646	959
			1647	959
			1648	959
			1649	959
			1650	960
			1651	960
			1652	960
			1653	961
			1654	961
			1655	961
			1656	962
			1657	962
			1658	962
			1659	963
			1660	963
			1661	963
			1662	964
			1663	964
			1664	964
			1665	965
			1666	965
			1667	965
			1668	966
			1669	966
			1670	966
			1671	967
			1672	967
			1673	968
			1674	968
			1675	968
			1676	969
			1677	969
			1678	969
			1679	969
			1679	970
			1680	970
			1681	970
			1682	971
			1683	971
			1684	971
			1685	972
			1686	972
			1687	972
			1688	973
			1689	973
			1690	973
			1691	974
			1692	974
			1693	975
			1694	975
			1695	975
			1696	976
			1697	976
			1698	976
			1699	977
			1700	978
			1701	978
			1702	978
			1703	979
			1704	979
			1705	980
			1706	980
			1707	981
			1708	981
			1709	982
			1710	982
			1711	983
			1712	983
			1713	984
			1714	984
			1715	985
			1716	985
			1717	986
			1718	986
			1719	987
			1720	987
			1721	988
			1722	988
			1723	988
			1723	989
			1724	989
			1725	990
			1726	990
			1727	991
			1728	991
			1729	992
			1730	992
			1731	993
			1732	993
			1733	994
			1734	994
			1735	995
			1736	995
			1737	996
			1738	996
			1739	997
			1740	997
			1741	998
			1742	998
			1743	999
			1744	999
			1745	1000
			1746	1000
			1747	1001
			1748	1001
			1749	1002
			1750	1002
			1751	1003
			1752	1003
			1753	1004
			1754	1004
			1754	1005
			1755	1005
			1756	1006
			1757	1006
			1758	1007
			1759	1007
			1760	1008
			1761	1008
			1762	1009
			1763	1009
			1764	1010
			1765	1011
			1766	1011
			1767	1012
			1768	1012
			1769	1013
			1770	1013
			1771	1014
			1772	1014
			1773	1014
			1773	1015
			1774	1015
			1775	1016
			1776	1016
			1776	1017
			1777	1017
			1778	1017
			1779	1018
			1780	1019
			1781	1020
			1782	1021
			1783	1022
			1784	1023
			1785	1024
			1786	1025
			1787	1026
			1788	1027
			1789	1027
			1790	1028
			1791	1029
			1792	1030
			1793	1031
			1794	1032
			1795	1033
			1796	1033
			1797	1034
			1798	1034
			1798	1035
			1799	1035
			1800	1035
			1800	1036
			1801	1036
			1802	1037
			1803	1038
			1804	1038
			1805	1039
			1806	1039
			1807	1040
			1808	1040
			1809	1041
			1810	1042
			1811	1042
			1812	1042
			1813	1043
			1814	1043
			1815	1044
			1816	1044
			1817	1045
			1818	1045
			1819	1045
			1820	1046
			1821	1046
			1822	1047
			1823	1047
			1824	1047
			1825	1048
			1826	1048
			1827	1048
			1828	1049
			1829	1049
			1830	1049
			1831	1049
			1832	1050
			1833	1050
			1834	1050
			1835	1050
			1836	1051
			1837	1051
			1838	1051
			1839	1051
			1840	1052
			1841	1052
			1842	1052
			1843	1052
			1844	1052
			1845	1052
			1846	1053
			1847	1053
			1848	1053
			1849	1053
			1850	1053
			1851	1053
			1852	1053
			1853	1054
			1854	1054
			1855	1054
			1856	1054
			1857	1054
			1858	1054
			1859	1054
			1860	1054
			1861	1054
			1862	1054
			1863	1054
			1864	1054
			1865	1054
			1866	1054
			1867	1054
			1868	1054
			1869	1054
			1870	1054
			1871	1054
			1872	1054
			1873	1054
			1874	1054
			1875	1054
			1876	1054
			1877	1054
			1878	1054
			1879	1054
			1880	1054
			1881	1054
			1882	1054
			1883	1054
			1884	1054
			1885	1054
			1886	1054
			1887	1054
			1888	1054
			1889	1054
			1890	1054
			1891	1054
			1892	1053
			1893	1053
			1894	1053
			1895	1053
			1896	1053
			1897	1053
			1898	1053
			1899	1053
			1900	1052
			1901	1052
			1902	1052
			1903	1052
			1904	1052
			1905	1052
			1906	1052
			1907	1051
			1908	1051
			1909	1051
			1910	1051
			1911	1051
			1912	1051
			1913	1050
			1914	1050
			1915	1050
			1916	1050
			1917	1050
			1918	1049
			1919	1049
			1920	1049
			1921	1049
			1922	1049
			1923	1048
			1924	1048
			1925	1048
			1926	1048
			1927	1048
			1928	1047
			1929	1047
		</curvaD_espina_dorsal>
		<curvaI_espina_dorsal type=matrix rownames=FALSE colnames=FALSE nrow=368 ncol=2 as.numeric=TRUE >
			1580	943
			1581	943
			1582	944
			1583	944
			1584	944
			1585	945
			1586	945
			1587	946
			1588	946
			1589	946
			1590	946
			1591	947
			1592	947
			1593	948
			1594	948
			1595	948
			1596	949
			1597	949
			1598	949
			1599	950
			1600	950
			1601	950
			1602	951
			1603	951
			1604	951
			1605	952
			1606	952
			1607	952
			1608	953
			1609	953
			1610	954
			1611	954
			1612	954
			1613	955
			1614	955
			1615	955
			1616	956
			1617	956
			1618	957
			1619	957
			1620	957
			1621	958
			1622	958
			1623	958
			1624	959
			1625	959
			1626	959
			1626	960
			1627	960
			1628	960
			1629	961
			1630	961
			1631	962
			1632	962
			1633	962
			1634	963
			1635	963
			1636	964
			1637	964
			1638	964
			1639	965
			1640	965
			1641	965
			1641	966
			1642	966
			1643	966
			1644	967
			1645	967
			1646	968
			1647	968
			1648	969
			1649	969
			1650	970
			1651	970
			1652	970
			1653	971
			1654	971
			1655	972
			1656	972
			1657	972
			1658	973
			1659	973
			1659	974
			1660	974
			1661	974
			1662	975
			1663	975
			1664	976
			1665	976
			1666	977
			1667	977
			1668	978
			1669	978
			1670	979
			1671	979
			1672	980
			1673	980
			1674	981
			1675	981
			1676	982
			1677	982
			1678	983
			1679	983
			1680	983
			1681	984
			1682	984
			1683	985
			1684	986
			1685	986
			1686	987
			1687	987
			1688	988
			1689	988
			1690	989
			1691	989
			1692	990
			1693	990
			1694	991
			1695	992
			1696	992
			1697	993
			1698	993
			1698	994
			1699	994
			1700	995
			1701	995
			1702	996
			1703	996
			1704	997
			1705	998
			1706	999
			1707	999
			1708	1000
			1709	1001
			1710	1002
			1711	1002
			1712	1003
			1713	1004
			1714	1005
			1715	1005
			1716	1006
			1717	1007
			1718	1008
			1719	1008
			1720	1009
			1721	1010
			1722	1011
			1723	1012
			1724	1012
			1725	1013
			1726	1014
			1727	1015
			1728	1016
			1729	1017
			1730	1017
			1731	1018
			1731	1019
			1732	1020
			1733	1021
			1734	1022
			1735	1023
			1736	1023
			1737	1024
			1738	1025
			1739	1026
			1739	1027
			1740	1028
			1741	1029
			1742	1030
			1743	1031
			1744	1032
			1745	1033
			1745	1034
			1746	1035
			1747	1036
			1748	1037
			1749	1038
			1749	1039
			1750	1040
			1751	1041
			1752	1042
			1753	1043
			1753	1044
			1754	1045
			1755	1046
			1756	1047
			1756	1048
			1756	1049
			1756	1050
			1756	1051
			1756	1052
			1756	1053
			1756	1054
			1755	1055
			1755	1056
			1755	1057
			1755	1058
			1755	1059
			1754	1060
			1754	1061
			1754	1062
			1754	1063
			1753	1064
			1753	1065
			1753	1066
			1752	1067
			1752	1068
			1752	1069
			1751	1070
			1751	1071
			1750	1072
			1750	1073
			1749	1074
			1749	1075
			1748	1076
			1748	1077
			1747	1078
			1747	1079
			1746	1080
			1745	1081
			1745	1082
			1744	1083
			1743	1084
			1743	1085
			1742	1086
			1741	1087
			1740	1088
			1740	1089
			1739	1090
			1738	1091
			1737	1092
			1736	1093
			1735	1094
			1734	1095
			1733	1096
			1732	1097
			1731	1098
			1730	1099
			1729	1100
			1728	1101
			1727	1102
			1726	1103
			1725	1103
			1724	1104
			1723	1105
			1722	1106
			1721	1107
			1720	1107
			1719	1108
			1718	1109
			1717	1110
			1716	1111
			1715	1111
			1714	1112
			1713	1113
			1712	1114
			1711	1115
			1710	1115
			1709	1116
			1708	1116
			1707	1117
			1706	1118
			1705	1119
			1704	1119
			1703	1120
			1702	1120
			1701	1121
			1700	1121
			1699	1122
			1698	1122
			1697	1123
			1697	1124
			1696	1124
			1695	1125
			1694	1125
			1693	1126
			1692	1126
			1691	1127
			1690	1127
			1689	1128
			1688	1128
			1687	1129
			1686	1129
			1685	1130
			1684	1131
			1683	1131
			1683	1132
			1682	1132
			1682	1133
			1681	1133
			1681	1134
			1680	1135
			1680	1136
			1679	1137
			1678	1138
			1678	1139
			1678	1140
			1677	1140
			1677	1141
			1676	1142
			1676	1143
			1675	1144
			1674	1145
			1674	1146
			1674	1147
			1673	1148
			1672	1149
			1672	1150
			1671	1151
			1671	1152
			1670	1153
			1670	1154
			1670	1155
			1669	1156
			1669	1157
			1668	1158
			1668	1159
			1667	1160
			1667	1161
			1667	1162
			1666	1163
			1666	1164
			1665	1164
			1665	1165
			1665	1166
			1664	1167
			1664	1168
			1664	1169
			1663	1170
			1663	1171
			1663	1172
			1662	1173
			1662	1174
			1662	1175
			1661	1176
			1661	1177
			1661	1178
			1661	1179
			1660	1179
			1660	1180
			1660	1181
			1660	1182
			1659	1183
			1659	1184
			1659	1185
			1659	1186
			1659	1187
			1658	1188
			1658	1189
			1658	1190
			1658	1191
			1658	1192
			1657	1193
			1657	1194
			1657	1195
			1657	1196
			1657	1197
			1657	1198
			1657	1199
			1657	1200
			1656	1201
			1656	1202
			1656	1203
			1656	1204
			1656	1205
			1656	1206
			1656	1207
			1656	1208
		</curvaI_espina_dorsal>
	</curves.pixel>
	<curves.scaled type=list>
		<curvaD_espina_dorsal type=matrix rownames=FALSE colnames=FALSE nrow=359 ncol=2 as.numeric=TRUE >
			2.92592090891907	-1.74629330196878
			2.9277727575956	-1.74629330196878
			2.92962460627213	-1.74629330196878
			2.93147645494866	-1.74629330196878
			2.93332830362519	-1.74814515064532
			2.93518015230172	-1.74814515064532
			2.93703200097825	-1.74814515064532
			2.93888384965478	-1.74814515064532
			2.94073569833131	-1.74814515064532
			2.94258754700785	-1.74814515064532
			2.94443939568438	-1.74999699932185
			2.94629124436091	-1.74999699932185
			2.94814309303744	-1.74999699932185
			2.94999494171397	-1.74999699932185
			2.9518467903905	-1.74999699932185
			2.95369863906703	-1.74999699932185
			2.95555048774356	-1.75184884799838
			2.95740233642009	-1.75184884799838
			2.95925418509663	-1.75184884799838
			2.96110603377316	-1.75184884799838
			2.96295788244969	-1.75184884799838
			2.96480973112622	-1.75370069667491
			2.96666157980275	-1.75370069667491
			2.96851342847928	-1.75370069667491
			2.97036527715581	-1.75370069667491
			2.97221712583234	-1.75370069667491
			2.97406897450887	-1.75555254535144
			2.9759208231854	-1.75555254535144
			2.97777267186194	-1.75555254535144
			2.97962452053847	-1.75555254535144
			2.981476369215	-1.75740439402797
			2.98332821789153	-1.75740439402797
			2.98518006656806	-1.75740439402797
			2.98703191524459	-1.75740439402797
			2.98888376392112	-1.75740439402797
			2.98888376392112	-1.7592562427045
			2.99073561259765	-1.7592562427045
			2.99258746127418	-1.7592562427045
			2.99443930995072	-1.7592562427045
			2.99629115862725	-1.76110809138103
			2.99814300730378	-1.76110809138103
			2.99999485598031	-1.76110809138103
			3.00184670465684	-1.76110809138103
			3.00369855333337	-1.76295994005756
			3.0055504020099	-1.76295994005756
			3.00740225068643	-1.76295994005756
			3.00925409936296	-1.76295994005756
			3.01110594803949	-1.7648117887341
			3.01295779671603	-1.7648117887341
			3.01480964539256	-1.7648117887341
			3.01666149406909	-1.76666363741063
			3.01851334274562	-1.76666363741063
			3.02036519142215	-1.76666363741063
			3.02221704009868	-1.76666363741063
			3.02406888877521	-1.76851548608716
			3.02592073745174	-1.76851548608716
			3.02777258612827	-1.76851548608716
			3.02962443480481	-1.77036733476369
			3.03147628348134	-1.77036733476369
			3.03332813215787	-1.77036733476369
			3.0351799808344	-1.77221918344022
			3.03703182951093	-1.77221918344022
			3.03888367818746	-1.77221918344022
			3.04073552686399	-1.77221918344022
			3.04258737554052	-1.77407103211675
			3.04443922421705	-1.77407103211675
			3.04629107289359	-1.77407103211675
			3.04814292157012	-1.77407103211675
			3.04814292157012	-1.77592288079328
			3.04999477024665	-1.77592288079328
			3.05184661892318	-1.77592288079328
			3.05369846759971	-1.77592288079328
			3.05555031627624	-1.77777472946981
			3.05740216495277	-1.77777472946981
			3.0592540136293	-1.77777472946981
			3.06110586230583	-1.77962657814634
			3.06295771098236	-1.77962657814634
			3.0648095596589	-1.77962657814634
			3.06666140833543	-1.78147842682287
			3.06851325701196	-1.78147842682287
			3.07036510568849	-1.78147842682287
			3.07221695436502	-1.78333027549941
			3.07406880304155	-1.78333027549941
			3.07592065171808	-1.78333027549941
			3.07777250039461	-1.78518212417594
			3.07962434907114	-1.78518212417594
			3.08147619774768	-1.78518212417594
			3.08332804642421	-1.78703397285247
			3.08517989510074	-1.78703397285247
			3.08703174377727	-1.78703397285247
			3.0888835924538	-1.788885821529
			3.09073544113033	-1.788885821529
			3.09258728980686	-1.788885821529
			3.09443913848339	-1.79073767020553
			3.09629098715992	-1.79073767020553
			3.09814283583645	-1.79258951888206
			3.09999468451299	-1.79258951888206
			3.10184653318952	-1.79258951888206
			3.10369838186605	-1.79444136755859
			3.10555023054258	-1.79444136755859
			3.10740207921911	-1.79444136755859
			3.10925392789564	-1.79444136755859
			3.10925392789564	-1.79629321623512
			3.11110577657217	-1.79629321623512
			3.1129576252487	-1.79629321623512
			3.11480947392523	-1.79814506491165
			3.11666132260176	-1.79814506491165
			3.1185131712783	-1.79814506491165
			3.12036501995483	-1.79999691358819
			3.12221686863136	-1.79999691358819
			3.12406871730789	-1.79999691358819
			3.12592056598442	-1.80184876226472
			3.12777241466095	-1.80184876226472
			3.12962426333748	-1.80184876226472
			3.13147611201401	-1.80370061094125
			3.13332796069054	-1.80370061094125
			3.13517980936708	-1.80555245961778
			3.13703165804361	-1.80555245961778
			3.13888350672014	-1.80555245961778
			3.14073535539667	-1.80740430829431
			3.1425872040732	-1.80740430829431
			3.14443905274973	-1.80740430829431
			3.14629090142626	-1.80925615697084
			3.14814275010279	-1.81110800564737
			3.14999459877932	-1.81110800564737
			3.15184644745585	-1.81110800564737
			3.15369829613239	-1.8129598543239
			3.15555014480892	-1.8129598543239
			3.15740199348545	-1.81481170300043
			3.15925384216198	-1.81481170300043
			3.16110569083851	-1.81666355167696
			3.16295753951504	-1.81666355167696
			3.16480938819157	-1.8185154003535
			3.1666612368681	-1.8185154003535
			3.16851308554463	-1.82036724903003
			3.17036493422117	-1.82036724903003
			3.1722167828977	-1.82221909770656
			3.17406863157423	-1.82221909770656
			3.17592048025076	-1.82407094638309
			3.17777232892729	-1.82407094638309
			3.17962417760382	-1.82592279505962
			3.18147602628035	-1.82592279505962
			3.18332787495688	-1.82777464373615
			3.18517972363341	-1.82777464373615
			3.18703157230994	-1.82962649241268
			3.18888342098648	-1.82962649241268
			3.19073526966301	-1.82962649241268
			3.19073526966301	-1.83147834108921
			3.19258711833954	-1.83147834108921
			3.19443896701607	-1.83333018976574
			3.1962908156926	-1.83333018976574
			3.19814266436913	-1.83518203844228
			3.19999451304566	-1.83518203844228
			3.20184636172219	-1.83703388711881
			3.20369821039872	-1.83703388711881
			3.20555005907526	-1.83888573579534
			3.20740190775179	-1.83888573579534
			3.20925375642832	-1.84073758447187
			3.21110560510485	-1.84073758447187
			3.21295745378138	-1.8425894331484
			3.21480930245791	-1.8425894331484
			3.21666115113444	-1.84444128182493
			3.21851299981097	-1.84444128182493
			3.2203648484875	-1.84629313050146
			3.22221669716403	-1.84629313050146
			3.22406854584057	-1.84814497917799
			3.2259203945171	-1.84814497917799
			3.22777224319363	-1.84999682785452
			3.22962409187016	-1.84999682785452
			3.23147594054669	-1.85184867653105
			3.23332778922322	-1.85184867653105
			3.23517963789975	-1.85370052520759
			3.23703148657628	-1.85370052520759
			3.23888333525281	-1.85555237388412
			3.24073518392935	-1.85555237388412
			3.24258703260588	-1.85740422256065
			3.24443888128241	-1.85740422256065
			3.24629072995894	-1.85925607123718
			3.24814257863547	-1.85925607123718
			3.24814257863547	-1.86110791991371
			3.249994427312	-1.86110791991371
			3.25184627598853	-1.86295976859024
			3.25369812466506	-1.86295976859024
			3.25554997334159	-1.86481161726677
			3.25740182201812	-1.86481161726677
			3.25925367069466	-1.8666634659433
			3.26110551937119	-1.8666634659433
			3.26295736804772	-1.86851531461983
			3.26480921672425	-1.86851531461983
			3.26666106540078	-1.87036716329637
			3.26851291407731	-1.8722190119729
			3.27036476275384	-1.8722190119729
			3.27221661143037	-1.87407086064943
			3.2740684601069	-1.87407086064943
			3.27592030878344	-1.87592270932596
			3.27777215745997	-1.87592270932596
			3.2796240061365	-1.87777455800249
			3.28147585481303	-1.87777455800249
			3.28332770348956	-1.87777455800249
			3.28332770348956	-1.87962640667902
			3.28517955216609	-1.87962640667902
			3.28703140084262	-1.88147825535555
			3.28888324951915	-1.88147825535555
			3.28888324951915	-1.88333010403208
			3.29073509819568	-1.88333010403208
			3.29258694687221	-1.88333010403208
			3.29443879554875	-1.88518195270861
			3.29629064422528	-1.88703380138514
			3.29814249290181	-1.88888565006168
			3.29999434157834	-1.89073749873821
			3.30184619025487	-1.89258934741474
			3.3036980389314	-1.89444119609127
			3.30554988760793	-1.8962930447678
			3.30740173628446	-1.89814489344433
			3.30925358496099	-1.89999674212086
			3.31110543363753	-1.90184859079739
			3.31295728231406	-1.90184859079739
			3.31480913099059	-1.90370043947392
			3.31666097966712	-1.90555228815046
			3.31851282834365	-1.90740413682699
			3.32036467702018	-1.90925598550352
			3.32221652569671	-1.91110783418005
			3.32406837437324	-1.91295968285658
			3.32592022304977	-1.91295968285658
			3.32777207172631	-1.91481153153311
			3.32962392040284	-1.91481153153311
			3.32962392040284	-1.91666338020964
			3.33147576907937	-1.91666338020964
			3.3333276177559	-1.91666338020964
			3.3333276177559	-1.91851522888617
			3.33517946643243	-1.91851522888617
			3.33703131510896	-1.9203670775627
			3.33888316378549	-1.92221892623923
			3.34073501246202	-1.92221892623923
			3.34258686113855	-1.92407077491577
			3.34443870981508	-1.92407077491577
			3.34629055849162	-1.9259226235923
			3.34814240716815	-1.9259226235923
			3.34999425584468	-1.92777447226883
			3.35184610452121	-1.92962632094536
			3.35369795319774	-1.92962632094536
			3.35554980187427	-1.92962632094536
			3.3574016505508	-1.93147816962189
			3.35925349922733	-1.93147816962189
			3.36110534790386	-1.93333001829842
			3.3629571965804	-1.93333001829842
			3.36480904525693	-1.93518186697495
			3.36666089393346	-1.93518186697495
			3.36851274260999	-1.93518186697495
			3.37036459128652	-1.93703371565148
			3.37221643996305	-1.93703371565148
			3.37406828863958	-1.93888556432801
			3.37592013731611	-1.93888556432801
			3.37777198599264	-1.93888556432801
			3.37962383466917	-1.94073741300455
			3.38147568334571	-1.94073741300455
			3.38332753202224	-1.94073741300455
			3.38517938069877	-1.94258926168108
			3.3870312293753	-1.94258926168108
			3.38888307805183	-1.94258926168108
			3.39073492672836	-1.94258926168108
			3.39258677540489	-1.94444111035761
			3.39443862408142	-1.94444111035761
			3.39629047275795	-1.94444111035761
			3.39814232143449	-1.94444111035761
			3.39999417011102	-1.94629295903414
			3.40184601878755	-1.94629295903414
			3.40369786746408	-1.94629295903414
			3.40554971614061	-1.94629295903414
			3.40740156481714	-1.94814480771067
			3.40925341349367	-1.94814480771067
			3.4111052621702	-1.94814480771067
			3.41295711084673	-1.94814480771067
			3.41480895952326	-1.94814480771067
			3.4166608081998	-1.94814480771067
			3.41851265687633	-1.9499966563872
			3.42036450555286	-1.9499966563872
			3.42221635422939	-1.9499966563872
			3.42406820290592	-1.9499966563872
			3.42592005158245	-1.9499966563872
			3.42777190025898	-1.9499966563872
			3.42962374893551	-1.9499966563872
			3.43147559761204	-1.95184850506373
			3.43332744628858	-1.95184850506373
			3.43517929496511	-1.95184850506373
			3.43703114364164	-1.95184850506373
			3.43888299231817	-1.95184850506373
			3.4407348409947	-1.95184850506373
			3.44258668967123	-1.95184850506373
			3.44443853834776	-1.95184850506373
			3.44629038702429	-1.95184850506373
			3.44814223570082	-1.95184850506373
			3.44999408437735	-1.95184850506373
			3.45184593305389	-1.95184850506373
			3.45369778173042	-1.95184850506373
			3.45554963040695	-1.95184850506373
			3.45740147908348	-1.95184850506373
			3.45925332776001	-1.95184850506373
			3.46110517643654	-1.95184850506373
			3.46295702511307	-1.95184850506373
			3.4648088737896	-1.95184850506373
			3.46666072246613	-1.95184850506373
			3.46851257114267	-1.95184850506373
			3.4703644198192	-1.95184850506373
			3.47221626849573	-1.95184850506373
			3.47406811717226	-1.95184850506373
			3.47591996584879	-1.95184850506373
			3.47777181452532	-1.95184850506373
			3.47962366320185	-1.95184850506373
			3.48147551187838	-1.95184850506373
			3.48332736055491	-1.95184850506373
			3.48517920923144	-1.95184850506373
			3.48703105790798	-1.95184850506373
			3.48888290658451	-1.95184850506373
			3.49073475526104	-1.95184850506373
			3.49258660393757	-1.95184850506373
			3.4944384526141	-1.95184850506373
			3.49629030129063	-1.95184850506373
			3.49814214996716	-1.95184850506373
			3.49999399864369	-1.95184850506373
			3.50184584732022	-1.95184850506373
			3.50369769599676	-1.9499966563872
			3.50554954467329	-1.9499966563872
			3.50740139334982	-1.9499966563872
			3.50925324202635	-1.9499966563872
			3.51110509070288	-1.9499966563872
			3.51295693937941	-1.9499966563872
			3.51480878805594	-1.9499966563872
			3.51666063673247	-1.9499966563872
			3.518512485409	-1.94814480771067
			3.52036433408553	-1.94814480771067
			3.52221618276207	-1.94814480771067
			3.5240680314386	-1.94814480771067
			3.52591988011513	-1.94814480771067
			3.52777172879166	-1.94814480771067
			3.52962357746819	-1.94814480771067
			3.53147542614472	-1.94629295903414
			3.53332727482125	-1.94629295903414
			3.53517912349778	-1.94629295903414
			3.53703097217431	-1.94629295903414
			3.53888282085085	-1.94629295903414
			3.54073466952738	-1.94629295903414
			3.54258651820391	-1.94444111035761
			3.54443836688044	-1.94444111035761
			3.54629021555697	-1.94444111035761
			3.5481420642335	-1.94444111035761
			3.54999391291003	-1.94444111035761
			3.55184576158656	-1.94258926168108
			3.55369761026309	-1.94258926168108
			3.55554945893963	-1.94258926168108
			3.55740130761616	-1.94258926168108
			3.55925315629269	-1.94258926168108
			3.56110500496922	-1.94073741300455
			3.56295685364575	-1.94073741300455
			3.56480870232228	-1.94073741300455
			3.56666055099881	-1.94073741300455
			3.56851239967534	-1.94073741300455
			3.57036424835187	-1.93888556432801
			3.5722160970284	-1.93888556432801
		</curvaD_espina_dorsal>
		<curvaI_espina_dorsal type=matrix rownames=FALSE colnames=FALSE nrow=368 ncol=2 as.numeric=TRUE >
			2.92592090891907	-1.74629330196878
			2.9277727575956	-1.74629330196878
			2.92962460627213	-1.74814515064532
			2.93147645494866	-1.74814515064532
			2.93332830362519	-1.74814515064532
			2.93518015230172	-1.74999699932185
			2.93703200097825	-1.74999699932185
			2.93888384965478	-1.75184884799838
			2.94073569833131	-1.75184884799838
			2.94258754700785	-1.75184884799838
			2.94443939568438	-1.75184884799838
			2.94629124436091	-1.75370069667491
			2.94814309303744	-1.75370069667491
			2.94999494171397	-1.75555254535144
			2.9518467903905	-1.75555254535144
			2.95369863906703	-1.75555254535144
			2.95555048774356	-1.75740439402797
			2.95740233642009	-1.75740439402797
			2.95925418509663	-1.75740439402797
			2.96110603377316	-1.7592562427045
			2.96295788244969	-1.7592562427045
			2.96480973112622	-1.7592562427045
			2.96666157980275	-1.76110809138103
			2.96851342847928	-1.76110809138103
			2.97036527715581	-1.76110809138103
			2.97221712583234	-1.76295994005756
			2.97406897450887	-1.76295994005756
			2.9759208231854	-1.76295994005756
			2.97777267186194	-1.7648117887341
			2.97962452053847	-1.7648117887341
			2.981476369215	-1.76666363741063
			2.98332821789153	-1.76666363741063
			2.98518006656806	-1.76666363741063
			2.98703191524459	-1.76851548608716
			2.98888376392112	-1.76851548608716
			2.99073561259765	-1.76851548608716
			2.99258746127418	-1.77036733476369
			2.99443930995072	-1.77036733476369
			2.99629115862725	-1.77221918344022
			2.99814300730378	-1.77221918344022
			2.99999485598031	-1.77221918344022
			3.00184670465684	-1.77407103211675
			3.00369855333337	-1.77407103211675
			3.0055504020099	-1.77407103211675
			3.00740225068643	-1.77592288079328
			3.00925409936296	-1.77592288079328
			3.01110594803949	-1.77592288079328
			3.01110594803949	-1.77777472946981
			3.01295779671603	-1.77777472946981
			3.01480964539256	-1.77777472946981
			3.01666149406909	-1.77962657814634
			3.01851334274562	-1.77962657814634
			3.02036519142215	-1.78147842682287
			3.02221704009868	-1.78147842682287
			3.02406888877521	-1.78147842682287
			3.02592073745174	-1.78333027549941
			3.02777258612827	-1.78333027549941
			3.02962443480481	-1.78518212417594
			3.03147628348134	-1.78518212417594
			3.03332813215787	-1.78518212417594
			3.0351799808344	-1.78703397285247
			3.03703182951093	-1.78703397285247
			3.03888367818746	-1.78703397285247
			3.03888367818746	-1.788885821529
			3.04073552686399	-1.788885821529
			3.04258737554052	-1.788885821529
			3.04443922421705	-1.79073767020553
			3.04629107289359	-1.79073767020553
			3.04814292157012	-1.79258951888206
			3.04999477024665	-1.79258951888206
			3.05184661892318	-1.79444136755859
			3.05369846759971	-1.79444136755859
			3.05555031627624	-1.79629321623512
			3.05740216495277	-1.79629321623512
			3.0592540136293	-1.79629321623512
			3.06110586230583	-1.79814506491165
			3.06295771098236	-1.79814506491165
			3.0648095596589	-1.79999691358819
			3.06666140833543	-1.79999691358819
			3.06851325701196	-1.79999691358819
			3.07036510568849	-1.80184876226472
			3.07221695436502	-1.80184876226472
			3.07221695436502	-1.80370061094125
			3.07406880304155	-1.80370061094125
			3.07592065171808	-1.80370061094125
			3.07777250039461	-1.80555245961778
			3.07962434907114	-1.80555245961778
			3.08147619774768	-1.80740430829431
			3.08332804642421	-1.80740430829431
			3.08517989510074	-1.80925615697084
			3.08703174377727	-1.80925615697084
			3.0888835924538	-1.81110800564737
			3.09073544113033	-1.81110800564737
			3.09258728980686	-1.8129598543239
			3.09443913848339	-1.8129598543239
			3.09629098715992	-1.81481170300043
			3.09814283583645	-1.81481170300043
			3.09999468451299	-1.81666355167696
			3.10184653318952	-1.81666355167696
			3.10369838186605	-1.8185154003535
			3.10555023054258	-1.8185154003535
			3.10740207921911	-1.82036724903003
			3.10925392789564	-1.82036724903003
			3.11110577657217	-1.82036724903003
			3.1129576252487	-1.82221909770656
			3.11480947392523	-1.82221909770656
			3.11666132260176	-1.82407094638309
			3.1185131712783	-1.82592279505962
			3.12036501995483	-1.82592279505962
			3.12221686863136	-1.82777464373615
			3.12406871730789	-1.82777464373615
			3.12592056598442	-1.82962649241268
			3.12777241466095	-1.82962649241268
			3.12962426333748	-1.83147834108921
			3.13147611201401	-1.83147834108921
			3.13332796069054	-1.83333018976574
			3.13517980936708	-1.83333018976574
			3.13703165804361	-1.83518203844228
			3.13888350672014	-1.83703388711881
			3.14073535539667	-1.83703388711881
			3.1425872040732	-1.83888573579534
			3.14443905274973	-1.83888573579534
			3.14443905274973	-1.84073758447187
			3.14629090142626	-1.84073758447187
			3.14814275010279	-1.8425894331484
			3.14999459877932	-1.8425894331484
			3.15184644745585	-1.84444128182493
			3.15369829613239	-1.84444128182493
			3.15555014480892	-1.84629313050146
			3.15740199348545	-1.84814497917799
			3.15925384216198	-1.84999682785452
			3.16110569083851	-1.84999682785452
			3.16295753951504	-1.85184867653105
			3.16480938819157	-1.85370052520759
			3.1666612368681	-1.85555237388412
			3.16851308554463	-1.85555237388412
			3.17036493422117	-1.85740422256065
			3.1722167828977	-1.85925607123718
			3.17406863157423	-1.86110791991371
			3.17592048025076	-1.86110791991371
			3.17777232892729	-1.86295976859024
			3.17962417760382	-1.86481161726677
			3.18147602628035	-1.8666634659433
			3.18332787495688	-1.8666634659433
			3.18517972363341	-1.86851531461983
			3.18703157230994	-1.87036716329637
			3.18888342098648	-1.8722190119729
			3.19073526966301	-1.87407086064943
			3.19258711833954	-1.87407086064943
			3.19443896701607	-1.87592270932596
			3.1962908156926	-1.87777455800249
			3.19814266436913	-1.87962640667902
			3.19999451304566	-1.88147825535555
			3.20184636172219	-1.88333010403208
			3.20369821039872	-1.88333010403208
			3.20555005907526	-1.88518195270861
			3.20555005907526	-1.88703380138514
			3.20740190775179	-1.88888565006168
			3.20925375642832	-1.89073749873821
			3.21110560510485	-1.89258934741474
			3.21295745378138	-1.89444119609127
			3.21480930245791	-1.89444119609127
			3.21666115113444	-1.8962930447678
			3.21851299981097	-1.89814489344433
			3.2203648484875	-1.89999674212086
			3.2203648484875	-1.90184859079739
			3.22221669716403	-1.90370043947392
			3.22406854584057	-1.90555228815046
			3.2259203945171	-1.90740413682699
			3.22777224319363	-1.90925598550352
			3.22962409187016	-1.91110783418005
			3.23147594054669	-1.91295968285658
			3.23147594054669	-1.91481153153311
			3.23332778922322	-1.91666338020964
			3.23517963789975	-1.91851522888617
			3.23703148657628	-1.9203670775627
			3.23888333525281	-1.92221892623923
			3.23888333525281	-1.92407077491577
			3.24073518392935	-1.9259226235923
			3.24258703260588	-1.92777447226883
			3.24443888128241	-1.92962632094536
			3.24629072995894	-1.93147816962189
			3.24629072995894	-1.93333001829842
			3.24814257863547	-1.93518186697495
			3.249994427312	-1.93703371565148
			3.25184627598853	-1.93888556432801
			3.25184627598853	-1.94073741300455
			3.25184627598853	-1.94258926168108
			3.25184627598853	-1.94444111035761
			3.25184627598853	-1.94629295903414
			3.25184627598853	-1.94814480771067
			3.25184627598853	-1.9499966563872
			3.25184627598853	-1.95184850506373
			3.249994427312	-1.95370035374026
			3.249994427312	-1.95555220241679
			3.249994427312	-1.95740405109332
			3.249994427312	-1.95925589976986
			3.249994427312	-1.96110774844639
			3.24814257863547	-1.96295959712292
			3.24814257863547	-1.96481144579945
			3.24814257863547	-1.96666329447598
			3.24814257863547	-1.96851514315251
			3.24629072995894	-1.97036699182904
			3.24629072995894	-1.97221884050557
			3.24629072995894	-1.9740706891821
			3.24443888128241	-1.97592253785864
			3.24443888128241	-1.97777438653517
			3.24443888128241	-1.9796262352117
			3.24258703260588	-1.98147808388823
			3.24258703260588	-1.98332993256476
			3.24073518392935	-1.98518178124129
			3.24073518392935	-1.98703362991782
			3.23888333525281	-1.98888547859435
			3.23888333525281	-1.99073732727088
			3.23703148657628	-1.99258917594741
			3.23703148657628	-1.99444102462395
			3.23517963789975	-1.99629287330048
			3.23517963789975	-1.99814472197701
			3.23332778922322	-1.99999657065354
			3.23147594054669	-2.00184841933007
			3.23147594054669	-2.0037002680066
			3.22962409187016	-2.00555211668313
			3.22777224319363	-2.00740396535966
			3.22777224319363	-2.00925581403619
			3.2259203945171	-2.01110766271273
			3.22406854584057	-2.01295951138926
			3.22221669716403	-2.01481136006579
			3.22221669716403	-2.01666320874232
			3.2203648484875	-2.01851505741885
			3.21851299981097	-2.02036690609538
			3.21666115113444	-2.02221875477191
			3.21480930245791	-2.02407060344844
			3.21295745378138	-2.02592245212497
			3.21110560510485	-2.02777430080151
			3.20925375642832	-2.02962614947804
			3.20740190775179	-2.03147799815457
			3.20555005907526	-2.0333298468311
			3.20369821039872	-2.03518169550763
			3.20184636172219	-2.03703354418416
			3.19999451304566	-2.03888539286069
			3.19814266436913	-2.04073724153722
			3.1962908156926	-2.04258909021375
			3.19443896701607	-2.04258909021375
			3.19258711833954	-2.04444093889028
			3.19073526966301	-2.04629278756682
			3.18888342098648	-2.04814463624335
			3.18703157230994	-2.04999648491988
			3.18517972363341	-2.04999648491988
			3.18332787495688	-2.05184833359641
			3.18147602628035	-2.05370018227294
			3.17962417760382	-2.05555203094947
			3.17777232892729	-2.057403879626
			3.17592048025076	-2.057403879626
			3.17406863157423	-2.05925572830253
			3.1722167828977	-2.06110757697906
			3.17036493422117	-2.06295942565559
			3.16851308554463	-2.06481127433213
			3.1666612368681	-2.06481127433213
			3.16480938819157	-2.06666312300866
			3.16295753951504	-2.06666312300866
			3.16110569083851	-2.06851497168519
			3.15925384216198	-2.07036682036172
			3.15740199348545	-2.07221866903825
			3.15555014480892	-2.07221866903825
			3.15369829613239	-2.07407051771478
			3.15184644745585	-2.07407051771478
			3.14999459877932	-2.07592236639131
			3.14814275010279	-2.07592236639131
			3.14629090142626	-2.07777421506784
			3.14443905274973	-2.07777421506784
			3.1425872040732	-2.07962606374437
			3.1425872040732	-2.08147791242091
			3.14073535539667	-2.08147791242091
			3.13888350672014	-2.08332976109744
			3.13703165804361	-2.08332976109744
			3.13517980936708	-2.08518160977397
			3.13332796069054	-2.08518160977397
			3.13147611201401	-2.0870334584505
			3.12962426333748	-2.0870334584505
			3.12777241466095	-2.08888530712703
			3.12592056598442	-2.08888530712703
			3.12406871730789	-2.09073715580356
			3.12221686863136	-2.09073715580356
			3.12036501995483	-2.09258900448009
			3.1185131712783	-2.09444085315662
			3.11666132260176	-2.09444085315662
			3.11666132260176	-2.09629270183315
			3.11480947392523	-2.09629270183315
			3.11480947392523	-2.09814455050968
			3.1129576252487	-2.09814455050968
			3.1129576252487	-2.09999639918622
			3.11110577657217	-2.10184824786275
			3.11110577657217	-2.10370009653928
			3.10925392789564	-2.10555194521581
			3.10740207921911	-2.10740379389234
			3.10740207921911	-2.10925564256887
			3.10740207921911	-2.1111074912454
			3.10555023054258	-2.1111074912454
			3.10555023054258	-2.11295933992193
			3.10369838186605	-2.11481118859846
			3.10369838186605	-2.116663037275
			3.10184653318952	-2.11851488595153
			3.09999468451299	-2.12036673462806
			3.09999468451299	-2.12221858330459
			3.09999468451299	-2.12407043198112
			3.09814283583645	-2.12592228065765
			3.09629098715992	-2.12777412933418
			3.09629098715992	-2.12962597801071
			3.09443913848339	-2.13147782668724
			3.09443913848339	-2.13332967536377
			3.09258728980686	-2.13518152404031
			3.09258728980686	-2.13703337271684
			3.09258728980686	-2.13888522139337
			3.09073544113033	-2.1407370700699
			3.09073544113033	-2.14258891874643
			3.0888835924538	-2.14444076742296
			3.0888835924538	-2.14629261609949
			3.08703174377727	-2.14814446477602
			3.08703174377727	-2.14999631345255
			3.08703174377727	-2.15184816212909
			3.08517989510074	-2.15370001080562
			3.08517989510074	-2.15555185948215
			3.08332804642421	-2.15555185948215
			3.08332804642421	-2.15740370815868
			3.08332804642421	-2.15925555683521
			3.08147619774768	-2.16110740551174
			3.08147619774768	-2.16295925418827
			3.08147619774768	-2.1648111028648
			3.07962434907114	-2.16666295154133
			3.07962434907114	-2.16851480021786
			3.07962434907114	-2.1703666488944
			3.07777250039461	-2.17221849757093
			3.07777250039461	-2.17407034624746
			3.07777250039461	-2.17592219492399
			3.07592065171808	-2.17777404360052
			3.07592065171808	-2.17962589227705
			3.07592065171808	-2.18147774095358
			3.07592065171808	-2.18332958963011
			3.07406880304155	-2.18332958963011
			3.07406880304155	-2.18518143830664
			3.07406880304155	-2.18703328698318
			3.07406880304155	-2.18888513565971
			3.07221695436502	-2.19073698433624
			3.07221695436502	-2.19258883301277
			3.07221695436502	-2.1944406816893
			3.07221695436502	-2.19629253036583
			3.07221695436502	-2.19814437904236
			3.07036510568849	-2.19999622771889
			3.07036510568849	-2.20184807639542
			3.07036510568849	-2.20369992507195
			3.07036510568849	-2.20555177374849
			3.07036510568849	-2.20740362242502
			3.06851325701196	-2.20925547110155
			3.06851325701196	-2.21110731977808
			3.06851325701196	-2.21295916845461
			3.06851325701196	-2.21481101713114
			3.06851325701196	-2.21666286580767
			3.06851325701196	-2.2185147144842
			3.06851325701196	-2.22036656316073
			3.06851325701196	-2.22221841183727
			3.06666140833543	-2.2240702605138
			3.06666140833543	-2.22592210919033
			3.06666140833543	-2.22777395786686
			3.06666140833543	-2.22962580654339
			3.06666140833543	-2.23147765521992
			3.06666140833543	-2.23332950389645
			3.06666140833543	-2.23518135257298
			3.06666140833543	-2.23703320124951
		</curvaI_espina_dorsal>
	</curves.scaled>
	<ruler.points type=matrix rownames=TRUE colnames=FALSE nrow=2 ncol=2 as.numeric=TRUE >
		Ruler point 1	1497	453
		Ruler point 2	2037	452
	</ruler.points>
</shapes>

