<shapes type=list>
	<ruler.pixel type=vector names=FALSE length=1 as.numeric=TRUE >539.000927642987</ruler.pixel>
	<ruler.interval type=vector names=FALSE length=1 as.numeric=TRUE >1</ruler.interval>
	<scaling.units type=vector names=FALSE length=1 as.numeric=FALSE >mm</scaling.units>
	<scaling type=vector names=FALSE length=1 as.numeric=TRUE >0.00185184867653105</scaling>
	<landmarks.pixel type=matrix rownames=TRUE colnames=FALSE nrow=3 ncol=2 as.numeric=TRUE >
		punta_espina_dorsal	1437	979
		esq_izq_caparaza	1366	1210
		organo_dorsal	1677	1197
	</landmarks.pixel>
	<landmarks.scaled type=matrix rownames=TRUE colnames=FALSE nrow=3 ncol=2 as.numeric=TRUE >
		punta_espina_dorsal	2.66110654817513	-1.8129598543239
		esq_izq_caparaza	2.52962529214142	-2.24073689860258
		organo_dorsal	3.10555023054258	-2.21666286580767
	</landmarks.scaled>
	<curves.control type=list>
		<curvaD_espina_dorsal type=matrix rownames=FALSE colnames=FALSE nrow=7 ncol=2 as.numeric=TRUE >
			1437	979
			1469	999
			1511	1044
			1541	1077
			1569	1126
			1575	1160
			1677	1197
		</curvaD_espina_dorsal>
		<curvaI_espina_dorsal type=matrix rownames=FALSE colnames=FALSE nrow=9 ncol=2 as.numeric=TRUE >
			1437	979
			1457	1008
			1494	1051
			1540	1106
			1531	1130
			1493	1179
			1434	1161
			1381	1187
			1366	1210
		</curvaI_espina_dorsal>
	</curves.control>
	<curves.pixel type=list>
		<curvaD_espina_dorsal type=matrix rownames=FALSE colnames=FALSE nrow=290 ncol=2 as.numeric=TRUE >
			1437	979
			1438	979
			1438	980
			1439	980
			1440	981
			1441	982
			1442	982
			1443	983
			1444	984
			1445	984
			1446	985
			1447	986
			1448	986
			1449	987
			1450	988
			1451	988
			1451	989
			1452	990
			1453	990
			1454	991
			1455	992
			1456	992
			1457	993
			1458	994
			1459	994
			1460	995
			1460	996
			1461	997
			1462	997
			1463	998
			1464	999
			1465	1000
			1466	1001
			1467	1001
			1468	1002
			1469	1003
			1470	1004
			1471	1005
			1472	1006
			1473	1006
			1474	1007
			1475	1008
			1476	1009
			1477	1010
			1478	1011
			1479	1012
			1480	1013
			1481	1013
			1482	1014
			1483	1015
			1484	1016
			1485	1017
			1486	1018
			1487	1019
			1488	1020
			1489	1021
			1490	1022
			1491	1023
			1492	1024
			1493	1025
			1494	1026
			1495	1027
			1496	1028
			1497	1029
			1498	1030
			1499	1031
			1500	1032
			1500	1033
			1501	1033
			1502	1034
			1502	1035
			1503	1035
			1503	1036
			1504	1037
			1505	1037
			1505	1038
			1506	1039
			1507	1039
			1507	1040
			1508	1041
			1509	1041
			1509	1042
			1510	1043
			1511	1044
			1512	1045
			1513	1046
			1513	1047
			1514	1048
			1515	1049
			1516	1050
			1517	1051
			1518	1052
			1519	1053
			1520	1054
			1521	1055
			1521	1056
			1522	1057
			1523	1057
			1523	1058
			1524	1059
			1525	1060
			1525	1061
			1526	1062
			1527	1063
			1528	1064
			1529	1065
			1530	1066
			1530	1067
			1531	1068
			1532	1069
			1533	1070
			1533	1071
			1534	1072
			1535	1073
			1535	1074
			1536	1075
			1537	1076
			1538	1077
			1538	1078
			1539	1079
			1540	1080
			1540	1081
			1541	1082
			1542	1083
			1542	1084
			1543	1085
			1544	1086
			1544	1087
			1545	1088
			1546	1089
			1546	1090
			1547	1091
			1548	1092
			1548	1093
			1549	1094
			1550	1095
			1550	1096
			1551	1097
			1552	1098
			1552	1099
			1553	1100
			1554	1101
			1554	1102
			1555	1103
			1556	1104
			1556	1105
			1557	1106
			1558	1107
			1558	1108
			1559	1109
			1560	1110
			1560	1111
			1561	1112
			1561	1113
			1562	1113
			1562	1114
			1562	1115
			1563	1115
			1563	1116
			1564	1117
			1564	1118
			1565	1119
			1566	1120
			1566	1121
			1567	1122
			1567	1123
			1568	1123
			1568	1124
			1568	1125
			1569	1126
			1569	1127
			1569	1128
			1570	1129
			1570	1130
			1570	1131
			1571	1132
			1571	1133
			1572	1134
			1572	1135
			1573	1136
			1573	1137
			1574	1138
			1574	1139
			1575	1139
			1576	1140
			1576	1141
			1577	1142
			1578	1143
			1578	1144
			1579	1144
			1580	1145
			1581	1146
			1582	1147
			1582	1148
			1583	1149
			1584	1150
			1585	1150
			1586	1151
			1587	1152
			1588	1153
			1589	1154
			1590	1155
			1591	1155
			1592	1156
			1593	1156
			1594	1157
			1594	1158
			1595	1158
			1596	1159
			1597	1160
			1598	1160
			1599	1161
			1600	1161
			1601	1162
			1602	1163
			1603	1163
			1604	1164
			1605	1164
			1606	1165
			1607	1166
			1608	1166
			1609	1167
			1610	1168
			1611	1168
			1612	1169
			1613	1169
			1614	1170
			1615	1170
			1616	1171
			1617	1171
			1618	1172
			1619	1172
			1620	1173
			1621	1173
			1622	1174
			1623	1174
			1624	1175
			1625	1176
			1626	1176
			1627	1176
			1628	1177
			1629	1177
			1630	1178
			1631	1178
			1632	1179
			1633	1179
			1634	1180
			1635	1180
			1636	1181
			1637	1181
			1638	1182
			1639	1182
			1640	1182
			1641	1183
			1642	1183
			1643	1184
			1644	1184
			1645	1184
			1646	1185
			1647	1185
			1648	1186
			1649	1186
			1650	1187
			1651	1187
			1652	1187
			1653	1188
			1654	1188
			1655	1189
			1656	1189
			1657	1190
			1658	1190
			1659	1190
			1660	1191
			1661	1191
			1662	1192
			1663	1192
			1664	1192
			1665	1193
			1666	1193
			1667	1193
			1668	1194
			1669	1194
			1670	1195
			1671	1195
			1672	1195
			1673	1196
			1674	1196
			1675	1196
			1676	1197
			1677	1197
		</curvaD_espina_dorsal>
		<curvaI_espina_dorsal type=matrix rownames=FALSE colnames=FALSE nrow=360 ncol=2 as.numeric=TRUE >
			1437	979
			1437	980
			1438	980
			1438	981
			1439	981
			1439	982
			1440	983
			1441	984
			1441	985
			1442	986
			1443	987
			1443	988
			1444	988
			1444	989
			1445	990
			1445	991
			1446	992
			1447	993
			1448	994
			1449	995
			1449	996
			1450	997
			1451	998
			1452	999
			1452	1000
			1453	1001
			1454	1002
			1455	1003
			1456	1004
			1457	1005
			1457	1006
			1458	1007
			1459	1008
			1460	1009
			1460	1010
			1461	1011
			1461	1012
			1462	1013
			1463	1013
			1463	1014
			1464	1015
			1465	1016
			1465	1017
			1466	1017
			1467	1018
			1467	1019
			1468	1020
			1469	1021
			1469	1022
			1470	1022
			1471	1023
			1471	1024
			1472	1025
			1473	1026
			1473	1027
			1474	1027
			1475	1028
			1476	1029
			1476	1030
			1477	1031
			1478	1032
			1478	1033
			1479	1034
			1480	1034
			1481	1035
			1481	1036
			1482	1037
			1483	1038
			1484	1039
			1484	1040
			1485	1041
			1486	1042
			1487	1043
			1488	1043
			1488	1044
			1489	1045
			1490	1046
			1491	1047
			1492	1048
			1492	1049
			1493	1050
			1494	1051
			1495	1052
			1496	1053
			1497	1054
			1497	1055
			1498	1055
			1498	1056
			1499	1057
			1499	1058
			1500	1058
			1501	1059
			1501	1060
			1502	1060
			1502	1061
			1503	1062
			1504	1063
			1504	1064
			1505	1065
			1506	1066
			1507	1067
			1508	1068
			1508	1069
			1509	1070
			1510	1071
			1510	1072
			1511	1073
			1512	1074
			1512	1075
			1513	1076
			1514	1076
			1514	1077
			1515	1078
			1515	1079
			1516	1080
			1516	1081
			1517	1082
			1518	1083
			1518	1084
			1519	1084
			1519	1085
			1520	1086
			1520	1087
			1521	1088
			1521	1089
			1522	1089
			1522	1090
			1523	1091
			1523	1092
			1523	1093
			1524	1093
			1524	1094
			1525	1095
			1525	1096
			1526	1097
			1526	1098
			1527	1099
			1527	1100
			1527	1101
			1528	1102
			1528	1103
			1529	1104
			1529	1105
			1530	1106
			1530	1107
			1530	1108
			1531	1109
			1531	1110
			1531	1111
			1531	1112
			1531	1113
			1532	1114
			1532	1115
			1532	1116
			1532	1117
			1532	1118
			1532	1119
			1532	1120
			1532	1121
			1532	1122
			1532	1123
			1532	1124
			1532	1125
			1532	1126
			1532	1127
			1532	1128
			1531	1129
			1531	1130
			1530	1131
			1530	1132
			1529	1133
			1528	1133
			1528	1134
			1527	1135
			1526	1136
			1525	1137
			1524	1138
			1523	1139
			1523	1140
			1522	1140
			1521	1141
			1521	1142
			1520	1143
			1519	1143
			1518	1144
			1518	1145
			1517	1145
			1516	1146
			1515	1147
			1514	1148
			1513	1148
			1512	1149
			1511	1150
			1510	1150
			1510	1151
			1509	1152
			1508	1152
			1507	1153
			1506	1154
			1505	1154
			1504	1155
			1503	1155
			1502	1156
			1501	1156
			1500	1157
			1499	1158
			1498	1158
			1497	1158
			1497	1159
			1496	1159
			1495	1159
			1494	1160
			1493	1160
			1492	1161
			1491	1161
			1490	1162
			1489	1162
			1488	1162
			1487	1162
			1487	1163
			1486	1163
			1485	1163
			1484	1163
			1483	1164
			1482	1164
			1481	1164
			1480	1164
			1479	1165
			1478	1165
			1477	1165
			1476	1165
			1475	1165
			1474	1165
			1473	1165
			1472	1165
			1471	1166
			1470	1166
			1469	1166
			1468	1166
			1467	1166
			1466	1166
			1465	1166
			1464	1166
			1463	1166
			1462	1166
			1461	1166
			1460	1166
			1459	1166
			1458	1166
			1457	1166
			1456	1165
			1455	1165
			1454	1165
			1453	1165
			1452	1165
			1451	1165
			1450	1165
			1449	1165
			1448	1164
			1447	1164
			1446	1164
			1445	1164
			1444	1164
			1443	1163
			1442	1163
			1441	1163
			1440	1163
			1439	1162
			1438	1162
			1437	1162
			1436	1162
			1436	1161
			1435	1161
			1434	1161
			1433	1161
			1433	1162
			1432	1162
			1431	1162
			1431	1163
			1430	1163
			1429	1163
			1429	1164
			1428	1164
			1427	1164
			1427	1165
			1426	1165
			1425	1165
			1425	1166
			1424	1166
			1423	1166
			1423	1167
			1422	1167
			1421	1167
			1421	1168
			1420	1168
			1419	1168
			1419	1169
			1418	1169
			1417	1170
			1416	1170
			1415	1171
			1414	1172
			1413	1172
			1412	1172
			1412	1173
			1411	1173
			1410	1174
			1409	1174
			1408	1175
			1407	1176
			1406	1176
			1405	1177
			1404	1177
			1404	1178
			1403	1178
			1402	1178
			1401	1179
			1400	1180
			1399	1180
			1398	1181
			1397	1182
			1396	1182
			1396	1183
			1395	1183
			1394	1184
			1393	1184
			1392	1185
			1391	1186
			1390	1187
			1389	1187
			1388	1188
			1387	1189
			1386	1189
			1385	1190
			1385	1191
			1384	1191
			1383	1192
			1382	1193
			1381	1193
			1381	1194
			1380	1195
			1379	1195
			1378	1196
			1378	1197
			1377	1197
			1376	1198
			1376	1199
			1375	1199
			1374	1200
			1374	1201
			1373	1201
			1372	1202
			1371	1203
			1370	1204
			1370	1205
			1369	1206
			1368	1207
			1367	1208
			1367	1209
			1366	1210
		</curvaI_espina_dorsal>
	</curves.pixel>
	<curves.scaled type=list>
		<curvaD_espina_dorsal type=matrix rownames=FALSE colnames=FALSE nrow=290 ncol=2 as.numeric=TRUE >
			2.66110654817513	-1.8129598543239
			2.66295839685166	-1.8129598543239
			2.66295839685166	-1.81481170300043
			2.66481024552819	-1.81481170300043
			2.66666209420472	-1.81666355167696
			2.66851394288125	-1.8185154003535
			2.67036579155778	-1.8185154003535
			2.67221764023431	-1.82036724903003
			2.67406948891084	-1.82221909770656
			2.67592133758737	-1.82221909770656
			2.6777731862639	-1.82407094638309
			2.67962503494044	-1.82592279505962
			2.68147688361697	-1.82592279505962
			2.6833287322935	-1.82777464373615
			2.68518058097003	-1.82962649241268
			2.68703242964656	-1.82962649241268
			2.68703242964656	-1.83147834108921
			2.68888427832309	-1.83333018976574
			2.69073612699962	-1.83333018976574
			2.69258797567615	-1.83518203844228
			2.69443982435268	-1.83703388711881
			2.69629167302922	-1.83703388711881
			2.69814352170575	-1.83888573579534
			2.69999537038228	-1.84073758447187
			2.70184721905881	-1.84073758447187
			2.70369906773534	-1.8425894331484
			2.70369906773534	-1.84444128182493
			2.70555091641187	-1.84629313050146
			2.7074027650884	-1.84629313050146
			2.70925461376493	-1.84814497917799
			2.71110646244146	-1.84999682785452
			2.71295831111799	-1.85184867653105
			2.71481015979453	-1.85370052520759
			2.71666200847106	-1.85370052520759
			2.71851385714759	-1.85555237388412
			2.72036570582412	-1.85740422256065
			2.72221755450065	-1.85925607123718
			2.72406940317718	-1.86110791991371
			2.72592125185371	-1.86295976859024
			2.72777310053024	-1.86295976859024
			2.72962494920677	-1.86481161726677
			2.73147679788331	-1.8666634659433
			2.73332864655984	-1.86851531461983
			2.73518049523637	-1.87036716329637
			2.7370323439129	-1.8722190119729
			2.73888419258943	-1.87407086064943
			2.74073604126596	-1.87592270932596
			2.74258788994249	-1.87592270932596
			2.74443973861902	-1.87777455800249
			2.74629158729555	-1.87962640667902
			2.74814343597208	-1.88147825535555
			2.74999528464862	-1.88333010403208
			2.75184713332515	-1.88518195270861
			2.75369898200168	-1.88703380138514
			2.75555083067821	-1.88888565006168
			2.75740267935474	-1.89073749873821
			2.75925452803127	-1.89258934741474
			2.7611063767078	-1.89444119609127
			2.76295822538433	-1.8962930447678
			2.76481007406086	-1.89814489344433
			2.7666619227374	-1.89999674212086
			2.76851377141393	-1.90184859079739
			2.77036562009046	-1.90370043947392
			2.77221746876699	-1.90555228815046
			2.77406931744352	-1.90740413682699
			2.77592116612005	-1.90925598550352
			2.77777301479658	-1.91110783418005
			2.77777301479658	-1.91295968285658
			2.77962486347311	-1.91295968285658
			2.78147671214964	-1.91481153153311
			2.78147671214964	-1.91666338020964
			2.78332856082617	-1.91666338020964
			2.78332856082617	-1.91851522888617
			2.78518040950271	-1.9203670775627
			2.78703225817924	-1.9203670775627
			2.78703225817924	-1.92221892623923
			2.78888410685577	-1.92407077491577
			2.7907359555323	-1.92407077491577
			2.7907359555323	-1.9259226235923
			2.79258780420883	-1.92777447226883
			2.79443965288536	-1.92777447226883
			2.79443965288536	-1.92962632094536
			2.79629150156189	-1.93147816962189
			2.79814335023842	-1.93333001829842
			2.79999519891495	-1.93518186697495
			2.80184704759149	-1.93703371565148
			2.80184704759149	-1.93888556432801
			2.80369889626802	-1.94073741300455
			2.80555074494455	-1.94258926168108
			2.80740259362108	-1.94444111035761
			2.80925444229761	-1.94629295903414
			2.81110629097414	-1.94814480771067
			2.81295813965067	-1.9499966563872
			2.8148099883272	-1.95184850506373
			2.81666183700373	-1.95370035374026
			2.81666183700373	-1.95555220241679
			2.81851368568027	-1.95740405109332
			2.8203655343568	-1.95740405109332
			2.8203655343568	-1.95925589976986
			2.82221738303333	-1.96110774844639
			2.82406923170986	-1.96295959712292
			2.82406923170986	-1.96481144579945
			2.82592108038639	-1.96666329447598
			2.82777292906292	-1.96851514315251
			2.82962477773945	-1.97036699182904
			2.83147662641598	-1.97221884050557
			2.83332847509251	-1.9740706891821
			2.83332847509251	-1.97592253785864
			2.83518032376904	-1.97777438653517
			2.83703217244558	-1.9796262352117
			2.83888402112211	-1.98147808388823
			2.83888402112211	-1.98332993256476
			2.84073586979864	-1.98518178124129
			2.84258771847517	-1.98703362991782
			2.84258771847517	-1.98888547859435
			2.8444395671517	-1.99073732727088
			2.84629141582823	-1.99258917594741
			2.84814326450476	-1.99444102462395
			2.84814326450476	-1.99629287330048
			2.84999511318129	-1.99814472197701
			2.85184696185782	-1.99999657065354
			2.85184696185782	-2.00184841933007
			2.85369881053436	-2.0037002680066
			2.85555065921089	-2.00555211668313
			2.85555065921089	-2.00740396535966
			2.85740250788742	-2.00925581403619
			2.85925435656395	-2.01110766271273
			2.85925435656395	-2.01295951138926
			2.86110620524048	-2.01481136006579
			2.86295805391701	-2.01666320874232
			2.86295805391701	-2.01851505741885
			2.86480990259354	-2.02036690609538
			2.86666175127007	-2.02221875477191
			2.86666175127007	-2.02407060344844
			2.8685135999466	-2.02592245212497
			2.87036544862313	-2.02777430080151
			2.87036544862313	-2.02962614947804
			2.87221729729967	-2.03147799815457
			2.8740691459762	-2.0333298468311
			2.8740691459762	-2.03518169550763
			2.87592099465273	-2.03703354418416
			2.87777284332926	-2.03888539286069
			2.87777284332926	-2.04073724153722
			2.87962469200579	-2.04258909021375
			2.88147654068232	-2.04444093889028
			2.88147654068232	-2.04629278756682
			2.88332838935885	-2.04814463624335
			2.88518023803538	-2.04999648491988
			2.88518023803538	-2.05184833359641
			2.88703208671191	-2.05370018227294
			2.88888393538845	-2.05555203094947
			2.88888393538845	-2.057403879626
			2.89073578406498	-2.05925572830253
			2.89073578406498	-2.06110757697906
			2.89258763274151	-2.06110757697906
			2.89258763274151	-2.06295942565559
			2.89258763274151	-2.06481127433213
			2.89443948141804	-2.06481127433213
			2.89443948141804	-2.06666312300866
			2.89629133009457	-2.06851497168519
			2.89629133009457	-2.07036682036172
			2.8981431787711	-2.07221866903825
			2.89999502744763	-2.07407051771478
			2.89999502744763	-2.07592236639131
			2.90184687612416	-2.07777421506784
			2.90184687612416	-2.07962606374437
			2.90369872480069	-2.07962606374437
			2.90369872480069	-2.08147791242091
			2.90369872480069	-2.08332976109744
			2.90555057347722	-2.08518160977397
			2.90555057347722	-2.0870334584505
			2.90555057347722	-2.08888530712703
			2.90740242215376	-2.09073715580356
			2.90740242215376	-2.09258900448009
			2.90740242215376	-2.09444085315662
			2.90925427083029	-2.09629270183315
			2.90925427083029	-2.09814455050968
			2.91110611950682	-2.09999639918622
			2.91110611950682	-2.10184824786275
			2.91295796818335	-2.10370009653928
			2.91295796818335	-2.10555194521581
			2.91480981685988	-2.10740379389234
			2.91480981685988	-2.10925564256887
			2.91666166553641	-2.10925564256887
			2.91851351421294	-2.1111074912454
			2.91851351421294	-2.11295933992193
			2.92036536288947	-2.11481118859846
			2.922217211566	-2.116663037275
			2.922217211566	-2.11851488595153
			2.92406906024254	-2.11851488595153
			2.92592090891907	-2.12036673462806
			2.9277727575956	-2.12221858330459
			2.92962460627213	-2.12407043198112
			2.92962460627213	-2.12592228065765
			2.93147645494866	-2.12777412933418
			2.93332830362519	-2.12962597801071
			2.93518015230172	-2.12962597801071
			2.93703200097825	-2.13147782668724
			2.93888384965478	-2.13332967536377
			2.94073569833131	-2.13518152404031
			2.94258754700785	-2.13703337271684
			2.94443939568438	-2.13888522139337
			2.94629124436091	-2.13888522139337
			2.94814309303744	-2.1407370700699
			2.94999494171397	-2.1407370700699
			2.9518467903905	-2.14258891874643
			2.9518467903905	-2.14444076742296
			2.95369863906703	-2.14444076742296
			2.95555048774356	-2.14629261609949
			2.95740233642009	-2.14814446477602
			2.95925418509663	-2.14814446477602
			2.96110603377316	-2.14999631345255
			2.96295788244969	-2.14999631345255
			2.96480973112622	-2.15184816212909
			2.96666157980275	-2.15370001080562
			2.96851342847928	-2.15370001080562
			2.97036527715581	-2.15555185948215
			2.97221712583234	-2.15555185948215
			2.97406897450887	-2.15740370815868
			2.9759208231854	-2.15925555683521
			2.97777267186194	-2.15925555683521
			2.97962452053847	-2.16110740551174
			2.981476369215	-2.16295925418827
			2.98332821789153	-2.16295925418827
			2.98518006656806	-2.1648111028648
			2.98703191524459	-2.1648111028648
			2.98888376392112	-2.16666295154133
			2.99073561259765	-2.16666295154133
			2.99258746127418	-2.16851480021786
			2.99443930995072	-2.16851480021786
			2.99629115862725	-2.1703666488944
			2.99814300730378	-2.1703666488944
			2.99999485598031	-2.17221849757093
			3.00184670465684	-2.17221849757093
			3.00369855333337	-2.17407034624746
			3.0055504020099	-2.17407034624746
			3.00740225068643	-2.17592219492399
			3.00925409936296	-2.17777404360052
			3.01110594803949	-2.17777404360052
			3.01295779671603	-2.17777404360052
			3.01480964539256	-2.17962589227705
			3.01666149406909	-2.17962589227705
			3.01851334274562	-2.18147774095358
			3.02036519142215	-2.18147774095358
			3.02221704009868	-2.18332958963011
			3.02406888877521	-2.18332958963011
			3.02592073745174	-2.18518143830664
			3.02777258612827	-2.18518143830664
			3.02962443480481	-2.18703328698318
			3.03147628348134	-2.18703328698318
			3.03332813215787	-2.18888513565971
			3.0351799808344	-2.18888513565971
			3.03703182951093	-2.18888513565971
			3.03888367818746	-2.19073698433624
			3.04073552686399	-2.19073698433624
			3.04258737554052	-2.19258883301277
			3.04443922421705	-2.19258883301277
			3.04629107289359	-2.19258883301277
			3.04814292157012	-2.1944406816893
			3.04999477024665	-2.1944406816893
			3.05184661892318	-2.19629253036583
			3.05369846759971	-2.19629253036583
			3.05555031627624	-2.19814437904236
			3.05740216495277	-2.19814437904236
			3.0592540136293	-2.19814437904236
			3.06110586230583	-2.19999622771889
			3.06295771098236	-2.19999622771889
			3.0648095596589	-2.20184807639542
			3.06666140833543	-2.20184807639542
			3.06851325701196	-2.20369992507195
			3.07036510568849	-2.20369992507195
			3.07221695436502	-2.20369992507195
			3.07406880304155	-2.20555177374849
			3.07592065171808	-2.20555177374849
			3.07777250039461	-2.20740362242502
			3.07962434907114	-2.20740362242502
			3.08147619774768	-2.20740362242502
			3.08332804642421	-2.20925547110155
			3.08517989510074	-2.20925547110155
			3.08703174377727	-2.20925547110155
			3.0888835924538	-2.21110731977808
			3.09073544113033	-2.21110731977808
			3.09258728980686	-2.21295916845461
			3.09443913848339	-2.21295916845461
			3.09629098715992	-2.21295916845461
			3.09814283583645	-2.21481101713114
			3.09999468451299	-2.21481101713114
			3.10184653318952	-2.21481101713114
			3.10369838186605	-2.21666286580767
			3.10555023054258	-2.21666286580767
		</curvaD_espina_dorsal>
		<curvaI_espina_dorsal type=matrix rownames=FALSE colnames=FALSE nrow=360 ncol=2 as.numeric=TRUE >
			2.66110654817513	-1.8129598543239
			2.66110654817513	-1.81481170300043
			2.66295839685166	-1.81481170300043
			2.66295839685166	-1.81666355167696
			2.66481024552819	-1.81666355167696
			2.66481024552819	-1.8185154003535
			2.66666209420472	-1.82036724903003
			2.66851394288125	-1.82221909770656
			2.66851394288125	-1.82407094638309
			2.67036579155778	-1.82592279505962
			2.67221764023431	-1.82777464373615
			2.67221764023431	-1.82962649241268
			2.67406948891084	-1.82962649241268
			2.67406948891084	-1.83147834108921
			2.67592133758737	-1.83333018976574
			2.67592133758737	-1.83518203844228
			2.6777731862639	-1.83703388711881
			2.67962503494044	-1.83888573579534
			2.68147688361697	-1.84073758447187
			2.6833287322935	-1.8425894331484
			2.6833287322935	-1.84444128182493
			2.68518058097003	-1.84629313050146
			2.68703242964656	-1.84814497917799
			2.68888427832309	-1.84999682785452
			2.68888427832309	-1.85184867653105
			2.69073612699962	-1.85370052520759
			2.69258797567615	-1.85555237388412
			2.69443982435268	-1.85740422256065
			2.69629167302922	-1.85925607123718
			2.69814352170575	-1.86110791991371
			2.69814352170575	-1.86295976859024
			2.69999537038228	-1.86481161726677
			2.70184721905881	-1.8666634659433
			2.70369906773534	-1.86851531461983
			2.70369906773534	-1.87036716329637
			2.70555091641187	-1.8722190119729
			2.70555091641187	-1.87407086064943
			2.7074027650884	-1.87592270932596
			2.70925461376493	-1.87592270932596
			2.70925461376493	-1.87777455800249
			2.71110646244146	-1.87962640667902
			2.71295831111799	-1.88147825535555
			2.71295831111799	-1.88333010403208
			2.71481015979453	-1.88333010403208
			2.71666200847106	-1.88518195270861
			2.71666200847106	-1.88703380138514
			2.71851385714759	-1.88888565006168
			2.72036570582412	-1.89073749873821
			2.72036570582412	-1.89258934741474
			2.72221755450065	-1.89258934741474
			2.72406940317718	-1.89444119609127
			2.72406940317718	-1.8962930447678
			2.72592125185371	-1.89814489344433
			2.72777310053024	-1.89999674212086
			2.72777310053024	-1.90184859079739
			2.72962494920677	-1.90184859079739
			2.73147679788331	-1.90370043947392
			2.73332864655984	-1.90555228815046
			2.73332864655984	-1.90740413682699
			2.73518049523637	-1.90925598550352
			2.7370323439129	-1.91110783418005
			2.7370323439129	-1.91295968285658
			2.73888419258943	-1.91481153153311
			2.74073604126596	-1.91481153153311
			2.74258788994249	-1.91666338020964
			2.74258788994249	-1.91851522888617
			2.74443973861902	-1.9203670775627
			2.74629158729555	-1.92221892623923
			2.74814343597208	-1.92407077491577
			2.74814343597208	-1.9259226235923
			2.74999528464862	-1.92777447226883
			2.75184713332515	-1.92962632094536
			2.75369898200168	-1.93147816962189
			2.75555083067821	-1.93147816962189
			2.75555083067821	-1.93333001829842
			2.75740267935474	-1.93518186697495
			2.75925452803127	-1.93703371565148
			2.7611063767078	-1.93888556432801
			2.76295822538433	-1.94073741300455
			2.76295822538433	-1.94258926168108
			2.76481007406086	-1.94444111035761
			2.7666619227374	-1.94629295903414
			2.76851377141393	-1.94814480771067
			2.77036562009046	-1.9499966563872
			2.77221746876699	-1.95184850506373
			2.77221746876699	-1.95370035374026
			2.77406931744352	-1.95370035374026
			2.77406931744352	-1.95555220241679
			2.77592116612005	-1.95740405109332
			2.77592116612005	-1.95925589976986
			2.77777301479658	-1.95925589976986
			2.77962486347311	-1.96110774844639
			2.77962486347311	-1.96295959712292
			2.78147671214964	-1.96295959712292
			2.78147671214964	-1.96481144579945
			2.78332856082617	-1.96666329447598
			2.78518040950271	-1.96851514315251
			2.78518040950271	-1.97036699182904
			2.78703225817924	-1.97221884050557
			2.78888410685577	-1.9740706891821
			2.7907359555323	-1.97592253785864
			2.79258780420883	-1.97777438653517
			2.79258780420883	-1.9796262352117
			2.79443965288536	-1.98147808388823
			2.79629150156189	-1.98332993256476
			2.79629150156189	-1.98518178124129
			2.79814335023842	-1.98703362991782
			2.79999519891495	-1.98888547859435
			2.79999519891495	-1.99073732727088
			2.80184704759149	-1.99258917594741
			2.80369889626802	-1.99258917594741
			2.80369889626802	-1.99444102462395
			2.80555074494455	-1.99629287330048
			2.80555074494455	-1.99814472197701
			2.80740259362108	-1.99999657065354
			2.80740259362108	-2.00184841933007
			2.80925444229761	-2.0037002680066
			2.81110629097414	-2.00555211668313
			2.81110629097414	-2.00740396535966
			2.81295813965067	-2.00740396535966
			2.81295813965067	-2.00925581403619
			2.8148099883272	-2.01110766271273
			2.8148099883272	-2.01295951138926
			2.81666183700373	-2.01481136006579
			2.81666183700373	-2.01666320874232
			2.81851368568027	-2.01666320874232
			2.81851368568027	-2.01851505741885
			2.8203655343568	-2.02036690609538
			2.8203655343568	-2.02221875477191
			2.8203655343568	-2.02407060344844
			2.82221738303333	-2.02407060344844
			2.82221738303333	-2.02592245212497
			2.82406923170986	-2.02777430080151
			2.82406923170986	-2.02962614947804
			2.82592108038639	-2.03147799815457
			2.82592108038639	-2.0333298468311
			2.82777292906292	-2.03518169550763
			2.82777292906292	-2.03703354418416
			2.82777292906292	-2.03888539286069
			2.82962477773945	-2.04073724153722
			2.82962477773945	-2.04258909021375
			2.83147662641598	-2.04444093889028
			2.83147662641598	-2.04629278756682
			2.83332847509251	-2.04814463624335
			2.83332847509251	-2.04999648491988
			2.83332847509251	-2.05184833359641
			2.83518032376904	-2.05370018227294
			2.83518032376904	-2.05555203094947
			2.83518032376904	-2.057403879626
			2.83518032376904	-2.05925572830253
			2.83518032376904	-2.06110757697906
			2.83703217244558	-2.06295942565559
			2.83703217244558	-2.06481127433213
			2.83703217244558	-2.06666312300866
			2.83703217244558	-2.06851497168519
			2.83703217244558	-2.07036682036172
			2.83703217244558	-2.07221866903825
			2.83703217244558	-2.07407051771478
			2.83703217244558	-2.07592236639131
			2.83703217244558	-2.07777421506784
			2.83703217244558	-2.07962606374437
			2.83703217244558	-2.08147791242091
			2.83703217244558	-2.08332976109744
			2.83703217244558	-2.08518160977397
			2.83703217244558	-2.0870334584505
			2.83703217244558	-2.08888530712703
			2.83518032376904	-2.09073715580356
			2.83518032376904	-2.09258900448009
			2.83332847509251	-2.09444085315662
			2.83332847509251	-2.09629270183315
			2.83147662641598	-2.09814455050968
			2.82962477773945	-2.09814455050968
			2.82962477773945	-2.09999639918622
			2.82777292906292	-2.10184824786275
			2.82592108038639	-2.10370009653928
			2.82406923170986	-2.10555194521581
			2.82221738303333	-2.10740379389234
			2.8203655343568	-2.10925564256887
			2.8203655343568	-2.1111074912454
			2.81851368568027	-2.1111074912454
			2.81666183700373	-2.11295933992193
			2.81666183700373	-2.11481118859846
			2.8148099883272	-2.116663037275
			2.81295813965067	-2.116663037275
			2.81110629097414	-2.11851488595153
			2.81110629097414	-2.12036673462806
			2.80925444229761	-2.12036673462806
			2.80740259362108	-2.12221858330459
			2.80555074494455	-2.12407043198112
			2.80369889626802	-2.12592228065765
			2.80184704759149	-2.12592228065765
			2.79999519891495	-2.12777412933418
			2.79814335023842	-2.12962597801071
			2.79629150156189	-2.12962597801071
			2.79629150156189	-2.13147782668724
			2.79443965288536	-2.13332967536377
			2.79258780420883	-2.13332967536377
			2.7907359555323	-2.13518152404031
			2.78888410685577	-2.13703337271684
			2.78703225817924	-2.13703337271684
			2.78518040950271	-2.13888522139337
			2.78332856082617	-2.13888522139337
			2.78147671214964	-2.1407370700699
			2.77962486347311	-2.1407370700699
			2.77777301479658	-2.14258891874643
			2.77592116612005	-2.14444076742296
			2.77406931744352	-2.14444076742296
			2.77221746876699	-2.14444076742296
			2.77221746876699	-2.14629261609949
			2.77036562009046	-2.14629261609949
			2.76851377141393	-2.14629261609949
			2.7666619227374	-2.14814446477602
			2.76481007406086	-2.14814446477602
			2.76295822538433	-2.14999631345255
			2.7611063767078	-2.14999631345255
			2.75925452803127	-2.15184816212909
			2.75740267935474	-2.15184816212909
			2.75555083067821	-2.15184816212909
			2.75369898200168	-2.15184816212909
			2.75369898200168	-2.15370001080562
			2.75184713332515	-2.15370001080562
			2.74999528464862	-2.15370001080562
			2.74814343597208	-2.15370001080562
			2.74629158729555	-2.15555185948215
			2.74443973861902	-2.15555185948215
			2.74258788994249	-2.15555185948215
			2.74073604126596	-2.15555185948215
			2.73888419258943	-2.15740370815868
			2.7370323439129	-2.15740370815868
			2.73518049523637	-2.15740370815868
			2.73332864655984	-2.15740370815868
			2.73147679788331	-2.15740370815868
			2.72962494920677	-2.15740370815868
			2.72777310053024	-2.15740370815868
			2.72592125185371	-2.15740370815868
			2.72406940317718	-2.15925555683521
			2.72221755450065	-2.15925555683521
			2.72036570582412	-2.15925555683521
			2.71851385714759	-2.15925555683521
			2.71666200847106	-2.15925555683521
			2.71481015979453	-2.15925555683521
			2.71295831111799	-2.15925555683521
			2.71110646244146	-2.15925555683521
			2.70925461376493	-2.15925555683521
			2.7074027650884	-2.15925555683521
			2.70555091641187	-2.15925555683521
			2.70369906773534	-2.15925555683521
			2.70184721905881	-2.15925555683521
			2.69999537038228	-2.15925555683521
			2.69814352170575	-2.15925555683521
			2.69629167302922	-2.15740370815868
			2.69443982435268	-2.15740370815868
			2.69258797567615	-2.15740370815868
			2.69073612699962	-2.15740370815868
			2.68888427832309	-2.15740370815868
			2.68703242964656	-2.15740370815868
			2.68518058097003	-2.15740370815868
			2.6833287322935	-2.15740370815868
			2.68147688361697	-2.15555185948215
			2.67962503494044	-2.15555185948215
			2.6777731862639	-2.15555185948215
			2.67592133758737	-2.15555185948215
			2.67406948891084	-2.15555185948215
			2.67221764023431	-2.15370001080562
			2.67036579155778	-2.15370001080562
			2.66851394288125	-2.15370001080562
			2.66666209420472	-2.15370001080562
			2.66481024552819	-2.15184816212909
			2.66295839685166	-2.15184816212909
			2.66110654817513	-2.15184816212909
			2.65925469949859	-2.15184816212909
			2.65925469949859	-2.14999631345255
			2.65740285082206	-2.14999631345255
			2.65555100214553	-2.14999631345255
			2.653699153469	-2.14999631345255
			2.653699153469	-2.15184816212909
			2.65184730479247	-2.15184816212909
			2.64999545611594	-2.15184816212909
			2.64999545611594	-2.15370001080562
			2.64814360743941	-2.15370001080562
			2.64629175876288	-2.15370001080562
			2.64629175876288	-2.15555185948215
			2.64443991008635	-2.15555185948215
			2.64258806140981	-2.15555185948215
			2.64258806140981	-2.15740370815868
			2.64073621273328	-2.15740370815868
			2.63888436405675	-2.15740370815868
			2.63888436405675	-2.15925555683521
			2.63703251538022	-2.15925555683521
			2.63518066670369	-2.15925555683521
			2.63518066670369	-2.16110740551174
			2.63332881802716	-2.16110740551174
			2.63147696935063	-2.16110740551174
			2.63147696935063	-2.16295925418827
			2.6296251206741	-2.16295925418827
			2.62777327199757	-2.16295925418827
			2.62777327199757	-2.1648111028648
			2.62592142332104	-2.1648111028648
			2.6240695746445	-2.16666295154133
			2.62221772596797	-2.16666295154133
			2.62036587729144	-2.16851480021786
			2.61851402861491	-2.1703666488944
			2.61666217993838	-2.1703666488944
			2.61481033126185	-2.1703666488944
			2.61481033126185	-2.17221849757093
			2.61295848258532	-2.17221849757093
			2.61110663390879	-2.17407034624746
			2.60925478523226	-2.17407034624746
			2.60740293655572	-2.17592219492399
			2.60555108787919	-2.17777404360052
			2.60369923920266	-2.17777404360052
			2.60184739052613	-2.17962589227705
			2.5999955418496	-2.17962589227705
			2.5999955418496	-2.18147774095358
			2.59814369317307	-2.18147774095358
			2.59629184449654	-2.18147774095358
			2.59443999582001	-2.18332958963011
			2.59258814714348	-2.18518143830664
			2.59073629846695	-2.18518143830664
			2.58888444979041	-2.18703328698318
			2.58703260111388	-2.18888513565971
			2.58518075243735	-2.18888513565971
			2.58518075243735	-2.19073698433624
			2.58332890376082	-2.19073698433624
			2.58147705508429	-2.19258883301277
			2.57962520640776	-2.19258883301277
			2.57777335773123	-2.1944406816893
			2.5759215090547	-2.19629253036583
			2.57406966037817	-2.19814437904236
			2.57221781170163	-2.19814437904236
			2.5703659630251	-2.19999622771889
			2.56851411434857	-2.20184807639542
			2.56666226567204	-2.20184807639542
			2.56481041699551	-2.20369992507195
			2.56481041699551	-2.20555177374849
			2.56295856831898	-2.20555177374849
			2.56110671964245	-2.20740362242502
			2.55925487096592	-2.20925547110155
			2.55740302228939	-2.20925547110155
			2.55740302228939	-2.21110731977808
			2.55555117361286	-2.21295916845461
			2.55369932493632	-2.21295916845461
			2.55184747625979	-2.21481101713114
			2.55184747625979	-2.21666286580767
			2.54999562758326	-2.21666286580767
			2.54814377890673	-2.2185147144842
			2.54814377890673	-2.22036656316073
			2.5462919302302	-2.22036656316073
			2.54444008155367	-2.22221841183727
			2.54444008155367	-2.2240702605138
			2.54258823287714	-2.2240702605138
			2.54073638420061	-2.22592210919033
			2.53888453552408	-2.22777395786686
			2.53703268684755	-2.22962580654339
			2.53703268684755	-2.23147765521992
			2.53518083817101	-2.23332950389645
			2.53332898949448	-2.23518135257298
			2.53147714081795	-2.23703320124951
			2.53147714081795	-2.23888504992604
			2.52962529214142	-2.24073689860258
		</curvaI_espina_dorsal>
	</curves.scaled>
	<ruler.points type=matrix rownames=TRUE colnames=FALSE nrow=2 ncol=2 as.numeric=TRUE >
		Ruler point 1	1497	453
		Ruler point 2	2037	452
	</ruler.points>
</shapes>

