<shapes type=list>
	<ruler.pixel type=vector names=FALSE length=1 as.numeric=TRUE >539.000927642987</ruler.pixel>
	<ruler.interval type=vector names=FALSE length=1 as.numeric=TRUE >1</ruler.interval>
	<scaling.units type=vector names=FALSE length=1 as.numeric=FALSE >mm</scaling.units>
	<scaling type=vector names=FALSE length=1 as.numeric=TRUE >0.00185184867653105</scaling>
	<landmarks.pixel type=matrix rownames=TRUE colnames=FALSE nrow=3 ncol=2 as.numeric=TRUE >
		punta_espina_dorsal	1548	1035
		esq_izq_caparaza	1484	1294
		organo_dorsal	1811	1274
	</landmarks.pixel>
	<landmarks.scaled type=matrix rownames=TRUE colnames=FALSE nrow=3 ncol=2 as.numeric=TRUE >
		punta_espina_dorsal	2.86666175127007	-1.91666338020964
		esq_izq_caparaza	2.74814343597208	-2.39629218743118
		organo_dorsal	3.35369795319774	-2.35925521390056
	</landmarks.scaled>
	<curves.control type=list>
		<curvaD_espina_dorsal type=matrix rownames=FALSE colnames=FALSE nrow=7 ncol=2 as.numeric=TRUE >
			1548	1035
			1587	1055
			1642	1119
			1660	1141
			1687	1181
			1694	1229
			1811	1274
		</curvaD_espina_dorsal>
		<curvaI_espina_dorsal type=matrix rownames=FALSE colnames=FALSE nrow=9 ncol=2 as.numeric=TRUE >
			1548	1035
			1568	1061
			1587	1084
			1657	1161
			1652	1198
			1608	1245
			1554	1233
			1507	1261
			1484	1294
		</curvaI_espina_dorsal>
	</curves.control>
	<curves.pixel type=list>
		<curvaD_espina_dorsal type=matrix rownames=FALSE colnames=FALSE nrow=315 ncol=2 as.numeric=TRUE >
			1548	1035
			1549	1035
			1549	1036
			1550	1036
			1551	1036
			1551	1037
			1552	1037
			1553	1037
			1553	1038
			1554	1038
			1555	1039
			1556	1039
			1557	1040
			1558	1041
			1559	1041
			1560	1042
			1561	1043
			1562	1043
			1563	1044
			1564	1045
			1565	1045
			1566	1046
			1567	1047
			1568	1048
			1569	1048
			1570	1049
			1571	1050
			1572	1051
			1573	1051
			1574	1052
			1575	1052
			1575	1053
			1576	1053
			1577	1054
			1578	1055
			1579	1056
			1580	1057
			1581	1058
			1582	1058
			1583	1059
			1584	1060
			1585	1061
			1586	1062
			1587	1062
			1588	1063
			1589	1064
			1590	1065
			1591	1066
			1592	1067
			1593	1068
			1594	1068
			1595	1069
			1596	1070
			1597	1071
			1598	1072
			1599	1073
			1600	1074
			1601	1075
			1602	1076
			1603	1077
			1604	1078
			1605	1079
			1606	1080
			1607	1081
			1608	1082
			1609	1083
			1610	1084
			1611	1085
			1612	1086
			1613	1087
			1614	1088
			1615	1089
			1616	1090
			1617	1091
			1618	1092
			1619	1093
			1619	1094
			1620	1094
			1621	1095
			1621	1096
			1622	1096
			1623	1097
			1623	1098
			1624	1099
			1625	1100
			1626	1101
			1627	1102
			1628	1103
			1629	1104
			1629	1105
			1630	1106
			1631	1107
			1632	1107
			1633	1108
			1633	1109
			1634	1110
			1635	1111
			1636	1112
			1637	1113
			1637	1114
			1638	1115
			1639	1116
			1640	1116
			1641	1117
			1641	1118
			1642	1119
			1643	1120
			1644	1121
			1645	1122
			1645	1123
			1646	1124
			1647	1125
			1647	1126
			1648	1127
			1649	1128
			1650	1129
			1651	1130
			1652	1131
			1652	1132
			1653	1133
			1653	1134
			1654	1134
			1654	1135
			1655	1136
			1656	1136
			1656	1137
			1657	1138
			1657	1139
			1658	1139
			1658	1140
			1659	1141
			1659	1142
			1660	1142
			1661	1143
			1661	1144
			1662	1145
			1663	1146
			1663	1147
			1664	1148
			1665	1149
			1666	1150
			1666	1151
			1667	1152
			1668	1153
			1668	1154
			1669	1155
			1670	1156
			1671	1157
			1671	1158
			1672	1159
			1673	1160
			1673	1161
			1674	1162
			1675	1163
			1676	1164
			1676	1165
			1677	1166
			1677	1167
			1678	1168
			1679	1169
			1680	1170
			1680	1171
			1681	1172
			1682	1173
			1682	1174
			1683	1175
			1684	1176
			1684	1177
			1685	1178
			1686	1179
			1687	1180
			1687	1181
			1687	1182
			1687	1183
			1688	1184
			1688	1185
			1688	1186
			1688	1187
			1689	1188
			1689	1189
			1689	1190
			1690	1191
			1690	1192
			1691	1193
			1691	1194
			1691	1195
			1692	1196
			1693	1197
			1693	1198
			1693	1199
			1694	1200
			1695	1201
			1695	1202
			1696	1203
			1697	1204
			1697	1205
			1698	1206
			1699	1207
			1700	1208
			1700	1209
			1701	1209
			1702	1210
			1703	1211
			1704	1212
			1704	1213
			1705	1214
			1706	1215
			1707	1216
			1708	1217
			1709	1218
			1710	1219
			1711	1220
			1712	1221
			1713	1222
			1714	1222
			1715	1223
			1716	1224
			1717	1225
			1718	1225
			1718	1226
			1719	1226
			1720	1227
			1721	1228
			1722	1229
			1723	1229
			1724	1230
			1725	1231
			1726	1231
			1727	1232
			1728	1233
			1729	1233
			1730	1234
			1731	1235
			1732	1235
			1733	1236
			1734	1237
			1735	1237
			1736	1238
			1737	1239
			1738	1239
			1739	1240
			1740	1241
			1741	1241
			1742	1242
			1743	1242
			1744	1243
			1745	1244
			1746	1244
			1747	1245
			1748	1245
			1749	1246
			1750	1247
			1751	1247
			1752	1247
			1753	1248
			1754	1248
			1755	1249
			1756	1249
			1757	1250
			1758	1251
			1759	1251
			1760	1252
			1761	1252
			1762	1253
			1763	1253
			1764	1254
			1765	1254
			1766	1255
			1767	1255
			1768	1255
			1768	1256
			1769	1256
			1770	1257
			1771	1257
			1772	1257
			1773	1258
			1774	1259
			1775	1259
			1776	1260
			1777	1260
			1778	1260
			1779	1261
			1780	1261
			1781	1262
			1782	1262
			1783	1262
			1783	1263
			1784	1263
			1785	1263
			1786	1264
			1787	1264
			1788	1265
			1789	1265
			1790	1266
			1791	1266
			1792	1266
			1793	1267
			1794	1267
			1795	1268
			1796	1268
			1797	1268
			1798	1269
			1799	1269
			1800	1270
			1801	1270
			1802	1271
			1803	1271
			1804	1271
			1805	1272
			1806	1272
			1807	1273
			1808	1273
			1809	1273
			1810	1274
			1811	1274
		</curvaD_espina_dorsal>
		<curvaI_espina_dorsal type=matrix rownames=FALSE colnames=FALSE nrow=346 ncol=2 as.numeric=TRUE >
			1548	1035
			1548	1036
			1549	1036
			1549	1037
			1550	1037
			1550	1038
			1551	1039
			1552	1040
			1552	1041
			1553	1042
			1554	1043
			1555	1044
			1556	1045
			1556	1046
			1557	1047
			1558	1048
			1559	1049
			1560	1050
			1560	1051
			1561	1052
			1562	1053
			1563	1054
			1563	1055
			1564	1056
			1565	1057
			1566	1058
			1567	1059
			1567	1060
			1568	1061
			1569	1062
			1570	1063
			1570	1064
			1571	1065
			1572	1066
			1573	1067
			1574	1068
			1574	1069
			1575	1069
			1576	1070
			1577	1071
			1577	1072
			1578	1073
			1579	1074
			1580	1075
			1581	1076
			1581	1077
			1582	1078
			1583	1079
			1584	1080
			1584	1081
			1585	1082
			1586	1083
			1587	1084
			1588	1085
			1589	1086
			1590	1087
			1591	1088
			1591	1089
			1592	1090
			1593	1091
			1594	1091
			1594	1092
			1595	1093
			1596	1094
			1597	1095
			1598	1096
			1599	1097
			1599	1098
			1600	1099
			1601	1100
			1602	1101
			1602	1102
			1603	1102
			1604	1103
			1605	1104
			1605	1105
			1606	1106
			1607	1107
			1608	1108
			1608	1109
			1609	1110
			1610	1110
			1610	1111
			1611	1112
			1612	1113
			1613	1114
			1613	1115
			1614	1116
			1615	1116
			1615	1117
			1616	1118
			1616	1119
			1617	1120
			1618	1121
			1619	1122
			1620	1123
			1621	1124
			1621	1125
			1622	1126
			1623	1127
			1623	1128
			1624	1129
			1625	1130
			1625	1131
			1626	1132
			1627	1133
			1627	1134
			1628	1135
			1629	1136
			1629	1137
			1630	1138
			1631	1138
			1631	1139
			1632	1140
			1632	1141
			1633	1142
			1633	1143
			1634	1144
			1635	1145
			1635	1146
			1636	1147
			1637	1148
			1637	1149
			1638	1150
			1638	1151
			1639	1152
			1640	1153
			1640	1154
			1641	1155
			1641	1156
			1642	1157
			1642	1158
			1643	1159
			1643	1160
			1644	1161
			1644	1162
			1645	1163
			1645	1164
			1645	1165
			1646	1166
			1646	1167
			1647	1168
			1647	1169
			1647	1170
			1648	1170
			1648	1171
			1648	1172
			1649	1173
			1649	1174
			1649	1175
			1649	1176
			1650	1177
			1650	1178
			1650	1179
			1651	1180
			1651	1181
			1651	1182
			1651	1183
			1651	1184
			1652	1185
			1652	1186
			1652	1187
			1652	1188
			1652	1189
			1652	1190
			1652	1191
			1652	1192
			1652	1193
			1652	1194
			1652	1195
			1652	1196
			1652	1197
			1652	1198
			1651	1199
			1650	1200
			1649	1201
			1648	1202
			1647	1203
			1646	1204
			1645	1205
			1644	1206
			1643	1207
			1642	1208
			1641	1209
			1640	1210
			1639	1211
			1638	1211
			1637	1212
			1636	1213
			1635	1214
			1634	1215
			1633	1215
			1632	1216
			1631	1217
			1630	1218
			1629	1218
			1628	1219
			1627	1219
			1626	1220
			1625	1221
			1624	1221
			1623	1222
			1622	1222
			1621	1223
			1620	1224
			1619	1224
			1618	1225
			1617	1225
			1616	1226
			1615	1226
			1614	1227
			1613	1227
			1612	1228
			1611	1228
			1610	1229
			1609	1229
			1608	1229
			1607	1230
			1606	1230
			1605	1230
			1604	1231
			1603	1231
			1602	1231
			1601	1232
			1600	1232
			1599	1232
			1598	1233
			1597	1233
			1596	1233
			1595	1233
			1594	1234
			1593	1234
			1592	1234
			1591	1234
			1590	1234
			1589	1234
			1588	1235
			1587	1235
			1586	1235
			1585	1235
			1584	1235
			1583	1235
			1582	1235
			1581	1235
			1580	1235
			1579	1235
			1578	1235
			1577	1235
			1576	1235
			1575	1235
			1574	1235
			1573	1235
			1572	1235
			1571	1235
			1570	1235
			1569	1235
			1568	1235
			1567	1235
			1566	1235
			1565	1235
			1564	1235
			1563	1235
			1562	1235
			1561	1234
			1560	1234
			1559	1234
			1558	1234
			1557	1234
			1556	1233
			1555	1233
			1554	1233
			1553	1234
			1552	1234
			1551	1235
			1550	1236
			1549	1236
			1548	1237
			1547	1237
			1546	1238
			1545	1239
			1544	1239
			1543	1240
			1542	1241
			1541	1241
			1540	1242
			1539	1242
			1538	1243
			1537	1244
			1536	1244
			1535	1245
			1535	1246
			1534	1246
			1533	1247
			1532	1247
			1531	1248
			1530	1249
			1529	1249
			1528	1250
			1528	1251
			1527	1251
			1526	1252
			1525	1252
			1524	1253
			1523	1254
			1522	1255
			1521	1256
			1520	1257
			1519	1257
			1518	1258
			1517	1259
			1516	1260
			1515	1260
			1514	1261
			1513	1262
			1512	1263
			1511	1264
			1510	1265
			1509	1266
			1508	1267
			1507	1268
			1506	1269
			1505	1270
			1504	1271
			1503	1272
			1502	1273
			1501	1274
			1500	1275
			1499	1276
			1498	1277
			1497	1278
			1496	1279
			1495	1280
			1494	1281
			1494	1282
			1493	1283
			1492	1284
			1491	1285
			1490	1286
			1489	1287
			1489	1288
			1488	1289
			1487	1290
			1486	1291
			1486	1292
			1485	1293
			1484	1294
		</curvaI_espina_dorsal>
	</curves.pixel>
	<curves.scaled type=list>
		<curvaD_espina_dorsal type=matrix rownames=FALSE colnames=FALSE nrow=315 ncol=2 as.numeric=TRUE >
			2.86666175127007	-1.91666338020964
			2.8685135999466	-1.91666338020964
			2.8685135999466	-1.91851522888617
			2.87036544862313	-1.91851522888617
			2.87221729729967	-1.91851522888617
			2.87221729729967	-1.9203670775627
			2.8740691459762	-1.9203670775627
			2.87592099465273	-1.9203670775627
			2.87592099465273	-1.92221892623923
			2.87777284332926	-1.92221892623923
			2.87962469200579	-1.92407077491577
			2.88147654068232	-1.92407077491577
			2.88332838935885	-1.9259226235923
			2.88518023803538	-1.92777447226883
			2.88703208671191	-1.92777447226883
			2.88888393538845	-1.92962632094536
			2.89073578406498	-1.93147816962189
			2.89258763274151	-1.93147816962189
			2.89443948141804	-1.93333001829842
			2.89629133009457	-1.93518186697495
			2.8981431787711	-1.93518186697495
			2.89999502744763	-1.93703371565148
			2.90184687612416	-1.93888556432801
			2.90369872480069	-1.94073741300455
			2.90555057347722	-1.94073741300455
			2.90740242215376	-1.94258926168108
			2.90925427083029	-1.94444111035761
			2.91110611950682	-1.94629295903414
			2.91295796818335	-1.94629295903414
			2.91480981685988	-1.94814480771067
			2.91666166553641	-1.94814480771067
			2.91666166553641	-1.9499966563872
			2.91851351421294	-1.9499966563872
			2.92036536288947	-1.95184850506373
			2.922217211566	-1.95370035374026
			2.92406906024254	-1.95555220241679
			2.92592090891907	-1.95740405109332
			2.9277727575956	-1.95925589976986
			2.92962460627213	-1.95925589976986
			2.93147645494866	-1.96110774844639
			2.93332830362519	-1.96295959712292
			2.93518015230172	-1.96481144579945
			2.93703200097825	-1.96666329447598
			2.93888384965478	-1.96666329447598
			2.94073569833131	-1.96851514315251
			2.94258754700785	-1.97036699182904
			2.94443939568438	-1.97221884050557
			2.94629124436091	-1.9740706891821
			2.94814309303744	-1.97592253785864
			2.94999494171397	-1.97777438653517
			2.9518467903905	-1.97777438653517
			2.95369863906703	-1.9796262352117
			2.95555048774356	-1.98147808388823
			2.95740233642009	-1.98332993256476
			2.95925418509663	-1.98518178124129
			2.96110603377316	-1.98703362991782
			2.96295788244969	-1.98888547859435
			2.96480973112622	-1.99073732727088
			2.96666157980275	-1.99258917594741
			2.96851342847928	-1.99444102462395
			2.97036527715581	-1.99629287330048
			2.97221712583234	-1.99814472197701
			2.97406897450887	-1.99999657065354
			2.9759208231854	-2.00184841933007
			2.97777267186194	-2.0037002680066
			2.97962452053847	-2.00555211668313
			2.981476369215	-2.00740396535966
			2.98332821789153	-2.00925581403619
			2.98518006656806	-2.01110766271273
			2.98703191524459	-2.01295951138926
			2.98888376392112	-2.01481136006579
			2.99073561259765	-2.01666320874232
			2.99258746127418	-2.01851505741885
			2.99443930995072	-2.02036690609538
			2.99629115862725	-2.02221875477191
			2.99814300730378	-2.02407060344844
			2.99814300730378	-2.02592245212497
			2.99999485598031	-2.02592245212497
			3.00184670465684	-2.02777430080151
			3.00184670465684	-2.02962614947804
			3.00369855333337	-2.02962614947804
			3.0055504020099	-2.03147799815457
			3.0055504020099	-2.0333298468311
			3.00740225068643	-2.03518169550763
			3.00925409936296	-2.03703354418416
			3.01110594803949	-2.03888539286069
			3.01295779671603	-2.04073724153722
			3.01480964539256	-2.04258909021375
			3.01666149406909	-2.04444093889028
			3.01666149406909	-2.04629278756682
			3.01851334274562	-2.04814463624335
			3.02036519142215	-2.04999648491988
			3.02221704009868	-2.04999648491988
			3.02406888877521	-2.05184833359641
			3.02406888877521	-2.05370018227294
			3.02592073745174	-2.05555203094947
			3.02777258612827	-2.057403879626
			3.02962443480481	-2.05925572830253
			3.03147628348134	-2.06110757697906
			3.03147628348134	-2.06295942565559
			3.03332813215787	-2.06481127433213
			3.0351799808344	-2.06666312300866
			3.03703182951093	-2.06666312300866
			3.03888367818746	-2.06851497168519
			3.03888367818746	-2.07036682036172
			3.04073552686399	-2.07221866903825
			3.04258737554052	-2.07407051771478
			3.04443922421705	-2.07592236639131
			3.04629107289359	-2.07777421506784
			3.04629107289359	-2.07962606374437
			3.04814292157012	-2.08147791242091
			3.04999477024665	-2.08332976109744
			3.04999477024665	-2.08518160977397
			3.05184661892318	-2.0870334584505
			3.05369846759971	-2.08888530712703
			3.05555031627624	-2.09073715580356
			3.05740216495277	-2.09258900448009
			3.0592540136293	-2.09444085315662
			3.0592540136293	-2.09629270183315
			3.06110586230583	-2.09814455050968
			3.06110586230583	-2.09999639918622
			3.06295771098236	-2.09999639918622
			3.06295771098236	-2.10184824786275
			3.0648095596589	-2.10370009653928
			3.06666140833543	-2.10370009653928
			3.06666140833543	-2.10555194521581
			3.06851325701196	-2.10740379389234
			3.06851325701196	-2.10925564256887
			3.07036510568849	-2.10925564256887
			3.07036510568849	-2.1111074912454
			3.07221695436502	-2.11295933992193
			3.07221695436502	-2.11481118859846
			3.07406880304155	-2.11481118859846
			3.07592065171808	-2.116663037275
			3.07592065171808	-2.11851488595153
			3.07777250039461	-2.12036673462806
			3.07962434907114	-2.12221858330459
			3.07962434907114	-2.12407043198112
			3.08147619774768	-2.12592228065765
			3.08332804642421	-2.12777412933418
			3.08517989510074	-2.12962597801071
			3.08517989510074	-2.13147782668724
			3.08703174377727	-2.13332967536377
			3.0888835924538	-2.13518152404031
			3.0888835924538	-2.13703337271684
			3.09073544113033	-2.13888522139337
			3.09258728980686	-2.1407370700699
			3.09443913848339	-2.14258891874643
			3.09443913848339	-2.14444076742296
			3.09629098715992	-2.14629261609949
			3.09814283583645	-2.14814446477602
			3.09814283583645	-2.14999631345255
			3.09999468451299	-2.15184816212909
			3.10184653318952	-2.15370001080562
			3.10369838186605	-2.15555185948215
			3.10369838186605	-2.15740370815868
			3.10555023054258	-2.15925555683521
			3.10555023054258	-2.16110740551174
			3.10740207921911	-2.16295925418827
			3.10925392789564	-2.1648111028648
			3.11110577657217	-2.16666295154133
			3.11110577657217	-2.16851480021786
			3.1129576252487	-2.1703666488944
			3.11480947392523	-2.17221849757093
			3.11480947392523	-2.17407034624746
			3.11666132260176	-2.17592219492399
			3.1185131712783	-2.17777404360052
			3.1185131712783	-2.17962589227705
			3.12036501995483	-2.18147774095358
			3.12221686863136	-2.18332958963011
			3.12406871730789	-2.18518143830664
			3.12406871730789	-2.18703328698318
			3.12406871730789	-2.18888513565971
			3.12406871730789	-2.19073698433624
			3.12592056598442	-2.19258883301277
			3.12592056598442	-2.1944406816893
			3.12592056598442	-2.19629253036583
			3.12592056598442	-2.19814437904236
			3.12777241466095	-2.19999622771889
			3.12777241466095	-2.20184807639542
			3.12777241466095	-2.20369992507195
			3.12962426333748	-2.20555177374849
			3.12962426333748	-2.20740362242502
			3.13147611201401	-2.20925547110155
			3.13147611201401	-2.21110731977808
			3.13147611201401	-2.21295916845461
			3.13332796069054	-2.21481101713114
			3.13517980936708	-2.21666286580767
			3.13517980936708	-2.2185147144842
			3.13517980936708	-2.22036656316073
			3.13703165804361	-2.22221841183727
			3.13888350672014	-2.2240702605138
			3.13888350672014	-2.22592210919033
			3.14073535539667	-2.22777395786686
			3.1425872040732	-2.22962580654339
			3.1425872040732	-2.23147765521992
			3.14443905274973	-2.23332950389645
			3.14629090142626	-2.23518135257298
			3.14814275010279	-2.23703320124951
			3.14814275010279	-2.23888504992604
			3.14999459877932	-2.23888504992604
			3.15184644745585	-2.24073689860258
			3.15369829613239	-2.24258874727911
			3.15555014480892	-2.24444059595564
			3.15555014480892	-2.24629244463217
			3.15740199348545	-2.2481442933087
			3.15925384216198	-2.24999614198523
			3.16110569083851	-2.25184799066176
			3.16295753951504	-2.25369983933829
			3.16480938819157	-2.25555168801482
			3.1666612368681	-2.25740353669136
			3.16851308554463	-2.25925538536789
			3.17036493422117	-2.26110723404442
			3.1722167828977	-2.26295908272095
			3.17406863157423	-2.26295908272095
			3.17592048025076	-2.26481093139748
			3.17777232892729	-2.26666278007401
			3.17962417760382	-2.26851462875054
			3.18147602628035	-2.26851462875054
			3.18147602628035	-2.27036647742707
			3.18332787495688	-2.27036647742707
			3.18517972363341	-2.2722183261036
			3.18703157230994	-2.27407017478013
			3.18888342098648	-2.27592202345667
			3.19073526966301	-2.27592202345667
			3.19258711833954	-2.2777738721332
			3.19443896701607	-2.27962572080973
			3.1962908156926	-2.27962572080973
			3.19814266436913	-2.28147756948626
			3.19999451304566	-2.28332941816279
			3.20184636172219	-2.28332941816279
			3.20369821039872	-2.28518126683932
			3.20555005907526	-2.28703311551585
			3.20740190775179	-2.28703311551585
			3.20925375642832	-2.28888496419238
			3.21110560510485	-2.29073681286891
			3.21295745378138	-2.29073681286891
			3.21480930245791	-2.29258866154545
			3.21666115113444	-2.29444051022198
			3.21851299981097	-2.29444051022198
			3.2203648484875	-2.29629235889851
			3.22221669716403	-2.29814420757504
			3.22406854584057	-2.29814420757504
			3.2259203945171	-2.29999605625157
			3.22777224319363	-2.29999605625157
			3.22962409187016	-2.3018479049281
			3.23147594054669	-2.30369975360463
			3.23332778922322	-2.30369975360463
			3.23517963789975	-2.30555160228116
			3.23703148657628	-2.30555160228116
			3.23888333525281	-2.30740345095769
			3.24073518392935	-2.30925529963423
			3.24258703260588	-2.30925529963423
			3.24443888128241	-2.30925529963423
			3.24629072995894	-2.31110714831076
			3.24814257863547	-2.31110714831076
			3.249994427312	-2.31295899698729
			3.25184627598853	-2.31295899698729
			3.25369812466506	-2.31481084566382
			3.25554997334159	-2.31666269434035
			3.25740182201812	-2.31666269434035
			3.25925367069466	-2.31851454301688
			3.26110551937119	-2.31851454301688
			3.26295736804772	-2.32036639169341
			3.26480921672425	-2.32036639169341
			3.26666106540078	-2.32221824036994
			3.26851291407731	-2.32221824036994
			3.27036476275384	-2.32407008904647
			3.27221661143037	-2.32407008904647
			3.2740684601069	-2.32407008904647
			3.2740684601069	-2.325921937723
			3.27592030878344	-2.325921937723
			3.27777215745997	-2.32777378639954
			3.2796240061365	-2.32777378639954
			3.28147585481303	-2.32777378639954
			3.28332770348956	-2.32962563507607
			3.28517955216609	-2.3314774837526
			3.28703140084262	-2.3314774837526
			3.28888324951915	-2.33332933242913
			3.29073509819568	-2.33332933242913
			3.29258694687221	-2.33332933242913
			3.29443879554875	-2.33518118110566
			3.29629064422528	-2.33518118110566
			3.29814249290181	-2.33703302978219
			3.29999434157834	-2.33703302978219
			3.30184619025487	-2.33703302978219
			3.30184619025487	-2.33888487845872
			3.3036980389314	-2.33888487845872
			3.30554988760793	-2.33888487845872
			3.30740173628446	-2.34073672713525
			3.30925358496099	-2.34073672713525
			3.31110543363753	-2.34258857581178
			3.31295728231406	-2.34258857581178
			3.31480913099059	-2.34444042448832
			3.31666097966712	-2.34444042448832
			3.31851282834365	-2.34444042448832
			3.32036467702018	-2.34629227316485
			3.32221652569671	-2.34629227316485
			3.32406837437324	-2.34814412184138
			3.32592022304977	-2.34814412184138
			3.32777207172631	-2.34814412184138
			3.32962392040284	-2.34999597051791
			3.33147576907937	-2.34999597051791
			3.3333276177559	-2.35184781919444
			3.33517946643243	-2.35184781919444
			3.33703131510896	-2.35369966787097
			3.33888316378549	-2.35369966787097
			3.34073501246202	-2.35369966787097
			3.34258686113855	-2.3555515165475
			3.34443870981508	-2.3555515165475
			3.34629055849162	-2.35740336522403
			3.34814240716815	-2.35740336522403
			3.34999425584468	-2.35740336522403
			3.35184610452121	-2.35925521390056
			3.35369795319774	-2.35925521390056
		</curvaD_espina_dorsal>
		<curvaI_espina_dorsal type=matrix rownames=FALSE colnames=FALSE nrow=346 ncol=2 as.numeric=TRUE >
			2.86666175127007	-1.91666338020964
			2.86666175127007	-1.91851522888617
			2.8685135999466	-1.91851522888617
			2.8685135999466	-1.9203670775627
			2.87036544862313	-1.9203670775627
			2.87036544862313	-1.92221892623923
			2.87221729729967	-1.92407077491577
			2.8740691459762	-1.9259226235923
			2.8740691459762	-1.92777447226883
			2.87592099465273	-1.92962632094536
			2.87777284332926	-1.93147816962189
			2.87962469200579	-1.93333001829842
			2.88147654068232	-1.93518186697495
			2.88147654068232	-1.93703371565148
			2.88332838935885	-1.93888556432801
			2.88518023803538	-1.94073741300455
			2.88703208671191	-1.94258926168108
			2.88888393538845	-1.94444111035761
			2.88888393538845	-1.94629295903414
			2.89073578406498	-1.94814480771067
			2.89258763274151	-1.9499966563872
			2.89443948141804	-1.95184850506373
			2.89443948141804	-1.95370035374026
			2.89629133009457	-1.95555220241679
			2.8981431787711	-1.95740405109332
			2.89999502744763	-1.95925589976986
			2.90184687612416	-1.96110774844639
			2.90184687612416	-1.96295959712292
			2.90369872480069	-1.96481144579945
			2.90555057347722	-1.96666329447598
			2.90740242215376	-1.96851514315251
			2.90740242215376	-1.97036699182904
			2.90925427083029	-1.97221884050557
			2.91110611950682	-1.9740706891821
			2.91295796818335	-1.97592253785864
			2.91480981685988	-1.97777438653517
			2.91480981685988	-1.9796262352117
			2.91666166553641	-1.9796262352117
			2.91851351421294	-1.98147808388823
			2.92036536288947	-1.98332993256476
			2.92036536288947	-1.98518178124129
			2.922217211566	-1.98703362991782
			2.92406906024254	-1.98888547859435
			2.92592090891907	-1.99073732727088
			2.9277727575956	-1.99258917594741
			2.9277727575956	-1.99444102462395
			2.92962460627213	-1.99629287330048
			2.93147645494866	-1.99814472197701
			2.93332830362519	-1.99999657065354
			2.93332830362519	-2.00184841933007
			2.93518015230172	-2.0037002680066
			2.93703200097825	-2.00555211668313
			2.93888384965478	-2.00740396535966
			2.94073569833131	-2.00925581403619
			2.94258754700785	-2.01110766271273
			2.94443939568438	-2.01295951138926
			2.94629124436091	-2.01481136006579
			2.94629124436091	-2.01666320874232
			2.94814309303744	-2.01851505741885
			2.94999494171397	-2.02036690609538
			2.9518467903905	-2.02036690609538
			2.9518467903905	-2.02221875477191
			2.95369863906703	-2.02407060344844
			2.95555048774356	-2.02592245212497
			2.95740233642009	-2.02777430080151
			2.95925418509663	-2.02962614947804
			2.96110603377316	-2.03147799815457
			2.96110603377316	-2.0333298468311
			2.96295788244969	-2.03518169550763
			2.96480973112622	-2.03703354418416
			2.96666157980275	-2.03888539286069
			2.96666157980275	-2.04073724153722
			2.96851342847928	-2.04073724153722
			2.97036527715581	-2.04258909021375
			2.97221712583234	-2.04444093889028
			2.97221712583234	-2.04629278756682
			2.97406897450887	-2.04814463624335
			2.9759208231854	-2.04999648491988
			2.97777267186194	-2.05184833359641
			2.97777267186194	-2.05370018227294
			2.97962452053847	-2.05555203094947
			2.981476369215	-2.05555203094947
			2.981476369215	-2.057403879626
			2.98332821789153	-2.05925572830253
			2.98518006656806	-2.06110757697906
			2.98703191524459	-2.06295942565559
			2.98703191524459	-2.06481127433213
			2.98888376392112	-2.06666312300866
			2.99073561259765	-2.06666312300866
			2.99073561259765	-2.06851497168519
			2.99258746127418	-2.07036682036172
			2.99258746127418	-2.07221866903825
			2.99443930995072	-2.07407051771478
			2.99629115862725	-2.07592236639131
			2.99814300730378	-2.07777421506784
			2.99999485598031	-2.07962606374437
			3.00184670465684	-2.08147791242091
			3.00184670465684	-2.08332976109744
			3.00369855333337	-2.08518160977397
			3.0055504020099	-2.0870334584505
			3.0055504020099	-2.08888530712703
			3.00740225068643	-2.09073715580356
			3.00925409936296	-2.09258900448009
			3.00925409936296	-2.09444085315662
			3.01110594803949	-2.09629270183315
			3.01295779671603	-2.09814455050968
			3.01295779671603	-2.09999639918622
			3.01480964539256	-2.10184824786275
			3.01666149406909	-2.10370009653928
			3.01666149406909	-2.10555194521581
			3.01851334274562	-2.10740379389234
			3.02036519142215	-2.10740379389234
			3.02036519142215	-2.10925564256887
			3.02221704009868	-2.1111074912454
			3.02221704009868	-2.11295933992193
			3.02406888877521	-2.11481118859846
			3.02406888877521	-2.116663037275
			3.02592073745174	-2.11851488595153
			3.02777258612827	-2.12036673462806
			3.02777258612827	-2.12221858330459
			3.02962443480481	-2.12407043198112
			3.03147628348134	-2.12592228065765
			3.03147628348134	-2.12777412933418
			3.03332813215787	-2.12962597801071
			3.03332813215787	-2.13147782668724
			3.0351799808344	-2.13332967536377
			3.03703182951093	-2.13518152404031
			3.03703182951093	-2.13703337271684
			3.03888367818746	-2.13888522139337
			3.03888367818746	-2.1407370700699
			3.04073552686399	-2.14258891874643
			3.04073552686399	-2.14444076742296
			3.04258737554052	-2.14629261609949
			3.04258737554052	-2.14814446477602
			3.04443922421705	-2.14999631345255
			3.04443922421705	-2.15184816212909
			3.04629107289359	-2.15370001080562
			3.04629107289359	-2.15555185948215
			3.04629107289359	-2.15740370815868
			3.04814292157012	-2.15925555683521
			3.04814292157012	-2.16110740551174
			3.04999477024665	-2.16295925418827
			3.04999477024665	-2.1648111028648
			3.04999477024665	-2.16666295154133
			3.05184661892318	-2.16666295154133
			3.05184661892318	-2.16851480021786
			3.05184661892318	-2.1703666488944
			3.05369846759971	-2.17221849757093
			3.05369846759971	-2.17407034624746
			3.05369846759971	-2.17592219492399
			3.05369846759971	-2.17777404360052
			3.05555031627624	-2.17962589227705
			3.05555031627624	-2.18147774095358
			3.05555031627624	-2.18332958963011
			3.05740216495277	-2.18518143830664
			3.05740216495277	-2.18703328698318
			3.05740216495277	-2.18888513565971
			3.05740216495277	-2.19073698433624
			3.05740216495277	-2.19258883301277
			3.0592540136293	-2.1944406816893
			3.0592540136293	-2.19629253036583
			3.0592540136293	-2.19814437904236
			3.0592540136293	-2.19999622771889
			3.0592540136293	-2.20184807639542
			3.0592540136293	-2.20369992507195
			3.0592540136293	-2.20555177374849
			3.0592540136293	-2.20740362242502
			3.0592540136293	-2.20925547110155
			3.0592540136293	-2.21110731977808
			3.0592540136293	-2.21295916845461
			3.0592540136293	-2.21481101713114
			3.0592540136293	-2.21666286580767
			3.0592540136293	-2.2185147144842
			3.05740216495277	-2.22036656316073
			3.05555031627624	-2.22221841183727
			3.05369846759971	-2.2240702605138
			3.05184661892318	-2.22592210919033
			3.04999477024665	-2.22777395786686
			3.04814292157012	-2.22962580654339
			3.04629107289359	-2.23147765521992
			3.04443922421705	-2.23332950389645
			3.04258737554052	-2.23518135257298
			3.04073552686399	-2.23703320124951
			3.03888367818746	-2.23888504992604
			3.03703182951093	-2.24073689860258
			3.0351799808344	-2.24258874727911
			3.03332813215787	-2.24258874727911
			3.03147628348134	-2.24444059595564
			3.02962443480481	-2.24629244463217
			3.02777258612827	-2.2481442933087
			3.02592073745174	-2.24999614198523
			3.02406888877521	-2.24999614198523
			3.02221704009868	-2.25184799066176
			3.02036519142215	-2.25369983933829
			3.01851334274562	-2.25555168801482
			3.01666149406909	-2.25555168801482
			3.01480964539256	-2.25740353669136
			3.01295779671603	-2.25740353669136
			3.01110594803949	-2.25925538536789
			3.00925409936296	-2.26110723404442
			3.00740225068643	-2.26110723404442
			3.0055504020099	-2.26295908272095
			3.00369855333337	-2.26295908272095
			3.00184670465684	-2.26481093139748
			2.99999485598031	-2.26666278007401
			2.99814300730378	-2.26666278007401
			2.99629115862725	-2.26851462875054
			2.99443930995072	-2.26851462875054
			2.99258746127418	-2.27036647742707
			2.99073561259765	-2.27036647742707
			2.98888376392112	-2.2722183261036
			2.98703191524459	-2.2722183261036
			2.98518006656806	-2.27407017478013
			2.98332821789153	-2.27407017478013
			2.981476369215	-2.27592202345667
			2.97962452053847	-2.27592202345667
			2.97777267186194	-2.27592202345667
			2.9759208231854	-2.2777738721332
			2.97406897450887	-2.2777738721332
			2.97221712583234	-2.2777738721332
			2.97036527715581	-2.27962572080973
			2.96851342847928	-2.27962572080973
			2.96666157980275	-2.27962572080973
			2.96480973112622	-2.28147756948626
			2.96295788244969	-2.28147756948626
			2.96110603377316	-2.28147756948626
			2.95925418509663	-2.28332941816279
			2.95740233642009	-2.28332941816279
			2.95555048774356	-2.28332941816279
			2.95369863906703	-2.28332941816279
			2.9518467903905	-2.28518126683932
			2.94999494171397	-2.28518126683932
			2.94814309303744	-2.28518126683932
			2.94629124436091	-2.28518126683932
			2.94443939568438	-2.28518126683932
			2.94258754700785	-2.28518126683932
			2.94073569833131	-2.28703311551585
			2.93888384965478	-2.28703311551585
			2.93703200097825	-2.28703311551585
			2.93518015230172	-2.28703311551585
			2.93332830362519	-2.28703311551585
			2.93147645494866	-2.28703311551585
			2.92962460627213	-2.28703311551585
			2.9277727575956	-2.28703311551585
			2.92592090891907	-2.28703311551585
			2.92406906024254	-2.28703311551585
			2.922217211566	-2.28703311551585
			2.92036536288947	-2.28703311551585
			2.91851351421294	-2.28703311551585
			2.91666166553641	-2.28703311551585
			2.91480981685988	-2.28703311551585
			2.91295796818335	-2.28703311551585
			2.91110611950682	-2.28703311551585
			2.90925427083029	-2.28703311551585
			2.90740242215376	-2.28703311551585
			2.90555057347722	-2.28703311551585
			2.90369872480069	-2.28703311551585
			2.90184687612416	-2.28703311551585
			2.89999502744763	-2.28703311551585
			2.8981431787711	-2.28703311551585
			2.89629133009457	-2.28703311551585
			2.89443948141804	-2.28703311551585
			2.89258763274151	-2.28703311551585
			2.89073578406498	-2.28518126683932
			2.88888393538845	-2.28518126683932
			2.88703208671191	-2.28518126683932
			2.88518023803538	-2.28518126683932
			2.88332838935885	-2.28518126683932
			2.88147654068232	-2.28332941816279
			2.87962469200579	-2.28332941816279
			2.87777284332926	-2.28332941816279
			2.87592099465273	-2.28518126683932
			2.8740691459762	-2.28518126683932
			2.87221729729967	-2.28703311551585
			2.87036544862313	-2.28888496419238
			2.8685135999466	-2.28888496419238
			2.86666175127007	-2.29073681286891
			2.86480990259354	-2.29073681286891
			2.86295805391701	-2.29258866154545
			2.86110620524048	-2.29444051022198
			2.85925435656395	-2.29444051022198
			2.85740250788742	-2.29629235889851
			2.85555065921089	-2.29814420757504
			2.85369881053436	-2.29814420757504
			2.85184696185782	-2.29999605625157
			2.84999511318129	-2.29999605625157
			2.84814326450476	-2.3018479049281
			2.84629141582823	-2.30369975360463
			2.8444395671517	-2.30369975360463
			2.84258771847517	-2.30555160228116
			2.84258771847517	-2.30740345095769
			2.84073586979864	-2.30740345095769
			2.83888402112211	-2.30925529963423
			2.83703217244558	-2.30925529963423
			2.83518032376904	-2.31110714831076
			2.83332847509251	-2.31295899698729
			2.83147662641598	-2.31295899698729
			2.82962477773945	-2.31481084566382
			2.82962477773945	-2.31666269434035
			2.82777292906292	-2.31666269434035
			2.82592108038639	-2.31851454301688
			2.82406923170986	-2.31851454301688
			2.82221738303333	-2.32036639169341
			2.8203655343568	-2.32221824036994
			2.81851368568027	-2.32407008904647
			2.81666183700373	-2.325921937723
			2.8148099883272	-2.32777378639954
			2.81295813965067	-2.32777378639954
			2.81110629097414	-2.32962563507607
			2.80925444229761	-2.3314774837526
			2.80740259362108	-2.33332933242913
			2.80555074494455	-2.33332933242913
			2.80369889626802	-2.33518118110566
			2.80184704759149	-2.33703302978219
			2.79999519891495	-2.33888487845872
			2.79814335023842	-2.34073672713525
			2.79629150156189	-2.34258857581178
			2.79443965288536	-2.34444042448832
			2.79258780420883	-2.34629227316485
			2.7907359555323	-2.34814412184138
			2.78888410685577	-2.34999597051791
			2.78703225817924	-2.35184781919444
			2.78518040950271	-2.35369966787097
			2.78332856082617	-2.3555515165475
			2.78147671214964	-2.35740336522403
			2.77962486347311	-2.35925521390056
			2.77777301479658	-2.36110706257709
			2.77592116612005	-2.36295891125363
			2.77406931744352	-2.36481075993016
			2.77221746876699	-2.36666260860669
			2.77036562009046	-2.36851445728322
			2.76851377141393	-2.37036630595975
			2.7666619227374	-2.37221815463628
			2.7666619227374	-2.37407000331281
			2.76481007406086	-2.37592185198934
			2.76295822538433	-2.37777370066587
			2.7611063767078	-2.37962554934241
			2.75925452803127	-2.38147739801894
			2.75740267935474	-2.38332924669547
			2.75740267935474	-2.385181095372
			2.75555083067821	-2.38703294404853
			2.75369898200168	-2.38888479272506
			2.75184713332515	-2.39073664140159
			2.75184713332515	-2.39258849007812
			2.74999528464862	-2.39444033875465
			2.74814343597208	-2.39629218743118
		</curvaI_espina_dorsal>
	</curves.scaled>
	<ruler.points type=matrix rownames=TRUE colnames=FALSE nrow=2 ncol=2 as.numeric=TRUE >
		Ruler point 1	1497	453
		Ruler point 2	2037	452
	</ruler.points>
</shapes>

