<shapes type=list>
	<ruler.pixel type=vector names=FALSE length=1 as.numeric=TRUE >539.000927642987</ruler.pixel>
	<ruler.interval type=vector names=FALSE length=1 as.numeric=TRUE >1</ruler.interval>
	<scaling.units type=vector names=FALSE length=1 as.numeric=FALSE >mm</scaling.units>
	<scaling type=vector names=FALSE length=1 as.numeric=TRUE >0.00185184867653105</scaling>
	<landmarks.pixel type=matrix rownames=TRUE colnames=FALSE nrow=3 ncol=2 as.numeric=TRUE >
		punta_espina_dorsal	1462	1008
		esq_izq_caparaza	1412	1254
		organo_dorsal	1734	1226
	</landmarks.pixel>
	<landmarks.scaled type=matrix rownames=TRUE colnames=FALSE nrow=3 ncol=2 as.numeric=TRUE >
		punta_espina_dorsal	2.7074027650884	-1.8666634659433
		esq_izq_caparaza	2.61481033126185	-2.32221824036994
		organo_dorsal	3.21110560510485	-2.27036647742707
	</landmarks.scaled>
	<curves.control type=list>
		<curvaD_espina_dorsal type=matrix rownames=FALSE colnames=FALSE nrow=7 ncol=2 as.numeric=TRUE >
			1462	1008
			1509	1040
			1552	1084
			1571	1102
			1600	1139
			1622	1186
			1734	1226
		</curvaD_espina_dorsal>
		<curvaI_espina_dorsal type=matrix rownames=FALSE colnames=FALSE nrow=9 ncol=2 as.numeric=TRUE >
			1462	1008
			1500	1053
			1524	1080
			1584	1149
			1575	1165
			1548	1199
			1478	1203
			1434	1222
			1412	1254
		</curvaI_espina_dorsal>
	</curves.control>
	<curves.pixel type=list>
		<curvaD_espina_dorsal type=matrix rownames=FALSE colnames=FALSE nrow=314 ncol=2 as.numeric=TRUE >
			1462	1008
			1463	1009
			1464	1009
			1464	1010
			1465	1010
			1466	1011
			1467	1011
			1468	1012
			1469	1013
			1470	1014
			1471	1014
			1472	1015
			1473	1016
			1474	1016
			1475	1017
			1476	1018
			1477	1018
			1478	1019
			1479	1020
			1480	1020
			1480	1021
			1481	1022
			1482	1023
			1483	1023
			1484	1024
			1485	1025
			1486	1025
			1487	1026
			1488	1027
			1489	1028
			1490	1028
			1491	1029
			1492	1030
			1493	1030
			1494	1031
			1494	1032
			1495	1033
			1496	1033
			1497	1034
			1498	1035
			1499	1036
			1500	1036
			1501	1037
			1502	1038
			1503	1039
			1504	1039
			1505	1040
			1506	1041
			1506	1042
			1507	1042
			1508	1043
			1509	1044
			1510	1045
			1511	1046
			1512	1046
			1513	1047
			1514	1048
			1515	1049
			1516	1049
			1516	1050
			1517	1051
			1518	1052
			1519	1053
			1520	1053
			1521	1054
			1522	1055
			1523	1056
			1524	1057
			1525	1058
			1526	1059
			1527	1060
			1528	1061
			1529	1061
			1529	1062
			1530	1063
			1531	1063
			1531	1064
			1532	1064
			1533	1065
			1533	1066
			1534	1066
			1535	1067
			1536	1068
			1537	1069
			1538	1070
			1539	1071
			1540	1072
			1541	1073
			1542	1074
			1543	1075
			1544	1076
			1545	1077
			1546	1078
			1547	1079
			1548	1080
			1549	1081
			1550	1081
			1550	1082
			1551	1083
			1552	1084
			1553	1084
			1553	1085
			1554	1086
			1555	1086
			1555	1087
			1556	1088
			1557	1089
			1558	1090
			1559	1091
			1560	1092
			1561	1093
			1562	1094
			1563	1095
			1564	1096
			1564	1097
			1565	1097
			1566	1098
			1566	1099
			1567	1100
			1568	1100
			1568	1101
			1569	1102
			1570	1103
			1571	1103
			1571	1104
			1572	1105
			1573	1106
			1573	1107
			1574	1107
			1575	1108
			1576	1109
			1576	1110
			1577	1111
			1578	1112
			1579	1113
			1579	1114
			1580	1115
			1581	1115
			1582	1116
			1582	1117
			1583	1118
			1584	1119
			1585	1120
			1586	1121
			1586	1122
			1587	1123
			1588	1124
			1589	1125
			1590	1126
			1591	1127
			1591	1128
			1592	1129
			1593	1130
			1594	1131
			1595	1132
			1596	1133
			1596	1134
			1597	1135
			1598	1136
			1599	1137
			1599	1138
			1600	1139
			1600	1140
			1601	1141
			1602	1142
			1602	1143
			1603	1144
			1603	1145
			1604	1146
			1605	1147
			1605	1148
			1606	1149
			1607	1150
			1607	1151
			1608	1152
			1609	1153
			1610	1154
			1610	1155
			1611	1156
			1612	1157
			1613	1158
			1614	1159
			1615	1160
			1616	1161
			1617	1162
			1618	1163
			1619	1164
			1620	1165
			1621	1166
			1622	1167
			1623	1168
			1624	1169
			1625	1170
			1626	1171
			1627	1172
			1628	1172
			1628	1173
			1629	1173
			1630	1174
			1631	1174
			1631	1175
			1632	1176
			1633	1176
			1634	1177
			1635	1178
			1636	1179
			1637	1179
			1638	1180
			1639	1181
			1640	1181
			1641	1182
			1642	1183
			1643	1183
			1644	1184
			1645	1185
			1646	1185
			1647	1186
			1648	1186
			1648	1187
			1649	1187
			1650	1188
			1651	1188
			1652	1189
			1653	1190
			1654	1190
			1655	1191
			1656	1191
			1657	1192
			1658	1193
			1659	1193
			1660	1194
			1661	1194
			1662	1195
			1663	1195
			1664	1196
			1665	1196
			1665	1197
			1666	1197
			1667	1197
			1667	1198
			1668	1198
			1669	1198
			1669	1199
			1670	1199
			1671	1199
			1671	1200
			1672	1200
			1673	1200
			1673	1201
			1674	1201
			1675	1201
			1676	1202
			1677	1202
			1678	1203
			1679	1203
			1680	1204
			1681	1204
			1682	1205
			1683	1205
			1684	1206
			1685	1206
			1686	1207
			1687	1207
			1688	1208
			1689	1208
			1690	1208
			1690	1209
			1691	1209
			1692	1209
			1692	1210
			1693	1210
			1694	1210
			1695	1211
			1696	1211
			1697	1212
			1698	1212
			1699	1212
			1700	1213
			1701	1213
			1702	1214
			1703	1214
			1704	1215
			1705	1215
			1706	1215
			1707	1216
			1708	1216
			1709	1217
			1710	1217
			1711	1217
			1712	1218
			1713	1218
			1714	1219
			1715	1219
			1716	1219
			1717	1220
			1718	1220
			1719	1220
			1719	1221
			1720	1221
			1721	1221
			1722	1221
			1722	1222
			1723	1222
			1724	1222
			1725	1223
			1726	1223
			1727	1224
			1728	1224
			1729	1224
			1730	1225
			1731	1225
			1732	1225
			1733	1226
			1734	1226
		</curvaD_espina_dorsal>
		<curvaI_espina_dorsal type=matrix rownames=FALSE colnames=FALSE nrow=344 ncol=2 as.numeric=TRUE >
			1462	1008
			1463	1009
			1464	1010
			1464	1011
			1465	1012
			1466	1013
			1467	1013
			1467	1014
			1468	1015
			1469	1016
			1470	1017
			1470	1018
			1471	1019
			1472	1020
			1473	1021
			1474	1022
			1475	1023
			1476	1024
			1477	1025
			1478	1026
			1478	1027
			1479	1028
			1480	1029
			1481	1030
			1482	1031
			1483	1032
			1484	1033
			1484	1034
			1485	1035
			1486	1036
			1487	1037
			1488	1038
			1489	1039
			1489	1040
			1490	1041
			1491	1042
			1492	1043
			1493	1044
			1493	1045
			1494	1046
			1495	1047
			1496	1047
			1496	1048
			1497	1049
			1498	1050
			1499	1051
			1499	1052
			1500	1053
			1501	1054
			1502	1054
			1502	1055
			1503	1056
			1504	1057
			1505	1058
			1505	1059
			1506	1059
			1507	1060
			1507	1061
			1508	1062
			1509	1063
			1509	1064
			1510	1064
			1511	1065
			1512	1066
			1512	1067
			1513	1067
			1514	1068
			1514	1069
			1515	1070
			1516	1070
			1516	1071
			1517	1072
			1517	1073
			1518	1073
			1519	1074
			1519	1075
			1520	1075
			1521	1076
			1521	1077
			1522	1078
			1523	1079
			1524	1080
			1525	1081
			1526	1082
			1526	1083
			1527	1084
			1528	1084
			1528	1085
			1529	1086
			1530	1087
			1531	1088
			1532	1089
			1533	1090
			1533	1091
			1534	1092
			1535	1093
			1536	1094
			1537	1095
			1538	1096
			1539	1097
			1539	1098
			1540	1099
			1541	1100
			1542	1101
			1542	1102
			1543	1103
			1544	1104
			1545	1105
			1546	1106
			1547	1107
			1548	1108
			1548	1109
			1549	1110
			1550	1111
			1550	1112
			1551	1113
			1552	1114
			1552	1115
			1553	1116
			1554	1116
			1554	1117
			1555	1118
			1556	1119
			1557	1120
			1557	1121
			1558	1122
			1558	1123
			1559	1124
			1560	1125
			1561	1126
			1561	1127
			1562	1128
			1562	1129
			1563	1130
			1564	1131
			1564	1132
			1565	1132
			1565	1133
			1566	1134
			1566	1135
			1567	1136
			1567	1137
			1568	1137
			1568	1138
			1569	1139
			1569	1140
			1570	1141
			1570	1142
			1571	1143
			1571	1144
			1572	1145
			1572	1146
			1573	1147
			1573	1148
			1574	1149
			1574	1150
			1574	1151
			1575	1152
			1575	1153
			1575	1154
			1576	1155
			1576	1156
			1576	1157
			1576	1158
			1576	1159
			1576	1160
			1576	1161
			1576	1162
			1576	1163
			1575	1164
			1575	1165
			1574	1166
			1573	1167
			1572	1168
			1571	1169
			1570	1170
			1570	1171
			1569	1172
			1568	1173
			1567	1174
			1566	1175
			1565	1175
			1564	1176
			1563	1177
			1562	1178
			1561	1179
			1560	1179
			1559	1180
			1558	1181
			1557	1182
			1556	1182
			1555	1183
			1554	1183
			1553	1184
			1552	1184
			1551	1185
			1550	1186
			1549	1186
			1548	1187
			1547	1187
			1546	1188
			1545	1188
			1544	1188
			1543	1189
			1542	1189
			1542	1190
			1541	1190
			1540	1191
			1539	1191
			1538	1191
			1537	1192
			1536	1192
			1535	1193
			1534	1193
			1533	1193
			1532	1193
			1531	1194
			1530	1194
			1529	1195
			1528	1195
			1527	1195
			1526	1195
			1525	1196
			1524	1196
			1523	1196
			1522	1196
			1521	1197
			1520	1197
			1519	1197
			1518	1197
			1517	1198
			1516	1198
			1515	1198
			1514	1198
			1513	1199
			1512	1199
			1511	1199
			1510	1199
			1509	1199
			1508	1200
			1507	1200
			1506	1200
			1505	1200
			1504	1200
			1503	1200
			1502	1201
			1501	1201
			1500	1201
			1499	1201
			1498	1201
			1497	1201
			1496	1201
			1495	1202
			1494	1202
			1493	1202
			1492	1202
			1491	1202
			1490	1202
			1489	1202
			1488	1202
			1487	1202
			1486	1202
			1485	1203
			1484	1203
			1483	1203
			1482	1203
			1481	1203
			1480	1203
			1479	1203
			1478	1203
			1477	1203
			1476	1204
			1475	1204
			1475	1205
			1474	1205
			1473	1205
			1472	1206
			1471	1206
			1470	1207
			1469	1207
			1468	1208
			1467	1208
			1466	1209
			1465	1209
			1464	1209
			1464	1210
			1463	1210
			1462	1211
			1461	1211
			1460	1212
			1459	1212
			1458	1213
			1457	1213
			1457	1214
			1456	1214
			1455	1215
			1454	1215
			1453	1216
			1452	1216
			1452	1217
			1451	1217
			1450	1218
			1449	1218
			1448	1219
			1447	1220
			1446	1221
			1445	1221
			1444	1222
			1443	1223
			1442	1223
			1441	1224
			1440	1225
			1439	1226
			1438	1227
			1437	1228
			1436	1228
			1435	1229
			1434	1230
			1433	1231
			1432	1232
			1431	1233
			1430	1233
			1429	1234
			1428	1235
			1427	1236
			1426	1237
			1425	1238
			1424	1239
			1423	1240
			1423	1241
			1422	1242
			1421	1243
			1420	1244
			1419	1244
			1418	1245
			1418	1246
			1417	1247
			1416	1248
			1415	1249
			1415	1250
			1414	1251
			1413	1252
			1412	1253
			1412	1254
		</curvaI_espina_dorsal>
	</curves.pixel>
	<curves.scaled type=list>
		<curvaD_espina_dorsal type=matrix rownames=FALSE colnames=FALSE nrow=314 ncol=2 as.numeric=TRUE >
			2.7074027650884	-1.8666634659433
			2.70925461376493	-1.86851531461983
			2.71110646244146	-1.86851531461983
			2.71110646244146	-1.87036716329637
			2.71295831111799	-1.87036716329637
			2.71481015979453	-1.8722190119729
			2.71666200847106	-1.8722190119729
			2.71851385714759	-1.87407086064943
			2.72036570582412	-1.87592270932596
			2.72221755450065	-1.87777455800249
			2.72406940317718	-1.87777455800249
			2.72592125185371	-1.87962640667902
			2.72777310053024	-1.88147825535555
			2.72962494920677	-1.88147825535555
			2.73147679788331	-1.88333010403208
			2.73332864655984	-1.88518195270861
			2.73518049523637	-1.88518195270861
			2.7370323439129	-1.88703380138514
			2.73888419258943	-1.88888565006168
			2.74073604126596	-1.88888565006168
			2.74073604126596	-1.89073749873821
			2.74258788994249	-1.89258934741474
			2.74443973861902	-1.89444119609127
			2.74629158729555	-1.89444119609127
			2.74814343597208	-1.8962930447678
			2.74999528464862	-1.89814489344433
			2.75184713332515	-1.89814489344433
			2.75369898200168	-1.89999674212086
			2.75555083067821	-1.90184859079739
			2.75740267935474	-1.90370043947392
			2.75925452803127	-1.90370043947392
			2.7611063767078	-1.90555228815046
			2.76295822538433	-1.90740413682699
			2.76481007406086	-1.90740413682699
			2.7666619227374	-1.90925598550352
			2.7666619227374	-1.91110783418005
			2.76851377141393	-1.91295968285658
			2.77036562009046	-1.91295968285658
			2.77221746876699	-1.91481153153311
			2.77406931744352	-1.91666338020964
			2.77592116612005	-1.91851522888617
			2.77777301479658	-1.91851522888617
			2.77962486347311	-1.9203670775627
			2.78147671214964	-1.92221892623923
			2.78332856082617	-1.92407077491577
			2.78518040950271	-1.92407077491577
			2.78703225817924	-1.9259226235923
			2.78888410685577	-1.92777447226883
			2.78888410685577	-1.92962632094536
			2.7907359555323	-1.92962632094536
			2.79258780420883	-1.93147816962189
			2.79443965288536	-1.93333001829842
			2.79629150156189	-1.93518186697495
			2.79814335023842	-1.93703371565148
			2.79999519891495	-1.93703371565148
			2.80184704759149	-1.93888556432801
			2.80369889626802	-1.94073741300455
			2.80555074494455	-1.94258926168108
			2.80740259362108	-1.94258926168108
			2.80740259362108	-1.94444111035761
			2.80925444229761	-1.94629295903414
			2.81110629097414	-1.94814480771067
			2.81295813965067	-1.9499966563872
			2.8148099883272	-1.9499966563872
			2.81666183700373	-1.95184850506373
			2.81851368568027	-1.95370035374026
			2.8203655343568	-1.95555220241679
			2.82221738303333	-1.95740405109332
			2.82406923170986	-1.95925589976986
			2.82592108038639	-1.96110774844639
			2.82777292906292	-1.96295959712292
			2.82962477773945	-1.96481144579945
			2.83147662641598	-1.96481144579945
			2.83147662641598	-1.96666329447598
			2.83332847509251	-1.96851514315251
			2.83518032376904	-1.96851514315251
			2.83518032376904	-1.97036699182904
			2.83703217244558	-1.97036699182904
			2.83888402112211	-1.97221884050557
			2.83888402112211	-1.9740706891821
			2.84073586979864	-1.9740706891821
			2.84258771847517	-1.97592253785864
			2.8444395671517	-1.97777438653517
			2.84629141582823	-1.9796262352117
			2.84814326450476	-1.98147808388823
			2.84999511318129	-1.98332993256476
			2.85184696185782	-1.98518178124129
			2.85369881053436	-1.98703362991782
			2.85555065921089	-1.98888547859435
			2.85740250788742	-1.99073732727088
			2.85925435656395	-1.99258917594741
			2.86110620524048	-1.99444102462395
			2.86295805391701	-1.99629287330048
			2.86480990259354	-1.99814472197701
			2.86666175127007	-1.99999657065354
			2.8685135999466	-2.00184841933007
			2.87036544862313	-2.00184841933007
			2.87036544862313	-2.0037002680066
			2.87221729729967	-2.00555211668313
			2.8740691459762	-2.00740396535966
			2.87592099465273	-2.00740396535966
			2.87592099465273	-2.00925581403619
			2.87777284332926	-2.01110766271273
			2.87962469200579	-2.01110766271273
			2.87962469200579	-2.01295951138926
			2.88147654068232	-2.01481136006579
			2.88332838935885	-2.01666320874232
			2.88518023803538	-2.01851505741885
			2.88703208671191	-2.02036690609538
			2.88888393538845	-2.02221875477191
			2.89073578406498	-2.02407060344844
			2.89258763274151	-2.02592245212497
			2.89443948141804	-2.02777430080151
			2.89629133009457	-2.02962614947804
			2.89629133009457	-2.03147799815457
			2.8981431787711	-2.03147799815457
			2.89999502744763	-2.0333298468311
			2.89999502744763	-2.03518169550763
			2.90184687612416	-2.03703354418416
			2.90369872480069	-2.03703354418416
			2.90369872480069	-2.03888539286069
			2.90555057347722	-2.04073724153722
			2.90740242215376	-2.04258909021375
			2.90925427083029	-2.04258909021375
			2.90925427083029	-2.04444093889028
			2.91110611950682	-2.04629278756682
			2.91295796818335	-2.04814463624335
			2.91295796818335	-2.04999648491988
			2.91480981685988	-2.04999648491988
			2.91666166553641	-2.05184833359641
			2.91851351421294	-2.05370018227294
			2.91851351421294	-2.05555203094947
			2.92036536288947	-2.057403879626
			2.922217211566	-2.05925572830253
			2.92406906024254	-2.06110757697906
			2.92406906024254	-2.06295942565559
			2.92592090891907	-2.06481127433213
			2.9277727575956	-2.06481127433213
			2.92962460627213	-2.06666312300866
			2.92962460627213	-2.06851497168519
			2.93147645494866	-2.07036682036172
			2.93332830362519	-2.07221866903825
			2.93518015230172	-2.07407051771478
			2.93703200097825	-2.07592236639131
			2.93703200097825	-2.07777421506784
			2.93888384965478	-2.07962606374437
			2.94073569833131	-2.08147791242091
			2.94258754700785	-2.08332976109744
			2.94443939568438	-2.08518160977397
			2.94629124436091	-2.0870334584505
			2.94629124436091	-2.08888530712703
			2.94814309303744	-2.09073715580356
			2.94999494171397	-2.09258900448009
			2.9518467903905	-2.09444085315662
			2.95369863906703	-2.09629270183315
			2.95555048774356	-2.09814455050968
			2.95555048774356	-2.09999639918622
			2.95740233642009	-2.10184824786275
			2.95925418509663	-2.10370009653928
			2.96110603377316	-2.10555194521581
			2.96110603377316	-2.10740379389234
			2.96295788244969	-2.10925564256887
			2.96295788244969	-2.1111074912454
			2.96480973112622	-2.11295933992193
			2.96666157980275	-2.11481118859846
			2.96666157980275	-2.116663037275
			2.96851342847928	-2.11851488595153
			2.96851342847928	-2.12036673462806
			2.97036527715581	-2.12221858330459
			2.97221712583234	-2.12407043198112
			2.97221712583234	-2.12592228065765
			2.97406897450887	-2.12777412933418
			2.9759208231854	-2.12962597801071
			2.9759208231854	-2.13147782668724
			2.97777267186194	-2.13332967536377
			2.97962452053847	-2.13518152404031
			2.981476369215	-2.13703337271684
			2.981476369215	-2.13888522139337
			2.98332821789153	-2.1407370700699
			2.98518006656806	-2.14258891874643
			2.98703191524459	-2.14444076742296
			2.98888376392112	-2.14629261609949
			2.99073561259765	-2.14814446477602
			2.99258746127418	-2.14999631345255
			2.99443930995072	-2.15184816212909
			2.99629115862725	-2.15370001080562
			2.99814300730378	-2.15555185948215
			2.99999485598031	-2.15740370815868
			3.00184670465684	-2.15925555683521
			3.00369855333337	-2.16110740551174
			3.0055504020099	-2.16295925418827
			3.00740225068643	-2.1648111028648
			3.00925409936296	-2.16666295154133
			3.01110594803949	-2.16851480021786
			3.01295779671603	-2.1703666488944
			3.01480964539256	-2.1703666488944
			3.01480964539256	-2.17221849757093
			3.01666149406909	-2.17221849757093
			3.01851334274562	-2.17407034624746
			3.02036519142215	-2.17407034624746
			3.02036519142215	-2.17592219492399
			3.02221704009868	-2.17777404360052
			3.02406888877521	-2.17777404360052
			3.02592073745174	-2.17962589227705
			3.02777258612827	-2.18147774095358
			3.02962443480481	-2.18332958963011
			3.03147628348134	-2.18332958963011
			3.03332813215787	-2.18518143830664
			3.0351799808344	-2.18703328698318
			3.03703182951093	-2.18703328698318
			3.03888367818746	-2.18888513565971
			3.04073552686399	-2.19073698433624
			3.04258737554052	-2.19073698433624
			3.04443922421705	-2.19258883301277
			3.04629107289359	-2.1944406816893
			3.04814292157012	-2.1944406816893
			3.04999477024665	-2.19629253036583
			3.05184661892318	-2.19629253036583
			3.05184661892318	-2.19814437904236
			3.05369846759971	-2.19814437904236
			3.05555031627624	-2.19999622771889
			3.05740216495277	-2.19999622771889
			3.0592540136293	-2.20184807639542
			3.06110586230583	-2.20369992507195
			3.06295771098236	-2.20369992507195
			3.0648095596589	-2.20555177374849
			3.06666140833543	-2.20555177374849
			3.06851325701196	-2.20740362242502
			3.07036510568849	-2.20925547110155
			3.07221695436502	-2.20925547110155
			3.07406880304155	-2.21110731977808
			3.07592065171808	-2.21110731977808
			3.07777250039461	-2.21295916845461
			3.07962434907114	-2.21295916845461
			3.08147619774768	-2.21481101713114
			3.08332804642421	-2.21481101713114
			3.08332804642421	-2.21666286580767
			3.08517989510074	-2.21666286580767
			3.08703174377727	-2.21666286580767
			3.08703174377727	-2.2185147144842
			3.0888835924538	-2.2185147144842
			3.09073544113033	-2.2185147144842
			3.09073544113033	-2.22036656316073
			3.09258728980686	-2.22036656316073
			3.09443913848339	-2.22036656316073
			3.09443913848339	-2.22221841183727
			3.09629098715992	-2.22221841183727
			3.09814283583645	-2.22221841183727
			3.09814283583645	-2.2240702605138
			3.09999468451299	-2.2240702605138
			3.10184653318952	-2.2240702605138
			3.10369838186605	-2.22592210919033
			3.10555023054258	-2.22592210919033
			3.10740207921911	-2.22777395786686
			3.10925392789564	-2.22777395786686
			3.11110577657217	-2.22962580654339
			3.1129576252487	-2.22962580654339
			3.11480947392523	-2.23147765521992
			3.11666132260176	-2.23147765521992
			3.1185131712783	-2.23332950389645
			3.12036501995483	-2.23332950389645
			3.12221686863136	-2.23518135257298
			3.12406871730789	-2.23518135257298
			3.12592056598442	-2.23703320124951
			3.12777241466095	-2.23703320124951
			3.12962426333748	-2.23703320124951
			3.12962426333748	-2.23888504992604
			3.13147611201401	-2.23888504992604
			3.13332796069054	-2.23888504992604
			3.13332796069054	-2.24073689860258
			3.13517980936708	-2.24073689860258
			3.13703165804361	-2.24073689860258
			3.13888350672014	-2.24258874727911
			3.14073535539667	-2.24258874727911
			3.1425872040732	-2.24444059595564
			3.14443905274973	-2.24444059595564
			3.14629090142626	-2.24444059595564
			3.14814275010279	-2.24629244463217
			3.14999459877932	-2.24629244463217
			3.15184644745585	-2.2481442933087
			3.15369829613239	-2.2481442933087
			3.15555014480892	-2.24999614198523
			3.15740199348545	-2.24999614198523
			3.15925384216198	-2.24999614198523
			3.16110569083851	-2.25184799066176
			3.16295753951504	-2.25184799066176
			3.16480938819157	-2.25369983933829
			3.1666612368681	-2.25369983933829
			3.16851308554463	-2.25369983933829
			3.17036493422117	-2.25555168801482
			3.1722167828977	-2.25555168801482
			3.17406863157423	-2.25740353669136
			3.17592048025076	-2.25740353669136
			3.17777232892729	-2.25740353669136
			3.17962417760382	-2.25925538536789
			3.18147602628035	-2.25925538536789
			3.18332787495688	-2.25925538536789
			3.18332787495688	-2.26110723404442
			3.18517972363341	-2.26110723404442
			3.18703157230994	-2.26110723404442
			3.18888342098648	-2.26110723404442
			3.18888342098648	-2.26295908272095
			3.19073526966301	-2.26295908272095
			3.19258711833954	-2.26295908272095
			3.19443896701607	-2.26481093139748
			3.1962908156926	-2.26481093139748
			3.19814266436913	-2.26666278007401
			3.19999451304566	-2.26666278007401
			3.20184636172219	-2.26666278007401
			3.20369821039872	-2.26851462875054
			3.20555005907526	-2.26851462875054
			3.20740190775179	-2.26851462875054
			3.20925375642832	-2.27036647742707
			3.21110560510485	-2.27036647742707
		</curvaD_espina_dorsal>
		<curvaI_espina_dorsal type=matrix rownames=FALSE colnames=FALSE nrow=344 ncol=2 as.numeric=TRUE >
			2.7074027650884	-1.8666634659433
			2.70925461376493	-1.86851531461983
			2.71110646244146	-1.87036716329637
			2.71110646244146	-1.8722190119729
			2.71295831111799	-1.87407086064943
			2.71481015979453	-1.87592270932596
			2.71666200847106	-1.87592270932596
			2.71666200847106	-1.87777455800249
			2.71851385714759	-1.87962640667902
			2.72036570582412	-1.88147825535555
			2.72221755450065	-1.88333010403208
			2.72221755450065	-1.88518195270861
			2.72406940317718	-1.88703380138514
			2.72592125185371	-1.88888565006168
			2.72777310053024	-1.89073749873821
			2.72962494920677	-1.89258934741474
			2.73147679788331	-1.89444119609127
			2.73332864655984	-1.8962930447678
			2.73518049523637	-1.89814489344433
			2.7370323439129	-1.89999674212086
			2.7370323439129	-1.90184859079739
			2.73888419258943	-1.90370043947392
			2.74073604126596	-1.90555228815046
			2.74258788994249	-1.90740413682699
			2.74443973861902	-1.90925598550352
			2.74629158729555	-1.91110783418005
			2.74814343597208	-1.91295968285658
			2.74814343597208	-1.91481153153311
			2.74999528464862	-1.91666338020964
			2.75184713332515	-1.91851522888617
			2.75369898200168	-1.9203670775627
			2.75555083067821	-1.92221892623923
			2.75740267935474	-1.92407077491577
			2.75740267935474	-1.9259226235923
			2.75925452803127	-1.92777447226883
			2.7611063767078	-1.92962632094536
			2.76295822538433	-1.93147816962189
			2.76481007406086	-1.93333001829842
			2.76481007406086	-1.93518186697495
			2.7666619227374	-1.93703371565148
			2.76851377141393	-1.93888556432801
			2.77036562009046	-1.93888556432801
			2.77036562009046	-1.94073741300455
			2.77221746876699	-1.94258926168108
			2.77406931744352	-1.94444111035761
			2.77592116612005	-1.94629295903414
			2.77592116612005	-1.94814480771067
			2.77777301479658	-1.9499966563872
			2.77962486347311	-1.95184850506373
			2.78147671214964	-1.95184850506373
			2.78147671214964	-1.95370035374026
			2.78332856082617	-1.95555220241679
			2.78518040950271	-1.95740405109332
			2.78703225817924	-1.95925589976986
			2.78703225817924	-1.96110774844639
			2.78888410685577	-1.96110774844639
			2.7907359555323	-1.96295959712292
			2.7907359555323	-1.96481144579945
			2.79258780420883	-1.96666329447598
			2.79443965288536	-1.96851514315251
			2.79443965288536	-1.97036699182904
			2.79629150156189	-1.97036699182904
			2.79814335023842	-1.97221884050557
			2.79999519891495	-1.9740706891821
			2.79999519891495	-1.97592253785864
			2.80184704759149	-1.97592253785864
			2.80369889626802	-1.97777438653517
			2.80369889626802	-1.9796262352117
			2.80555074494455	-1.98147808388823
			2.80740259362108	-1.98147808388823
			2.80740259362108	-1.98332993256476
			2.80925444229761	-1.98518178124129
			2.80925444229761	-1.98703362991782
			2.81110629097414	-1.98703362991782
			2.81295813965067	-1.98888547859435
			2.81295813965067	-1.99073732727088
			2.8148099883272	-1.99073732727088
			2.81666183700373	-1.99258917594741
			2.81666183700373	-1.99444102462395
			2.81851368568027	-1.99629287330048
			2.8203655343568	-1.99814472197701
			2.82221738303333	-1.99999657065354
			2.82406923170986	-2.00184841933007
			2.82592108038639	-2.0037002680066
			2.82592108038639	-2.00555211668313
			2.82777292906292	-2.00740396535966
			2.82962477773945	-2.00740396535966
			2.82962477773945	-2.00925581403619
			2.83147662641598	-2.01110766271273
			2.83332847509251	-2.01295951138926
			2.83518032376904	-2.01481136006579
			2.83703217244558	-2.01666320874232
			2.83888402112211	-2.01851505741885
			2.83888402112211	-2.02036690609538
			2.84073586979864	-2.02221875477191
			2.84258771847517	-2.02407060344844
			2.8444395671517	-2.02592245212497
			2.84629141582823	-2.02777430080151
			2.84814326450476	-2.02962614947804
			2.84999511318129	-2.03147799815457
			2.84999511318129	-2.0333298468311
			2.85184696185782	-2.03518169550763
			2.85369881053436	-2.03703354418416
			2.85555065921089	-2.03888539286069
			2.85555065921089	-2.04073724153722
			2.85740250788742	-2.04258909021375
			2.85925435656395	-2.04444093889028
			2.86110620524048	-2.04629278756682
			2.86295805391701	-2.04814463624335
			2.86480990259354	-2.04999648491988
			2.86666175127007	-2.05184833359641
			2.86666175127007	-2.05370018227294
			2.8685135999466	-2.05555203094947
			2.87036544862313	-2.057403879626
			2.87036544862313	-2.05925572830253
			2.87221729729967	-2.06110757697906
			2.8740691459762	-2.06295942565559
			2.8740691459762	-2.06481127433213
			2.87592099465273	-2.06666312300866
			2.87777284332926	-2.06666312300866
			2.87777284332926	-2.06851497168519
			2.87962469200579	-2.07036682036172
			2.88147654068232	-2.07221866903825
			2.88332838935885	-2.07407051771478
			2.88332838935885	-2.07592236639131
			2.88518023803538	-2.07777421506784
			2.88518023803538	-2.07962606374437
			2.88703208671191	-2.08147791242091
			2.88888393538845	-2.08332976109744
			2.89073578406498	-2.08518160977397
			2.89073578406498	-2.0870334584505
			2.89258763274151	-2.08888530712703
			2.89258763274151	-2.09073715580356
			2.89443948141804	-2.09258900448009
			2.89629133009457	-2.09444085315662
			2.89629133009457	-2.09629270183315
			2.8981431787711	-2.09629270183315
			2.8981431787711	-2.09814455050968
			2.89999502744763	-2.09999639918622
			2.89999502744763	-2.10184824786275
			2.90184687612416	-2.10370009653928
			2.90184687612416	-2.10555194521581
			2.90369872480069	-2.10555194521581
			2.90369872480069	-2.10740379389234
			2.90555057347722	-2.10925564256887
			2.90555057347722	-2.1111074912454
			2.90740242215376	-2.11295933992193
			2.90740242215376	-2.11481118859846
			2.90925427083029	-2.116663037275
			2.90925427083029	-2.11851488595153
			2.91110611950682	-2.12036673462806
			2.91110611950682	-2.12221858330459
			2.91295796818335	-2.12407043198112
			2.91295796818335	-2.12592228065765
			2.91480981685988	-2.12777412933418
			2.91480981685988	-2.12962597801071
			2.91480981685988	-2.13147782668724
			2.91666166553641	-2.13332967536377
			2.91666166553641	-2.13518152404031
			2.91666166553641	-2.13703337271684
			2.91851351421294	-2.13888522139337
			2.91851351421294	-2.1407370700699
			2.91851351421294	-2.14258891874643
			2.91851351421294	-2.14444076742296
			2.91851351421294	-2.14629261609949
			2.91851351421294	-2.14814446477602
			2.91851351421294	-2.14999631345255
			2.91851351421294	-2.15184816212909
			2.91851351421294	-2.15370001080562
			2.91666166553641	-2.15555185948215
			2.91666166553641	-2.15740370815868
			2.91480981685988	-2.15925555683521
			2.91295796818335	-2.16110740551174
			2.91110611950682	-2.16295925418827
			2.90925427083029	-2.1648111028648
			2.90740242215376	-2.16666295154133
			2.90740242215376	-2.16851480021786
			2.90555057347722	-2.1703666488944
			2.90369872480069	-2.17221849757093
			2.90184687612416	-2.17407034624746
			2.89999502744763	-2.17592219492399
			2.8981431787711	-2.17592219492399
			2.89629133009457	-2.17777404360052
			2.89443948141804	-2.17962589227705
			2.89258763274151	-2.18147774095358
			2.89073578406498	-2.18332958963011
			2.88888393538845	-2.18332958963011
			2.88703208671191	-2.18518143830664
			2.88518023803538	-2.18703328698318
			2.88332838935885	-2.18888513565971
			2.88147654068232	-2.18888513565971
			2.87962469200579	-2.19073698433624
			2.87777284332926	-2.19073698433624
			2.87592099465273	-2.19258883301277
			2.8740691459762	-2.19258883301277
			2.87221729729967	-2.1944406816893
			2.87036544862313	-2.19629253036583
			2.8685135999466	-2.19629253036583
			2.86666175127007	-2.19814437904236
			2.86480990259354	-2.19814437904236
			2.86295805391701	-2.19999622771889
			2.86110620524048	-2.19999622771889
			2.85925435656395	-2.19999622771889
			2.85740250788742	-2.20184807639542
			2.85555065921089	-2.20184807639542
			2.85555065921089	-2.20369992507195
			2.85369881053436	-2.20369992507195
			2.85184696185782	-2.20555177374849
			2.84999511318129	-2.20555177374849
			2.84814326450476	-2.20555177374849
			2.84629141582823	-2.20740362242502
			2.8444395671517	-2.20740362242502
			2.84258771847517	-2.20925547110155
			2.84073586979864	-2.20925547110155
			2.83888402112211	-2.20925547110155
			2.83703217244558	-2.20925547110155
			2.83518032376904	-2.21110731977808
			2.83332847509251	-2.21110731977808
			2.83147662641598	-2.21295916845461
			2.82962477773945	-2.21295916845461
			2.82777292906292	-2.21295916845461
			2.82592108038639	-2.21295916845461
			2.82406923170986	-2.21481101713114
			2.82221738303333	-2.21481101713114
			2.8203655343568	-2.21481101713114
			2.81851368568027	-2.21481101713114
			2.81666183700373	-2.21666286580767
			2.8148099883272	-2.21666286580767
			2.81295813965067	-2.21666286580767
			2.81110629097414	-2.21666286580767
			2.80925444229761	-2.2185147144842
			2.80740259362108	-2.2185147144842
			2.80555074494455	-2.2185147144842
			2.80369889626802	-2.2185147144842
			2.80184704759149	-2.22036656316073
			2.79999519891495	-2.22036656316073
			2.79814335023842	-2.22036656316073
			2.79629150156189	-2.22036656316073
			2.79443965288536	-2.22036656316073
			2.79258780420883	-2.22221841183727
			2.7907359555323	-2.22221841183727
			2.78888410685577	-2.22221841183727
			2.78703225817924	-2.22221841183727
			2.78518040950271	-2.22221841183727
			2.78332856082617	-2.22221841183727
			2.78147671214964	-2.2240702605138
			2.77962486347311	-2.2240702605138
			2.77777301479658	-2.2240702605138
			2.77592116612005	-2.2240702605138
			2.77406931744352	-2.2240702605138
			2.77221746876699	-2.2240702605138
			2.77036562009046	-2.2240702605138
			2.76851377141393	-2.22592210919033
			2.7666619227374	-2.22592210919033
			2.76481007406086	-2.22592210919033
			2.76295822538433	-2.22592210919033
			2.7611063767078	-2.22592210919033
			2.75925452803127	-2.22592210919033
			2.75740267935474	-2.22592210919033
			2.75555083067821	-2.22592210919033
			2.75369898200168	-2.22592210919033
			2.75184713332515	-2.22592210919033
			2.74999528464862	-2.22777395786686
			2.74814343597208	-2.22777395786686
			2.74629158729555	-2.22777395786686
			2.74443973861902	-2.22777395786686
			2.74258788994249	-2.22777395786686
			2.74073604126596	-2.22777395786686
			2.73888419258943	-2.22777395786686
			2.7370323439129	-2.22777395786686
			2.73518049523637	-2.22777395786686
			2.73332864655984	-2.22962580654339
			2.73147679788331	-2.22962580654339
			2.73147679788331	-2.23147765521992
			2.72962494920677	-2.23147765521992
			2.72777310053024	-2.23147765521992
			2.72592125185371	-2.23332950389645
			2.72406940317718	-2.23332950389645
			2.72221755450065	-2.23518135257298
			2.72036570582412	-2.23518135257298
			2.71851385714759	-2.23703320124951
			2.71666200847106	-2.23703320124951
			2.71481015979453	-2.23888504992604
			2.71295831111799	-2.23888504992604
			2.71110646244146	-2.23888504992604
			2.71110646244146	-2.24073689860258
			2.70925461376493	-2.24073689860258
			2.7074027650884	-2.24258874727911
			2.70555091641187	-2.24258874727911
			2.70369906773534	-2.24444059595564
			2.70184721905881	-2.24444059595564
			2.69999537038228	-2.24629244463217
			2.69814352170575	-2.24629244463217
			2.69814352170575	-2.2481442933087
			2.69629167302922	-2.2481442933087
			2.69443982435268	-2.24999614198523
			2.69258797567615	-2.24999614198523
			2.69073612699962	-2.25184799066176
			2.68888427832309	-2.25184799066176
			2.68888427832309	-2.25369983933829
			2.68703242964656	-2.25369983933829
			2.68518058097003	-2.25555168801482
			2.6833287322935	-2.25555168801482
			2.68147688361697	-2.25740353669136
			2.67962503494044	-2.25925538536789
			2.6777731862639	-2.26110723404442
			2.67592133758737	-2.26110723404442
			2.67406948891084	-2.26295908272095
			2.67221764023431	-2.26481093139748
			2.67036579155778	-2.26481093139748
			2.66851394288125	-2.26666278007401
			2.66666209420472	-2.26851462875054
			2.66481024552819	-2.27036647742707
			2.66295839685166	-2.2722183261036
			2.66110654817513	-2.27407017478013
			2.65925469949859	-2.27407017478013
			2.65740285082206	-2.27592202345667
			2.65555100214553	-2.2777738721332
			2.653699153469	-2.27962572080973
			2.65184730479247	-2.28147756948626
			2.64999545611594	-2.28332941816279
			2.64814360743941	-2.28332941816279
			2.64629175876288	-2.28518126683932
			2.64443991008635	-2.28703311551585
			2.64258806140981	-2.28888496419238
			2.64073621273328	-2.29073681286891
			2.63888436405675	-2.29258866154545
			2.63703251538022	-2.29444051022198
			2.63518066670369	-2.29629235889851
			2.63518066670369	-2.29814420757504
			2.63332881802716	-2.29999605625157
			2.63147696935063	-2.3018479049281
			2.6296251206741	-2.30369975360463
			2.62777327199757	-2.30369975360463
			2.62592142332104	-2.30555160228116
			2.62592142332104	-2.30740345095769
			2.6240695746445	-2.30925529963423
			2.62221772596797	-2.31110714831076
			2.62036587729144	-2.31295899698729
			2.62036587729144	-2.31481084566382
			2.61851402861491	-2.31666269434035
			2.61666217993838	-2.31851454301688
			2.61481033126185	-2.32036639169341
			2.61481033126185	-2.32221824036994
		</curvaI_espina_dorsal>
	</curves.scaled>
	<ruler.points type=matrix rownames=TRUE colnames=FALSE nrow=2 ncol=2 as.numeric=TRUE >
		Ruler point 1	1497	453
		Ruler point 2	2037	452
	</ruler.points>
</shapes>

