<shapes type=list>
	<ruler.pixel type=vector names=FALSE length=1 as.numeric=TRUE >539.000927642987</ruler.pixel>
	<ruler.interval type=vector names=FALSE length=1 as.numeric=TRUE >1</ruler.interval>
	<scaling.units type=vector names=FALSE length=1 as.numeric=FALSE >mm</scaling.units>
	<scaling type=vector names=FALSE length=1 as.numeric=TRUE >0.00185184867653105</scaling>
	<landmarks.pixel type=matrix rownames=TRUE colnames=FALSE nrow=3 ncol=2 as.numeric=TRUE >
		punta_espina_dorsal	1360	1195
		esq_izq_caparaza	1586	1302
		organo_dorsal	1637	970
	</landmarks.pixel>
	<landmarks.scaled type=matrix rownames=TRUE colnames=FALSE nrow=3 ncol=2 as.numeric=TRUE >
		punta_espina_dorsal	2.51851420008223	-2.21295916845461
		esq_izq_caparaza	2.93703200097825	-2.41110697684343
		organo_dorsal	3.03147628348134	-1.79629321623512
	</landmarks.scaled>
	<curves.control type=list>
		<curvaD_espina_dorsal type=matrix rownames=FALSE colnames=FALSE nrow=7 ncol=2 as.numeric=TRUE >
			1360	1195
			1377	1176
			1416	1150
			1468	1115
			1529	1088
			1565	1093
			1637	970
		</curvaD_espina_dorsal>
		<curvaI_espina_dorsal type=matrix rownames=FALSE colnames=FALSE nrow=9 ncol=2 as.numeric=TRUE >
			1360	1195
			1418	1164
			1467	1139
			1540	1106
			1538	1123
			1564	1170
			1549	1231
			1560	1263
			1586	1302
		</curvaI_espina_dorsal>
	</curves.control>
	<curves.pixel type=list>
		<curvaD_espina_dorsal type=matrix rownames=FALSE colnames=FALSE nrow=327 ncol=2 as.numeric=TRUE >
			1360	1195
			1361	1194
			1362	1193
			1363	1192
			1364	1191
			1365	1190
			1366	1189
			1367	1188
			1367	1187
			1368	1187
			1369	1186
			1370	1185
			1371	1184
			1372	1183
			1373	1182
			1374	1182
			1375	1181
			1376	1180
			1377	1179
			1378	1178
			1379	1177
			1380	1177
			1381	1176
			1382	1175
			1383	1174
			1384	1173
			1385	1172
			1386	1171
			1387	1171
			1388	1170
			1389	1169
			1390	1168
			1391	1168
			1392	1167
			1393	1166
			1394	1166
			1395	1165
			1395	1164
			1396	1164
			1397	1163
			1398	1162
			1399	1162
			1400	1161
			1401	1160
			1402	1160
			1403	1159
			1404	1158
			1405	1157
			1406	1157
			1407	1156
			1408	1155
			1409	1155
			1410	1154
			1411	1153
			1412	1152
			1413	1152
			1414	1152
			1414	1151
			1415	1151
			1416	1150
			1417	1150
			1417	1149
			1418	1148
			1419	1148
			1420	1147
			1421	1147
			1422	1146
			1423	1146
			1424	1145
			1425	1144
			1426	1143
			1427	1142
			1428	1142
			1429	1141
			1430	1141
			1431	1140
			1432	1139
			1433	1139
			1434	1138
			1435	1138
			1436	1137
			1437	1136
			1438	1136
			1439	1135
			1440	1135
			1441	1134
			1442	1133
			1443	1133
			1444	1132
			1445	1132
			1446	1131
			1447	1131
			1448	1130
			1449	1129
			1450	1129
			1451	1128
			1452	1127
			1453	1127
			1454	1126
			1455	1126
			1455	1125
			1456	1125
			1457	1125
			1457	1124
			1458	1124
			1459	1123
			1460	1123
			1461	1122
			1462	1122
			1463	1121
			1464	1121
			1464	1120
			1465	1120
			1466	1119
			1467	1119
			1468	1118
			1469	1118
			1470	1117
			1471	1116
			1472	1116
			1473	1115
			1474	1115
			1475	1114
			1476	1114
			1477	1113
			1478	1113
			1479	1112
			1480	1112
			1481	1111
			1482	1111
			1483	1110
			1484	1110
			1484	1109
			1485	1109
			1486	1109
			1487	1108
			1488	1108
			1489	1107
			1490	1107
			1491	1106
			1492	1106
			1493	1105
			1494	1105
			1495	1104
			1496	1103
			1497	1103
			1498	1102
			1499	1102
			1500	1101
			1501	1101
			1502	1100
			1503	1100
			1504	1100
			1505	1099
			1506	1098
			1507	1098
			1508	1098
			1509	1097
			1510	1097
			1511	1096
			1512	1096
			1513	1095
			1514	1095
			1515	1094
			1516	1094
			1517	1093
			1518	1093
			1519	1093
			1520	1092
			1521	1092
			1522	1091
			1523	1091
			1524	1090
			1525	1090
			1526	1089
			1527	1089
			1528	1088
			1529	1088
			1530	1088
			1531	1088
			1532	1088
			1533	1088
			1534	1088
			1535	1088
			1536	1088
			1537	1088
			1538	1088
			1538	1087
			1539	1087
			1540	1087
			1541	1087
			1542	1086
			1543	1086
			1544	1085
			1545	1085
			1546	1084
			1547	1084
			1548	1083
			1549	1082
			1550	1082
			1551	1081
			1552	1081
			1552	1080
			1553	1080
			1554	1080
			1554	1079
			1555	1079
			1556	1078
			1557	1077
			1558	1076
			1559	1075
			1560	1075
			1561	1074
			1562	1073
			1563	1072
			1564	1071
			1565	1070
			1566	1069
			1567	1068
			1568	1067
			1569	1067
			1569	1066
			1570	1065
			1571	1065
			1571	1064
			1572	1063
			1573	1063
			1573	1062
			1574	1061
			1575	1060
			1576	1059
			1577	1058
			1578	1057
			1578	1056
			1579	1055
			1580	1054
			1581	1053
			1582	1052
			1582	1051
			1583	1050
			1584	1049
			1585	1048
			1586	1047
			1587	1046
			1587	1045
			1588	1044
			1589	1043
			1590	1042
			1591	1041
			1591	1040
			1592	1039
			1593	1038
			1594	1037
			1595	1036
			1595	1035
			1596	1034
			1597	1033
			1597	1032
			1598	1031
			1599	1030
			1599	1029
			1600	1028
			1600	1027
			1601	1027
			1602	1026
			1602	1025
			1603	1024
			1604	1023
			1604	1022
			1605	1021
			1606	1020
			1606	1019
			1607	1018
			1608	1017
			1608	1016
			1609	1015
			1610	1014
			1611	1013
			1611	1012
			1612	1011
			1613	1010
			1613	1009
			1614	1008
			1614	1007
			1615	1007
			1615	1006
			1615	1005
			1616	1005
			1616	1004
			1617	1003
			1617	1002
			1618	1001
			1619	1000
			1619	999
			1620	998
			1620	997
			1621	997
			1621	996
			1622	995
			1622	994
			1623	993
			1623	992
			1624	992
			1625	991
			1625	990
			1626	989
			1626	988
			1627	987
			1627	986
			1628	986
			1628	985
			1629	984
			1629	983
			1630	982
			1630	981
			1631	980
			1631	979
			1632	979
			1633	978
			1633	977
			1634	976
			1634	975
			1635	974
			1635	973
			1636	972
			1636	971
			1637	970
		</curvaD_espina_dorsal>
		<curvaI_espina_dorsal type=matrix rownames=FALSE colnames=FALSE nrow=366 ncol=2 as.numeric=TRUE >
			1360	1195
			1361	1194
			1362	1194
			1363	1193
			1364	1193
			1365	1192
			1366	1192
			1367	1191
			1368	1191
			1369	1190
			1370	1190
			1371	1189
			1372	1188
			1373	1188
			1374	1187
			1375	1187
			1376	1186
			1377	1186
			1378	1185
			1379	1185
			1380	1184
			1381	1184
			1382	1183
			1383	1183
			1384	1182
			1385	1182
			1386	1181
			1387	1180
			1388	1180
			1389	1179
			1390	1179
			1391	1178
			1392	1178
			1393	1177
			1394	1177
			1395	1176
			1396	1176
			1397	1175
			1398	1175
			1399	1174
			1400	1174
			1401	1173
			1402	1173
			1403	1172
			1404	1172
			1405	1171
			1406	1171
			1407	1170
			1408	1170
			1409	1169
			1410	1169
			1411	1168
			1412	1168
			1412	1167
			1413	1167
			1414	1166
			1415	1166
			1416	1165
			1417	1165
			1418	1164
			1419	1164
			1420	1163
			1421	1163
			1422	1162
			1423	1162
			1424	1161
			1425	1161
			1426	1160
			1427	1160
			1428	1159
			1429	1158
			1430	1158
			1431	1157
			1432	1157
			1433	1156
			1434	1156
			1435	1155
			1436	1155
			1437	1155
			1438	1154
			1439	1153
			1440	1153
			1441	1152
			1442	1152
			1443	1151
			1444	1151
			1445	1150
			1446	1150
			1447	1149
			1448	1149
			1449	1148
			1450	1148
			1450	1147
			1451	1147
			1452	1147
			1453	1146
			1454	1146
			1455	1145
			1456	1145
			1457	1144
			1458	1144
			1459	1143
			1460	1143
			1461	1142
			1462	1141
			1463	1141
			1464	1140
			1465	1140
			1466	1139
			1467	1139
			1468	1138
			1469	1138
			1470	1138
			1471	1137
			1472	1137
			1473	1136
			1474	1136
			1475	1136
			1475	1135
			1476	1135
			1477	1135
			1478	1134
			1479	1134
			1480	1133
			1481	1133
			1482	1132
			1483	1132
			1484	1132
			1485	1131
			1486	1131
			1487	1130
			1488	1130
			1489	1129
			1490	1129
			1491	1129
			1492	1128
			1493	1128
			1494	1127
			1495	1127
			1496	1127
			1497	1126
			1498	1126
			1499	1126
			1500	1125
			1501	1125
			1502	1124
			1503	1124
			1504	1124
			1505	1123
			1506	1123
			1507	1123
			1508	1122
			1509	1122
			1510	1122
			1511	1121
			1512	1121
			1513	1121
			1514	1120
			1515	1120
			1516	1120
			1517	1120
			1518	1119
			1519	1119
			1520	1119
			1521	1119
			1522	1118
			1523	1118
			1524	1118
			1525	1118
			1526	1118
			1527	1117
			1528	1117
			1529	1117
			1530	1117
			1531	1117
			1532	1117
			1533	1117
			1534	1118
			1535	1118
			1536	1118
			1537	1119
			1537	1120
			1538	1121
			1538	1122
			1538	1123
			1539	1124
			1539	1125
			1540	1126
			1540	1127
			1540	1128
			1541	1129
			1542	1130
			1542	1131
			1543	1132
			1543	1133
			1544	1134
			1544	1135
			1544	1136
			1545	1137
			1545	1138
			1546	1139
			1546	1140
			1546	1141
			1547	1142
			1547	1143
			1547	1144
			1548	1145
			1548	1146
			1548	1147
			1549	1148
			1549	1149
			1549	1150
			1549	1151
			1550	1152
			1550	1153
			1550	1154
			1551	1155
			1551	1156
			1551	1157
			1551	1158
			1551	1159
			1552	1160
			1552	1161
			1552	1162
			1552	1163
			1552	1164
			1553	1165
			1553	1166
			1553	1167
			1553	1168
			1553	1169
			1553	1170
			1554	1171
			1554	1172
			1554	1173
			1554	1174
			1554	1175
			1554	1176
			1554	1177
			1554	1178
			1554	1179
			1554	1180
			1554	1181
			1554	1182
			1554	1183
			1554	1184
			1554	1185
			1554	1186
			1554	1187
			1554	1188
			1554	1189
			1554	1190
			1554	1191
			1554	1192
			1554	1193
			1554	1194
			1554	1195
			1554	1196
			1554	1197
			1554	1198
			1554	1199
			1554	1200
			1554	1201
			1554	1202
			1554	1203
			1554	1204
			1554	1205
			1553	1206
			1553	1207
			1553	1208
			1553	1209
			1553	1210
			1553	1211
			1553	1212
			1553	1213
			1552	1214
			1552	1215
			1552	1216
			1552	1217
			1552	1218
			1552	1219
			1551	1220
			1551	1221
			1551	1222
			1551	1223
			1551	1224
			1550	1225
			1550	1226
			1550	1227
			1550	1228
			1550	1229
			1549	1229
			1549	1230
			1549	1231
			1549	1232
			1550	1233
			1550	1234
			1550	1235
			1551	1236
			1551	1237
			1552	1238
			1552	1239
			1552	1240
			1553	1241
			1553	1242
			1554	1243
			1554	1244
			1554	1245
			1555	1246
			1555	1247
			1556	1248
			1556	1249
			1557	1250
			1557	1251
			1557	1252
			1558	1253
			1558	1254
			1559	1255
			1559	1256
			1560	1257
			1560	1258
			1561	1259
			1561	1260
			1562	1261
			1562	1262
			1563	1263
			1563	1264
			1564	1265
			1565	1266
			1565	1267
			1566	1268
			1566	1269
			1567	1270
			1567	1271
			1568	1272
			1568	1273
			1569	1274
			1569	1275
			1570	1276
			1571	1277
			1571	1278
			1572	1279
			1572	1280
			1573	1281
			1573	1282
			1574	1283
			1574	1284
			1575	1285
			1576	1286
			1576	1287
			1577	1288
			1577	1289
			1578	1289
			1579	1290
			1579	1291
			1580	1292
			1580	1293
			1581	1294
			1582	1295
			1582	1296
			1583	1297
			1584	1298
			1584	1299
			1585	1300
			1585	1301
			1586	1302
		</curvaI_espina_dorsal>
	</curves.pixel>
	<curves.scaled type=list>
		<curvaD_espina_dorsal type=matrix rownames=FALSE colnames=FALSE nrow=327 ncol=2 as.numeric=TRUE >
			2.51851420008223	-2.21295916845461
			2.52036604875877	-2.21110731977808
			2.5222178974353	-2.20925547110155
			2.52406974611183	-2.20740362242502
			2.52592159478836	-2.20555177374849
			2.52777344346489	-2.20369992507195
			2.52962529214142	-2.20184807639542
			2.53147714081795	-2.19999622771889
			2.53147714081795	-2.19814437904236
			2.53332898949448	-2.19814437904236
			2.53518083817101	-2.19629253036583
			2.53703268684755	-2.1944406816893
			2.53888453552408	-2.19258883301277
			2.54073638420061	-2.19073698433624
			2.54258823287714	-2.18888513565971
			2.54444008155367	-2.18888513565971
			2.5462919302302	-2.18703328698318
			2.54814377890673	-2.18518143830664
			2.54999562758326	-2.18332958963011
			2.55184747625979	-2.18147774095358
			2.55369932493632	-2.17962589227705
			2.55555117361286	-2.17962589227705
			2.55740302228939	-2.17777404360052
			2.55925487096592	-2.17592219492399
			2.56110671964245	-2.17407034624746
			2.56295856831898	-2.17221849757093
			2.56481041699551	-2.1703666488944
			2.56666226567204	-2.16851480021786
			2.56851411434857	-2.16851480021786
			2.5703659630251	-2.16666295154133
			2.57221781170163	-2.1648111028648
			2.57406966037817	-2.16295925418827
			2.5759215090547	-2.16295925418827
			2.57777335773123	-2.16110740551174
			2.57962520640776	-2.15925555683521
			2.58147705508429	-2.15925555683521
			2.58332890376082	-2.15740370815868
			2.58332890376082	-2.15555185948215
			2.58518075243735	-2.15555185948215
			2.58703260111388	-2.15370001080562
			2.58888444979041	-2.15184816212909
			2.59073629846695	-2.15184816212909
			2.59258814714348	-2.14999631345255
			2.59443999582001	-2.14814446477602
			2.59629184449654	-2.14814446477602
			2.59814369317307	-2.14629261609949
			2.5999955418496	-2.14444076742296
			2.60184739052613	-2.14258891874643
			2.60369923920266	-2.14258891874643
			2.60555108787919	-2.1407370700699
			2.60740293655572	-2.13888522139337
			2.60925478523226	-2.13888522139337
			2.61110663390879	-2.13703337271684
			2.61295848258532	-2.13518152404031
			2.61481033126185	-2.13332967536377
			2.61666217993838	-2.13332967536377
			2.61851402861491	-2.13332967536377
			2.61851402861491	-2.13147782668724
			2.62036587729144	-2.13147782668724
			2.62221772596797	-2.12962597801071
			2.6240695746445	-2.12962597801071
			2.6240695746445	-2.12777412933418
			2.62592142332104	-2.12592228065765
			2.62777327199757	-2.12592228065765
			2.6296251206741	-2.12407043198112
			2.63147696935063	-2.12407043198112
			2.63332881802716	-2.12221858330459
			2.63518066670369	-2.12221858330459
			2.63703251538022	-2.12036673462806
			2.63888436405675	-2.11851488595153
			2.64073621273328	-2.116663037275
			2.64258806140981	-2.11481118859846
			2.64443991008635	-2.11481118859846
			2.64629175876288	-2.11295933992193
			2.64814360743941	-2.11295933992193
			2.64999545611594	-2.1111074912454
			2.65184730479247	-2.10925564256887
			2.653699153469	-2.10925564256887
			2.65555100214553	-2.10740379389234
			2.65740285082206	-2.10740379389234
			2.65925469949859	-2.10555194521581
			2.66110654817513	-2.10370009653928
			2.66295839685166	-2.10370009653928
			2.66481024552819	-2.10184824786275
			2.66666209420472	-2.10184824786275
			2.66851394288125	-2.09999639918622
			2.67036579155778	-2.09814455050968
			2.67221764023431	-2.09814455050968
			2.67406948891084	-2.09629270183315
			2.67592133758737	-2.09629270183315
			2.6777731862639	-2.09444085315662
			2.67962503494044	-2.09444085315662
			2.68147688361697	-2.09258900448009
			2.6833287322935	-2.09073715580356
			2.68518058097003	-2.09073715580356
			2.68703242964656	-2.08888530712703
			2.68888427832309	-2.0870334584505
			2.69073612699962	-2.0870334584505
			2.69258797567615	-2.08518160977397
			2.69443982435268	-2.08518160977397
			2.69443982435268	-2.08332976109744
			2.69629167302922	-2.08332976109744
			2.69814352170575	-2.08332976109744
			2.69814352170575	-2.08147791242091
			2.69999537038228	-2.08147791242091
			2.70184721905881	-2.07962606374437
			2.70369906773534	-2.07962606374437
			2.70555091641187	-2.07777421506784
			2.7074027650884	-2.07777421506784
			2.70925461376493	-2.07592236639131
			2.71110646244146	-2.07592236639131
			2.71110646244146	-2.07407051771478
			2.71295831111799	-2.07407051771478
			2.71481015979453	-2.07221866903825
			2.71666200847106	-2.07221866903825
			2.71851385714759	-2.07036682036172
			2.72036570582412	-2.07036682036172
			2.72221755450065	-2.06851497168519
			2.72406940317718	-2.06666312300866
			2.72592125185371	-2.06666312300866
			2.72777310053024	-2.06481127433213
			2.72962494920677	-2.06481127433213
			2.73147679788331	-2.06295942565559
			2.73332864655984	-2.06295942565559
			2.73518049523637	-2.06110757697906
			2.7370323439129	-2.06110757697906
			2.73888419258943	-2.05925572830253
			2.74073604126596	-2.05925572830253
			2.74258788994249	-2.057403879626
			2.74443973861902	-2.057403879626
			2.74629158729555	-2.05555203094947
			2.74814343597208	-2.05555203094947
			2.74814343597208	-2.05370018227294
			2.74999528464862	-2.05370018227294
			2.75184713332515	-2.05370018227294
			2.75369898200168	-2.05184833359641
			2.75555083067821	-2.05184833359641
			2.75740267935474	-2.04999648491988
			2.75925452803127	-2.04999648491988
			2.7611063767078	-2.04814463624335
			2.76295822538433	-2.04814463624335
			2.76481007406086	-2.04629278756682
			2.7666619227374	-2.04629278756682
			2.76851377141393	-2.04444093889028
			2.77036562009046	-2.04258909021375
			2.77221746876699	-2.04258909021375
			2.77406931744352	-2.04073724153722
			2.77592116612005	-2.04073724153722
			2.77777301479658	-2.03888539286069
			2.77962486347311	-2.03888539286069
			2.78147671214964	-2.03703354418416
			2.78332856082617	-2.03703354418416
			2.78518040950271	-2.03703354418416
			2.78703225817924	-2.03518169550763
			2.78888410685577	-2.0333298468311
			2.7907359555323	-2.0333298468311
			2.79258780420883	-2.0333298468311
			2.79443965288536	-2.03147799815457
			2.79629150156189	-2.03147799815457
			2.79814335023842	-2.02962614947804
			2.79999519891495	-2.02962614947804
			2.80184704759149	-2.02777430080151
			2.80369889626802	-2.02777430080151
			2.80555074494455	-2.02592245212497
			2.80740259362108	-2.02592245212497
			2.80925444229761	-2.02407060344844
			2.81110629097414	-2.02407060344844
			2.81295813965067	-2.02407060344844
			2.8148099883272	-2.02221875477191
			2.81666183700373	-2.02221875477191
			2.81851368568027	-2.02036690609538
			2.8203655343568	-2.02036690609538
			2.82221738303333	-2.01851505741885
			2.82406923170986	-2.01851505741885
			2.82592108038639	-2.01666320874232
			2.82777292906292	-2.01666320874232
			2.82962477773945	-2.01481136006579
			2.83147662641598	-2.01481136006579
			2.83332847509251	-2.01481136006579
			2.83518032376904	-2.01481136006579
			2.83703217244558	-2.01481136006579
			2.83888402112211	-2.01481136006579
			2.84073586979864	-2.01481136006579
			2.84258771847517	-2.01481136006579
			2.8444395671517	-2.01481136006579
			2.84629141582823	-2.01481136006579
			2.84814326450476	-2.01481136006579
			2.84814326450476	-2.01295951138926
			2.84999511318129	-2.01295951138926
			2.85184696185782	-2.01295951138926
			2.85369881053436	-2.01295951138926
			2.85555065921089	-2.01110766271273
			2.85740250788742	-2.01110766271273
			2.85925435656395	-2.00925581403619
			2.86110620524048	-2.00925581403619
			2.86295805391701	-2.00740396535966
			2.86480990259354	-2.00740396535966
			2.86666175127007	-2.00555211668313
			2.8685135999466	-2.0037002680066
			2.87036544862313	-2.0037002680066
			2.87221729729967	-2.00184841933007
			2.8740691459762	-2.00184841933007
			2.8740691459762	-1.99999657065354
			2.87592099465273	-1.99999657065354
			2.87777284332926	-1.99999657065354
			2.87777284332926	-1.99814472197701
			2.87962469200579	-1.99814472197701
			2.88147654068232	-1.99629287330048
			2.88332838935885	-1.99444102462395
			2.88518023803538	-1.99258917594741
			2.88703208671191	-1.99073732727088
			2.88888393538845	-1.99073732727088
			2.89073578406498	-1.98888547859435
			2.89258763274151	-1.98703362991782
			2.89443948141804	-1.98518178124129
			2.89629133009457	-1.98332993256476
			2.8981431787711	-1.98147808388823
			2.89999502744763	-1.9796262352117
			2.90184687612416	-1.97777438653517
			2.90369872480069	-1.97592253785864
			2.90555057347722	-1.97592253785864
			2.90555057347722	-1.9740706891821
			2.90740242215376	-1.97221884050557
			2.90925427083029	-1.97221884050557
			2.90925427083029	-1.97036699182904
			2.91110611950682	-1.96851514315251
			2.91295796818335	-1.96851514315251
			2.91295796818335	-1.96666329447598
			2.91480981685988	-1.96481144579945
			2.91666166553641	-1.96295959712292
			2.91851351421294	-1.96110774844639
			2.92036536288947	-1.95925589976986
			2.922217211566	-1.95740405109332
			2.922217211566	-1.95555220241679
			2.92406906024254	-1.95370035374026
			2.92592090891907	-1.95184850506373
			2.9277727575956	-1.9499966563872
			2.92962460627213	-1.94814480771067
			2.92962460627213	-1.94629295903414
			2.93147645494866	-1.94444111035761
			2.93332830362519	-1.94258926168108
			2.93518015230172	-1.94073741300455
			2.93703200097825	-1.93888556432801
			2.93888384965478	-1.93703371565148
			2.93888384965478	-1.93518186697495
			2.94073569833131	-1.93333001829842
			2.94258754700785	-1.93147816962189
			2.94443939568438	-1.92962632094536
			2.94629124436091	-1.92777447226883
			2.94629124436091	-1.9259226235923
			2.94814309303744	-1.92407077491577
			2.94999494171397	-1.92221892623923
			2.9518467903905	-1.9203670775627
			2.95369863906703	-1.91851522888617
			2.95369863906703	-1.91666338020964
			2.95555048774356	-1.91481153153311
			2.95740233642009	-1.91295968285658
			2.95740233642009	-1.91110783418005
			2.95925418509663	-1.90925598550352
			2.96110603377316	-1.90740413682699
			2.96110603377316	-1.90555228815046
			2.96295788244969	-1.90370043947392
			2.96295788244969	-1.90184859079739
			2.96480973112622	-1.90184859079739
			2.96666157980275	-1.89999674212086
			2.96666157980275	-1.89814489344433
			2.96851342847928	-1.8962930447678
			2.97036527715581	-1.89444119609127
			2.97036527715581	-1.89258934741474
			2.97221712583234	-1.89073749873821
			2.97406897450887	-1.88888565006168
			2.97406897450887	-1.88703380138514
			2.9759208231854	-1.88518195270861
			2.97777267186194	-1.88333010403208
			2.97777267186194	-1.88147825535555
			2.97962452053847	-1.87962640667902
			2.981476369215	-1.87777455800249
			2.98332821789153	-1.87592270932596
			2.98332821789153	-1.87407086064943
			2.98518006656806	-1.8722190119729
			2.98703191524459	-1.87036716329637
			2.98703191524459	-1.86851531461983
			2.98888376392112	-1.8666634659433
			2.98888376392112	-1.86481161726677
			2.99073561259765	-1.86481161726677
			2.99073561259765	-1.86295976859024
			2.99073561259765	-1.86110791991371
			2.99258746127418	-1.86110791991371
			2.99258746127418	-1.85925607123718
			2.99443930995072	-1.85740422256065
			2.99443930995072	-1.85555237388412
			2.99629115862725	-1.85370052520759
			2.99814300730378	-1.85184867653105
			2.99814300730378	-1.84999682785452
			2.99999485598031	-1.84814497917799
			2.99999485598031	-1.84629313050146
			3.00184670465684	-1.84629313050146
			3.00184670465684	-1.84444128182493
			3.00369855333337	-1.8425894331484
			3.00369855333337	-1.84073758447187
			3.0055504020099	-1.83888573579534
			3.0055504020099	-1.83703388711881
			3.00740225068643	-1.83703388711881
			3.00925409936296	-1.83518203844228
			3.00925409936296	-1.83333018976574
			3.01110594803949	-1.83147834108921
			3.01110594803949	-1.82962649241268
			3.01295779671603	-1.82777464373615
			3.01295779671603	-1.82592279505962
			3.01480964539256	-1.82592279505962
			3.01480964539256	-1.82407094638309
			3.01666149406909	-1.82221909770656
			3.01666149406909	-1.82036724903003
			3.01851334274562	-1.8185154003535
			3.01851334274562	-1.81666355167696
			3.02036519142215	-1.81481170300043
			3.02036519142215	-1.8129598543239
			3.02221704009868	-1.8129598543239
			3.02406888877521	-1.81110800564737
			3.02406888877521	-1.80925615697084
			3.02592073745174	-1.80740430829431
			3.02592073745174	-1.80555245961778
			3.02777258612827	-1.80370061094125
			3.02777258612827	-1.80184876226472
			3.02962443480481	-1.79999691358819
			3.02962443480481	-1.79814506491165
			3.03147628348134	-1.79629321623512
		</curvaD_espina_dorsal>
		<curvaI_espina_dorsal type=matrix rownames=FALSE colnames=FALSE nrow=366 ncol=2 as.numeric=TRUE >
			2.51851420008223	-2.21295916845461
			2.52036604875877	-2.21110731977808
			2.5222178974353	-2.21110731977808
			2.52406974611183	-2.20925547110155
			2.52592159478836	-2.20925547110155
			2.52777344346489	-2.20740362242502
			2.52962529214142	-2.20740362242502
			2.53147714081795	-2.20555177374849
			2.53332898949448	-2.20555177374849
			2.53518083817101	-2.20369992507195
			2.53703268684755	-2.20369992507195
			2.53888453552408	-2.20184807639542
			2.54073638420061	-2.19999622771889
			2.54258823287714	-2.19999622771889
			2.54444008155367	-2.19814437904236
			2.5462919302302	-2.19814437904236
			2.54814377890673	-2.19629253036583
			2.54999562758326	-2.19629253036583
			2.55184747625979	-2.1944406816893
			2.55369932493632	-2.1944406816893
			2.55555117361286	-2.19258883301277
			2.55740302228939	-2.19258883301277
			2.55925487096592	-2.19073698433624
			2.56110671964245	-2.19073698433624
			2.56295856831898	-2.18888513565971
			2.56481041699551	-2.18888513565971
			2.56666226567204	-2.18703328698318
			2.56851411434857	-2.18518143830664
			2.5703659630251	-2.18518143830664
			2.57221781170163	-2.18332958963011
			2.57406966037817	-2.18332958963011
			2.5759215090547	-2.18147774095358
			2.57777335773123	-2.18147774095358
			2.57962520640776	-2.17962589227705
			2.58147705508429	-2.17962589227705
			2.58332890376082	-2.17777404360052
			2.58518075243735	-2.17777404360052
			2.58703260111388	-2.17592219492399
			2.58888444979041	-2.17592219492399
			2.59073629846695	-2.17407034624746
			2.59258814714348	-2.17407034624746
			2.59443999582001	-2.17221849757093
			2.59629184449654	-2.17221849757093
			2.59814369317307	-2.1703666488944
			2.5999955418496	-2.1703666488944
			2.60184739052613	-2.16851480021786
			2.60369923920266	-2.16851480021786
			2.60555108787919	-2.16666295154133
			2.60740293655572	-2.16666295154133
			2.60925478523226	-2.1648111028648
			2.61110663390879	-2.1648111028648
			2.61295848258532	-2.16295925418827
			2.61481033126185	-2.16295925418827
			2.61481033126185	-2.16110740551174
			2.61666217993838	-2.16110740551174
			2.61851402861491	-2.15925555683521
			2.62036587729144	-2.15925555683521
			2.62221772596797	-2.15740370815868
			2.6240695746445	-2.15740370815868
			2.62592142332104	-2.15555185948215
			2.62777327199757	-2.15555185948215
			2.6296251206741	-2.15370001080562
			2.63147696935063	-2.15370001080562
			2.63332881802716	-2.15184816212909
			2.63518066670369	-2.15184816212909
			2.63703251538022	-2.14999631345255
			2.63888436405675	-2.14999631345255
			2.64073621273328	-2.14814446477602
			2.64258806140981	-2.14814446477602
			2.64443991008635	-2.14629261609949
			2.64629175876288	-2.14444076742296
			2.64814360743941	-2.14444076742296
			2.64999545611594	-2.14258891874643
			2.65184730479247	-2.14258891874643
			2.653699153469	-2.1407370700699
			2.65555100214553	-2.1407370700699
			2.65740285082206	-2.13888522139337
			2.65925469949859	-2.13888522139337
			2.66110654817513	-2.13888522139337
			2.66295839685166	-2.13703337271684
			2.66481024552819	-2.13518152404031
			2.66666209420472	-2.13518152404031
			2.66851394288125	-2.13332967536377
			2.67036579155778	-2.13332967536377
			2.67221764023431	-2.13147782668724
			2.67406948891084	-2.13147782668724
			2.67592133758737	-2.12962597801071
			2.6777731862639	-2.12962597801071
			2.67962503494044	-2.12777412933418
			2.68147688361697	-2.12777412933418
			2.6833287322935	-2.12592228065765
			2.68518058097003	-2.12592228065765
			2.68518058097003	-2.12407043198112
			2.68703242964656	-2.12407043198112
			2.68888427832309	-2.12407043198112
			2.69073612699962	-2.12221858330459
			2.69258797567615	-2.12221858330459
			2.69443982435268	-2.12036673462806
			2.69629167302922	-2.12036673462806
			2.69814352170575	-2.11851488595153
			2.69999537038228	-2.11851488595153
			2.70184721905881	-2.116663037275
			2.70369906773534	-2.116663037275
			2.70555091641187	-2.11481118859846
			2.7074027650884	-2.11295933992193
			2.70925461376493	-2.11295933992193
			2.71110646244146	-2.1111074912454
			2.71295831111799	-2.1111074912454
			2.71481015979453	-2.10925564256887
			2.71666200847106	-2.10925564256887
			2.71851385714759	-2.10740379389234
			2.72036570582412	-2.10740379389234
			2.72221755450065	-2.10740379389234
			2.72406940317718	-2.10555194521581
			2.72592125185371	-2.10555194521581
			2.72777310053024	-2.10370009653928
			2.72962494920677	-2.10370009653928
			2.73147679788331	-2.10370009653928
			2.73147679788331	-2.10184824786275
			2.73332864655984	-2.10184824786275
			2.73518049523637	-2.10184824786275
			2.7370323439129	-2.09999639918622
			2.73888419258943	-2.09999639918622
			2.74073604126596	-2.09814455050968
			2.74258788994249	-2.09814455050968
			2.74443973861902	-2.09629270183315
			2.74629158729555	-2.09629270183315
			2.74814343597208	-2.09629270183315
			2.74999528464862	-2.09444085315662
			2.75184713332515	-2.09444085315662
			2.75369898200168	-2.09258900448009
			2.75555083067821	-2.09258900448009
			2.75740267935474	-2.09073715580356
			2.75925452803127	-2.09073715580356
			2.7611063767078	-2.09073715580356
			2.76295822538433	-2.08888530712703
			2.76481007406086	-2.08888530712703
			2.7666619227374	-2.0870334584505
			2.76851377141393	-2.0870334584505
			2.77036562009046	-2.0870334584505
			2.77221746876699	-2.08518160977397
			2.77406931744352	-2.08518160977397
			2.77592116612005	-2.08518160977397
			2.77777301479658	-2.08332976109744
			2.77962486347311	-2.08332976109744
			2.78147671214964	-2.08147791242091
			2.78332856082617	-2.08147791242091
			2.78518040950271	-2.08147791242091
			2.78703225817924	-2.07962606374437
			2.78888410685577	-2.07962606374437
			2.7907359555323	-2.07962606374437
			2.79258780420883	-2.07777421506784
			2.79443965288536	-2.07777421506784
			2.79629150156189	-2.07777421506784
			2.79814335023842	-2.07592236639131
			2.79999519891495	-2.07592236639131
			2.80184704759149	-2.07592236639131
			2.80369889626802	-2.07407051771478
			2.80555074494455	-2.07407051771478
			2.80740259362108	-2.07407051771478
			2.80925444229761	-2.07407051771478
			2.81110629097414	-2.07221866903825
			2.81295813965067	-2.07221866903825
			2.8148099883272	-2.07221866903825
			2.81666183700373	-2.07221866903825
			2.81851368568027	-2.07036682036172
			2.8203655343568	-2.07036682036172
			2.82221738303333	-2.07036682036172
			2.82406923170986	-2.07036682036172
			2.82592108038639	-2.07036682036172
			2.82777292906292	-2.06851497168519
			2.82962477773945	-2.06851497168519
			2.83147662641598	-2.06851497168519
			2.83332847509251	-2.06851497168519
			2.83518032376904	-2.06851497168519
			2.83703217244558	-2.06851497168519
			2.83888402112211	-2.06851497168519
			2.84073586979864	-2.07036682036172
			2.84258771847517	-2.07036682036172
			2.8444395671517	-2.07036682036172
			2.84629141582823	-2.07221866903825
			2.84629141582823	-2.07407051771478
			2.84814326450476	-2.07592236639131
			2.84814326450476	-2.07777421506784
			2.84814326450476	-2.07962606374437
			2.84999511318129	-2.08147791242091
			2.84999511318129	-2.08332976109744
			2.85184696185782	-2.08518160977397
			2.85184696185782	-2.0870334584505
			2.85184696185782	-2.08888530712703
			2.85369881053436	-2.09073715580356
			2.85555065921089	-2.09258900448009
			2.85555065921089	-2.09444085315662
			2.85740250788742	-2.09629270183315
			2.85740250788742	-2.09814455050968
			2.85925435656395	-2.09999639918622
			2.85925435656395	-2.10184824786275
			2.85925435656395	-2.10370009653928
			2.86110620524048	-2.10555194521581
			2.86110620524048	-2.10740379389234
			2.86295805391701	-2.10925564256887
			2.86295805391701	-2.1111074912454
			2.86295805391701	-2.11295933992193
			2.86480990259354	-2.11481118859846
			2.86480990259354	-2.116663037275
			2.86480990259354	-2.11851488595153
			2.86666175127007	-2.12036673462806
			2.86666175127007	-2.12221858330459
			2.86666175127007	-2.12407043198112
			2.8685135999466	-2.12592228065765
			2.8685135999466	-2.12777412933418
			2.8685135999466	-2.12962597801071
			2.8685135999466	-2.13147782668724
			2.87036544862313	-2.13332967536377
			2.87036544862313	-2.13518152404031
			2.87036544862313	-2.13703337271684
			2.87221729729967	-2.13888522139337
			2.87221729729967	-2.1407370700699
			2.87221729729967	-2.14258891874643
			2.87221729729967	-2.14444076742296
			2.87221729729967	-2.14629261609949
			2.8740691459762	-2.14814446477602
			2.8740691459762	-2.14999631345255
			2.8740691459762	-2.15184816212909
			2.8740691459762	-2.15370001080562
			2.8740691459762	-2.15555185948215
			2.87592099465273	-2.15740370815868
			2.87592099465273	-2.15925555683521
			2.87592099465273	-2.16110740551174
			2.87592099465273	-2.16295925418827
			2.87592099465273	-2.1648111028648
			2.87592099465273	-2.16666295154133
			2.87777284332926	-2.16851480021786
			2.87777284332926	-2.1703666488944
			2.87777284332926	-2.17221849757093
			2.87777284332926	-2.17407034624746
			2.87777284332926	-2.17592219492399
			2.87777284332926	-2.17777404360052
			2.87777284332926	-2.17962589227705
			2.87777284332926	-2.18147774095358
			2.87777284332926	-2.18332958963011
			2.87777284332926	-2.18518143830664
			2.87777284332926	-2.18703328698318
			2.87777284332926	-2.18888513565971
			2.87777284332926	-2.19073698433624
			2.87777284332926	-2.19258883301277
			2.87777284332926	-2.1944406816893
			2.87777284332926	-2.19629253036583
			2.87777284332926	-2.19814437904236
			2.87777284332926	-2.19999622771889
			2.87777284332926	-2.20184807639542
			2.87777284332926	-2.20369992507195
			2.87777284332926	-2.20555177374849
			2.87777284332926	-2.20740362242502
			2.87777284332926	-2.20925547110155
			2.87777284332926	-2.21110731977808
			2.87777284332926	-2.21295916845461
			2.87777284332926	-2.21481101713114
			2.87777284332926	-2.21666286580767
			2.87777284332926	-2.2185147144842
			2.87777284332926	-2.22036656316073
			2.87777284332926	-2.22221841183727
			2.87777284332926	-2.2240702605138
			2.87777284332926	-2.22592210919033
			2.87777284332926	-2.22777395786686
			2.87777284332926	-2.22962580654339
			2.87777284332926	-2.23147765521992
			2.87592099465273	-2.23332950389645
			2.87592099465273	-2.23518135257298
			2.87592099465273	-2.23703320124951
			2.87592099465273	-2.23888504992604
			2.87592099465273	-2.24073689860258
			2.87592099465273	-2.24258874727911
			2.87592099465273	-2.24444059595564
			2.87592099465273	-2.24629244463217
			2.8740691459762	-2.2481442933087
			2.8740691459762	-2.24999614198523
			2.8740691459762	-2.25184799066176
			2.8740691459762	-2.25369983933829
			2.8740691459762	-2.25555168801482
			2.8740691459762	-2.25740353669136
			2.87221729729967	-2.25925538536789
			2.87221729729967	-2.26110723404442
			2.87221729729967	-2.26295908272095
			2.87221729729967	-2.26481093139748
			2.87221729729967	-2.26666278007401
			2.87036544862313	-2.26851462875054
			2.87036544862313	-2.27036647742707
			2.87036544862313	-2.2722183261036
			2.87036544862313	-2.27407017478013
			2.87036544862313	-2.27592202345667
			2.8685135999466	-2.27592202345667
			2.8685135999466	-2.2777738721332
			2.8685135999466	-2.27962572080973
			2.8685135999466	-2.28147756948626
			2.87036544862313	-2.28332941816279
			2.87036544862313	-2.28518126683932
			2.87036544862313	-2.28703311551585
			2.87221729729967	-2.28888496419238
			2.87221729729967	-2.29073681286891
			2.8740691459762	-2.29258866154545
			2.8740691459762	-2.29444051022198
			2.8740691459762	-2.29629235889851
			2.87592099465273	-2.29814420757504
			2.87592099465273	-2.29999605625157
			2.87777284332926	-2.3018479049281
			2.87777284332926	-2.30369975360463
			2.87777284332926	-2.30555160228116
			2.87962469200579	-2.30740345095769
			2.87962469200579	-2.30925529963423
			2.88147654068232	-2.31110714831076
			2.88147654068232	-2.31295899698729
			2.88332838935885	-2.31481084566382
			2.88332838935885	-2.31666269434035
			2.88332838935885	-2.31851454301688
			2.88518023803538	-2.32036639169341
			2.88518023803538	-2.32221824036994
			2.88703208671191	-2.32407008904647
			2.88703208671191	-2.325921937723
			2.88888393538845	-2.32777378639954
			2.88888393538845	-2.32962563507607
			2.89073578406498	-2.3314774837526
			2.89073578406498	-2.33332933242913
			2.89258763274151	-2.33518118110566
			2.89258763274151	-2.33703302978219
			2.89443948141804	-2.33888487845872
			2.89443948141804	-2.34073672713525
			2.89629133009457	-2.34258857581178
			2.8981431787711	-2.34444042448832
			2.8981431787711	-2.34629227316485
			2.89999502744763	-2.34814412184138
			2.89999502744763	-2.34999597051791
			2.90184687612416	-2.35184781919444
			2.90184687612416	-2.35369966787097
			2.90369872480069	-2.3555515165475
			2.90369872480069	-2.35740336522403
			2.90555057347722	-2.35925521390056
			2.90555057347722	-2.36110706257709
			2.90740242215376	-2.36295891125363
			2.90925427083029	-2.36481075993016
			2.90925427083029	-2.36666260860669
			2.91110611950682	-2.36851445728322
			2.91110611950682	-2.37036630595975
			2.91295796818335	-2.37221815463628
			2.91295796818335	-2.37407000331281
			2.91480981685988	-2.37592185198934
			2.91480981685988	-2.37777370066587
			2.91666166553641	-2.37962554934241
			2.91851351421294	-2.38147739801894
			2.91851351421294	-2.38332924669547
			2.92036536288947	-2.385181095372
			2.92036536288947	-2.38703294404853
			2.922217211566	-2.38703294404853
			2.92406906024254	-2.38888479272506
			2.92406906024254	-2.39073664140159
			2.92592090891907	-2.39258849007812
			2.92592090891907	-2.39444033875465
			2.9277727575956	-2.39629218743118
			2.92962460627213	-2.39814403610772
			2.92962460627213	-2.39999588478425
			2.93147645494866	-2.40184773346078
			2.93332830362519	-2.40369958213731
			2.93332830362519	-2.40555143081384
			2.93518015230172	-2.40740327949037
			2.93518015230172	-2.4092551281669
			2.93703200097825	-2.41110697684343
		</curvaI_espina_dorsal>
	</curves.scaled>
	<ruler.points type=matrix rownames=TRUE colnames=FALSE nrow=2 ncol=2 as.numeric=TRUE >
		Ruler point 1	1497	453
		Ruler point 2	2037	452
	</ruler.points>
</shapes>

