<shapes type=list>
	<ruler.pixel type=vector names=FALSE length=1 as.numeric=TRUE >536.008395456638</ruler.pixel>
	<ruler.interval type=vector names=FALSE length=1 as.numeric=TRUE >1</ruler.interval>
	<scaling.units type=vector names=FALSE length=1 as.numeric=FALSE >mm</scaling.units>
	<scaling type=vector names=FALSE length=1 as.numeric=TRUE >0.00186219416408742</scaling>
	<landmarks.pixel type=matrix rownames=TRUE colnames=FALSE nrow=3 ncol=2 as.numeric=TRUE >
		punta_espina_dorsal	1489	1139
		esq_izq_caparaza	1634	1324
		organo_dorsal	1847	1075
	</landmarks.pixel>
	<landmarks.scaled type=matrix rownames=TRUE colnames=FALSE nrow=3 ncol=2 as.numeric=TRUE >
		punta_espina_dorsal	2.77280711032617	-2.12103915289557
		esq_izq_caparaza	3.04282526411884	-2.46554507325174
		organo_dorsal	3.43947262106946	-2.00185872639398
	</landmarks.scaled>
	<curves.control type=list>
		<curvaD_espina_dorsal type=matrix rownames=FALSE colnames=FALSE nrow=7 ncol=2 as.numeric=TRUE >
			1489	1139
			1497	1129
			1512	1118
			1575	1109
			1677	1108
			1726	1136
			1847	1075
		</curvaD_espina_dorsal>
		<curvaI_espina_dorsal type=matrix rownames=FALSE colnames=FALSE nrow=9 ncol=2 as.numeric=TRUE >
			1489	1139
			1518	1119
			1552	1124
			1631	1123
			1671	1140
			1686	1199
			1633	1246
			1624	1284
			1634	1324
		</curvaI_espina_dorsal>
	</curves.control>
	<curves.pixel type=list>
		<curvaD_espina_dorsal type=matrix rownames=FALSE colnames=FALSE nrow=363 ncol=2 as.numeric=TRUE >
			1489	1139
			1490	1138
			1491	1137
			1492	1136
			1492	1135
			1493	1134
			1494	1133
			1495	1133
			1495	1132
			1496	1131
			1497	1130
			1498	1129
			1499	1129
			1500	1128
			1501	1127
			1502	1126
			1503	1125
			1504	1125
			1505	1124
			1506	1123
			1507	1122
			1508	1121
			1509	1120
			1510	1120
			1511	1119
			1512	1118
			1513	1118
			1514	1118
			1515	1118
			1516	1117
			1517	1117
			1518	1117
			1519	1117
			1520	1117
			1521	1117
			1522	1117
			1523	1117
			1524	1116
			1525	1116
			1526	1116
			1527	1116
			1528	1116
			1529	1116
			1530	1116
			1531	1116
			1532	1115
			1533	1115
			1534	1115
			1535	1115
			1536	1115
			1537	1115
			1538	1115
			1539	1115
			1540	1115
			1541	1114
			1542	1114
			1543	1114
			1544	1114
			1545	1114
			1546	1114
			1547	1114
			1548	1114
			1549	1114
			1550	1114
			1551	1113
			1552	1113
			1553	1113
			1554	1113
			1555	1113
			1556	1113
			1557	1113
			1558	1113
			1559	1113
			1560	1113
			1561	1113
			1562	1113
			1563	1112
			1564	1112
			1565	1112
			1566	1112
			1567	1112
			1568	1112
			1569	1112
			1570	1112
			1571	1112
			1572	1112
			1573	1112
			1574	1112
			1575	1112
			1576	1112
			1577	1112
			1578	1111
			1579	1111
			1580	1111
			1581	1111
			1582	1111
			1583	1111
			1584	1111
			1585	1111
			1586	1111
			1587	1111
			1588	1111
			1589	1111
			1590	1111
			1591	1111
			1592	1111
			1593	1111
			1594	1110
			1595	1110
			1596	1110
			1597	1110
			1598	1110
			1599	1110
			1600	1110
			1601	1110
			1602	1110
			1603	1110
			1604	1110
			1605	1110
			1606	1110
			1607	1110
			1608	1110
			1609	1110
			1610	1110
			1611	1110
			1612	1110
			1613	1110
			1614	1110
			1615	1109
			1616	1109
			1617	1109
			1618	1109
			1619	1109
			1620	1109
			1621	1109
			1622	1109
			1623	1109
			1624	1109
			1625	1109
			1626	1109
			1627	1109
			1628	1109
			1629	1109
			1630	1109
			1631	1109
			1632	1109
			1633	1109
			1634	1109
			1635	1109
			1636	1109
			1637	1109
			1638	1109
			1639	1109
			1640	1109
			1641	1109
			1642	1109
			1643	1109
			1644	1109
			1645	1109
			1646	1109
			1647	1108
			1648	1108
			1649	1108
			1650	1108
			1651	1108
			1652	1108
			1653	1108
			1654	1108
			1655	1108
			1656	1108
			1657	1108
			1658	1108
			1659	1108
			1660	1108
			1661	1108
			1662	1108
			1663	1108
			1664	1108
			1665	1108
			1666	1108
			1667	1108
			1668	1108
			1669	1108
			1670	1108
			1671	1108
			1672	1108
			1673	1108
			1674	1108
			1675	1108
			1676	1108
			1677	1108
			1678	1108
			1678	1109
			1679	1109
			1680	1109
			1681	1110
			1682	1110
			1683	1111
			1684	1111
			1685	1112
			1686	1112
			1687	1113
			1688	1113
			1689	1113
			1690	1114
			1691	1114
			1692	1114
			1693	1114
			1694	1115
			1695	1115
			1696	1115
			1697	1115
			1698	1115
			1699	1116
			1700	1116
			1701	1116
			1702	1116
			1703	1116
			1704	1116
			1705	1116
			1706	1116
			1707	1117
			1708	1117
			1709	1117
			1710	1117
			1711	1117
			1712	1117
			1713	1117
			1714	1117
			1715	1117
			1716	1117
			1717	1117
			1718	1117
			1719	1117
			1720	1117
			1721	1117
			1722	1117
			1723	1117
			1724	1116
			1725	1116
			1726	1116
			1727	1116
			1728	1116
			1729	1116
			1730	1116
			1731	1116
			1732	1116
			1733	1116
			1734	1115
			1735	1115
			1736	1115
			1737	1115
			1738	1115
			1739	1115
			1740	1114
			1741	1114
			1742	1114
			1743	1114
			1744	1114
			1745	1114
			1746	1113
			1747	1113
			1748	1113
			1749	1113
			1750	1112
			1751	1112
			1752	1112
			1753	1112
			1754	1112
			1755	1111
			1756	1111
			1757	1111
			1758	1111
			1759	1110
			1760	1110
			1761	1110
			1762	1109
			1763	1109
			1764	1109
			1765	1109
			1766	1108
			1767	1108
			1768	1108
			1769	1107
			1770	1107
			1771	1107
			1772	1106
			1773	1106
			1774	1106
			1775	1106
			1776	1105
			1777	1105
			1778	1105
			1779	1104
			1780	1104
			1781	1103
			1782	1103
			1783	1103
			1784	1102
			1785	1102
			1786	1102
			1787	1101
			1788	1101
			1789	1101
			1790	1100
			1791	1100
			1792	1100
			1793	1099
			1794	1099
			1795	1098
			1796	1098
			1797	1098
			1798	1097
			1799	1097
			1800	1097
			1801	1096
			1802	1096
			1803	1095
			1804	1095
			1805	1094
			1806	1094
			1807	1094
			1808	1093
			1809	1093
			1810	1092
			1811	1092
			1812	1091
			1813	1091
			1814	1090
			1815	1090
			1816	1089
			1817	1089
			1818	1089
			1819	1088
			1820	1088
			1821	1087
			1822	1087
			1823	1087
			1823	1086
			1824	1086
			1825	1086
			1826	1085
			1827	1085
			1828	1084
			1829	1084
			1830	1083
			1831	1083
			1832	1082
			1833	1082
			1834	1081
			1835	1081
			1836	1081
			1837	1080
			1838	1080
			1839	1079
			1840	1079
			1841	1078
			1842	1078
			1843	1077
			1844	1077
			1845	1076
			1846	1076
			1847	1075
		</curvaD_espina_dorsal>
		<curvaI_espina_dorsal type=matrix rownames=FALSE colnames=FALSE nrow=386 ncol=2 as.numeric=TRUE >
			1489	1139
			1490	1139
			1490	1138
			1491	1138
			1491	1137
			1492	1137
			1493	1137
			1493	1136
			1494	1136
			1494	1135
			1495	1135
			1496	1135
			1496	1134
			1497	1134
			1498	1134
			1498	1133
			1499	1133
			1500	1132
			1501	1132
			1502	1131
			1503	1131
			1504	1131
			1504	1130
			1505	1130
			1506	1130
			1507	1129
			1508	1129
			1509	1128
			1510	1128
			1511	1128
			1512	1127
			1513	1127
			1514	1127
			1515	1127
			1515	1126
			1516	1126
			1517	1126
			1518	1125
			1519	1125
			1520	1125
			1521	1125
			1522	1125
			1523	1124
			1524	1124
			1525	1124
			1526	1124
			1527	1124
			1528	1124
			1529	1124
			1530	1123
			1531	1123
			1532	1123
			1533	1123
			1534	1123
			1535	1123
			1536	1123
			1537	1123
			1538	1123
			1539	1123
			1540	1123
			1541	1123
			1542	1123
			1543	1123
			1544	1123
			1545	1123
			1546	1123
			1547	1123
			1548	1123
			1548	1124
			1549	1124
			1550	1124
			1551	1124
			1552	1124
			1553	1124
			1554	1124
			1555	1124
			1556	1124
			1557	1124
			1558	1124
			1559	1124
			1560	1124
			1561	1124
			1562	1124
			1563	1124
			1564	1124
			1565	1124
			1566	1124
			1567	1124
			1568	1124
			1569	1124
			1570	1124
			1571	1124
			1572	1124
			1573	1124
			1574	1124
			1575	1124
			1576	1124
			1577	1124
			1578	1124
			1579	1124
			1580	1124
			1581	1124
			1582	1124
			1583	1124
			1584	1124
			1585	1124
			1586	1124
			1587	1125
			1588	1125
			1589	1125
			1590	1125
			1591	1125
			1592	1125
			1593	1125
			1594	1125
			1595	1125
			1596	1125
			1597	1125
			1598	1125
			1599	1125
			1600	1125
			1601	1125
			1602	1125
			1603	1126
			1604	1126
			1605	1126
			1606	1126
			1607	1126
			1608	1126
			1609	1126
			1610	1126
			1611	1126
			1612	1126
			1613	1126
			1614	1127
			1615	1127
			1616	1127
			1617	1127
			1618	1127
			1619	1127
			1620	1127
			1621	1127
			1622	1128
			1623	1128
			1624	1128
			1625	1128
			1626	1128
			1627	1128
			1628	1129
			1629	1129
			1630	1129
			1631	1129
			1632	1129
			1633	1129
			1634	1130
			1635	1130
			1636	1130
			1637	1130
			1638	1130
			1639	1130
			1640	1131
			1641	1131
			1642	1131
			1643	1131
			1644	1132
			1645	1132
			1646	1132
			1647	1132
			1648	1132
			1648	1133
			1649	1133
			1650	1133
			1651	1133
			1652	1134
			1653	1134
			1654	1134
			1655	1134
			1656	1135
			1657	1135
			1658	1135
			1659	1136
			1660	1136
			1661	1136
			1662	1136
			1662	1137
			1663	1137
			1664	1137
			1665	1138
			1666	1138
			1667	1138
			1668	1139
			1669	1139
			1670	1139
			1671	1140
			1671	1141
			1671	1142
			1672	1143
			1672	1144
			1672	1145
			1672	1146
			1672	1147
			1673	1147
			1673	1148
			1673	1149
			1673	1150
			1673	1151
			1673	1152
			1674	1153
			1674	1154
			1674	1155
			1674	1156
			1674	1157
			1674	1158
			1674	1159
			1674	1160
			1674	1161
			1674	1162
			1674	1163
			1674	1164
			1674	1165
			1674	1166
			1674	1167
			1674	1168
			1674	1169
			1674	1170
			1674	1171
			1674	1172
			1674	1173
			1674	1174
			1674	1175
			1674	1176
			1674	1177
			1673	1178
			1673	1179
			1673	1180
			1673	1181
			1673	1182
			1673	1183
			1672	1184
			1672	1185
			1672	1186
			1672	1187
			1672	1188
			1671	1189
			1671	1190
			1671	1191
			1670	1192
			1670	1193
			1670	1194
			1669	1195
			1669	1196
			1669	1197
			1668	1198
			1668	1199
			1668	1200
			1667	1200
			1667	1201
			1667	1202
			1666	1203
			1666	1204
			1665	1205
			1665	1206
			1664	1207
			1664	1208
			1663	1209
			1663	1210
			1662	1211
			1661	1212
			1661	1213
			1660	1214
			1660	1215
			1659	1216
			1658	1217
			1658	1218
			1657	1219
			1657	1220
			1656	1220
			1656	1221
			1655	1222
			1655	1223
			1654	1223
			1654	1224
			1653	1225
			1652	1225
			1652	1226
			1651	1227
			1651	1228
			1650	1228
			1649	1229
			1649	1230
			1648	1231
			1647	1232
			1646	1233
			1645	1234
			1645	1235
			1644	1236
			1643	1236
			1642	1237
			1641	1238
			1640	1239
			1640	1240
			1639	1241
			1638	1242
			1637	1242
			1636	1243
			1635	1244
			1634	1245
			1633	1246
			1633	1247
			1633	1248
			1632	1249
			1632	1250
			1632	1251
			1632	1252
			1631	1253
			1631	1254
			1631	1255
			1631	1256
			1631	1257
			1631	1258
			1630	1259
			1630	1260
			1630	1261
			1630	1262
			1630	1263
			1630	1264
			1630	1265
			1630	1266
			1629	1267
			1629	1268
			1629	1269
			1629	1270
			1629	1271
			1629	1272
			1629	1273
			1629	1274
			1629	1275
			1629	1276
			1629	1277
			1629	1278
			1629	1279
			1629	1280
			1629	1281
			1629	1282
			1629	1283
			1629	1284
			1629	1285
			1629	1286
			1629	1287
			1629	1288
			1629	1289
			1629	1290
			1629	1291
			1629	1292
			1629	1293
			1629	1294
			1629	1295
			1629	1296
			1629	1297
			1630	1298
			1630	1299
			1630	1300
			1630	1301
			1630	1302
			1630	1303
			1630	1304
			1630	1305
			1631	1306
			1631	1307
			1631	1308
			1631	1309
			1631	1310
			1631	1311
			1631	1312
			1632	1313
			1632	1314
			1632	1315
			1632	1316
			1632	1317
			1633	1318
			1633	1319
			1633	1320
			1633	1321
			1633	1322
			1634	1323
			1634	1324
		</curvaI_espina_dorsal>
	</curves.pixel>
	<curves.scaled type=list>
		<curvaD_espina_dorsal type=matrix rownames=FALSE colnames=FALSE nrow=363 ncol=2 as.numeric=TRUE >
			2.77280711032617	-2.12103915289557
			2.77466930449026	-2.11917695873148
			2.77653149865434	-2.1173147645674
			2.77839369281843	-2.11545257040331
			2.77839369281843	-2.11359037623922
			2.78025588698252	-2.11172818207513
			2.78211808114661	-2.10986598791105
			2.78398027531069	-2.10986598791105
			2.78398027531069	-2.10800379374696
			2.78584246947478	-2.10614159958287
			2.78770466363887	-2.10427940541878
			2.78956685780295	-2.1024172112547
			2.79142905196704	-2.1024172112547
			2.79329124613113	-2.10055501709061
			2.79515344029522	-2.09869282292652
			2.7970156344593	-2.09683062876243
			2.79887782862339	-2.09496843459835
			2.80074002278748	-2.09496843459835
			2.80260221695157	-2.09310624043426
			2.80446441111565	-2.09124404627017
			2.80632660527974	-2.08938185210608
			2.80818879944383	-2.087519657942
			2.81005099360792	-2.08565746377791
			2.811913187772	-2.08565746377791
			2.81377538193609	-2.08379526961382
			2.81563757610018	-2.08193307544974
			2.81749977026427	-2.08193307544974
			2.81936196442835	-2.08193307544974
			2.82122415859244	-2.08193307544974
			2.82308635275653	-2.08007088128565
			2.82494854692062	-2.08007088128565
			2.8268107410847	-2.08007088128565
			2.82867293524879	-2.08007088128565
			2.83053512941288	-2.08007088128565
			2.83239732357697	-2.08007088128565
			2.83425951774105	-2.08007088128565
			2.83612171190514	-2.08007088128565
			2.83798390606923	-2.07820868712156
			2.83984610023332	-2.07820868712156
			2.8417082943974	-2.07820868712156
			2.84357048856149	-2.07820868712156
			2.84543268272558	-2.07820868712156
			2.84729487688966	-2.07820868712156
			2.84915707105375	-2.07820868712156
			2.85101926521784	-2.07820868712156
			2.85288145938193	-2.07634649295747
			2.85474365354601	-2.07634649295747
			2.8566058477101	-2.07634649295747
			2.85846804187419	-2.07634649295747
			2.86033023603828	-2.07634649295747
			2.86219243020236	-2.07634649295747
			2.86405462436645	-2.07634649295747
			2.86591681853054	-2.07634649295747
			2.86777901269463	-2.07634649295747
			2.86964120685871	-2.07448429879339
			2.8715034010228	-2.07448429879339
			2.87336559518689	-2.07448429879339
			2.87522778935098	-2.07448429879339
			2.87708998351506	-2.07448429879339
			2.87895217767915	-2.07448429879339
			2.88081437184324	-2.07448429879339
			2.88267656600733	-2.07448429879339
			2.88453876017141	-2.07448429879339
			2.8864009543355	-2.07448429879339
			2.88826314849959	-2.0726221046293
			2.89012534266368	-2.0726221046293
			2.89198753682776	-2.0726221046293
			2.89384973099185	-2.0726221046293
			2.89571192515594	-2.0726221046293
			2.89757411932003	-2.0726221046293
			2.89943631348411	-2.0726221046293
			2.9012985076482	-2.0726221046293
			2.90316070181229	-2.0726221046293
			2.90502289597637	-2.0726221046293
			2.90688509014046	-2.0726221046293
			2.90874728430455	-2.0726221046293
			2.91060947846864	-2.07075991046521
			2.91247167263272	-2.07075991046521
			2.91433386679681	-2.07075991046521
			2.9161960609609	-2.07075991046521
			2.91805825512499	-2.07075991046521
			2.91992044928907	-2.07075991046521
			2.92178264345316	-2.07075991046521
			2.92364483761725	-2.07075991046521
			2.92550703178134	-2.07075991046521
			2.92736922594542	-2.07075991046521
			2.92923142010951	-2.07075991046521
			2.9310936142736	-2.07075991046521
			2.93295580843769	-2.07075991046521
			2.93481800260177	-2.07075991046521
			2.93668019676586	-2.07075991046521
			2.93854239092995	-2.06889771630112
			2.94040458509404	-2.06889771630112
			2.94226677925812	-2.06889771630112
			2.94412897342221	-2.06889771630112
			2.9459911675863	-2.06889771630112
			2.94785336175039	-2.06889771630112
			2.94971555591447	-2.06889771630112
			2.95157775007856	-2.06889771630112
			2.95343994424265	-2.06889771630112
			2.95530213840674	-2.06889771630112
			2.95716433257082	-2.06889771630112
			2.95902652673491	-2.06889771630112
			2.960888720899	-2.06889771630112
			2.96275091506308	-2.06889771630112
			2.96461310922717	-2.06889771630112
			2.96647530339126	-2.06889771630112
			2.96833749755535	-2.06703552213704
			2.97019969171943	-2.06703552213704
			2.97206188588352	-2.06703552213704
			2.97392408004761	-2.06703552213704
			2.9757862742117	-2.06703552213704
			2.97764846837578	-2.06703552213704
			2.97951066253987	-2.06703552213704
			2.98137285670396	-2.06703552213704
			2.98323505086805	-2.06703552213704
			2.98509724503213	-2.06703552213704
			2.98695943919622	-2.06703552213704
			2.98882163336031	-2.06703552213704
			2.9906838275244	-2.06703552213704
			2.99254602168848	-2.06703552213704
			2.99440821585257	-2.06703552213704
			2.99627041001666	-2.06703552213704
			2.99813260418075	-2.06703552213704
			2.99999479834483	-2.06703552213704
			3.00185699250892	-2.06703552213704
			3.00371918667301	-2.06703552213704
			3.0055813808371	-2.06703552213704
			3.00744357500118	-2.06517332797295
			3.00930576916527	-2.06517332797295
			3.01116796332936	-2.06517332797295
			3.01303015749345	-2.06517332797295
			3.01489235165753	-2.06517332797295
			3.01675454582162	-2.06517332797295
			3.01861673998571	-2.06517332797295
			3.02047893414979	-2.06517332797295
			3.02234112831388	-2.06517332797295
			3.02420332247797	-2.06517332797295
			3.02606551664206	-2.06517332797295
			3.02792771080614	-2.06517332797295
			3.02978990497023	-2.06517332797295
			3.03165209913432	-2.06517332797295
			3.03351429329841	-2.06517332797295
			3.03537648746249	-2.06517332797295
			3.03723868162658	-2.06517332797295
			3.03910087579067	-2.06517332797295
			3.04096306995476	-2.06517332797295
			3.04282526411884	-2.06517332797295
			3.04468745828293	-2.06517332797295
			3.04654965244702	-2.06517332797295
			3.04841184661111	-2.06517332797295
			3.05027404077519	-2.06517332797295
			3.05213623493928	-2.06517332797295
			3.05399842910337	-2.06517332797295
			3.05586062326746	-2.06517332797295
			3.05772281743154	-2.06517332797295
			3.05958501159563	-2.06517332797295
			3.06144720575972	-2.06517332797295
			3.06330939992381	-2.06517332797295
			3.06517159408789	-2.06517332797295
			3.06703378825198	-2.06331113380886
			3.06889598241607	-2.06331113380886
			3.07075817658016	-2.06331113380886
			3.07262037074424	-2.06331113380886
			3.07448256490833	-2.06331113380886
			3.07634475907242	-2.06331113380886
			3.0782069532365	-2.06331113380886
			3.08006914740059	-2.06331113380886
			3.08193134156468	-2.06331113380886
			3.08379353572877	-2.06331113380886
			3.08565572989285	-2.06331113380886
			3.08751792405694	-2.06331113380886
			3.08938011822103	-2.06331113380886
			3.09124231238512	-2.06331113380886
			3.0931045065492	-2.06331113380886
			3.09496670071329	-2.06331113380886
			3.09682889487738	-2.06331113380886
			3.09869108904147	-2.06331113380886
			3.10055328320555	-2.06331113380886
			3.10241547736964	-2.06331113380886
			3.10427767153373	-2.06331113380886
			3.10613986569782	-2.06331113380886
			3.1080020598619	-2.06331113380886
			3.10986425402599	-2.06331113380886
			3.11172644819008	-2.06331113380886
			3.11358864235417	-2.06331113380886
			3.11545083651825	-2.06331113380886
			3.11731303068234	-2.06331113380886
			3.11917522484643	-2.06331113380886
			3.12103741901052	-2.06331113380886
			3.1228996131746	-2.06331113380886
			3.12476180733869	-2.06331113380886
			3.12476180733869	-2.06517332797295
			3.12662400150278	-2.06517332797295
			3.12848619566687	-2.06517332797295
			3.13034838983095	-2.06703552213704
			3.13221058399504	-2.06703552213704
			3.13407277815913	-2.06889771630112
			3.13593497232321	-2.06889771630112
			3.1377971664873	-2.07075991046521
			3.13965936065139	-2.07075991046521
			3.14152155481548	-2.0726221046293
			3.14338374897956	-2.0726221046293
			3.14524594314365	-2.0726221046293
			3.14710813730774	-2.07448429879339
			3.14897033147183	-2.07448429879339
			3.15083252563591	-2.07448429879339
			3.1526947198	-2.07448429879339
			3.15455691396409	-2.07634649295747
			3.15641910812818	-2.07634649295747
			3.15828130229226	-2.07634649295747
			3.16014349645635	-2.07634649295747
			3.16200569062044	-2.07634649295747
			3.16386788478453	-2.07820868712156
			3.16573007894861	-2.07820868712156
			3.1675922731127	-2.07820868712156
			3.16945446727679	-2.07820868712156
			3.17131666144088	-2.07820868712156
			3.17317885560496	-2.07820868712156
			3.17504104976905	-2.07820868712156
			3.17690324393314	-2.07820868712156
			3.17876543809723	-2.08007088128565
			3.18062763226131	-2.08007088128565
			3.1824898264254	-2.08007088128565
			3.18435202058949	-2.08007088128565
			3.18621421475358	-2.08007088128565
			3.18807640891766	-2.08007088128565
			3.18993860308175	-2.08007088128565
			3.19180079724584	-2.08007088128565
			3.19366299140992	-2.08007088128565
			3.19552518557401	-2.08007088128565
			3.1973873797381	-2.08007088128565
			3.19924957390219	-2.08007088128565
			3.20111176806627	-2.08007088128565
			3.20297396223036	-2.08007088128565
			3.20483615639445	-2.08007088128565
			3.20669835055854	-2.08007088128565
			3.20856054472262	-2.08007088128565
			3.21042273888671	-2.07820868712156
			3.2122849330508	-2.07820868712156
			3.21414712721489	-2.07820868712156
			3.21600932137897	-2.07820868712156
			3.21787151554306	-2.07820868712156
			3.21973370970715	-2.07820868712156
			3.22159590387124	-2.07820868712156
			3.22345809803532	-2.07820868712156
			3.22532029219941	-2.07820868712156
			3.2271824863635	-2.07820868712156
			3.22904468052759	-2.07634649295747
			3.23090687469167	-2.07634649295747
			3.23276906885576	-2.07634649295747
			3.23463126301985	-2.07634649295747
			3.23649345718394	-2.07634649295747
			3.23835565134802	-2.07634649295747
			3.24021784551211	-2.07448429879339
			3.2420800396762	-2.07448429879339
			3.24394223384029	-2.07448429879339
			3.24580442800437	-2.07448429879339
			3.24766662216846	-2.07448429879339
			3.24952881633255	-2.07448429879339
			3.25139101049663	-2.0726221046293
			3.25325320466072	-2.0726221046293
			3.25511539882481	-2.0726221046293
			3.2569775929889	-2.0726221046293
			3.25883978715298	-2.07075991046521
			3.26070198131707	-2.07075991046521
			3.26256417548116	-2.07075991046521
			3.26442636964525	-2.07075991046521
			3.26628856380933	-2.07075991046521
			3.26815075797342	-2.06889771630112
			3.27001295213751	-2.06889771630112
			3.2718751463016	-2.06889771630112
			3.27373734046568	-2.06889771630112
			3.27559953462977	-2.06703552213704
			3.27746172879386	-2.06703552213704
			3.27932392295795	-2.06703552213704
			3.28118611712203	-2.06517332797295
			3.28304831128612	-2.06517332797295
			3.28491050545021	-2.06517332797295
			3.2867726996143	-2.06517332797295
			3.28863489377838	-2.06331113380886
			3.29049708794247	-2.06331113380886
			3.29235928210656	-2.06331113380886
			3.29422147627065	-2.06144893964477
			3.29608367043473	-2.06144893964477
			3.29794586459882	-2.06144893964477
			3.29980805876291	-2.05958674548069
			3.301670252927	-2.05958674548069
			3.30353244709108	-2.05958674548069
			3.30539464125517	-2.05958674548069
			3.30725683541926	-2.0577245513166
			3.30911902958334	-2.0577245513166
			3.31098122374743	-2.0577245513166
			3.31284341791152	-2.05586235715251
			3.31470561207561	-2.05586235715251
			3.31656780623969	-2.05400016298842
			3.31843000040378	-2.05400016298842
			3.32029219456787	-2.05400016298842
			3.32215438873196	-2.05213796882434
			3.32401658289604	-2.05213796882434
			3.32587877706013	-2.05213796882434
			3.32774097122422	-2.05027577466025
			3.32960316538831	-2.05027577466025
			3.33146535955239	-2.05027577466025
			3.33332755371648	-2.04841358049616
			3.33518974788057	-2.04841358049616
			3.33705194204466	-2.04841358049616
			3.33891413620874	-2.04655138633207
			3.34077633037283	-2.04655138633207
			3.34263852453692	-2.04468919216799
			3.34450071870101	-2.04468919216799
			3.34636291286509	-2.04468919216799
			3.34822510702918	-2.0428269980039
			3.35008730119327	-2.0428269980039
			3.35194949535736	-2.0428269980039
			3.35381168952144	-2.04096480383981
			3.35567388368553	-2.04096480383981
			3.35753607784962	-2.03910260967572
			3.35939827201371	-2.03910260967572
			3.36126046617779	-2.03724041551164
			3.36312266034188	-2.03724041551164
			3.36498485450597	-2.03724041551164
			3.36684704867005	-2.03537822134755
			3.36870924283414	-2.03537822134755
			3.37057143699823	-2.03351602718346
			3.37243363116232	-2.03351602718346
			3.3742958253264	-2.03165383301937
			3.37615801949049	-2.03165383301937
			3.37802021365458	-2.02979163885529
			3.37988240781867	-2.02979163885529
			3.38174460198275	-2.0279294446912
			3.38360679614684	-2.0279294446912
			3.38546899031093	-2.0279294446912
			3.38733118447502	-2.02606725052711
			3.3891933786391	-2.02606725052711
			3.39105557280319	-2.02420505636303
			3.39291776696728	-2.02420505636303
			3.39477996113137	-2.02420505636303
			3.39477996113137	-2.02234286219894
			3.39664215529545	-2.02234286219894
			3.39850434945954	-2.02234286219894
			3.40036654362363	-2.02048066803485
			3.40222873778772	-2.02048066803485
			3.4040909319518	-2.01861847387076
			3.40595312611589	-2.01861847387076
			3.40781532027998	-2.01675627970668
			3.40967751444407	-2.01675627970668
			3.41153970860815	-2.01489408554259
			3.41340190277224	-2.01489408554259
			3.41526409693633	-2.0130318913785
			3.41712629110041	-2.0130318913785
			3.4189884852645	-2.0130318913785
			3.42085067942859	-2.01116969721441
			3.42271287359268	-2.01116969721441
			3.42457506775676	-2.00930750305033
			3.42643726192085	-2.00930750305033
			3.42829945608494	-2.00744530888624
			3.43016165024903	-2.00744530888624
			3.43202384441311	-2.00558311472215
			3.4338860385772	-2.00558311472215
			3.43574823274129	-2.00372092055806
			3.43761042690538	-2.00372092055806
			3.43947262106946	-2.00185872639398
		</curvaD_espina_dorsal>
		<curvaI_espina_dorsal type=matrix rownames=FALSE colnames=FALSE nrow=386 ncol=2 as.numeric=TRUE >
			2.77280711032617	-2.12103915289557
			2.77466930449026	-2.12103915289557
			2.77466930449026	-2.11917695873148
			2.77653149865434	-2.11917695873148
			2.77653149865434	-2.1173147645674
			2.77839369281843	-2.1173147645674
			2.78025588698252	-2.1173147645674
			2.78025588698252	-2.11545257040331
			2.78211808114661	-2.11545257040331
			2.78211808114661	-2.11359037623922
			2.78398027531069	-2.11359037623922
			2.78584246947478	-2.11359037623922
			2.78584246947478	-2.11172818207513
			2.78770466363887	-2.11172818207513
			2.78956685780295	-2.11172818207513
			2.78956685780295	-2.10986598791105
			2.79142905196704	-2.10986598791105
			2.79329124613113	-2.10800379374696
			2.79515344029522	-2.10800379374696
			2.7970156344593	-2.10614159958287
			2.79887782862339	-2.10614159958287
			2.80074002278748	-2.10614159958287
			2.80074002278748	-2.10427940541878
			2.80260221695157	-2.10427940541878
			2.80446441111565	-2.10427940541878
			2.80632660527974	-2.1024172112547
			2.80818879944383	-2.1024172112547
			2.81005099360792	-2.10055501709061
			2.811913187772	-2.10055501709061
			2.81377538193609	-2.10055501709061
			2.81563757610018	-2.09869282292652
			2.81749977026427	-2.09869282292652
			2.81936196442835	-2.09869282292652
			2.82122415859244	-2.09869282292652
			2.82122415859244	-2.09683062876243
			2.82308635275653	-2.09683062876243
			2.82494854692062	-2.09683062876243
			2.8268107410847	-2.09496843459835
			2.82867293524879	-2.09496843459835
			2.83053512941288	-2.09496843459835
			2.83239732357697	-2.09496843459835
			2.83425951774105	-2.09496843459835
			2.83612171190514	-2.09310624043426
			2.83798390606923	-2.09310624043426
			2.83984610023332	-2.09310624043426
			2.8417082943974	-2.09310624043426
			2.84357048856149	-2.09310624043426
			2.84543268272558	-2.09310624043426
			2.84729487688966	-2.09310624043426
			2.84915707105375	-2.09124404627017
			2.85101926521784	-2.09124404627017
			2.85288145938193	-2.09124404627017
			2.85474365354601	-2.09124404627017
			2.8566058477101	-2.09124404627017
			2.85846804187419	-2.09124404627017
			2.86033023603828	-2.09124404627017
			2.86219243020236	-2.09124404627017
			2.86405462436645	-2.09124404627017
			2.86591681853054	-2.09124404627017
			2.86777901269463	-2.09124404627017
			2.86964120685871	-2.09124404627017
			2.8715034010228	-2.09124404627017
			2.87336559518689	-2.09124404627017
			2.87522778935098	-2.09124404627017
			2.87708998351506	-2.09124404627017
			2.87895217767915	-2.09124404627017
			2.88081437184324	-2.09124404627017
			2.88267656600733	-2.09124404627017
			2.88267656600733	-2.09310624043426
			2.88453876017141	-2.09310624043426
			2.8864009543355	-2.09310624043426
			2.88826314849959	-2.09310624043426
			2.89012534266368	-2.09310624043426
			2.89198753682776	-2.09310624043426
			2.89384973099185	-2.09310624043426
			2.89571192515594	-2.09310624043426
			2.89757411932003	-2.09310624043426
			2.89943631348411	-2.09310624043426
			2.9012985076482	-2.09310624043426
			2.90316070181229	-2.09310624043426
			2.90502289597637	-2.09310624043426
			2.90688509014046	-2.09310624043426
			2.90874728430455	-2.09310624043426
			2.91060947846864	-2.09310624043426
			2.91247167263272	-2.09310624043426
			2.91433386679681	-2.09310624043426
			2.9161960609609	-2.09310624043426
			2.91805825512499	-2.09310624043426
			2.91992044928907	-2.09310624043426
			2.92178264345316	-2.09310624043426
			2.92364483761725	-2.09310624043426
			2.92550703178134	-2.09310624043426
			2.92736922594542	-2.09310624043426
			2.92923142010951	-2.09310624043426
			2.9310936142736	-2.09310624043426
			2.93295580843769	-2.09310624043426
			2.93481800260177	-2.09310624043426
			2.93668019676586	-2.09310624043426
			2.93854239092995	-2.09310624043426
			2.94040458509404	-2.09310624043426
			2.94226677925812	-2.09310624043426
			2.94412897342221	-2.09310624043426
			2.9459911675863	-2.09310624043426
			2.94785336175039	-2.09310624043426
			2.94971555591447	-2.09310624043426
			2.95157775007856	-2.09310624043426
			2.95343994424265	-2.09310624043426
			2.95530213840674	-2.09496843459835
			2.95716433257082	-2.09496843459835
			2.95902652673491	-2.09496843459835
			2.960888720899	-2.09496843459835
			2.96275091506308	-2.09496843459835
			2.96461310922717	-2.09496843459835
			2.96647530339126	-2.09496843459835
			2.96833749755535	-2.09496843459835
			2.97019969171943	-2.09496843459835
			2.97206188588352	-2.09496843459835
			2.97392408004761	-2.09496843459835
			2.9757862742117	-2.09496843459835
			2.97764846837578	-2.09496843459835
			2.97951066253987	-2.09496843459835
			2.98137285670396	-2.09496843459835
			2.98323505086805	-2.09496843459835
			2.98509724503213	-2.09683062876243
			2.98695943919622	-2.09683062876243
			2.98882163336031	-2.09683062876243
			2.9906838275244	-2.09683062876243
			2.99254602168848	-2.09683062876243
			2.99440821585257	-2.09683062876243
			2.99627041001666	-2.09683062876243
			2.99813260418075	-2.09683062876243
			2.99999479834483	-2.09683062876243
			3.00185699250892	-2.09683062876243
			3.00371918667301	-2.09683062876243
			3.0055813808371	-2.09869282292652
			3.00744357500118	-2.09869282292652
			3.00930576916527	-2.09869282292652
			3.01116796332936	-2.09869282292652
			3.01303015749345	-2.09869282292652
			3.01489235165753	-2.09869282292652
			3.01675454582162	-2.09869282292652
			3.01861673998571	-2.09869282292652
			3.02047893414979	-2.10055501709061
			3.02234112831388	-2.10055501709061
			3.02420332247797	-2.10055501709061
			3.02606551664206	-2.10055501709061
			3.02792771080614	-2.10055501709061
			3.02978990497023	-2.10055501709061
			3.03165209913432	-2.1024172112547
			3.03351429329841	-2.1024172112547
			3.03537648746249	-2.1024172112547
			3.03723868162658	-2.1024172112547
			3.03910087579067	-2.1024172112547
			3.04096306995476	-2.1024172112547
			3.04282526411884	-2.10427940541878
			3.04468745828293	-2.10427940541878
			3.04654965244702	-2.10427940541878
			3.04841184661111	-2.10427940541878
			3.05027404077519	-2.10427940541878
			3.05213623493928	-2.10427940541878
			3.05399842910337	-2.10614159958287
			3.05586062326746	-2.10614159958287
			3.05772281743154	-2.10614159958287
			3.05958501159563	-2.10614159958287
			3.06144720575972	-2.10800379374696
			3.06330939992381	-2.10800379374696
			3.06517159408789	-2.10800379374696
			3.06703378825198	-2.10800379374696
			3.06889598241607	-2.10800379374696
			3.06889598241607	-2.10986598791105
			3.07075817658016	-2.10986598791105
			3.07262037074424	-2.10986598791105
			3.07448256490833	-2.10986598791105
			3.07634475907242	-2.11172818207513
			3.0782069532365	-2.11172818207513
			3.08006914740059	-2.11172818207513
			3.08193134156468	-2.11172818207513
			3.08379353572877	-2.11359037623922
			3.08565572989285	-2.11359037623922
			3.08751792405694	-2.11359037623922
			3.08938011822103	-2.11545257040331
			3.09124231238512	-2.11545257040331
			3.0931045065492	-2.11545257040331
			3.09496670071329	-2.11545257040331
			3.09496670071329	-2.1173147645674
			3.09682889487738	-2.1173147645674
			3.09869108904147	-2.1173147645674
			3.10055328320555	-2.11917695873148
			3.10241547736964	-2.11917695873148
			3.10427767153373	-2.11917695873148
			3.10613986569782	-2.12103915289557
			3.1080020598619	-2.12103915289557
			3.10986425402599	-2.12103915289557
			3.11172644819008	-2.12290134705966
			3.11172644819008	-2.12476354122375
			3.11172644819008	-2.12662573538783
			3.11358864235417	-2.12848792955192
			3.11358864235417	-2.13035012371601
			3.11358864235417	-2.1322123178801
			3.11358864235417	-2.13407451204418
			3.11358864235417	-2.13593670620827
			3.11545083651825	-2.13593670620827
			3.11545083651825	-2.13779890037236
			3.11545083651825	-2.13966109453645
			3.11545083651825	-2.14152328870053
			3.11545083651825	-2.14338548286462
			3.11545083651825	-2.14524767702871
			3.11731303068234	-2.14710987119279
			3.11731303068234	-2.14897206535688
			3.11731303068234	-2.15083425952097
			3.11731303068234	-2.15269645368506
			3.11731303068234	-2.15455864784914
			3.11731303068234	-2.15642084201323
			3.11731303068234	-2.15828303617732
			3.11731303068234	-2.16014523034141
			3.11731303068234	-2.16200742450549
			3.11731303068234	-2.16386961866958
			3.11731303068234	-2.16573181283367
			3.11731303068234	-2.16759400699776
			3.11731303068234	-2.16945620116184
			3.11731303068234	-2.17131839532593
			3.11731303068234	-2.17318058949002
			3.11731303068234	-2.17504278365411
			3.11731303068234	-2.17690497781819
			3.11731303068234	-2.17876717198228
			3.11731303068234	-2.18062936614637
			3.11731303068234	-2.18249156031046
			3.11731303068234	-2.18435375447454
			3.11731303068234	-2.18621594863863
			3.11731303068234	-2.18807814280272
			3.11731303068234	-2.18994033696681
			3.11731303068234	-2.19180253113089
			3.11545083651825	-2.19366472529498
			3.11545083651825	-2.19552691945907
			3.11545083651825	-2.19738911362316
			3.11545083651825	-2.19925130778724
			3.11545083651825	-2.20111350195133
			3.11545083651825	-2.20297569611542
			3.11358864235417	-2.2048378902795
			3.11358864235417	-2.20670008444359
			3.11358864235417	-2.20856227860768
			3.11358864235417	-2.21042447277177
			3.11358864235417	-2.21228666693585
			3.11172644819008	-2.21414886109994
			3.11172644819008	-2.21601105526403
			3.11172644819008	-2.21787324942812
			3.10986425402599	-2.2197354435922
			3.10986425402599	-2.22159763775629
			3.10986425402599	-2.22345983192038
			3.1080020598619	-2.22532202608447
			3.1080020598619	-2.22718422024855
			3.1080020598619	-2.22904641441264
			3.10613986569782	-2.23090860857673
			3.10613986569782	-2.23277080274082
			3.10613986569782	-2.2346329969049
			3.10427767153373	-2.2346329969049
			3.10427767153373	-2.23649519106899
			3.10427767153373	-2.23835738523308
			3.10241547736964	-2.24021957939717
			3.10241547736964	-2.24208177356125
			3.10055328320555	-2.24394396772534
			3.10055328320555	-2.24580616188943
			3.09869108904147	-2.24766835605352
			3.09869108904147	-2.2495305502176
			3.09682889487738	-2.25139274438169
			3.09682889487738	-2.25325493854578
			3.09496670071329	-2.25511713270987
			3.0931045065492	-2.25697932687395
			3.0931045065492	-2.25884152103804
			3.09124231238512	-2.26070371520213
			3.09124231238512	-2.26256590936621
			3.08938011822103	-2.2644281035303
			3.08751792405694	-2.26629029769439
			3.08751792405694	-2.26815249185848
			3.08565572989285	-2.27001468602256
			3.08565572989285	-2.27187688018665
			3.08379353572877	-2.27187688018665
			3.08379353572877	-2.27373907435074
			3.08193134156468	-2.27560126851483
			3.08193134156468	-2.27746346267891
			3.08006914740059	-2.27746346267891
			3.08006914740059	-2.279325656843
			3.0782069532365	-2.28118785100709
			3.07634475907242	-2.28118785100709
			3.07634475907242	-2.28305004517118
			3.07448256490833	-2.28491223933526
			3.07448256490833	-2.28677443349935
			3.07262037074424	-2.28677443349935
			3.07075817658016	-2.28863662766344
			3.07075817658016	-2.29049882182753
			3.06889598241607	-2.29236101599161
			3.06703378825198	-2.2942232101557
			3.06517159408789	-2.29608540431979
			3.06330939992381	-2.29794759848388
			3.06330939992381	-2.29980979264796
			3.06144720575972	-2.30167198681205
			3.05958501159563	-2.30167198681205
			3.05772281743154	-2.30353418097614
			3.05586062326746	-2.30539637514023
			3.05399842910337	-2.30725856930431
			3.05399842910337	-2.3091207634684
			3.05213623493928	-2.31098295763249
			3.05027404077519	-2.31284515179658
			3.04841184661111	-2.31284515179658
			3.04654965244702	-2.31470734596066
			3.04468745828293	-2.31656954012475
			3.04282526411884	-2.31843173428884
			3.04096306995476	-2.32029392845292
			3.04096306995476	-2.32215612261701
			3.04096306995476	-2.3240183167811
			3.03910087579067	-2.32588051094519
			3.03910087579067	-2.32774270510927
			3.03910087579067	-2.32960489927336
			3.03910087579067	-2.33146709343745
			3.03723868162658	-2.33332928760154
			3.03723868162658	-2.33519148176562
			3.03723868162658	-2.33705367592971
			3.03723868162658	-2.3389158700938
			3.03723868162658	-2.34077806425789
			3.03723868162658	-2.34264025842197
			3.03537648746249	-2.34450245258606
			3.03537648746249	-2.34636464675015
			3.03537648746249	-2.34822684091424
			3.03537648746249	-2.35008903507832
			3.03537648746249	-2.35195122924241
			3.03537648746249	-2.3538134234065
			3.03537648746249	-2.35567561757059
			3.03537648746249	-2.35753781173467
			3.03351429329841	-2.35940000589876
			3.03351429329841	-2.36126220006285
			3.03351429329841	-2.36312439422694
			3.03351429329841	-2.36498658839102
			3.03351429329841	-2.36684878255511
			3.03351429329841	-2.3687109767192
			3.03351429329841	-2.37057317088329
			3.03351429329841	-2.37243536504737
			3.03351429329841	-2.37429755921146
			3.03351429329841	-2.37615975337555
			3.03351429329841	-2.37802194753963
			3.03351429329841	-2.37988414170372
			3.03351429329841	-2.38174633586781
			3.03351429329841	-2.3836085300319
			3.03351429329841	-2.38547072419598
			3.03351429329841	-2.38733291836007
			3.03351429329841	-2.38919511252416
			3.03351429329841	-2.39105730668825
			3.03351429329841	-2.39291950085233
			3.03351429329841	-2.39478169501642
			3.03351429329841	-2.39664388918051
			3.03351429329841	-2.3985060833446
			3.03351429329841	-2.40036827750868
			3.03351429329841	-2.40223047167277
			3.03351429329841	-2.40409266583686
			3.03351429329841	-2.40595486000095
			3.03351429329841	-2.40781705416503
			3.03351429329841	-2.40967924832912
			3.03351429329841	-2.41154144249321
			3.03351429329841	-2.4134036366573
			3.03351429329841	-2.41526583082138
			3.03537648746249	-2.41712802498547
			3.03537648746249	-2.41899021914956
			3.03537648746249	-2.42085241331365
			3.03537648746249	-2.42271460747773
			3.03537648746249	-2.42457680164182
			3.03537648746249	-2.42643899580591
			3.03537648746249	-2.42830118997
			3.03537648746249	-2.43016338413408
			3.03723868162658	-2.43202557829817
			3.03723868162658	-2.43388777246226
			3.03723868162658	-2.43574996662634
			3.03723868162658	-2.43761216079043
			3.03723868162658	-2.43947435495452
			3.03723868162658	-2.44133654911861
			3.03723868162658	-2.44319874328269
			3.03910087579067	-2.44506093744678
			3.03910087579067	-2.44692313161087
			3.03910087579067	-2.44878532577496
			3.03910087579067	-2.45064751993904
			3.03910087579067	-2.45250971410313
			3.04096306995476	-2.45437190826722
			3.04096306995476	-2.45623410243131
			3.04096306995476	-2.45809629659539
			3.04096306995476	-2.45995849075948
			3.04096306995476	-2.46182068492357
			3.04282526411884	-2.46368287908766
			3.04282526411884	-2.46554507325174
		</curvaI_espina_dorsal>
	</curves.scaled>
	<ruler.points type=matrix rownames=TRUE colnames=FALSE nrow=2 ncol=2 as.numeric=TRUE >
		Ruler point 1	1569	576
		Ruler point 2	2106	575
	</ruler.points>
</shapes>

