<shapes type=list>
	<ruler.pixel type=vector names=FALSE length=1 as.numeric=TRUE >536.008395456638</ruler.pixel>
	<ruler.interval type=vector names=FALSE length=1 as.numeric=TRUE >1</ruler.interval>
	<scaling.units type=vector names=FALSE length=1 as.numeric=FALSE >mm</scaling.units>
	<scaling type=vector names=FALSE length=1 as.numeric=TRUE >0.00186219416408742</scaling>
	<landmarks.pixel type=matrix rownames=TRUE colnames=FALSE nrow=3 ncol=2 as.numeric=TRUE >
		punta_espina_dorsal	1585	935
		esq_izq_caparaza	1358	1066
		organo_dorsal	1573	1285
	</landmarks.pixel>
	<landmarks.scaled type=matrix rownames=TRUE colnames=FALSE nrow=3 ncol=2 as.numeric=TRUE >
		punta_espina_dorsal	2.95157775007856	-1.74115154342174
		esq_izq_caparaza	2.52885967483072	-1.98509897891719
		organo_dorsal	2.92923142010951	-2.39291950085233
	</landmarks.scaled>
	<curves.control type=list>
		<curvaD_espina_dorsal type=matrix rownames=FALSE colnames=FALSE nrow=7 ncol=2 as.numeric=TRUE >
			1585	935
			1595	970
			1591	998
			1588	1048
			1566	1134
			1524	1182
			1573	1285
		</curvaD_espina_dorsal>
		<curvaI_espina_dorsal type=matrix rownames=FALSE colnames=FALSE nrow=9 ncol=2 as.numeric=TRUE >
			1585	935
			1580	1003
			1563	1059
			1551	1104
			1531	1127
			1483	1128
			1433	1077
			1401	1063
			1358	1066
		</curvaI_espina_dorsal>
	</curves.control>
	<curves.pixel type=list>
		<curvaD_espina_dorsal type=matrix rownames=FALSE colnames=FALSE nrow=357 ncol=2 as.numeric=TRUE >
			1585	935
			1585	936
			1585	937
			1586	938
			1586	939
			1586	940
			1587	941
			1587	942
			1587	943
			1587	944
			1588	945
			1588	946
			1588	947
			1588	948
			1589	949
			1589	950
			1589	951
			1589	952
			1589	953
			1589	954
			1590	955
			1590	956
			1590	957
			1590	958
			1590	959
			1590	960
			1591	961
			1591	962
			1591	963
			1591	964
			1591	965
			1591	966
			1591	967
			1591	968
			1592	969
			1592	970
			1592	971
			1592	972
			1592	973
			1592	974
			1592	975
			1592	976
			1592	977
			1592	978
			1592	979
			1592	980
			1592	981
			1592	982
			1592	983
			1592	984
			1592	985
			1592	986
			1592	987
			1592	988
			1592	989
			1592	990
			1592	991
			1592	992
			1592	993
			1591	994
			1591	995
			1591	996
			1591	997
			1591	998
			1591	999
			1591	1000
			1591	1001
			1591	1002
			1591	1003
			1591	1004
			1591	1005
			1590	1006
			1590	1007
			1590	1008
			1590	1009
			1590	1010
			1590	1011
			1590	1012
			1590	1013
			1590	1014
			1590	1015
			1589	1016
			1589	1017
			1589	1018
			1589	1019
			1589	1020
			1589	1021
			1589	1022
			1589	1023
			1588	1024
			1588	1025
			1588	1026
			1588	1027
			1588	1028
			1588	1029
			1588	1030
			1588	1031
			1587	1032
			1587	1033
			1587	1034
			1587	1035
			1587	1036
			1587	1037
			1586	1038
			1586	1039
			1586	1040
			1586	1041
			1586	1042
			1586	1043
			1585	1044
			1585	1045
			1585	1046
			1585	1047
			1585	1048
			1585	1049
			1585	1050
			1584	1051
			1584	1052
			1584	1053
			1584	1054
			1584	1055
			1583	1056
			1583	1057
			1583	1058
			1583	1059
			1583	1060
			1583	1061
			1582	1062
			1582	1063
			1582	1064
			1582	1065
			1582	1066
			1581	1067
			1581	1068
			1581	1069
			1581	1070
			1581	1071
			1580	1072
			1580	1073
			1580	1074
			1580	1075
			1580	1076
			1579	1077
			1579	1078
			1579	1079
			1579	1080
			1578	1081
			1578	1082
			1578	1083
			1578	1084
			1578	1085
			1577	1086
			1577	1087
			1577	1088
			1577	1089
			1577	1090
			1576	1090
			1576	1091
			1576	1092
			1576	1093
			1576	1094
			1575	1095
			1575	1096
			1575	1097
			1575	1098
			1574	1099
			1574	1100
			1574	1101
			1574	1102
			1574	1103
			1573	1104
			1573	1105
			1573	1106
			1573	1107
			1572	1108
			1572	1109
			1572	1110
			1572	1111
			1571	1112
			1571	1113
			1571	1114
			1571	1115
			1571	1116
			1570	1117
			1570	1118
			1570	1119
			1570	1120
			1569	1121
			1569	1122
			1569	1123
			1569	1124
			1568	1125
			1568	1126
			1568	1127
			1567	1128
			1567	1129
			1567	1130
			1567	1131
			1566	1132
			1566	1133
			1566	1134
			1566	1135
			1565	1135
			1564	1136
			1564	1137
			1563	1137
			1563	1138
			1562	1139
			1561	1140
			1560	1141
			1560	1142
			1559	1143
			1559	1144
			1558	1145
			1557	1146
			1557	1147
			1556	1148
			1556	1149
			1555	1150
			1555	1151
			1554	1152
			1554	1153
			1553	1154
			1553	1155
			1553	1156
			1552	1157
			1552	1158
			1551	1159
			1551	1160
			1551	1161
			1550	1162
			1550	1163
			1550	1164
			1550	1165
			1549	1166
			1549	1167
			1549	1168
			1549	1169
			1549	1170
			1548	1170
			1548	1171
			1548	1172
			1548	1173
			1548	1174
			1548	1175
			1548	1176
			1547	1176
			1547	1177
			1547	1178
			1547	1179
			1547	1180
			1547	1181
			1547	1182
			1547	1183
			1547	1184
			1547	1185
			1547	1186
			1547	1187
			1547	1188
			1547	1189
			1547	1190
			1547	1191
			1547	1192
			1547	1193
			1547	1194
			1547	1195
			1547	1196
			1547	1197
			1547	1198
			1547	1199
			1547	1200
			1547	1201
			1547	1202
			1547	1203
			1547	1204
			1548	1205
			1548	1206
			1548	1207
			1548	1208
			1548	1209
			1548	1210
			1548	1211
			1548	1212
			1549	1212
			1549	1213
			1549	1214
			1549	1215
			1549	1216
			1549	1217
			1550	1218
			1550	1219
			1550	1220
			1550	1221
			1550	1222
			1551	1223
			1551	1224
			1551	1225
			1551	1226
			1551	1227
			1552	1228
			1552	1229
			1552	1230
			1552	1231
			1553	1232
			1553	1233
			1553	1234
			1554	1235
			1554	1236
			1554	1237
			1554	1238
			1555	1239
			1555	1240
			1555	1241
			1556	1242
			1556	1243
			1556	1244
			1557	1245
			1557	1246
			1557	1247
			1558	1248
			1558	1249
			1559	1250
			1559	1251
			1559	1252
			1559	1253
			1560	1254
			1560	1255
			1561	1256
			1561	1257
			1561	1258
			1562	1259
			1562	1260
			1563	1261
			1563	1262
			1563	1263
			1564	1264
			1564	1265
			1564	1266
			1565	1267
			1565	1268
			1566	1269
			1566	1270
			1567	1271
			1567	1272
			1567	1273
			1568	1274
			1568	1275
			1569	1276
			1569	1277
			1570	1278
			1570	1279
			1571	1280
			1571	1281
			1571	1282
			1572	1283
			1572	1284
			1573	1285
		</curvaD_espina_dorsal>
		<curvaI_espina_dorsal type=matrix rownames=FALSE colnames=FALSE nrow=373 ncol=2 as.numeric=TRUE >
			1585	935
			1585	936
			1585	937
			1585	938
			1585	939
			1585	940
			1585	941
			1584	942
			1584	943
			1584	944
			1584	945
			1584	946
			1584	947
			1584	948
			1584	949
			1584	950
			1584	951
			1584	952
			1583	953
			1583	954
			1583	955
			1583	956
			1583	957
			1583	958
			1583	959
			1583	960
			1583	961
			1583	962
			1582	963
			1582	964
			1582	965
			1582	966
			1582	967
			1582	968
			1582	969
			1582	970
			1581	971
			1581	972
			1581	973
			1581	974
			1581	975
			1581	976
			1581	977
			1580	978
			1580	979
			1580	980
			1580	981
			1580	982
			1580	983
			1580	984
			1579	985
			1579	986
			1579	987
			1579	988
			1579	989
			1579	990
			1579	991
			1578	992
			1578	993
			1578	994
			1578	995
			1578	996
			1578	997
			1577	997
			1577	998
			1577	999
			1577	1000
			1577	1001
			1577	1002
			1576	1003
			1576	1004
			1576	1005
			1576	1006
			1576	1007
			1576	1008
			1575	1009
			1575	1010
			1575	1011
			1575	1012
			1574	1013
			1574	1014
			1574	1015
			1574	1016
			1574	1017
			1573	1018
			1573	1019
			1573	1020
			1573	1021
			1573	1022
			1572	1023
			1572	1024
			1572	1025
			1572	1026
			1572	1027
			1571	1028
			1571	1029
			1571	1030
			1571	1031
			1570	1032
			1570	1033
			1570	1034
			1570	1035
			1569	1036
			1569	1037
			1569	1038
			1569	1039
			1568	1040
			1568	1041
			1568	1042
			1567	1043
			1567	1044
			1567	1045
			1567	1046
			1566	1047
			1566	1048
			1566	1049
			1566	1050
			1565	1051
			1565	1052
			1565	1053
			1565	1054
			1564	1054
			1564	1055
			1564	1056
			1564	1057
			1563	1058
			1563	1059
			1563	1060
			1563	1061
			1562	1061
			1562	1062
			1562	1063
			1562	1064
			1561	1065
			1561	1066
			1561	1067
			1561	1068
			1560	1068
			1560	1069
			1560	1070
			1560	1071
			1559	1072
			1559	1073
			1559	1074
			1558	1075
			1558	1076
			1558	1077
			1557	1078
			1557	1079
			1557	1080
			1556	1081
			1556	1082
			1556	1083
			1555	1084
			1555	1085
			1554	1086
			1554	1087
			1553	1088
			1553	1089
			1553	1090
			1552	1091
			1552	1092
			1551	1093
			1551	1094
			1551	1095
			1550	1095
			1550	1096
			1550	1097
			1549	1097
			1549	1098
			1549	1099
			1548	1100
			1548	1101
			1547	1102
			1547	1103
			1546	1104
			1546	1105
			1545	1106
			1545	1107
			1544	1108
			1544	1109
			1543	1110
			1543	1111
			1542	1112
			1541	1113
			1540	1114
			1540	1115
			1539	1116
			1538	1117
			1538	1118
			1537	1119
			1536	1120
			1536	1121
			1535	1122
			1534	1123
			1534	1124
			1533	1124
			1532	1125
			1532	1126
			1531	1127
			1530	1127
			1529	1127
			1528	1127
			1527	1127
			1526	1127
			1525	1127
			1524	1127
			1523	1127
			1522	1127
			1521	1127
			1520	1127
			1519	1126
			1518	1126
			1517	1126
			1516	1126
			1515	1126
			1514	1126
			1513	1126
			1512	1125
			1511	1125
			1510	1125
			1509	1125
			1508	1124
			1507	1124
			1506	1124
			1505	1124
			1504	1123
			1503	1123
			1502	1123
			1501	1123
			1500	1122
			1499	1122
			1498	1122
			1497	1121
			1496	1121
			1495	1121
			1494	1120
			1493	1120
			1492	1119
			1491	1119
			1490	1118
			1489	1118
			1488	1118
			1487	1117
			1486	1117
			1485	1116
			1484	1116
			1483	1115
			1482	1115
			1481	1114
			1480	1114
			1479	1113
			1478	1113
			1477	1112
			1476	1112
			1475	1111
			1474	1110
			1473	1110
			1472	1109
			1471	1108
			1470	1108
			1469	1107
			1468	1106
			1467	1106
			1466	1105
			1465	1104
			1464	1104
			1463	1103
			1462	1102
			1461	1101
			1460	1101
			1459	1100
			1458	1099
			1457	1098
			1456	1098
			1455	1097
			1454	1096
			1453	1095
			1452	1095
			1451	1094
			1450	1093
			1449	1092
			1448	1091
			1447	1090
			1446	1090
			1445	1089
			1444	1088
			1443	1087
			1442	1086
			1441	1085
			1440	1084
			1439	1083
			1438	1082
			1437	1081
			1436	1080
			1435	1079
			1434	1078
			1433	1077
			1432	1077
			1431	1076
			1430	1076
			1429	1075
			1428	1075
			1427	1075
			1426	1074
			1425	1074
			1424	1073
			1423	1073
			1422	1073
			1421	1073
			1420	1072
			1419	1072
			1418	1072
			1417	1071
			1416	1071
			1415	1071
			1414	1071
			1413	1070
			1412	1070
			1411	1070
			1410	1070
			1409	1069
			1408	1069
			1407	1069
			1406	1069
			1405	1068
			1404	1068
			1403	1068
			1402	1068
			1401	1068
			1400	1068
			1399	1067
			1398	1067
			1397	1067
			1396	1067
			1395	1067
			1394	1067
			1393	1067
			1392	1066
			1391	1066
			1390	1066
			1389	1066
			1388	1066
			1387	1066
			1386	1066
			1385	1066
			1384	1066
			1383	1066
			1382	1066
			1381	1066
			1380	1066
			1379	1066
			1378	1066
			1377	1066
			1376	1065
			1375	1065
			1374	1065
			1373	1065
			1372	1065
			1371	1065
			1370	1065
			1369	1066
			1368	1066
			1367	1066
			1366	1066
			1365	1066
			1364	1066
			1363	1066
			1362	1066
			1361	1066
			1360	1066
			1359	1066
			1358	1066
		</curvaI_espina_dorsal>
	</curves.pixel>
	<curves.scaled type=list>
		<curvaD_espina_dorsal type=matrix rownames=FALSE colnames=FALSE nrow=357 ncol=2 as.numeric=TRUE >
			2.95157775007856	-1.74115154342174
			2.95157775007856	-1.74301373758582
			2.95157775007856	-1.74487593174991
			2.95343994424265	-1.746738125914
			2.95343994424265	-1.74860032007809
			2.95343994424265	-1.75046251424217
			2.95530213840674	-1.75232470840626
			2.95530213840674	-1.75418690257035
			2.95530213840674	-1.75604909673444
			2.95530213840674	-1.75791129089852
			2.95716433257082	-1.75977348506261
			2.95716433257082	-1.7616356792267
			2.95716433257082	-1.76349787339079
			2.95716433257082	-1.76536006755487
			2.95902652673491	-1.76722226171896
			2.95902652673491	-1.76908445588305
			2.95902652673491	-1.77094665004714
			2.95902652673491	-1.77280884421122
			2.95902652673491	-1.77467103837531
			2.95902652673491	-1.7765332325394
			2.960888720899	-1.77839542670349
			2.960888720899	-1.78025762086757
			2.960888720899	-1.78211981503166
			2.960888720899	-1.78398200919575
			2.960888720899	-1.78584420335984
			2.960888720899	-1.78770639752392
			2.96275091506308	-1.78956859168801
			2.96275091506308	-1.7914307858521
			2.96275091506308	-1.79329298001618
			2.96275091506308	-1.79515517418027
			2.96275091506308	-1.79701736834436
			2.96275091506308	-1.79887956250845
			2.96275091506308	-1.80074175667253
			2.96275091506308	-1.80260395083662
			2.96461310922717	-1.80446614500071
			2.96461310922717	-1.8063283391648
			2.96461310922717	-1.80819053332888
			2.96461310922717	-1.81005272749297
			2.96461310922717	-1.81191492165706
			2.96461310922717	-1.81377711582115
			2.96461310922717	-1.81563930998523
			2.96461310922717	-1.81750150414932
			2.96461310922717	-1.81936369831341
			2.96461310922717	-1.8212258924775
			2.96461310922717	-1.82308808664158
			2.96461310922717	-1.82495028080567
			2.96461310922717	-1.82681247496976
			2.96461310922717	-1.82867466913385
			2.96461310922717	-1.83053686329793
			2.96461310922717	-1.83239905746202
			2.96461310922717	-1.83426125162611
			2.96461310922717	-1.8361234457902
			2.96461310922717	-1.83798563995428
			2.96461310922717	-1.83984783411837
			2.96461310922717	-1.84171002828246
			2.96461310922717	-1.84357222244655
			2.96461310922717	-1.84543441661063
			2.96461310922717	-1.84729661077472
			2.96461310922717	-1.84915880493881
			2.96275091506308	-1.8510209991029
			2.96275091506308	-1.85288319326698
			2.96275091506308	-1.85474538743107
			2.96275091506308	-1.85660758159516
			2.96275091506308	-1.85846977575924
			2.96275091506308	-1.86033196992333
			2.96275091506308	-1.86219416408742
			2.96275091506308	-1.86405635825151
			2.96275091506308	-1.86591855241559
			2.96275091506308	-1.86778074657968
			2.96275091506308	-1.86964294074377
			2.96275091506308	-1.87150513490786
			2.960888720899	-1.87336732907194
			2.960888720899	-1.87522952323603
			2.960888720899	-1.87709171740012
			2.960888720899	-1.87895391156421
			2.960888720899	-1.88081610572829
			2.960888720899	-1.88267829989238
			2.960888720899	-1.88454049405647
			2.960888720899	-1.88640268822056
			2.960888720899	-1.88826488238464
			2.960888720899	-1.89012707654873
			2.95902652673491	-1.89198927071282
			2.95902652673491	-1.89385146487691
			2.95902652673491	-1.89571365904099
			2.95902652673491	-1.89757585320508
			2.95902652673491	-1.89943804736917
			2.95902652673491	-1.90130024153326
			2.95902652673491	-1.90316243569734
			2.95902652673491	-1.90502462986143
			2.95716433257082	-1.90688682402552
			2.95716433257082	-1.90874901818961
			2.95716433257082	-1.91061121235369
			2.95716433257082	-1.91247340651778
			2.95716433257082	-1.91433560068187
			2.95716433257082	-1.91619779484595
			2.95716433257082	-1.91805998901004
			2.95716433257082	-1.91992218317413
			2.95530213840674	-1.92178437733822
			2.95530213840674	-1.9236465715023
			2.95530213840674	-1.92550876566639
			2.95530213840674	-1.92737095983048
			2.95530213840674	-1.92923315399457
			2.95530213840674	-1.93109534815865
			2.95343994424265	-1.93295754232274
			2.95343994424265	-1.93481973648683
			2.95343994424265	-1.93668193065092
			2.95343994424265	-1.938544124815
			2.95343994424265	-1.94040631897909
			2.95343994424265	-1.94226851314318
			2.95157775007856	-1.94413070730727
			2.95157775007856	-1.94599290147135
			2.95157775007856	-1.94785509563544
			2.95157775007856	-1.94971728979953
			2.95157775007856	-1.95157948396362
			2.95157775007856	-1.9534416781277
			2.95157775007856	-1.95530387229179
			2.94971555591447	-1.95716606645588
			2.94971555591447	-1.95902826061997
			2.94971555591447	-1.96089045478405
			2.94971555591447	-1.96275264894814
			2.94971555591447	-1.96461484311223
			2.94785336175039	-1.96647703727632
			2.94785336175039	-1.9683392314404
			2.94785336175039	-1.97020142560449
			2.94785336175039	-1.97206361976858
			2.94785336175039	-1.97392581393266
			2.94785336175039	-1.97578800809675
			2.9459911675863	-1.97765020226084
			2.9459911675863	-1.97951239642493
			2.9459911675863	-1.98137459058901
			2.9459911675863	-1.9832367847531
			2.9459911675863	-1.98509897891719
			2.94412897342221	-1.98696117308128
			2.94412897342221	-1.98882336724536
			2.94412897342221	-1.99068556140945
			2.94412897342221	-1.99254775557354
			2.94412897342221	-1.99440994973763
			2.94226677925812	-1.99627214390171
			2.94226677925812	-1.9981343380658
			2.94226677925812	-1.99999653222989
			2.94226677925812	-2.00185872639398
			2.94226677925812	-2.00372092055806
			2.94040458509404	-2.00558311472215
			2.94040458509404	-2.00744530888624
			2.94040458509404	-2.00930750305033
			2.94040458509404	-2.01116969721441
			2.93854239092995	-2.0130318913785
			2.93854239092995	-2.01489408554259
			2.93854239092995	-2.01675627970668
			2.93854239092995	-2.01861847387076
			2.93854239092995	-2.02048066803485
			2.93668019676586	-2.02234286219894
			2.93668019676586	-2.02420505636303
			2.93668019676586	-2.02606725052711
			2.93668019676586	-2.0279294446912
			2.93668019676586	-2.02979163885529
			2.93481800260177	-2.02979163885529
			2.93481800260177	-2.03165383301937
			2.93481800260177	-2.03351602718346
			2.93481800260177	-2.03537822134755
			2.93481800260177	-2.03724041551164
			2.93295580843769	-2.03910260967572
			2.93295580843769	-2.04096480383981
			2.93295580843769	-2.0428269980039
			2.93295580843769	-2.04468919216799
			2.9310936142736	-2.04655138633207
			2.9310936142736	-2.04841358049616
			2.9310936142736	-2.05027577466025
			2.9310936142736	-2.05213796882434
			2.9310936142736	-2.05400016298842
			2.92923142010951	-2.05586235715251
			2.92923142010951	-2.0577245513166
			2.92923142010951	-2.05958674548069
			2.92923142010951	-2.06144893964477
			2.92736922594542	-2.06331113380886
			2.92736922594542	-2.06517332797295
			2.92736922594542	-2.06703552213704
			2.92736922594542	-2.06889771630112
			2.92550703178134	-2.07075991046521
			2.92550703178134	-2.0726221046293
			2.92550703178134	-2.07448429879339
			2.92550703178134	-2.07634649295747
			2.92550703178134	-2.07820868712156
			2.92364483761725	-2.08007088128565
			2.92364483761725	-2.08193307544974
			2.92364483761725	-2.08379526961382
			2.92364483761725	-2.08565746377791
			2.92178264345316	-2.087519657942
			2.92178264345316	-2.08938185210608
			2.92178264345316	-2.09124404627017
			2.92178264345316	-2.09310624043426
			2.91992044928907	-2.09496843459835
			2.91992044928907	-2.09683062876243
			2.91992044928907	-2.09869282292652
			2.91805825512499	-2.10055501709061
			2.91805825512499	-2.1024172112547
			2.91805825512499	-2.10427940541878
			2.91805825512499	-2.10614159958287
			2.9161960609609	-2.10800379374696
			2.9161960609609	-2.10986598791105
			2.9161960609609	-2.11172818207513
			2.9161960609609	-2.11359037623922
			2.91433386679681	-2.11359037623922
			2.91247167263272	-2.11545257040331
			2.91247167263272	-2.1173147645674
			2.91060947846864	-2.1173147645674
			2.91060947846864	-2.11917695873148
			2.90874728430455	-2.12103915289557
			2.90688509014046	-2.12290134705966
			2.90502289597637	-2.12476354122375
			2.90502289597637	-2.12662573538783
			2.90316070181229	-2.12848792955192
			2.90316070181229	-2.13035012371601
			2.9012985076482	-2.1322123178801
			2.89943631348411	-2.13407451204418
			2.89943631348411	-2.13593670620827
			2.89757411932003	-2.13779890037236
			2.89757411932003	-2.13966109453645
			2.89571192515594	-2.14152328870053
			2.89571192515594	-2.14338548286462
			2.89384973099185	-2.14524767702871
			2.89384973099185	-2.14710987119279
			2.89198753682776	-2.14897206535688
			2.89198753682776	-2.15083425952097
			2.89198753682776	-2.15269645368506
			2.89012534266368	-2.15455864784914
			2.89012534266368	-2.15642084201323
			2.88826314849959	-2.15828303617732
			2.88826314849959	-2.16014523034141
			2.88826314849959	-2.16200742450549
			2.8864009543355	-2.16386961866958
			2.8864009543355	-2.16573181283367
			2.8864009543355	-2.16759400699776
			2.8864009543355	-2.16945620116184
			2.88453876017141	-2.17131839532593
			2.88453876017141	-2.17318058949002
			2.88453876017141	-2.17504278365411
			2.88453876017141	-2.17690497781819
			2.88453876017141	-2.17876717198228
			2.88267656600733	-2.17876717198228
			2.88267656600733	-2.18062936614637
			2.88267656600733	-2.18249156031046
			2.88267656600733	-2.18435375447454
			2.88267656600733	-2.18621594863863
			2.88267656600733	-2.18807814280272
			2.88267656600733	-2.18994033696681
			2.88081437184324	-2.18994033696681
			2.88081437184324	-2.19180253113089
			2.88081437184324	-2.19366472529498
			2.88081437184324	-2.19552691945907
			2.88081437184324	-2.19738911362316
			2.88081437184324	-2.19925130778724
			2.88081437184324	-2.20111350195133
			2.88081437184324	-2.20297569611542
			2.88081437184324	-2.2048378902795
			2.88081437184324	-2.20670008444359
			2.88081437184324	-2.20856227860768
			2.88081437184324	-2.21042447277177
			2.88081437184324	-2.21228666693585
			2.88081437184324	-2.21414886109994
			2.88081437184324	-2.21601105526403
			2.88081437184324	-2.21787324942812
			2.88081437184324	-2.2197354435922
			2.88081437184324	-2.22159763775629
			2.88081437184324	-2.22345983192038
			2.88081437184324	-2.22532202608447
			2.88081437184324	-2.22718422024855
			2.88081437184324	-2.22904641441264
			2.88081437184324	-2.23090860857673
			2.88081437184324	-2.23277080274082
			2.88081437184324	-2.2346329969049
			2.88081437184324	-2.23649519106899
			2.88081437184324	-2.23835738523308
			2.88081437184324	-2.24021957939717
			2.88081437184324	-2.24208177356125
			2.88267656600733	-2.24394396772534
			2.88267656600733	-2.24580616188943
			2.88267656600733	-2.24766835605352
			2.88267656600733	-2.2495305502176
			2.88267656600733	-2.25139274438169
			2.88267656600733	-2.25325493854578
			2.88267656600733	-2.25511713270987
			2.88267656600733	-2.25697932687395
			2.88453876017141	-2.25697932687395
			2.88453876017141	-2.25884152103804
			2.88453876017141	-2.26070371520213
			2.88453876017141	-2.26256590936621
			2.88453876017141	-2.2644281035303
			2.88453876017141	-2.26629029769439
			2.8864009543355	-2.26815249185848
			2.8864009543355	-2.27001468602256
			2.8864009543355	-2.27187688018665
			2.8864009543355	-2.27373907435074
			2.8864009543355	-2.27560126851483
			2.88826314849959	-2.27746346267891
			2.88826314849959	-2.279325656843
			2.88826314849959	-2.28118785100709
			2.88826314849959	-2.28305004517118
			2.88826314849959	-2.28491223933526
			2.89012534266368	-2.28677443349935
			2.89012534266368	-2.28863662766344
			2.89012534266368	-2.29049882182753
			2.89012534266368	-2.29236101599161
			2.89198753682776	-2.2942232101557
			2.89198753682776	-2.29608540431979
			2.89198753682776	-2.29794759848388
			2.89384973099185	-2.29980979264796
			2.89384973099185	-2.30167198681205
			2.89384973099185	-2.30353418097614
			2.89384973099185	-2.30539637514023
			2.89571192515594	-2.30725856930431
			2.89571192515594	-2.3091207634684
			2.89571192515594	-2.31098295763249
			2.89757411932003	-2.31284515179658
			2.89757411932003	-2.31470734596066
			2.89757411932003	-2.31656954012475
			2.89943631348411	-2.31843173428884
			2.89943631348411	-2.32029392845292
			2.89943631348411	-2.32215612261701
			2.9012985076482	-2.3240183167811
			2.9012985076482	-2.32588051094519
			2.90316070181229	-2.32774270510927
			2.90316070181229	-2.32960489927336
			2.90316070181229	-2.33146709343745
			2.90316070181229	-2.33332928760154
			2.90502289597637	-2.33519148176562
			2.90502289597637	-2.33705367592971
			2.90688509014046	-2.3389158700938
			2.90688509014046	-2.34077806425789
			2.90688509014046	-2.34264025842197
			2.90874728430455	-2.34450245258606
			2.90874728430455	-2.34636464675015
			2.91060947846864	-2.34822684091424
			2.91060947846864	-2.35008903507832
			2.91060947846864	-2.35195122924241
			2.91247167263272	-2.3538134234065
			2.91247167263272	-2.35567561757059
			2.91247167263272	-2.35753781173467
			2.91433386679681	-2.35940000589876
			2.91433386679681	-2.36126220006285
			2.9161960609609	-2.36312439422694
			2.9161960609609	-2.36498658839102
			2.91805825512499	-2.36684878255511
			2.91805825512499	-2.3687109767192
			2.91805825512499	-2.37057317088329
			2.91992044928907	-2.37243536504737
			2.91992044928907	-2.37429755921146
			2.92178264345316	-2.37615975337555
			2.92178264345316	-2.37802194753963
			2.92364483761725	-2.37988414170372
			2.92364483761725	-2.38174633586781
			2.92550703178134	-2.3836085300319
			2.92550703178134	-2.38547072419598
			2.92550703178134	-2.38733291836007
			2.92736922594542	-2.38919511252416
			2.92736922594542	-2.39105730668825
			2.92923142010951	-2.39291950085233
		</curvaD_espina_dorsal>
		<curvaI_espina_dorsal type=matrix rownames=FALSE colnames=FALSE nrow=373 ncol=2 as.numeric=TRUE >
			2.95157775007856	-1.74115154342174
			2.95157775007856	-1.74301373758582
			2.95157775007856	-1.74487593174991
			2.95157775007856	-1.746738125914
			2.95157775007856	-1.74860032007809
			2.95157775007856	-1.75046251424217
			2.95157775007856	-1.75232470840626
			2.94971555591447	-1.75418690257035
			2.94971555591447	-1.75604909673444
			2.94971555591447	-1.75791129089852
			2.94971555591447	-1.75977348506261
			2.94971555591447	-1.7616356792267
			2.94971555591447	-1.76349787339079
			2.94971555591447	-1.76536006755487
			2.94971555591447	-1.76722226171896
			2.94971555591447	-1.76908445588305
			2.94971555591447	-1.77094665004714
			2.94971555591447	-1.77280884421122
			2.94785336175039	-1.77467103837531
			2.94785336175039	-1.7765332325394
			2.94785336175039	-1.77839542670349
			2.94785336175039	-1.78025762086757
			2.94785336175039	-1.78211981503166
			2.94785336175039	-1.78398200919575
			2.94785336175039	-1.78584420335984
			2.94785336175039	-1.78770639752392
			2.94785336175039	-1.78956859168801
			2.94785336175039	-1.7914307858521
			2.9459911675863	-1.79329298001618
			2.9459911675863	-1.79515517418027
			2.9459911675863	-1.79701736834436
			2.9459911675863	-1.79887956250845
			2.9459911675863	-1.80074175667253
			2.9459911675863	-1.80260395083662
			2.9459911675863	-1.80446614500071
			2.9459911675863	-1.8063283391648
			2.94412897342221	-1.80819053332888
			2.94412897342221	-1.81005272749297
			2.94412897342221	-1.81191492165706
			2.94412897342221	-1.81377711582115
			2.94412897342221	-1.81563930998523
			2.94412897342221	-1.81750150414932
			2.94412897342221	-1.81936369831341
			2.94226677925812	-1.8212258924775
			2.94226677925812	-1.82308808664158
			2.94226677925812	-1.82495028080567
			2.94226677925812	-1.82681247496976
			2.94226677925812	-1.82867466913385
			2.94226677925812	-1.83053686329793
			2.94226677925812	-1.83239905746202
			2.94040458509404	-1.83426125162611
			2.94040458509404	-1.8361234457902
			2.94040458509404	-1.83798563995428
			2.94040458509404	-1.83984783411837
			2.94040458509404	-1.84171002828246
			2.94040458509404	-1.84357222244655
			2.94040458509404	-1.84543441661063
			2.93854239092995	-1.84729661077472
			2.93854239092995	-1.84915880493881
			2.93854239092995	-1.8510209991029
			2.93854239092995	-1.85288319326698
			2.93854239092995	-1.85474538743107
			2.93854239092995	-1.85660758159516
			2.93668019676586	-1.85660758159516
			2.93668019676586	-1.85846977575924
			2.93668019676586	-1.86033196992333
			2.93668019676586	-1.86219416408742
			2.93668019676586	-1.86405635825151
			2.93668019676586	-1.86591855241559
			2.93481800260177	-1.86778074657968
			2.93481800260177	-1.86964294074377
			2.93481800260177	-1.87150513490786
			2.93481800260177	-1.87336732907194
			2.93481800260177	-1.87522952323603
			2.93481800260177	-1.87709171740012
			2.93295580843769	-1.87895391156421
			2.93295580843769	-1.88081610572829
			2.93295580843769	-1.88267829989238
			2.93295580843769	-1.88454049405647
			2.9310936142736	-1.88640268822056
			2.9310936142736	-1.88826488238464
			2.9310936142736	-1.89012707654873
			2.9310936142736	-1.89198927071282
			2.9310936142736	-1.89385146487691
			2.92923142010951	-1.89571365904099
			2.92923142010951	-1.89757585320508
			2.92923142010951	-1.89943804736917
			2.92923142010951	-1.90130024153326
			2.92923142010951	-1.90316243569734
			2.92736922594542	-1.90502462986143
			2.92736922594542	-1.90688682402552
			2.92736922594542	-1.90874901818961
			2.92736922594542	-1.91061121235369
			2.92736922594542	-1.91247340651778
			2.92550703178134	-1.91433560068187
			2.92550703178134	-1.91619779484595
			2.92550703178134	-1.91805998901004
			2.92550703178134	-1.91992218317413
			2.92364483761725	-1.92178437733822
			2.92364483761725	-1.9236465715023
			2.92364483761725	-1.92550876566639
			2.92364483761725	-1.92737095983048
			2.92178264345316	-1.92923315399457
			2.92178264345316	-1.93109534815865
			2.92178264345316	-1.93295754232274
			2.92178264345316	-1.93481973648683
			2.91992044928907	-1.93668193065092
			2.91992044928907	-1.938544124815
			2.91992044928907	-1.94040631897909
			2.91805825512499	-1.94226851314318
			2.91805825512499	-1.94413070730727
			2.91805825512499	-1.94599290147135
			2.91805825512499	-1.94785509563544
			2.9161960609609	-1.94971728979953
			2.9161960609609	-1.95157948396362
			2.9161960609609	-1.9534416781277
			2.9161960609609	-1.95530387229179
			2.91433386679681	-1.95716606645588
			2.91433386679681	-1.95902826061997
			2.91433386679681	-1.96089045478405
			2.91433386679681	-1.96275264894814
			2.91247167263272	-1.96275264894814
			2.91247167263272	-1.96461484311223
			2.91247167263272	-1.96647703727632
			2.91247167263272	-1.9683392314404
			2.91060947846864	-1.97020142560449
			2.91060947846864	-1.97206361976858
			2.91060947846864	-1.97392581393266
			2.91060947846864	-1.97578800809675
			2.90874728430455	-1.97578800809675
			2.90874728430455	-1.97765020226084
			2.90874728430455	-1.97951239642493
			2.90874728430455	-1.98137459058901
			2.90688509014046	-1.9832367847531
			2.90688509014046	-1.98509897891719
			2.90688509014046	-1.98696117308128
			2.90688509014046	-1.98882336724536
			2.90502289597637	-1.98882336724536
			2.90502289597637	-1.99068556140945
			2.90502289597637	-1.99254775557354
			2.90502289597637	-1.99440994973763
			2.90316070181229	-1.99627214390171
			2.90316070181229	-1.9981343380658
			2.90316070181229	-1.99999653222989
			2.9012985076482	-2.00185872639398
			2.9012985076482	-2.00372092055806
			2.9012985076482	-2.00558311472215
			2.89943631348411	-2.00744530888624
			2.89943631348411	-2.00930750305033
			2.89943631348411	-2.01116969721441
			2.89757411932003	-2.0130318913785
			2.89757411932003	-2.01489408554259
			2.89757411932003	-2.01675627970668
			2.89571192515594	-2.01861847387076
			2.89571192515594	-2.02048066803485
			2.89384973099185	-2.02234286219894
			2.89384973099185	-2.02420505636303
			2.89198753682776	-2.02606725052711
			2.89198753682776	-2.0279294446912
			2.89198753682776	-2.02979163885529
			2.89012534266368	-2.03165383301937
			2.89012534266368	-2.03351602718346
			2.88826314849959	-2.03537822134755
			2.88826314849959	-2.03724041551164
			2.88826314849959	-2.03910260967572
			2.8864009543355	-2.03910260967572
			2.8864009543355	-2.04096480383981
			2.8864009543355	-2.0428269980039
			2.88453876017141	-2.0428269980039
			2.88453876017141	-2.04468919216799
			2.88453876017141	-2.04655138633207
			2.88267656600733	-2.04841358049616
			2.88267656600733	-2.05027577466025
			2.88081437184324	-2.05213796882434
			2.88081437184324	-2.05400016298842
			2.87895217767915	-2.05586235715251
			2.87895217767915	-2.0577245513166
			2.87708998351506	-2.05958674548069
			2.87708998351506	-2.06144893964477
			2.87522778935098	-2.06331113380886
			2.87522778935098	-2.06517332797295
			2.87336559518689	-2.06703552213704
			2.87336559518689	-2.06889771630112
			2.8715034010228	-2.07075991046521
			2.86964120685871	-2.0726221046293
			2.86777901269463	-2.07448429879339
			2.86777901269463	-2.07634649295747
			2.86591681853054	-2.07820868712156
			2.86405462436645	-2.08007088128565
			2.86405462436645	-2.08193307544974
			2.86219243020236	-2.08379526961382
			2.86033023603828	-2.08565746377791
			2.86033023603828	-2.087519657942
			2.85846804187419	-2.08938185210608
			2.8566058477101	-2.09124404627017
			2.8566058477101	-2.09310624043426
			2.85474365354601	-2.09310624043426
			2.85288145938193	-2.09496843459835
			2.85288145938193	-2.09683062876243
			2.85101926521784	-2.09869282292652
			2.84915707105375	-2.09869282292652
			2.84729487688966	-2.09869282292652
			2.84543268272558	-2.09869282292652
			2.84357048856149	-2.09869282292652
			2.8417082943974	-2.09869282292652
			2.83984610023332	-2.09869282292652
			2.83798390606923	-2.09869282292652
			2.83612171190514	-2.09869282292652
			2.83425951774105	-2.09869282292652
			2.83239732357697	-2.09869282292652
			2.83053512941288	-2.09869282292652
			2.82867293524879	-2.09683062876243
			2.8268107410847	-2.09683062876243
			2.82494854692062	-2.09683062876243
			2.82308635275653	-2.09683062876243
			2.82122415859244	-2.09683062876243
			2.81936196442835	-2.09683062876243
			2.81749977026427	-2.09683062876243
			2.81563757610018	-2.09496843459835
			2.81377538193609	-2.09496843459835
			2.811913187772	-2.09496843459835
			2.81005099360792	-2.09496843459835
			2.80818879944383	-2.09310624043426
			2.80632660527974	-2.09310624043426
			2.80446441111565	-2.09310624043426
			2.80260221695157	-2.09310624043426
			2.80074002278748	-2.09124404627017
			2.79887782862339	-2.09124404627017
			2.7970156344593	-2.09124404627017
			2.79515344029522	-2.09124404627017
			2.79329124613113	-2.08938185210608
			2.79142905196704	-2.08938185210608
			2.78956685780295	-2.08938185210608
			2.78770466363887	-2.087519657942
			2.78584246947478	-2.087519657942
			2.78398027531069	-2.087519657942
			2.78211808114661	-2.08565746377791
			2.78025588698252	-2.08565746377791
			2.77839369281843	-2.08379526961382
			2.77653149865434	-2.08379526961382
			2.77466930449026	-2.08193307544974
			2.77280711032617	-2.08193307544974
			2.77094491616208	-2.08193307544974
			2.76908272199799	-2.08007088128565
			2.76722052783391	-2.08007088128565
			2.76535833366982	-2.07820868712156
			2.76349613950573	-2.07820868712156
			2.76163394534164	-2.07634649295747
			2.75977175117756	-2.07634649295747
			2.75790955701347	-2.07448429879339
			2.75604736284938	-2.07448429879339
			2.75418516868529	-2.0726221046293
			2.75232297452121	-2.0726221046293
			2.75046078035712	-2.07075991046521
			2.74859858619303	-2.07075991046521
			2.74673639202894	-2.06889771630112
			2.74487419786486	-2.06703552213704
			2.74301200370077	-2.06703552213704
			2.74114980953668	-2.06517332797295
			2.73928761537259	-2.06331113380886
			2.73742542120851	-2.06331113380886
			2.73556322704442	-2.06144893964477
			2.73370103288033	-2.05958674548069
			2.73183883871624	-2.05958674548069
			2.72997664455216	-2.0577245513166
			2.72811445038807	-2.05586235715251
			2.72625225622398	-2.05586235715251
			2.7243900620599	-2.05400016298842
			2.72252786789581	-2.05213796882434
			2.72066567373172	-2.05027577466025
			2.71880347956763	-2.05027577466025
			2.71694128540355	-2.04841358049616
			2.71507909123946	-2.04655138633207
			2.71321689707537	-2.04468919216799
			2.71135470291128	-2.04468919216799
			2.7094925087472	-2.0428269980039
			2.70763031458311	-2.04096480383981
			2.70576812041902	-2.03910260967572
			2.70390592625493	-2.03910260967572
			2.70204373209085	-2.03724041551164
			2.70018153792676	-2.03537822134755
			2.69831934376267	-2.03351602718346
			2.69645714959858	-2.03165383301937
			2.6945949554345	-2.02979163885529
			2.69273276127041	-2.02979163885529
			2.69087056710632	-2.0279294446912
			2.68900837294223	-2.02606725052711
			2.68714617877815	-2.02420505636303
			2.68528398461406	-2.02234286219894
			2.68342179044997	-2.02048066803485
			2.68155959628588	-2.01861847387076
			2.6796974021218	-2.01675627970668
			2.67783520795771	-2.01489408554259
			2.67597301379362	-2.0130318913785
			2.67411081962953	-2.01116969721441
			2.67224862546545	-2.00930750305033
			2.67038643130136	-2.00744530888624
			2.66852423713727	-2.00558311472215
			2.66666204297319	-2.00558311472215
			2.6647998488091	-2.00372092055806
			2.66293765464501	-2.00372092055806
			2.66107546048092	-2.00185872639398
			2.65921326631684	-2.00185872639398
			2.65735107215275	-2.00185872639398
			2.65548887798866	-1.99999653222989
			2.65362668382457	-1.99999653222989
			2.65176448966049	-1.9981343380658
			2.6499022954964	-1.9981343380658
			2.64804010133231	-1.9981343380658
			2.64617790716822	-1.9981343380658
			2.64431571300414	-1.99627214390171
			2.64245351884005	-1.99627214390171
			2.64059132467596	-1.99627214390171
			2.63872913051187	-1.99440994973763
			2.63686693634779	-1.99440994973763
			2.6350047421837	-1.99440994973763
			2.63314254801961	-1.99440994973763
			2.63128035385552	-1.99254775557354
			2.62941815969144	-1.99254775557354
			2.62755596552735	-1.99254775557354
			2.62569377136326	-1.99254775557354
			2.62383157719917	-1.99068556140945
			2.62196938303509	-1.99068556140945
			2.620107188871	-1.99068556140945
			2.61824499470691	-1.99068556140945
			2.61638280054282	-1.98882336724536
			2.61452060637874	-1.98882336724536
			2.61265841221465	-1.98882336724536
			2.61079621805056	-1.98882336724536
			2.60893402388647	-1.98882336724536
			2.60707182972239	-1.98882336724536
			2.6052096355583	-1.98696117308128
			2.60334744139421	-1.98696117308128
			2.60148524723013	-1.98696117308128
			2.59962305306604	-1.98696117308128
			2.59776085890195	-1.98696117308128
			2.59589866473786	-1.98696117308128
			2.59403647057378	-1.98696117308128
			2.59217427640969	-1.98509897891719
			2.5903120822456	-1.98509897891719
			2.58844988808151	-1.98509897891719
			2.58658769391743	-1.98509897891719
			2.58472549975334	-1.98509897891719
			2.58286330558925	-1.98509897891719
			2.58100111142516	-1.98509897891719
			2.57913891726108	-1.98509897891719
			2.57727672309699	-1.98509897891719
			2.5754145289329	-1.98509897891719
			2.57355233476881	-1.98509897891719
			2.57169014060473	-1.98509897891719
			2.56982794644064	-1.98509897891719
			2.56796575227655	-1.98509897891719
			2.56610355811246	-1.98509897891719
			2.56424136394838	-1.98509897891719
			2.56237916978429	-1.9832367847531
			2.5605169756202	-1.9832367847531
			2.55865478145611	-1.9832367847531
			2.55679258729203	-1.9832367847531
			2.55493039312794	-1.9832367847531
			2.55306819896385	-1.9832367847531
			2.55120600479976	-1.9832367847531
			2.54934381063568	-1.98509897891719
			2.54748161647159	-1.98509897891719
			2.5456194223075	-1.98509897891719
			2.54375722814342	-1.98509897891719
			2.54189503397933	-1.98509897891719
			2.54003283981524	-1.98509897891719
			2.53817064565115	-1.98509897891719
			2.53630845148707	-1.98509897891719
			2.53444625732298	-1.98509897891719
			2.53258406315889	-1.98509897891719
			2.5307218689948	-1.98509897891719
			2.52885967483072	-1.98509897891719
		</curvaI_espina_dorsal>
	</curves.scaled>
	<ruler.points type=matrix rownames=TRUE colnames=FALSE nrow=2 ncol=2 as.numeric=TRUE >
		Ruler point 1	1569	576
		Ruler point 2	2106	575
	</ruler.points>
</shapes>

