<shapes type=list>
	<ruler.pixel type=vector names=FALSE length=1 as.numeric=TRUE >536.008395456638</ruler.pixel>
	<ruler.interval type=vector names=FALSE length=1 as.numeric=TRUE >1</ruler.interval>
	<scaling.units type=vector names=FALSE length=1 as.numeric=FALSE >mm</scaling.units>
	<scaling type=vector names=FALSE length=1 as.numeric=TRUE >0.00186219416408742</scaling>
	<landmarks.pixel type=matrix rownames=TRUE colnames=FALSE nrow=3 ncol=2 as.numeric=TRUE >
		punta_espina_dorsal	1448	971
		esq_izq_caparaza	1380	1231
		organo_dorsal	1697	1221
	</landmarks.pixel>
	<landmarks.scaled type=matrix rownames=TRUE colnames=FALSE nrow=3 ncol=2 as.numeric=TRUE >
		punta_espina_dorsal	2.69645714959858	-1.80819053332888
		esq_izq_caparaza	2.56982794644064	-2.29236101599161
		organo_dorsal	3.16014349645635	-2.27373907435074
	</landmarks.scaled>
	<curves.control type=list>
		<curvaD_espina_dorsal type=matrix rownames=FALSE colnames=FALSE nrow=7 ncol=2 as.numeric=TRUE >
			1448	971
			1464	980
			1478	990
			1519	1029
			1579	1125
			1584	1185
			1697	1221
		</curvaD_espina_dorsal>
		<curvaI_espina_dorsal type=matrix rownames=FALSE colnames=FALSE nrow=9 ncol=2 as.numeric=TRUE >
			1448	971
			1488	1014
			1501	1035
			1541	1103
			1544	1121
			1559	1176
			1445	1173
			1403	1199
			1380	1231
		</curvaI_espina_dorsal>
	</curves.control>
	<curves.pixel type=list>
		<curvaD_espina_dorsal type=matrix rownames=FALSE colnames=FALSE nrow=325 ncol=2 as.numeric=TRUE >
			1448	971
			1449	971
			1449	972
			1450	972
			1451	972
			1452	973
			1453	974
			1454	974
			1455	975
			1456	975
			1457	976
			1458	977
			1459	977
			1460	978
			1461	979
			1462	979
			1463	980
			1464	980
			1465	981
			1466	982
			1467	982
			1468	983
			1469	984
			1470	984
			1471	985
			1472	985
			1472	986
			1473	987
			1474	987
			1475	988
			1476	989
			1477	989
			1478	990
			1479	991
			1480	992
			1481	993
			1482	994
			1483	995
			1484	996
			1485	997
			1486	998
			1487	999
			1488	1000
			1489	1001
			1490	1002
			1491	1003
			1491	1004
			1492	1004
			1493	1005
			1493	1006
			1494	1007
			1495	1007
			1495	1008
			1496	1009
			1497	1010
			1498	1011
			1499	1012
			1499	1013
			1500	1014
			1501	1015
			1502	1016
			1503	1016
			1503	1017
			1504	1018
			1505	1019
			1506	1020
			1507	1021
			1507	1022
			1508	1023
			1509	1024
			1510	1025
			1511	1026
			1511	1027
			1512	1028
			1513	1029
			1514	1030
			1515	1031
			1515	1032
			1516	1033
			1517	1034
			1518	1035
			1518	1036
			1519	1037
			1520	1038
			1520	1039
			1521	1039
			1521	1040
			1522	1041
			1523	1042
			1523	1043
			1524	1043
			1524	1044
			1525	1045
			1526	1046
			1526	1047
			1527	1048
			1528	1048
			1528	1049
			1529	1050
			1530	1051
			1530	1052
			1531	1053
			1531	1054
			1532	1055
			1533	1055
			1533	1056
			1534	1057
			1535	1058
			1535	1059
			1536	1060
			1537	1061
			1537	1062
			1538	1063
			1539	1064
			1539	1065
			1540	1065
			1540	1066
			1541	1067
			1542	1068
			1542	1069
			1543	1070
			1544	1071
			1544	1072
			1545	1073
			1546	1074
			1546	1075
			1547	1076
			1548	1077
			1548	1078
			1549	1079
			1550	1080
			1550	1081
			1551	1082
			1552	1083
			1553	1084
			1553	1085
			1554	1086
			1555	1087
			1555	1088
			1556	1089
			1557	1090
			1557	1091
			1558	1092
			1559	1093
			1559	1094
			1560	1095
			1561	1096
			1561	1097
			1562	1098
			1563	1099
			1563	1100
			1564	1101
			1564	1102
			1565	1102
			1565	1103
			1566	1104
			1566	1105
			1567	1106
			1568	1107
			1568	1108
			1569	1109
			1570	1110
			1570	1111
			1571	1112
			1571	1113
			1572	1114
			1573	1115
			1573	1116
			1574	1117
			1575	1118
			1575	1119
			1576	1120
			1576	1121
			1577	1122
			1578	1123
			1578	1124
			1579	1125
			1579	1126
			1579	1127
			1579	1128
			1580	1129
			1580	1130
			1580	1131
			1580	1132
			1580	1133
			1580	1134
			1581	1135
			1581	1136
			1581	1137
			1581	1138
			1582	1138
			1582	1139
			1582	1140
			1582	1141
			1583	1142
			1583	1143
			1583	1144
			1584	1144
			1584	1145
			1584	1146
			1585	1147
			1585	1148
			1586	1149
			1586	1150
			1587	1150
			1587	1151
			1587	1152
			1588	1153
			1588	1154
			1589	1155
			1590	1156
			1591	1157
			1591	1158
			1592	1159
			1593	1160
			1593	1161
			1594	1162
			1595	1163
			1596	1164
			1596	1165
			1597	1166
			1598	1167
			1599	1168
			1600	1169
			1601	1169
			1601	1170
			1602	1171
			1603	1172
			1604	1173
			1605	1174
			1606	1175
			1607	1176
			1608	1177
			1609	1178
			1610	1178
			1611	1179
			1612	1180
			1613	1180
			1613	1181
			1614	1181
			1615	1182
			1616	1183
			1617	1184
			1618	1184
			1619	1185
			1620	1185
			1620	1186
			1621	1187
			1622	1187
			1623	1188
			1624	1188
			1625	1189
			1626	1190
			1627	1190
			1628	1191
			1629	1191
			1630	1192
			1631	1193
			1632	1193
			1633	1194
			1634	1194
			1635	1195
			1636	1196
			1637	1196
			1638	1197
			1639	1197
			1640	1198
			1641	1198
			1642	1199
			1643	1200
			1644	1200
			1645	1200
			1646	1201
			1647	1201
			1648	1202
			1649	1202
			1650	1203
			1651	1203
			1652	1204
			1653	1204
			1654	1205
			1655	1205
			1656	1206
			1657	1206
			1658	1207
			1659	1207
			1660	1207
			1661	1208
			1662	1208
			1663	1209
			1664	1209
			1665	1210
			1666	1210
			1667	1210
			1668	1211
			1669	1211
			1670	1211
			1671	1212
			1672	1212
			1673	1213
			1674	1213
			1675	1213
			1676	1214
			1677	1214
			1678	1214
			1679	1215
			1680	1215
			1681	1216
			1682	1216
			1683	1216
			1684	1217
			1685	1217
			1686	1217
			1687	1218
			1688	1218
			1689	1218
			1690	1219
			1691	1219
			1692	1219
			1693	1220
			1694	1220
			1695	1220
			1695	1221
			1696	1221
			1697	1221
		</curvaD_espina_dorsal>
		<curvaI_espina_dorsal type=matrix rownames=FALSE colnames=FALSE nrow=370 ncol=2 as.numeric=TRUE >
			1448	971
			1449	972
			1450	973
			1450	974
			1451	974
			1452	975
			1453	976
			1453	977
			1454	978
			1455	979
			1456	979
			1456	980
			1457	981
			1458	982
			1459	983
			1460	984
			1461	985
			1462	986
			1463	987
			1464	988
			1464	989
			1465	990
			1466	991
			1467	992
			1468	993
			1469	994
			1470	995
			1471	996
			1472	997
			1473	998
			1474	999
			1474	1000
			1475	1001
			1476	1002
			1477	1003
			1478	1004
			1479	1005
			1479	1006
			1480	1007
			1481	1008
			1482	1009
			1482	1010
			1483	1011
			1484	1012
			1485	1013
			1485	1014
			1486	1014
			1487	1015
			1487	1016
			1488	1017
			1489	1018
			1489	1019
			1490	1019
			1491	1020
			1491	1021
			1492	1022
			1492	1023
			1493	1023
			1494	1024
			1494	1025
			1495	1026
			1496	1027
			1497	1028
			1497	1029
			1498	1030
			1498	1031
			1499	1032
			1499	1033
			1500	1033
			1500	1034
			1501	1035
			1501	1036
			1502	1037
			1503	1038
			1504	1039
			1504	1040
			1504	1041
			1505	1042
			1505	1043
			1506	1043
			1506	1044
			1507	1045
			1507	1046
			1508	1047
			1509	1048
			1509	1049
			1510	1050
			1510	1051
			1511	1052
			1511	1053
			1512	1054
			1512	1055
			1513	1056
			1514	1057
			1514	1058
			1515	1059
			1516	1060
			1516	1061
			1516	1062
			1517	1062
			1517	1063
			1517	1064
			1518	1064
			1518	1065
			1519	1066
			1519	1067
			1520	1068
			1520	1069
			1521	1070
			1522	1071
			1522	1072
			1523	1073
			1523	1074
			1524	1075
			1524	1076
			1525	1077
			1525	1078
			1526	1079
			1526	1080
			1527	1081
			1527	1082
			1528	1083
			1528	1084
			1529	1084
			1529	1085
			1530	1086
			1530	1087
			1530	1088
			1531	1089
			1532	1090
			1532	1091
			1533	1092
			1533	1093
			1534	1094
			1534	1095
			1534	1096
			1535	1097
			1535	1098
			1536	1098
			1536	1099
			1536	1100
			1537	1101
			1537	1102
			1537	1103
			1538	1103
			1538	1104
			1539	1105
			1539	1106
			1539	1107
			1540	1108
			1540	1109
			1541	1110
			1541	1111
			1541	1112
			1542	1112
			1542	1113
			1542	1114
			1542	1115
			1543	1115
			1543	1116
			1543	1117
			1543	1118
			1544	1119
			1544	1120
			1544	1121
			1544	1122
			1545	1123
			1545	1124
			1545	1125
			1545	1126
			1545	1127
			1545	1128
			1546	1129
			1546	1130
			1546	1131
			1546	1132
			1546	1133
			1546	1134
			1546	1135
			1546	1136
			1546	1137
			1545	1138
			1545	1139
			1545	1140
			1545	1141
			1544	1142
			1544	1143
			1544	1144
			1543	1145
			1543	1146
			1542	1147
			1542	1148
			1541	1149
			1541	1150
			1540	1151
			1539	1152
			1538	1153
			1537	1154
			1536	1155
			1535	1156
			1534	1157
			1533	1158
			1532	1158
			1531	1159
			1530	1160
			1529	1160
			1528	1161
			1527	1161
			1526	1162
			1525	1162
			1524	1163
			1523	1163
			1522	1164
			1521	1164
			1520	1164
			1519	1165
			1518	1165
			1517	1166
			1516	1166
			1515	1166
			1514	1167
			1513	1167
			1512	1167
			1511	1167
			1510	1168
			1509	1168
			1508	1168
			1507	1168
			1506	1169
			1505	1169
			1504	1169
			1503	1169
			1502	1170
			1501	1170
			1500	1170
			1499	1170
			1498	1170
			1497	1170
			1496	1171
			1495	1171
			1494	1171
			1493	1171
			1492	1171
			1491	1171
			1490	1171
			1489	1171
			1488	1172
			1487	1172
			1486	1172
			1485	1172
			1484	1172
			1483	1172
			1482	1172
			1481	1172
			1480	1172
			1479	1172
			1478	1172
			1477	1173
			1476	1173
			1475	1173
			1474	1173
			1473	1173
			1472	1173
			1471	1173
			1470	1173
			1469	1173
			1468	1173
			1467	1173
			1466	1173
			1465	1173
			1464	1173
			1463	1173
			1462	1173
			1461	1173
			1460	1173
			1459	1173
			1458	1173
			1457	1173
			1456	1173
			1455	1173
			1454	1173
			1453	1173
			1452	1173
			1451	1173
			1450	1173
			1449	1173
			1448	1173
			1447	1173
			1446	1173
			1445	1173
			1444	1173
			1444	1174
			1443	1174
			1443	1175
			1442	1175
			1441	1176
			1440	1176
			1439	1177
			1438	1177
			1437	1178
			1436	1179
			1435	1179
			1434	1180
			1433	1181
			1432	1182
			1431	1183
			1430	1183
			1429	1184
			1428	1184
			1428	1185
			1427	1185
			1426	1185
			1426	1186
			1425	1186
			1425	1187
			1424	1187
			1423	1188
			1422	1189
			1421	1189
			1420	1190
			1419	1191
			1418	1192
			1417	1193
			1416	1194
			1415	1194
			1415	1195
			1414	1195
			1413	1196
			1412	1197
			1411	1198
			1410	1199
			1409	1199
			1408	1200
			1408	1201
			1407	1201
			1406	1202
			1405	1203
			1404	1204
			1403	1205
			1402	1206
			1401	1206
			1400	1207
			1400	1208
			1399	1209
			1398	1210
			1397	1211
			1396	1211
			1396	1212
			1395	1213
			1394	1214
			1393	1215
			1392	1216
			1392	1217
			1391	1217
			1390	1218
			1389	1219
			1389	1220
			1388	1221
			1387	1222
			1387	1223
			1386	1223
			1385	1224
			1384	1225
			1384	1226
			1383	1227
			1382	1228
			1382	1229
			1381	1230
			1380	1230
			1380	1231
		</curvaI_espina_dorsal>
	</curves.pixel>
	<curves.scaled type=list>
		<curvaD_espina_dorsal type=matrix rownames=FALSE colnames=FALSE nrow=325 ncol=2 as.numeric=TRUE >
			2.69645714959858	-1.80819053332888
			2.69831934376267	-1.80819053332888
			2.69831934376267	-1.81005272749297
			2.70018153792676	-1.81005272749297
			2.70204373209085	-1.81005272749297
			2.70390592625493	-1.81191492165706
			2.70576812041902	-1.81377711582115
			2.70763031458311	-1.81377711582115
			2.7094925087472	-1.81563930998523
			2.71135470291128	-1.81563930998523
			2.71321689707537	-1.81750150414932
			2.71507909123946	-1.81936369831341
			2.71694128540355	-1.81936369831341
			2.71880347956763	-1.8212258924775
			2.72066567373172	-1.82308808664158
			2.72252786789581	-1.82308808664158
			2.7243900620599	-1.82495028080567
			2.72625225622398	-1.82495028080567
			2.72811445038807	-1.82681247496976
			2.72997664455216	-1.82867466913385
			2.73183883871624	-1.82867466913385
			2.73370103288033	-1.83053686329793
			2.73556322704442	-1.83239905746202
			2.73742542120851	-1.83239905746202
			2.73928761537259	-1.83426125162611
			2.74114980953668	-1.83426125162611
			2.74114980953668	-1.8361234457902
			2.74301200370077	-1.83798563995428
			2.74487419786486	-1.83798563995428
			2.74673639202894	-1.83984783411837
			2.74859858619303	-1.84171002828246
			2.75046078035712	-1.84171002828246
			2.75232297452121	-1.84357222244655
			2.75418516868529	-1.84543441661063
			2.75604736284938	-1.84729661077472
			2.75790955701347	-1.84915880493881
			2.75977175117756	-1.8510209991029
			2.76163394534164	-1.85288319326698
			2.76349613950573	-1.85474538743107
			2.76535833366982	-1.85660758159516
			2.76722052783391	-1.85846977575924
			2.76908272199799	-1.86033196992333
			2.77094491616208	-1.86219416408742
			2.77280711032617	-1.86405635825151
			2.77466930449026	-1.86591855241559
			2.77653149865434	-1.86778074657968
			2.77653149865434	-1.86964294074377
			2.77839369281843	-1.86964294074377
			2.78025588698252	-1.87150513490786
			2.78025588698252	-1.87336732907194
			2.78211808114661	-1.87522952323603
			2.78398027531069	-1.87522952323603
			2.78398027531069	-1.87709171740012
			2.78584246947478	-1.87895391156421
			2.78770466363887	-1.88081610572829
			2.78956685780295	-1.88267829989238
			2.79142905196704	-1.88454049405647
			2.79142905196704	-1.88640268822056
			2.79329124613113	-1.88826488238464
			2.79515344029522	-1.89012707654873
			2.7970156344593	-1.89198927071282
			2.79887782862339	-1.89198927071282
			2.79887782862339	-1.89385146487691
			2.80074002278748	-1.89571365904099
			2.80260221695157	-1.89757585320508
			2.80446441111565	-1.89943804736917
			2.80632660527974	-1.90130024153326
			2.80632660527974	-1.90316243569734
			2.80818879944383	-1.90502462986143
			2.81005099360792	-1.90688682402552
			2.811913187772	-1.90874901818961
			2.81377538193609	-1.91061121235369
			2.81377538193609	-1.91247340651778
			2.81563757610018	-1.91433560068187
			2.81749977026427	-1.91619779484595
			2.81936196442835	-1.91805998901004
			2.82122415859244	-1.91992218317413
			2.82122415859244	-1.92178437733822
			2.82308635275653	-1.9236465715023
			2.82494854692062	-1.92550876566639
			2.8268107410847	-1.92737095983048
			2.8268107410847	-1.92923315399457
			2.82867293524879	-1.93109534815865
			2.83053512941288	-1.93295754232274
			2.83053512941288	-1.93481973648683
			2.83239732357697	-1.93481973648683
			2.83239732357697	-1.93668193065092
			2.83425951774105	-1.938544124815
			2.83612171190514	-1.94040631897909
			2.83612171190514	-1.94226851314318
			2.83798390606923	-1.94226851314318
			2.83798390606923	-1.94413070730727
			2.83984610023332	-1.94599290147135
			2.8417082943974	-1.94785509563544
			2.8417082943974	-1.94971728979953
			2.84357048856149	-1.95157948396362
			2.84543268272558	-1.95157948396362
			2.84543268272558	-1.9534416781277
			2.84729487688966	-1.95530387229179
			2.84915707105375	-1.95716606645588
			2.84915707105375	-1.95902826061997
			2.85101926521784	-1.96089045478405
			2.85101926521784	-1.96275264894814
			2.85288145938193	-1.96461484311223
			2.85474365354601	-1.96461484311223
			2.85474365354601	-1.96647703727632
			2.8566058477101	-1.9683392314404
			2.85846804187419	-1.97020142560449
			2.85846804187419	-1.97206361976858
			2.86033023603828	-1.97392581393266
			2.86219243020236	-1.97578800809675
			2.86219243020236	-1.97765020226084
			2.86405462436645	-1.97951239642493
			2.86591681853054	-1.98137459058901
			2.86591681853054	-1.9832367847531
			2.86777901269463	-1.9832367847531
			2.86777901269463	-1.98509897891719
			2.86964120685871	-1.98696117308128
			2.8715034010228	-1.98882336724536
			2.8715034010228	-1.99068556140945
			2.87336559518689	-1.99254775557354
			2.87522778935098	-1.99440994973763
			2.87522778935098	-1.99627214390171
			2.87708998351506	-1.9981343380658
			2.87895217767915	-1.99999653222989
			2.87895217767915	-2.00185872639398
			2.88081437184324	-2.00372092055806
			2.88267656600733	-2.00558311472215
			2.88267656600733	-2.00744530888624
			2.88453876017141	-2.00930750305033
			2.8864009543355	-2.01116969721441
			2.8864009543355	-2.0130318913785
			2.88826314849959	-2.01489408554259
			2.89012534266368	-2.01675627970668
			2.89198753682776	-2.01861847387076
			2.89198753682776	-2.02048066803485
			2.89384973099185	-2.02234286219894
			2.89571192515594	-2.02420505636303
			2.89571192515594	-2.02606725052711
			2.89757411932003	-2.0279294446912
			2.89943631348411	-2.02979163885529
			2.89943631348411	-2.03165383301937
			2.9012985076482	-2.03351602718346
			2.90316070181229	-2.03537822134755
			2.90316070181229	-2.03724041551164
			2.90502289597637	-2.03910260967572
			2.90688509014046	-2.04096480383981
			2.90688509014046	-2.0428269980039
			2.90874728430455	-2.04468919216799
			2.91060947846864	-2.04655138633207
			2.91060947846864	-2.04841358049616
			2.91247167263272	-2.05027577466025
			2.91247167263272	-2.05213796882434
			2.91433386679681	-2.05213796882434
			2.91433386679681	-2.05400016298842
			2.9161960609609	-2.05586235715251
			2.9161960609609	-2.0577245513166
			2.91805825512499	-2.05958674548069
			2.91992044928907	-2.06144893964477
			2.91992044928907	-2.06331113380886
			2.92178264345316	-2.06517332797295
			2.92364483761725	-2.06703552213704
			2.92364483761725	-2.06889771630112
			2.92550703178134	-2.07075991046521
			2.92550703178134	-2.0726221046293
			2.92736922594542	-2.07448429879339
			2.92923142010951	-2.07634649295747
			2.92923142010951	-2.07820868712156
			2.9310936142736	-2.08007088128565
			2.93295580843769	-2.08193307544974
			2.93295580843769	-2.08379526961382
			2.93481800260177	-2.08565746377791
			2.93481800260177	-2.087519657942
			2.93668019676586	-2.08938185210608
			2.93854239092995	-2.09124404627017
			2.93854239092995	-2.09310624043426
			2.94040458509404	-2.09496843459835
			2.94040458509404	-2.09683062876243
			2.94040458509404	-2.09869282292652
			2.94040458509404	-2.10055501709061
			2.94226677925812	-2.1024172112547
			2.94226677925812	-2.10427940541878
			2.94226677925812	-2.10614159958287
			2.94226677925812	-2.10800379374696
			2.94226677925812	-2.10986598791105
			2.94226677925812	-2.11172818207513
			2.94412897342221	-2.11359037623922
			2.94412897342221	-2.11545257040331
			2.94412897342221	-2.1173147645674
			2.94412897342221	-2.11917695873148
			2.9459911675863	-2.11917695873148
			2.9459911675863	-2.12103915289557
			2.9459911675863	-2.12290134705966
			2.9459911675863	-2.12476354122375
			2.94785336175039	-2.12662573538783
			2.94785336175039	-2.12848792955192
			2.94785336175039	-2.13035012371601
			2.94971555591447	-2.13035012371601
			2.94971555591447	-2.1322123178801
			2.94971555591447	-2.13407451204418
			2.95157775007856	-2.13593670620827
			2.95157775007856	-2.13779890037236
			2.95343994424265	-2.13966109453645
			2.95343994424265	-2.14152328870053
			2.95530213840674	-2.14152328870053
			2.95530213840674	-2.14338548286462
			2.95530213840674	-2.14524767702871
			2.95716433257082	-2.14710987119279
			2.95716433257082	-2.14897206535688
			2.95902652673491	-2.15083425952097
			2.960888720899	-2.15269645368506
			2.96275091506308	-2.15455864784914
			2.96275091506308	-2.15642084201323
			2.96461310922717	-2.15828303617732
			2.96647530339126	-2.16014523034141
			2.96647530339126	-2.16200742450549
			2.96833749755535	-2.16386961866958
			2.97019969171943	-2.16573181283367
			2.97206188588352	-2.16759400699776
			2.97206188588352	-2.16945620116184
			2.97392408004761	-2.17131839532593
			2.9757862742117	-2.17318058949002
			2.97764846837578	-2.17504278365411
			2.97951066253987	-2.17690497781819
			2.98137285670396	-2.17690497781819
			2.98137285670396	-2.17876717198228
			2.98323505086805	-2.18062936614637
			2.98509724503213	-2.18249156031046
			2.98695943919622	-2.18435375447454
			2.98882163336031	-2.18621594863863
			2.9906838275244	-2.18807814280272
			2.99254602168848	-2.18994033696681
			2.99440821585257	-2.19180253113089
			2.99627041001666	-2.19366472529498
			2.99813260418075	-2.19366472529498
			2.99999479834483	-2.19552691945907
			3.00185699250892	-2.19738911362316
			3.00371918667301	-2.19738911362316
			3.00371918667301	-2.19925130778724
			3.0055813808371	-2.19925130778724
			3.00744357500118	-2.20111350195133
			3.00930576916527	-2.20297569611542
			3.01116796332936	-2.2048378902795
			3.01303015749345	-2.2048378902795
			3.01489235165753	-2.20670008444359
			3.01675454582162	-2.20670008444359
			3.01675454582162	-2.20856227860768
			3.01861673998571	-2.21042447277177
			3.02047893414979	-2.21042447277177
			3.02234112831388	-2.21228666693585
			3.02420332247797	-2.21228666693585
			3.02606551664206	-2.21414886109994
			3.02792771080614	-2.21601105526403
			3.02978990497023	-2.21601105526403
			3.03165209913432	-2.21787324942812
			3.03351429329841	-2.21787324942812
			3.03537648746249	-2.2197354435922
			3.03723868162658	-2.22159763775629
			3.03910087579067	-2.22159763775629
			3.04096306995476	-2.22345983192038
			3.04282526411884	-2.22345983192038
			3.04468745828293	-2.22532202608447
			3.04654965244702	-2.22718422024855
			3.04841184661111	-2.22718422024855
			3.05027404077519	-2.22904641441264
			3.05213623493928	-2.22904641441264
			3.05399842910337	-2.23090860857673
			3.05586062326746	-2.23090860857673
			3.05772281743154	-2.23277080274082
			3.05958501159563	-2.2346329969049
			3.06144720575972	-2.2346329969049
			3.06330939992381	-2.2346329969049
			3.06517159408789	-2.23649519106899
			3.06703378825198	-2.23649519106899
			3.06889598241607	-2.23835738523308
			3.07075817658016	-2.23835738523308
			3.07262037074424	-2.24021957939717
			3.07448256490833	-2.24021957939717
			3.07634475907242	-2.24208177356125
			3.0782069532365	-2.24208177356125
			3.08006914740059	-2.24394396772534
			3.08193134156468	-2.24394396772534
			3.08379353572877	-2.24580616188943
			3.08565572989285	-2.24580616188943
			3.08751792405694	-2.24766835605352
			3.08938011822103	-2.24766835605352
			3.09124231238512	-2.24766835605352
			3.0931045065492	-2.2495305502176
			3.09496670071329	-2.2495305502176
			3.09682889487738	-2.25139274438169
			3.09869108904147	-2.25139274438169
			3.10055328320555	-2.25325493854578
			3.10241547736964	-2.25325493854578
			3.10427767153373	-2.25325493854578
			3.10613986569782	-2.25511713270987
			3.1080020598619	-2.25511713270987
			3.10986425402599	-2.25511713270987
			3.11172644819008	-2.25697932687395
			3.11358864235417	-2.25697932687395
			3.11545083651825	-2.25884152103804
			3.11731303068234	-2.25884152103804
			3.11917522484643	-2.25884152103804
			3.12103741901052	-2.26070371520213
			3.1228996131746	-2.26070371520213
			3.12476180733869	-2.26070371520213
			3.12662400150278	-2.26256590936621
			3.12848619566687	-2.26256590936621
			3.13034838983095	-2.2644281035303
			3.13221058399504	-2.2644281035303
			3.13407277815913	-2.2644281035303
			3.13593497232321	-2.26629029769439
			3.1377971664873	-2.26629029769439
			3.13965936065139	-2.26629029769439
			3.14152155481548	-2.26815249185848
			3.14338374897956	-2.26815249185848
			3.14524594314365	-2.26815249185848
			3.14710813730774	-2.27001468602256
			3.14897033147183	-2.27001468602256
			3.15083252563591	-2.27001468602256
			3.1526947198	-2.27187688018665
			3.15455691396409	-2.27187688018665
			3.15641910812818	-2.27187688018665
			3.15641910812818	-2.27373907435074
			3.15828130229226	-2.27373907435074
			3.16014349645635	-2.27373907435074
		</curvaD_espina_dorsal>
		<curvaI_espina_dorsal type=matrix rownames=FALSE colnames=FALSE nrow=370 ncol=2 as.numeric=TRUE >
			2.69645714959858	-1.80819053332888
			2.69831934376267	-1.81005272749297
			2.70018153792676	-1.81191492165706
			2.70018153792676	-1.81377711582115
			2.70204373209085	-1.81377711582115
			2.70390592625493	-1.81563930998523
			2.70576812041902	-1.81750150414932
			2.70576812041902	-1.81936369831341
			2.70763031458311	-1.8212258924775
			2.7094925087472	-1.82308808664158
			2.71135470291128	-1.82308808664158
			2.71135470291128	-1.82495028080567
			2.71321689707537	-1.82681247496976
			2.71507909123946	-1.82867466913385
			2.71694128540355	-1.83053686329793
			2.71880347956763	-1.83239905746202
			2.72066567373172	-1.83426125162611
			2.72252786789581	-1.8361234457902
			2.7243900620599	-1.83798563995428
			2.72625225622398	-1.83984783411837
			2.72625225622398	-1.84171002828246
			2.72811445038807	-1.84357222244655
			2.72997664455216	-1.84543441661063
			2.73183883871624	-1.84729661077472
			2.73370103288033	-1.84915880493881
			2.73556322704442	-1.8510209991029
			2.73742542120851	-1.85288319326698
			2.73928761537259	-1.85474538743107
			2.74114980953668	-1.85660758159516
			2.74301200370077	-1.85846977575924
			2.74487419786486	-1.86033196992333
			2.74487419786486	-1.86219416408742
			2.74673639202894	-1.86405635825151
			2.74859858619303	-1.86591855241559
			2.75046078035712	-1.86778074657968
			2.75232297452121	-1.86964294074377
			2.75418516868529	-1.87150513490786
			2.75418516868529	-1.87336732907194
			2.75604736284938	-1.87522952323603
			2.75790955701347	-1.87709171740012
			2.75977175117756	-1.87895391156421
			2.75977175117756	-1.88081610572829
			2.76163394534164	-1.88267829989238
			2.76349613950573	-1.88454049405647
			2.76535833366982	-1.88640268822056
			2.76535833366982	-1.88826488238464
			2.76722052783391	-1.88826488238464
			2.76908272199799	-1.89012707654873
			2.76908272199799	-1.89198927071282
			2.77094491616208	-1.89385146487691
			2.77280711032617	-1.89571365904099
			2.77280711032617	-1.89757585320508
			2.77466930449026	-1.89757585320508
			2.77653149865434	-1.89943804736917
			2.77653149865434	-1.90130024153326
			2.77839369281843	-1.90316243569734
			2.77839369281843	-1.90502462986143
			2.78025588698252	-1.90502462986143
			2.78211808114661	-1.90688682402552
			2.78211808114661	-1.90874901818961
			2.78398027531069	-1.91061121235369
			2.78584246947478	-1.91247340651778
			2.78770466363887	-1.91433560068187
			2.78770466363887	-1.91619779484595
			2.78956685780295	-1.91805998901004
			2.78956685780295	-1.91992218317413
			2.79142905196704	-1.92178437733822
			2.79142905196704	-1.9236465715023
			2.79329124613113	-1.9236465715023
			2.79329124613113	-1.92550876566639
			2.79515344029522	-1.92737095983048
			2.79515344029522	-1.92923315399457
			2.7970156344593	-1.93109534815865
			2.79887782862339	-1.93295754232274
			2.80074002278748	-1.93481973648683
			2.80074002278748	-1.93668193065092
			2.80074002278748	-1.938544124815
			2.80260221695157	-1.94040631897909
			2.80260221695157	-1.94226851314318
			2.80446441111565	-1.94226851314318
			2.80446441111565	-1.94413070730727
			2.80632660527974	-1.94599290147135
			2.80632660527974	-1.94785509563544
			2.80818879944383	-1.94971728979953
			2.81005099360792	-1.95157948396362
			2.81005099360792	-1.9534416781277
			2.811913187772	-1.95530387229179
			2.811913187772	-1.95716606645588
			2.81377538193609	-1.95902826061997
			2.81377538193609	-1.96089045478405
			2.81563757610018	-1.96275264894814
			2.81563757610018	-1.96461484311223
			2.81749977026427	-1.96647703727632
			2.81936196442835	-1.9683392314404
			2.81936196442835	-1.97020142560449
			2.82122415859244	-1.97206361976858
			2.82308635275653	-1.97392581393266
			2.82308635275653	-1.97578800809675
			2.82308635275653	-1.97765020226084
			2.82494854692062	-1.97765020226084
			2.82494854692062	-1.97951239642493
			2.82494854692062	-1.98137459058901
			2.8268107410847	-1.98137459058901
			2.8268107410847	-1.9832367847531
			2.82867293524879	-1.98509897891719
			2.82867293524879	-1.98696117308128
			2.83053512941288	-1.98882336724536
			2.83053512941288	-1.99068556140945
			2.83239732357697	-1.99254775557354
			2.83425951774105	-1.99440994973763
			2.83425951774105	-1.99627214390171
			2.83612171190514	-1.9981343380658
			2.83612171190514	-1.99999653222989
			2.83798390606923	-2.00185872639398
			2.83798390606923	-2.00372092055806
			2.83984610023332	-2.00558311472215
			2.83984610023332	-2.00744530888624
			2.8417082943974	-2.00930750305033
			2.8417082943974	-2.01116969721441
			2.84357048856149	-2.0130318913785
			2.84357048856149	-2.01489408554259
			2.84543268272558	-2.01675627970668
			2.84543268272558	-2.01861847387076
			2.84729487688966	-2.01861847387076
			2.84729487688966	-2.02048066803485
			2.84915707105375	-2.02234286219894
			2.84915707105375	-2.02420505636303
			2.84915707105375	-2.02606725052711
			2.85101926521784	-2.0279294446912
			2.85288145938193	-2.02979163885529
			2.85288145938193	-2.03165383301937
			2.85474365354601	-2.03351602718346
			2.85474365354601	-2.03537822134755
			2.8566058477101	-2.03724041551164
			2.8566058477101	-2.03910260967572
			2.8566058477101	-2.04096480383981
			2.85846804187419	-2.0428269980039
			2.85846804187419	-2.04468919216799
			2.86033023603828	-2.04468919216799
			2.86033023603828	-2.04655138633207
			2.86033023603828	-2.04841358049616
			2.86219243020236	-2.05027577466025
			2.86219243020236	-2.05213796882434
			2.86219243020236	-2.05400016298842
			2.86405462436645	-2.05400016298842
			2.86405462436645	-2.05586235715251
			2.86591681853054	-2.0577245513166
			2.86591681853054	-2.05958674548069
			2.86591681853054	-2.06144893964477
			2.86777901269463	-2.06331113380886
			2.86777901269463	-2.06517332797295
			2.86964120685871	-2.06703552213704
			2.86964120685871	-2.06889771630112
			2.86964120685871	-2.07075991046521
			2.8715034010228	-2.07075991046521
			2.8715034010228	-2.0726221046293
			2.8715034010228	-2.07448429879339
			2.8715034010228	-2.07634649295747
			2.87336559518689	-2.07634649295747
			2.87336559518689	-2.07820868712156
			2.87336559518689	-2.08007088128565
			2.87336559518689	-2.08193307544974
			2.87522778935098	-2.08379526961382
			2.87522778935098	-2.08565746377791
			2.87522778935098	-2.087519657942
			2.87522778935098	-2.08938185210608
			2.87708998351506	-2.09124404627017
			2.87708998351506	-2.09310624043426
			2.87708998351506	-2.09496843459835
			2.87708998351506	-2.09683062876243
			2.87708998351506	-2.09869282292652
			2.87708998351506	-2.10055501709061
			2.87895217767915	-2.1024172112547
			2.87895217767915	-2.10427940541878
			2.87895217767915	-2.10614159958287
			2.87895217767915	-2.10800379374696
			2.87895217767915	-2.10986598791105
			2.87895217767915	-2.11172818207513
			2.87895217767915	-2.11359037623922
			2.87895217767915	-2.11545257040331
			2.87895217767915	-2.1173147645674
			2.87708998351506	-2.11917695873148
			2.87708998351506	-2.12103915289557
			2.87708998351506	-2.12290134705966
			2.87708998351506	-2.12476354122375
			2.87522778935098	-2.12662573538783
			2.87522778935098	-2.12848792955192
			2.87522778935098	-2.13035012371601
			2.87336559518689	-2.1322123178801
			2.87336559518689	-2.13407451204418
			2.8715034010228	-2.13593670620827
			2.8715034010228	-2.13779890037236
			2.86964120685871	-2.13966109453645
			2.86964120685871	-2.14152328870053
			2.86777901269463	-2.14338548286462
			2.86591681853054	-2.14524767702871
			2.86405462436645	-2.14710987119279
			2.86219243020236	-2.14897206535688
			2.86033023603828	-2.15083425952097
			2.85846804187419	-2.15269645368506
			2.8566058477101	-2.15455864784914
			2.85474365354601	-2.15642084201323
			2.85288145938193	-2.15642084201323
			2.85101926521784	-2.15828303617732
			2.84915707105375	-2.16014523034141
			2.84729487688966	-2.16014523034141
			2.84543268272558	-2.16200742450549
			2.84357048856149	-2.16200742450549
			2.8417082943974	-2.16386961866958
			2.83984610023332	-2.16386961866958
			2.83798390606923	-2.16573181283367
			2.83612171190514	-2.16573181283367
			2.83425951774105	-2.16759400699776
			2.83239732357697	-2.16759400699776
			2.83053512941288	-2.16759400699776
			2.82867293524879	-2.16945620116184
			2.8268107410847	-2.16945620116184
			2.82494854692062	-2.17131839532593
			2.82308635275653	-2.17131839532593
			2.82122415859244	-2.17131839532593
			2.81936196442835	-2.17318058949002
			2.81749977026427	-2.17318058949002
			2.81563757610018	-2.17318058949002
			2.81377538193609	-2.17318058949002
			2.811913187772	-2.17504278365411
			2.81005099360792	-2.17504278365411
			2.80818879944383	-2.17504278365411
			2.80632660527974	-2.17504278365411
			2.80446441111565	-2.17690497781819
			2.80260221695157	-2.17690497781819
			2.80074002278748	-2.17690497781819
			2.79887782862339	-2.17690497781819
			2.7970156344593	-2.17876717198228
			2.79515344029522	-2.17876717198228
			2.79329124613113	-2.17876717198228
			2.79142905196704	-2.17876717198228
			2.78956685780295	-2.17876717198228
			2.78770466363887	-2.17876717198228
			2.78584246947478	-2.18062936614637
			2.78398027531069	-2.18062936614637
			2.78211808114661	-2.18062936614637
			2.78025588698252	-2.18062936614637
			2.77839369281843	-2.18062936614637
			2.77653149865434	-2.18062936614637
			2.77466930449026	-2.18062936614637
			2.77280711032617	-2.18062936614637
			2.77094491616208	-2.18249156031046
			2.76908272199799	-2.18249156031046
			2.76722052783391	-2.18249156031046
			2.76535833366982	-2.18249156031046
			2.76349613950573	-2.18249156031046
			2.76163394534164	-2.18249156031046
			2.75977175117756	-2.18249156031046
			2.75790955701347	-2.18249156031046
			2.75604736284938	-2.18249156031046
			2.75418516868529	-2.18249156031046
			2.75232297452121	-2.18249156031046
			2.75046078035712	-2.18435375447454
			2.74859858619303	-2.18435375447454
			2.74673639202894	-2.18435375447454
			2.74487419786486	-2.18435375447454
			2.74301200370077	-2.18435375447454
			2.74114980953668	-2.18435375447454
			2.73928761537259	-2.18435375447454
			2.73742542120851	-2.18435375447454
			2.73556322704442	-2.18435375447454
			2.73370103288033	-2.18435375447454
			2.73183883871624	-2.18435375447454
			2.72997664455216	-2.18435375447454
			2.72811445038807	-2.18435375447454
			2.72625225622398	-2.18435375447454
			2.7243900620599	-2.18435375447454
			2.72252786789581	-2.18435375447454
			2.72066567373172	-2.18435375447454
			2.71880347956763	-2.18435375447454
			2.71694128540355	-2.18435375447454
			2.71507909123946	-2.18435375447454
			2.71321689707537	-2.18435375447454
			2.71135470291128	-2.18435375447454
			2.7094925087472	-2.18435375447454
			2.70763031458311	-2.18435375447454
			2.70576812041902	-2.18435375447454
			2.70390592625493	-2.18435375447454
			2.70204373209085	-2.18435375447454
			2.70018153792676	-2.18435375447454
			2.69831934376267	-2.18435375447454
			2.69645714959858	-2.18435375447454
			2.6945949554345	-2.18435375447454
			2.69273276127041	-2.18435375447454
			2.69087056710632	-2.18435375447454
			2.68900837294223	-2.18435375447454
			2.68900837294223	-2.18621594863863
			2.68714617877815	-2.18621594863863
			2.68714617877815	-2.18807814280272
			2.68528398461406	-2.18807814280272
			2.68342179044997	-2.18994033696681
			2.68155959628588	-2.18994033696681
			2.6796974021218	-2.19180253113089
			2.67783520795771	-2.19180253113089
			2.67597301379362	-2.19366472529498
			2.67411081962953	-2.19552691945907
			2.67224862546545	-2.19552691945907
			2.67038643130136	-2.19738911362316
			2.66852423713727	-2.19925130778724
			2.66666204297319	-2.20111350195133
			2.6647998488091	-2.20297569611542
			2.66293765464501	-2.20297569611542
			2.66107546048092	-2.2048378902795
			2.65921326631684	-2.2048378902795
			2.65921326631684	-2.20670008444359
			2.65735107215275	-2.20670008444359
			2.65548887798866	-2.20670008444359
			2.65548887798866	-2.20856227860768
			2.65362668382457	-2.20856227860768
			2.65362668382457	-2.21042447277177
			2.65176448966049	-2.21042447277177
			2.6499022954964	-2.21228666693585
			2.64804010133231	-2.21414886109994
			2.64617790716822	-2.21414886109994
			2.64431571300414	-2.21601105526403
			2.64245351884005	-2.21787324942812
			2.64059132467596	-2.2197354435922
			2.63872913051187	-2.22159763775629
			2.63686693634779	-2.22345983192038
			2.6350047421837	-2.22345983192038
			2.6350047421837	-2.22532202608447
			2.63314254801961	-2.22532202608447
			2.63128035385552	-2.22718422024855
			2.62941815969144	-2.22904641441264
			2.62755596552735	-2.23090860857673
			2.62569377136326	-2.23277080274082
			2.62383157719917	-2.23277080274082
			2.62196938303509	-2.2346329969049
			2.62196938303509	-2.23649519106899
			2.620107188871	-2.23649519106899
			2.61824499470691	-2.23835738523308
			2.61638280054282	-2.24021957939717
			2.61452060637874	-2.24208177356125
			2.61265841221465	-2.24394396772534
			2.61079621805056	-2.24580616188943
			2.60893402388647	-2.24580616188943
			2.60707182972239	-2.24766835605352
			2.60707182972239	-2.2495305502176
			2.6052096355583	-2.25139274438169
			2.60334744139421	-2.25325493854578
			2.60148524723013	-2.25511713270987
			2.59962305306604	-2.25511713270987
			2.59962305306604	-2.25697932687395
			2.59776085890195	-2.25884152103804
			2.59589866473786	-2.26070371520213
			2.59403647057378	-2.26256590936621
			2.59217427640969	-2.2644281035303
			2.59217427640969	-2.26629029769439
			2.5903120822456	-2.26629029769439
			2.58844988808151	-2.26815249185848
			2.58658769391743	-2.27001468602256
			2.58658769391743	-2.27187688018665
			2.58472549975334	-2.27373907435074
			2.58286330558925	-2.27560126851483
			2.58286330558925	-2.27746346267891
			2.58100111142516	-2.27746346267891
			2.57913891726108	-2.279325656843
			2.57727672309699	-2.28118785100709
			2.57727672309699	-2.28305004517118
			2.5754145289329	-2.28491223933526
			2.57355233476881	-2.28677443349935
			2.57355233476881	-2.28863662766344
			2.57169014060473	-2.29049882182753
			2.56982794644064	-2.29049882182753
			2.56982794644064	-2.29236101599161
		</curvaI_espina_dorsal>
	</curves.scaled>
	<ruler.points type=matrix rownames=TRUE colnames=FALSE nrow=2 ncol=2 as.numeric=TRUE >
		Ruler point 1	1569	576
		Ruler point 2	2106	575
	</ruler.points>
</shapes>

