<shapes type=list>
	<ruler.pixel type=vector names=FALSE length=1 as.numeric=TRUE >536.008395456638</ruler.pixel>
	<ruler.interval type=vector names=FALSE length=1 as.numeric=TRUE >1</ruler.interval>
	<scaling.units type=vector names=FALSE length=1 as.numeric=FALSE >mm</scaling.units>
	<scaling type=vector names=FALSE length=1 as.numeric=TRUE >0.00186219416408742</scaling>
	<landmarks.pixel type=matrix rownames=TRUE colnames=FALSE nrow=3 ncol=2 as.numeric=TRUE >
		punta_espina_dorsal	1498	1071
		esq_izq_caparaza	1482	1314
		organo_dorsal	1795	1263
	</landmarks.pixel>
	<landmarks.scaled type=matrix rownames=TRUE colnames=FALSE nrow=3 ncol=2 as.numeric=TRUE >
		punta_espina_dorsal	2.78956685780295	-1.99440994973763
		esq_izq_caparaza	2.75977175117756	-2.44692313161087
		organo_dorsal	3.34263852453692	-2.35195122924241
	</landmarks.scaled>
	<curves.control type=list>
		<curvaD_espina_dorsal type=matrix rownames=FALSE colnames=FALSE nrow=7 ncol=2 as.numeric=TRUE >
			1498	1071
			1515	1061
			1546	1083
			1581	1110
			1660	1181
			1689	1231
			1795	1263
		</curvaD_espina_dorsal>
		<curvaI_espina_dorsal type=matrix rownames=FALSE colnames=FALSE nrow=9 ncol=2 as.numeric=TRUE >
			1498	1071
			1529	1074
			1559	1109
			1631	1175
			1628	1201
			1587	1252
			1528	1250
			1502	1273
			1482	1314
		</curvaI_espina_dorsal>
	</curves.control>
	<curves.pixel type=list>
		<curvaD_espina_dorsal type=matrix rownames=FALSE colnames=FALSE nrow=323 ncol=2 as.numeric=TRUE >
			1498	1071
			1499	1071
			1499	1070
			1500	1070
			1501	1070
			1502	1069
			1503	1069
			1504	1069
			1505	1068
			1506	1068
			1507	1068
			1508	1068
			1509	1068
			1510	1068
			1511	1068
			1512	1068
			1513	1068
			1514	1068
			1515	1068
			1516	1068
			1516	1069
			1517	1069
			1518	1069
			1519	1069
			1520	1069
			1521	1070
			1522	1070
			1523	1070
			1524	1071
			1525	1071
			1526	1072
			1527	1072
			1528	1072
			1529	1073
			1530	1073
			1531	1074
			1532	1074
			1533	1075
			1534	1075
			1535	1076
			1536	1076
			1536	1077
			1537	1077
			1538	1078
			1539	1078
			1540	1079
			1541	1079
			1542	1080
			1543	1081
			1544	1082
			1545	1083
			1546	1083
			1547	1084
			1548	1084
			1548	1085
			1549	1085
			1550	1086
			1551	1087
			1552	1087
			1552	1088
			1553	1089
			1554	1089
			1555	1090
			1556	1091
			1557	1091
			1557	1092
			1558	1093
			1559	1094
			1560	1094
			1561	1095
			1562	1096
			1563	1097
			1564	1097
			1565	1098
			1566	1099
			1567	1100
			1568	1101
			1569	1101
			1570	1102
			1571	1103
			1572	1104
			1573	1105
			1574	1106
			1575	1107
			1576	1107
			1577	1108
			1578	1109
			1579	1110
			1580	1111
			1581	1112
			1582	1112
			1583	1113
			1584	1114
			1585	1115
			1586	1116
			1587	1117
			1588	1117
			1589	1118
			1589	1119
			1590	1120
			1591	1120
			1592	1121
			1593	1122
			1594	1123
			1595	1123
			1596	1124
			1597	1125
			1597	1126
			1598	1126
			1599	1127
			1600	1128
			1601	1129
			1602	1130
			1603	1130
			1604	1131
			1605	1132
			1606	1133
			1607	1134
			1608	1135
			1609	1135
			1610	1136
			1611	1137
			1612	1138
			1613	1139
			1614	1140
			1615	1141
			1616	1141
			1617	1142
			1618	1143
			1619	1144
			1620	1145
			1621	1146
			1622	1147
			1623	1148
			1624	1149
			1625	1150
			1626	1151
			1627	1151
			1628	1152
			1629	1153
			1630	1154
			1631	1155
			1632	1156
			1633	1157
			1634	1158
			1635	1159
			1636	1160
			1637	1160
			1637	1161
			1638	1161
			1639	1162
			1639	1163
			1640	1163
			1641	1164
			1642	1164
			1642	1165
			1643	1166
			1644	1166
			1644	1167
			1645	1167
			1646	1168
			1646	1169
			1647	1169
			1648	1170
			1648	1171
			1649	1171
			1650	1172
			1651	1173
			1652	1174
			1653	1175
			1654	1175
			1655	1176
			1655	1177
			1656	1178
			1657	1178
			1658	1179
			1659	1180
			1660	1181
			1661	1182
			1661	1183
			1662	1184
			1663	1185
			1663	1186
			1664	1187
			1665	1188
			1665	1189
			1666	1190
			1667	1191
			1668	1192
			1668	1193
			1669	1194
			1670	1195
			1671	1196
			1672	1197
			1672	1198
			1673	1199
			1674	1200
			1675	1201
			1676	1201
			1677	1202
			1678	1203
			1678	1204
			1679	1205
			1680	1206
			1681	1207
			1682	1207
			1683	1208
			1684	1209
			1685	1210
			1686	1211
			1687	1212
			1688	1213
			1689	1213
			1690	1214
			1691	1215
			1692	1216
			1693	1216
			1694	1217
			1695	1218
			1696	1218
			1697	1219
			1698	1220
			1699	1221
			1700	1221
			1701	1222
			1702	1223
			1703	1223
			1704	1224
			1705	1224
			1706	1225
			1707	1226
			1708	1226
			1709	1227
			1710	1227
			1710	1228
			1711	1228
			1712	1229
			1713	1229
			1714	1230
			1715	1231
			1716	1231
			1717	1232
			1718	1232
			1719	1233
			1720	1233
			1721	1234
			1722	1234
			1723	1235
			1724	1235
			1725	1236
			1726	1236
			1727	1237
			1728	1237
			1729	1238
			1730	1238
			1731	1239
			1732	1239
			1733	1240
			1734	1240
			1735	1241
			1736	1241
			1737	1242
			1738	1242
			1739	1243
			1740	1243
			1741	1243
			1742	1244
			1743	1244
			1744	1245
			1745	1245
			1746	1246
			1747	1246
			1748	1246
			1748	1247
			1749	1247
			1750	1247
			1751	1248
			1752	1248
			1753	1248
			1754	1249
			1755	1249
			1756	1250
			1757	1250
			1758	1250
			1759	1251
			1760	1251
			1761	1252
			1762	1252
			1763	1252
			1764	1253
			1765	1253
			1766	1253
			1767	1254
			1768	1254
			1769	1255
			1770	1255
			1771	1255
			1772	1256
			1773	1256
			1774	1256
			1775	1257
			1776	1257
			1777	1257
			1778	1257
			1778	1258
			1779	1258
			1780	1258
			1781	1259
			1782	1259
			1783	1259
			1784	1260
			1785	1260
			1786	1260
			1787	1260
			1787	1261
			1788	1261
			1789	1261
			1790	1261
			1791	1262
			1792	1262
			1793	1262
			1794	1263
			1795	1263
		</curvaD_espina_dorsal>
		<curvaI_espina_dorsal type=matrix rownames=FALSE colnames=FALSE nrow=339 ncol=2 as.numeric=TRUE >
			1498	1071
			1499	1071
			1500	1071
			1501	1071
			1502	1072
			1503	1072
			1504	1072
			1505	1072
			1506	1072
			1507	1073
			1508	1073
			1509	1073
			1510	1073
			1511	1074
			1512	1074
			1513	1074
			1514	1075
			1515	1075
			1516	1076
			1517	1076
			1518	1076
			1518	1077
			1519	1077
			1520	1077
			1521	1078
			1522	1078
			1523	1079
			1524	1079
			1525	1080
			1526	1080
			1526	1081
			1527	1081
			1528	1081
			1529	1082
			1530	1083
			1531	1084
			1532	1084
			1533	1085
			1534	1086
			1535	1086
			1536	1087
			1537	1088
			1538	1088
			1539	1089
			1540	1090
			1541	1091
			1542	1091
			1542	1092
			1543	1093
			1544	1094
			1545	1095
			1546	1096
			1547	1096
			1548	1097
			1549	1098
			1550	1099
			1551	1100
			1552	1101
			1553	1102
			1554	1103
			1555	1104
			1556	1105
			1556	1106
			1557	1107
			1558	1108
			1559	1109
			1560	1110
			1561	1111
			1562	1112
			1563	1113
			1564	1113
			1564	1114
			1565	1115
			1566	1115
			1567	1116
			1567	1117
			1568	1118
			1569	1118
			1570	1119
			1570	1120
			1571	1120
			1572	1121
			1573	1122
			1574	1123
			1575	1124
			1576	1125
			1577	1126
			1578	1127
			1579	1128
			1580	1129
			1581	1130
			1582	1131
			1583	1132
			1584	1133
			1585	1134
			1586	1135
			1587	1136
			1588	1137
			1588	1138
			1589	1138
			1590	1139
			1591	1140
			1592	1141
			1593	1142
			1594	1143
			1594	1144
			1595	1145
			1596	1146
			1597	1146
			1597	1147
			1598	1148
			1599	1149
			1600	1150
			1600	1151
			1601	1151
			1602	1152
			1603	1153
			1603	1154
			1604	1155
			1605	1155
			1605	1156
			1606	1157
			1607	1158
			1607	1159
			1608	1159
			1609	1160
			1609	1161
			1610	1162
			1611	1163
			1612	1164
			1612	1165
			1613	1166
			1614	1167
			1614	1168
			1615	1169
			1616	1170
			1617	1171
			1617	1172
			1618	1173
			1619	1174
			1619	1175
			1620	1176
			1620	1177
			1621	1178
			1621	1179
			1622	1180
			1622	1181
			1623	1182
			1624	1183
			1624	1184
			1625	1185
			1625	1186
			1626	1187
			1626	1188
			1626	1189
			1627	1190
			1627	1191
			1627	1192
			1627	1193
			1628	1194
			1628	1195
			1628	1196
			1628	1197
			1628	1198
			1628	1199
			1628	1200
			1628	1201
			1627	1202
			1626	1203
			1625	1204
			1624	1205
			1624	1206
			1623	1207
			1622	1208
			1621	1209
			1620	1210
			1619	1211
			1619	1212
			1618	1213
			1617	1214
			1616	1214
			1615	1215
			1614	1216
			1613	1217
			1612	1218
			1612	1219
			1611	1220
			1610	1220
			1609	1221
			1608	1222
			1607	1223
			1606	1223
			1605	1224
			1604	1225
			1603	1226
			1602	1226
			1602	1227
			1601	1228
			1600	1228
			1599	1229
			1598	1230
			1597	1230
			1596	1231
			1595	1232
			1594	1232
			1593	1233
			1592	1233
			1591	1234
			1590	1235
			1589	1235
			1588	1236
			1587	1236
			1586	1237
			1585	1237
			1584	1238
			1583	1238
			1582	1239
			1581	1239
			1580	1240
			1579	1240
			1578	1241
			1577	1241
			1576	1242
			1575	1242
			1574	1242
			1573	1243
			1572	1243
			1571	1244
			1570	1244
			1569	1244
			1568	1245
			1567	1245
			1566	1245
			1565	1246
			1564	1246
			1563	1246
			1562	1246
			1561	1247
			1560	1247
			1559	1247
			1558	1247
			1557	1248
			1556	1248
			1555	1248
			1554	1248
			1553	1248
			1552	1249
			1551	1249
			1550	1249
			1549	1249
			1548	1249
			1547	1249
			1546	1249
			1545	1249
			1544	1250
			1543	1250
			1542	1250
			1541	1250
			1540	1250
			1539	1250
			1538	1250
			1537	1250
			1536	1250
			1535	1250
			1534	1250
			1533	1250
			1532	1250
			1531	1250
			1530	1250
			1529	1250
			1528	1250
			1527	1251
			1526	1252
			1525	1252
			1525	1253
			1524	1254
			1523	1255
			1522	1256
			1521	1257
			1520	1257
			1519	1258
			1518	1259
			1518	1260
			1517	1261
			1516	1262
			1515	1263
			1514	1264
			1513	1265
			1513	1266
			1512	1267
			1511	1268
			1510	1269
			1509	1270
			1508	1271
			1508	1272
			1507	1273
			1506	1274
			1505	1275
			1504	1276
			1504	1277
			1503	1278
			1503	1279
			1502	1279
			1502	1280
			1501	1281
			1500	1282
			1500	1283
			1499	1284
			1499	1285
			1498	1285
			1497	1286
			1497	1287
			1496	1288
			1496	1289
			1495	1290
			1495	1291
			1494	1292
			1493	1293
			1493	1294
			1492	1295
			1491	1296
			1491	1297
			1490	1298
			1490	1299
			1489	1300
			1489	1301
			1488	1302
			1488	1303
			1487	1304
			1486	1305
			1486	1306
			1485	1307
			1485	1308
			1484	1309
			1484	1310
			1483	1311
			1483	1312
			1482	1313
			1482	1314
		</curvaI_espina_dorsal>
	</curves.pixel>
	<curves.scaled type=list>
		<curvaD_espina_dorsal type=matrix rownames=FALSE colnames=FALSE nrow=323 ncol=2 as.numeric=TRUE >
			2.78956685780295	-1.99440994973763
			2.79142905196704	-1.99440994973763
			2.79142905196704	-1.99254775557354
			2.79329124613113	-1.99254775557354
			2.79515344029522	-1.99254775557354
			2.7970156344593	-1.99068556140945
			2.79887782862339	-1.99068556140945
			2.80074002278748	-1.99068556140945
			2.80260221695157	-1.98882336724536
			2.80446441111565	-1.98882336724536
			2.80632660527974	-1.98882336724536
			2.80818879944383	-1.98882336724536
			2.81005099360792	-1.98882336724536
			2.811913187772	-1.98882336724536
			2.81377538193609	-1.98882336724536
			2.81563757610018	-1.98882336724536
			2.81749977026427	-1.98882336724536
			2.81936196442835	-1.98882336724536
			2.82122415859244	-1.98882336724536
			2.82308635275653	-1.98882336724536
			2.82308635275653	-1.99068556140945
			2.82494854692062	-1.99068556140945
			2.8268107410847	-1.99068556140945
			2.82867293524879	-1.99068556140945
			2.83053512941288	-1.99068556140945
			2.83239732357697	-1.99254775557354
			2.83425951774105	-1.99254775557354
			2.83612171190514	-1.99254775557354
			2.83798390606923	-1.99440994973763
			2.83984610023332	-1.99440994973763
			2.8417082943974	-1.99627214390171
			2.84357048856149	-1.99627214390171
			2.84543268272558	-1.99627214390171
			2.84729487688966	-1.9981343380658
			2.84915707105375	-1.9981343380658
			2.85101926521784	-1.99999653222989
			2.85288145938193	-1.99999653222989
			2.85474365354601	-2.00185872639398
			2.8566058477101	-2.00185872639398
			2.85846804187419	-2.00372092055806
			2.86033023603828	-2.00372092055806
			2.86033023603828	-2.00558311472215
			2.86219243020236	-2.00558311472215
			2.86405462436645	-2.00744530888624
			2.86591681853054	-2.00744530888624
			2.86777901269463	-2.00930750305033
			2.86964120685871	-2.00930750305033
			2.8715034010228	-2.01116969721441
			2.87336559518689	-2.0130318913785
			2.87522778935098	-2.01489408554259
			2.87708998351506	-2.01675627970668
			2.87895217767915	-2.01675627970668
			2.88081437184324	-2.01861847387076
			2.88267656600733	-2.01861847387076
			2.88267656600733	-2.02048066803485
			2.88453876017141	-2.02048066803485
			2.8864009543355	-2.02234286219894
			2.88826314849959	-2.02420505636303
			2.89012534266368	-2.02420505636303
			2.89012534266368	-2.02606725052711
			2.89198753682776	-2.0279294446912
			2.89384973099185	-2.0279294446912
			2.89571192515594	-2.02979163885529
			2.89757411932003	-2.03165383301937
			2.89943631348411	-2.03165383301937
			2.89943631348411	-2.03351602718346
			2.9012985076482	-2.03537822134755
			2.90316070181229	-2.03724041551164
			2.90502289597637	-2.03724041551164
			2.90688509014046	-2.03910260967572
			2.90874728430455	-2.04096480383981
			2.91060947846864	-2.0428269980039
			2.91247167263272	-2.0428269980039
			2.91433386679681	-2.04468919216799
			2.9161960609609	-2.04655138633207
			2.91805825512499	-2.04841358049616
			2.91992044928907	-2.05027577466025
			2.92178264345316	-2.05027577466025
			2.92364483761725	-2.05213796882434
			2.92550703178134	-2.05400016298842
			2.92736922594542	-2.05586235715251
			2.92923142010951	-2.0577245513166
			2.9310936142736	-2.05958674548069
			2.93295580843769	-2.06144893964477
			2.93481800260177	-2.06144893964477
			2.93668019676586	-2.06331113380886
			2.93854239092995	-2.06517332797295
			2.94040458509404	-2.06703552213704
			2.94226677925812	-2.06889771630112
			2.94412897342221	-2.07075991046521
			2.9459911675863	-2.07075991046521
			2.94785336175039	-2.0726221046293
			2.94971555591447	-2.07448429879339
			2.95157775007856	-2.07634649295747
			2.95343994424265	-2.07820868712156
			2.95530213840674	-2.08007088128565
			2.95716433257082	-2.08007088128565
			2.95902652673491	-2.08193307544974
			2.95902652673491	-2.08379526961382
			2.960888720899	-2.08565746377791
			2.96275091506308	-2.08565746377791
			2.96461310922717	-2.087519657942
			2.96647530339126	-2.08938185210608
			2.96833749755535	-2.09124404627017
			2.97019969171943	-2.09124404627017
			2.97206188588352	-2.09310624043426
			2.97392408004761	-2.09496843459835
			2.97392408004761	-2.09683062876243
			2.9757862742117	-2.09683062876243
			2.97764846837578	-2.09869282292652
			2.97951066253987	-2.10055501709061
			2.98137285670396	-2.1024172112547
			2.98323505086805	-2.10427940541878
			2.98509724503213	-2.10427940541878
			2.98695943919622	-2.10614159958287
			2.98882163336031	-2.10800379374696
			2.9906838275244	-2.10986598791105
			2.99254602168848	-2.11172818207513
			2.99440821585257	-2.11359037623922
			2.99627041001666	-2.11359037623922
			2.99813260418075	-2.11545257040331
			2.99999479834483	-2.1173147645674
			3.00185699250892	-2.11917695873148
			3.00371918667301	-2.12103915289557
			3.0055813808371	-2.12290134705966
			3.00744357500118	-2.12476354122375
			3.00930576916527	-2.12476354122375
			3.01116796332936	-2.12662573538783
			3.01303015749345	-2.12848792955192
			3.01489235165753	-2.13035012371601
			3.01675454582162	-2.1322123178801
			3.01861673998571	-2.13407451204418
			3.02047893414979	-2.13593670620827
			3.02234112831388	-2.13779890037236
			3.02420332247797	-2.13966109453645
			3.02606551664206	-2.14152328870053
			3.02792771080614	-2.14338548286462
			3.02978990497023	-2.14338548286462
			3.03165209913432	-2.14524767702871
			3.03351429329841	-2.14710987119279
			3.03537648746249	-2.14897206535688
			3.03723868162658	-2.15083425952097
			3.03910087579067	-2.15269645368506
			3.04096306995476	-2.15455864784914
			3.04282526411884	-2.15642084201323
			3.04468745828293	-2.15828303617732
			3.04654965244702	-2.16014523034141
			3.04841184661111	-2.16014523034141
			3.04841184661111	-2.16200742450549
			3.05027404077519	-2.16200742450549
			3.05213623493928	-2.16386961866958
			3.05213623493928	-2.16573181283367
			3.05399842910337	-2.16573181283367
			3.05586062326746	-2.16759400699776
			3.05772281743154	-2.16759400699776
			3.05772281743154	-2.16945620116184
			3.05958501159563	-2.17131839532593
			3.06144720575972	-2.17131839532593
			3.06144720575972	-2.17318058949002
			3.06330939992381	-2.17318058949002
			3.06517159408789	-2.17504278365411
			3.06517159408789	-2.17690497781819
			3.06703378825198	-2.17690497781819
			3.06889598241607	-2.17876717198228
			3.06889598241607	-2.18062936614637
			3.07075817658016	-2.18062936614637
			3.07262037074424	-2.18249156031046
			3.07448256490833	-2.18435375447454
			3.07634475907242	-2.18621594863863
			3.0782069532365	-2.18807814280272
			3.08006914740059	-2.18807814280272
			3.08193134156468	-2.18994033696681
			3.08193134156468	-2.19180253113089
			3.08379353572877	-2.19366472529498
			3.08565572989285	-2.19366472529498
			3.08751792405694	-2.19552691945907
			3.08938011822103	-2.19738911362316
			3.09124231238512	-2.19925130778724
			3.0931045065492	-2.20111350195133
			3.0931045065492	-2.20297569611542
			3.09496670071329	-2.2048378902795
			3.09682889487738	-2.20670008444359
			3.09682889487738	-2.20856227860768
			3.09869108904147	-2.21042447277177
			3.10055328320555	-2.21228666693585
			3.10055328320555	-2.21414886109994
			3.10241547736964	-2.21601105526403
			3.10427767153373	-2.21787324942812
			3.10613986569782	-2.2197354435922
			3.10613986569782	-2.22159763775629
			3.1080020598619	-2.22345983192038
			3.10986425402599	-2.22532202608447
			3.11172644819008	-2.22718422024855
			3.11358864235417	-2.22904641441264
			3.11358864235417	-2.23090860857673
			3.11545083651825	-2.23277080274082
			3.11731303068234	-2.2346329969049
			3.11917522484643	-2.23649519106899
			3.12103741901052	-2.23649519106899
			3.1228996131746	-2.23835738523308
			3.12476180733869	-2.24021957939717
			3.12476180733869	-2.24208177356125
			3.12662400150278	-2.24394396772534
			3.12848619566687	-2.24580616188943
			3.13034838983095	-2.24766835605352
			3.13221058399504	-2.24766835605352
			3.13407277815913	-2.2495305502176
			3.13593497232321	-2.25139274438169
			3.1377971664873	-2.25325493854578
			3.13965936065139	-2.25511713270987
			3.14152155481548	-2.25697932687395
			3.14338374897956	-2.25884152103804
			3.14524594314365	-2.25884152103804
			3.14710813730774	-2.26070371520213
			3.14897033147183	-2.26256590936621
			3.15083252563591	-2.2644281035303
			3.1526947198	-2.2644281035303
			3.15455691396409	-2.26629029769439
			3.15641910812818	-2.26815249185848
			3.15828130229226	-2.26815249185848
			3.16014349645635	-2.27001468602256
			3.16200569062044	-2.27187688018665
			3.16386788478453	-2.27373907435074
			3.16573007894861	-2.27373907435074
			3.1675922731127	-2.27560126851483
			3.16945446727679	-2.27746346267891
			3.17131666144088	-2.27746346267891
			3.17317885560496	-2.279325656843
			3.17504104976905	-2.279325656843
			3.17690324393314	-2.28118785100709
			3.17876543809723	-2.28305004517118
			3.18062763226131	-2.28305004517118
			3.1824898264254	-2.28491223933526
			3.18435202058949	-2.28491223933526
			3.18435202058949	-2.28677443349935
			3.18621421475358	-2.28677443349935
			3.18807640891766	-2.28863662766344
			3.18993860308175	-2.28863662766344
			3.19180079724584	-2.29049882182753
			3.19366299140992	-2.29236101599161
			3.19552518557401	-2.29236101599161
			3.1973873797381	-2.2942232101557
			3.19924957390219	-2.2942232101557
			3.20111176806627	-2.29608540431979
			3.20297396223036	-2.29608540431979
			3.20483615639445	-2.29794759848388
			3.20669835055854	-2.29794759848388
			3.20856054472262	-2.29980979264796
			3.21042273888671	-2.29980979264796
			3.2122849330508	-2.30167198681205
			3.21414712721489	-2.30167198681205
			3.21600932137897	-2.30353418097614
			3.21787151554306	-2.30353418097614
			3.21973370970715	-2.30539637514023
			3.22159590387124	-2.30539637514023
			3.22345809803532	-2.30725856930431
			3.22532029219941	-2.30725856930431
			3.2271824863635	-2.3091207634684
			3.22904468052759	-2.3091207634684
			3.23090687469167	-2.31098295763249
			3.23276906885576	-2.31098295763249
			3.23463126301985	-2.31284515179658
			3.23649345718394	-2.31284515179658
			3.23835565134802	-2.31470734596066
			3.24021784551211	-2.31470734596066
			3.2420800396762	-2.31470734596066
			3.24394223384029	-2.31656954012475
			3.24580442800437	-2.31656954012475
			3.24766662216846	-2.31843173428884
			3.24952881633255	-2.31843173428884
			3.25139101049663	-2.32029392845292
			3.25325320466072	-2.32029392845292
			3.25511539882481	-2.32029392845292
			3.25511539882481	-2.32215612261701
			3.2569775929889	-2.32215612261701
			3.25883978715298	-2.32215612261701
			3.26070198131707	-2.3240183167811
			3.26256417548116	-2.3240183167811
			3.26442636964525	-2.3240183167811
			3.26628856380933	-2.32588051094519
			3.26815075797342	-2.32588051094519
			3.27001295213751	-2.32774270510927
			3.2718751463016	-2.32774270510927
			3.27373734046568	-2.32774270510927
			3.27559953462977	-2.32960489927336
			3.27746172879386	-2.32960489927336
			3.27932392295795	-2.33146709343745
			3.28118611712203	-2.33146709343745
			3.28304831128612	-2.33146709343745
			3.28491050545021	-2.33332928760154
			3.2867726996143	-2.33332928760154
			3.28863489377838	-2.33332928760154
			3.29049708794247	-2.33519148176562
			3.29235928210656	-2.33519148176562
			3.29422147627065	-2.33705367592971
			3.29608367043473	-2.33705367592971
			3.29794586459882	-2.33705367592971
			3.29980805876291	-2.3389158700938
			3.301670252927	-2.3389158700938
			3.30353244709108	-2.3389158700938
			3.30539464125517	-2.34077806425789
			3.30725683541926	-2.34077806425789
			3.30911902958334	-2.34077806425789
			3.31098122374743	-2.34077806425789
			3.31098122374743	-2.34264025842197
			3.31284341791152	-2.34264025842197
			3.31470561207561	-2.34264025842197
			3.31656780623969	-2.34450245258606
			3.31843000040378	-2.34450245258606
			3.32029219456787	-2.34450245258606
			3.32215438873196	-2.34636464675015
			3.32401658289604	-2.34636464675015
			3.32587877706013	-2.34636464675015
			3.32774097122422	-2.34636464675015
			3.32774097122422	-2.34822684091424
			3.32960316538831	-2.34822684091424
			3.33146535955239	-2.34822684091424
			3.33332755371648	-2.34822684091424
			3.33518974788057	-2.35008903507832
			3.33705194204466	-2.35008903507832
			3.33891413620874	-2.35008903507832
			3.34077633037283	-2.35195122924241
			3.34263852453692	-2.35195122924241
		</curvaD_espina_dorsal>
		<curvaI_espina_dorsal type=matrix rownames=FALSE colnames=FALSE nrow=339 ncol=2 as.numeric=TRUE >
			2.78956685780295	-1.99440994973763
			2.79142905196704	-1.99440994973763
			2.79329124613113	-1.99440994973763
			2.79515344029522	-1.99440994973763
			2.7970156344593	-1.99627214390171
			2.79887782862339	-1.99627214390171
			2.80074002278748	-1.99627214390171
			2.80260221695157	-1.99627214390171
			2.80446441111565	-1.99627214390171
			2.80632660527974	-1.9981343380658
			2.80818879944383	-1.9981343380658
			2.81005099360792	-1.9981343380658
			2.811913187772	-1.9981343380658
			2.81377538193609	-1.99999653222989
			2.81563757610018	-1.99999653222989
			2.81749977026427	-1.99999653222989
			2.81936196442835	-2.00185872639398
			2.82122415859244	-2.00185872639398
			2.82308635275653	-2.00372092055806
			2.82494854692062	-2.00372092055806
			2.8268107410847	-2.00372092055806
			2.8268107410847	-2.00558311472215
			2.82867293524879	-2.00558311472215
			2.83053512941288	-2.00558311472215
			2.83239732357697	-2.00744530888624
			2.83425951774105	-2.00744530888624
			2.83612171190514	-2.00930750305033
			2.83798390606923	-2.00930750305033
			2.83984610023332	-2.01116969721441
			2.8417082943974	-2.01116969721441
			2.8417082943974	-2.0130318913785
			2.84357048856149	-2.0130318913785
			2.84543268272558	-2.0130318913785
			2.84729487688966	-2.01489408554259
			2.84915707105375	-2.01675627970668
			2.85101926521784	-2.01861847387076
			2.85288145938193	-2.01861847387076
			2.85474365354601	-2.02048066803485
			2.8566058477101	-2.02234286219894
			2.85846804187419	-2.02234286219894
			2.86033023603828	-2.02420505636303
			2.86219243020236	-2.02606725052711
			2.86405462436645	-2.02606725052711
			2.86591681853054	-2.0279294446912
			2.86777901269463	-2.02979163885529
			2.86964120685871	-2.03165383301937
			2.8715034010228	-2.03165383301937
			2.8715034010228	-2.03351602718346
			2.87336559518689	-2.03537822134755
			2.87522778935098	-2.03724041551164
			2.87708998351506	-2.03910260967572
			2.87895217767915	-2.04096480383981
			2.88081437184324	-2.04096480383981
			2.88267656600733	-2.0428269980039
			2.88453876017141	-2.04468919216799
			2.8864009543355	-2.04655138633207
			2.88826314849959	-2.04841358049616
			2.89012534266368	-2.05027577466025
			2.89198753682776	-2.05213796882434
			2.89384973099185	-2.05400016298842
			2.89571192515594	-2.05586235715251
			2.89757411932003	-2.0577245513166
			2.89757411932003	-2.05958674548069
			2.89943631348411	-2.06144893964477
			2.9012985076482	-2.06331113380886
			2.90316070181229	-2.06517332797295
			2.90502289597637	-2.06703552213704
			2.90688509014046	-2.06889771630112
			2.90874728430455	-2.07075991046521
			2.91060947846864	-2.0726221046293
			2.91247167263272	-2.0726221046293
			2.91247167263272	-2.07448429879339
			2.91433386679681	-2.07634649295747
			2.9161960609609	-2.07634649295747
			2.91805825512499	-2.07820868712156
			2.91805825512499	-2.08007088128565
			2.91992044928907	-2.08193307544974
			2.92178264345316	-2.08193307544974
			2.92364483761725	-2.08379526961382
			2.92364483761725	-2.08565746377791
			2.92550703178134	-2.08565746377791
			2.92736922594542	-2.087519657942
			2.92923142010951	-2.08938185210608
			2.9310936142736	-2.09124404627017
			2.93295580843769	-2.09310624043426
			2.93481800260177	-2.09496843459835
			2.93668019676586	-2.09683062876243
			2.93854239092995	-2.09869282292652
			2.94040458509404	-2.10055501709061
			2.94226677925812	-2.1024172112547
			2.94412897342221	-2.10427940541878
			2.9459911675863	-2.10614159958287
			2.94785336175039	-2.10800379374696
			2.94971555591447	-2.10986598791105
			2.95157775007856	-2.11172818207513
			2.95343994424265	-2.11359037623922
			2.95530213840674	-2.11545257040331
			2.95716433257082	-2.1173147645674
			2.95716433257082	-2.11917695873148
			2.95902652673491	-2.11917695873148
			2.960888720899	-2.12103915289557
			2.96275091506308	-2.12290134705966
			2.96461310922717	-2.12476354122375
			2.96647530339126	-2.12662573538783
			2.96833749755535	-2.12848792955192
			2.96833749755535	-2.13035012371601
			2.97019969171943	-2.1322123178801
			2.97206188588352	-2.13407451204418
			2.97392408004761	-2.13407451204418
			2.97392408004761	-2.13593670620827
			2.9757862742117	-2.13779890037236
			2.97764846837578	-2.13966109453645
			2.97951066253987	-2.14152328870053
			2.97951066253987	-2.14338548286462
			2.98137285670396	-2.14338548286462
			2.98323505086805	-2.14524767702871
			2.98509724503213	-2.14710987119279
			2.98509724503213	-2.14897206535688
			2.98695943919622	-2.15083425952097
			2.98882163336031	-2.15083425952097
			2.98882163336031	-2.15269645368506
			2.9906838275244	-2.15455864784914
			2.99254602168848	-2.15642084201323
			2.99254602168848	-2.15828303617732
			2.99440821585257	-2.15828303617732
			2.99627041001666	-2.16014523034141
			2.99627041001666	-2.16200742450549
			2.99813260418075	-2.16386961866958
			2.99999479834483	-2.16573181283367
			3.00185699250892	-2.16759400699776
			3.00185699250892	-2.16945620116184
			3.00371918667301	-2.17131839532593
			3.0055813808371	-2.17318058949002
			3.0055813808371	-2.17504278365411
			3.00744357500118	-2.17690497781819
			3.00930576916527	-2.17876717198228
			3.01116796332936	-2.18062936614637
			3.01116796332936	-2.18249156031046
			3.01303015749345	-2.18435375447454
			3.01489235165753	-2.18621594863863
			3.01489235165753	-2.18807814280272
			3.01675454582162	-2.18994033696681
			3.01675454582162	-2.19180253113089
			3.01861673998571	-2.19366472529498
			3.01861673998571	-2.19552691945907
			3.02047893414979	-2.19738911362316
			3.02047893414979	-2.19925130778724
			3.02234112831388	-2.20111350195133
			3.02420332247797	-2.20297569611542
			3.02420332247797	-2.2048378902795
			3.02606551664206	-2.20670008444359
			3.02606551664206	-2.20856227860768
			3.02792771080614	-2.21042447277177
			3.02792771080614	-2.21228666693585
			3.02792771080614	-2.21414886109994
			3.02978990497023	-2.21601105526403
			3.02978990497023	-2.21787324942812
			3.02978990497023	-2.2197354435922
			3.02978990497023	-2.22159763775629
			3.03165209913432	-2.22345983192038
			3.03165209913432	-2.22532202608447
			3.03165209913432	-2.22718422024855
			3.03165209913432	-2.22904641441264
			3.03165209913432	-2.23090860857673
			3.03165209913432	-2.23277080274082
			3.03165209913432	-2.2346329969049
			3.03165209913432	-2.23649519106899
			3.02978990497023	-2.23835738523308
			3.02792771080614	-2.24021957939717
			3.02606551664206	-2.24208177356125
			3.02420332247797	-2.24394396772534
			3.02420332247797	-2.24580616188943
			3.02234112831388	-2.24766835605352
			3.02047893414979	-2.2495305502176
			3.01861673998571	-2.25139274438169
			3.01675454582162	-2.25325493854578
			3.01489235165753	-2.25511713270987
			3.01489235165753	-2.25697932687395
			3.01303015749345	-2.25884152103804
			3.01116796332936	-2.26070371520213
			3.00930576916527	-2.26070371520213
			3.00744357500118	-2.26256590936621
			3.0055813808371	-2.2644281035303
			3.00371918667301	-2.26629029769439
			3.00185699250892	-2.26815249185848
			3.00185699250892	-2.27001468602256
			2.99999479834483	-2.27187688018665
			2.99813260418075	-2.27187688018665
			2.99627041001666	-2.27373907435074
			2.99440821585257	-2.27560126851483
			2.99254602168848	-2.27746346267891
			2.9906838275244	-2.27746346267891
			2.98882163336031	-2.279325656843
			2.98695943919622	-2.28118785100709
			2.98509724503213	-2.28305004517118
			2.98323505086805	-2.28305004517118
			2.98323505086805	-2.28491223933526
			2.98137285670396	-2.28677443349935
			2.97951066253987	-2.28677443349935
			2.97764846837578	-2.28863662766344
			2.9757862742117	-2.29049882182753
			2.97392408004761	-2.29049882182753
			2.97206188588352	-2.29236101599161
			2.97019969171943	-2.2942232101557
			2.96833749755535	-2.2942232101557
			2.96647530339126	-2.29608540431979
			2.96461310922717	-2.29608540431979
			2.96275091506308	-2.29794759848388
			2.960888720899	-2.29980979264796
			2.95902652673491	-2.29980979264796
			2.95716433257082	-2.30167198681205
			2.95530213840674	-2.30167198681205
			2.95343994424265	-2.30353418097614
			2.95157775007856	-2.30353418097614
			2.94971555591447	-2.30539637514023
			2.94785336175039	-2.30539637514023
			2.9459911675863	-2.30725856930431
			2.94412897342221	-2.30725856930431
			2.94226677925812	-2.3091207634684
			2.94040458509404	-2.3091207634684
			2.93854239092995	-2.31098295763249
			2.93668019676586	-2.31098295763249
			2.93481800260177	-2.31284515179658
			2.93295580843769	-2.31284515179658
			2.9310936142736	-2.31284515179658
			2.92923142010951	-2.31470734596066
			2.92736922594542	-2.31470734596066
			2.92550703178134	-2.31656954012475
			2.92364483761725	-2.31656954012475
			2.92178264345316	-2.31656954012475
			2.91992044928907	-2.31843173428884
			2.91805825512499	-2.31843173428884
			2.9161960609609	-2.31843173428884
			2.91433386679681	-2.32029392845292
			2.91247167263272	-2.32029392845292
			2.91060947846864	-2.32029392845292
			2.90874728430455	-2.32029392845292
			2.90688509014046	-2.32215612261701
			2.90502289597637	-2.32215612261701
			2.90316070181229	-2.32215612261701
			2.9012985076482	-2.32215612261701
			2.89943631348411	-2.3240183167811
			2.89757411932003	-2.3240183167811
			2.89571192515594	-2.3240183167811
			2.89384973099185	-2.3240183167811
			2.89198753682776	-2.3240183167811
			2.89012534266368	-2.32588051094519
			2.88826314849959	-2.32588051094519
			2.8864009543355	-2.32588051094519
			2.88453876017141	-2.32588051094519
			2.88267656600733	-2.32588051094519
			2.88081437184324	-2.32588051094519
			2.87895217767915	-2.32588051094519
			2.87708998351506	-2.32588051094519
			2.87522778935098	-2.32774270510927
			2.87336559518689	-2.32774270510927
			2.8715034010228	-2.32774270510927
			2.86964120685871	-2.32774270510927
			2.86777901269463	-2.32774270510927
			2.86591681853054	-2.32774270510927
			2.86405462436645	-2.32774270510927
			2.86219243020236	-2.32774270510927
			2.86033023603828	-2.32774270510927
			2.85846804187419	-2.32774270510927
			2.8566058477101	-2.32774270510927
			2.85474365354601	-2.32774270510927
			2.85288145938193	-2.32774270510927
			2.85101926521784	-2.32774270510927
			2.84915707105375	-2.32774270510927
			2.84729487688966	-2.32774270510927
			2.84543268272558	-2.32774270510927
			2.84357048856149	-2.32960489927336
			2.8417082943974	-2.33146709343745
			2.83984610023332	-2.33146709343745
			2.83984610023332	-2.33332928760154
			2.83798390606923	-2.33519148176562
			2.83612171190514	-2.33705367592971
			2.83425951774105	-2.3389158700938
			2.83239732357697	-2.34077806425789
			2.83053512941288	-2.34077806425789
			2.82867293524879	-2.34264025842197
			2.8268107410847	-2.34450245258606
			2.8268107410847	-2.34636464675015
			2.82494854692062	-2.34822684091424
			2.82308635275653	-2.35008903507832
			2.82122415859244	-2.35195122924241
			2.81936196442835	-2.3538134234065
			2.81749977026427	-2.35567561757059
			2.81749977026427	-2.35753781173467
			2.81563757610018	-2.35940000589876
			2.81377538193609	-2.36126220006285
			2.811913187772	-2.36312439422694
			2.81005099360792	-2.36498658839102
			2.80818879944383	-2.36684878255511
			2.80818879944383	-2.3687109767192
			2.80632660527974	-2.37057317088329
			2.80446441111565	-2.37243536504737
			2.80260221695157	-2.37429755921146
			2.80074002278748	-2.37615975337555
			2.80074002278748	-2.37802194753963
			2.79887782862339	-2.37988414170372
			2.79887782862339	-2.38174633586781
			2.7970156344593	-2.38174633586781
			2.7970156344593	-2.3836085300319
			2.79515344029522	-2.38547072419598
			2.79329124613113	-2.38733291836007
			2.79329124613113	-2.38919511252416
			2.79142905196704	-2.39105730668825
			2.79142905196704	-2.39291950085233
			2.78956685780295	-2.39291950085233
			2.78770466363887	-2.39478169501642
			2.78770466363887	-2.39664388918051
			2.78584246947478	-2.3985060833446
			2.78584246947478	-2.40036827750868
			2.78398027531069	-2.40223047167277
			2.78398027531069	-2.40409266583686
			2.78211808114661	-2.40595486000095
			2.78025588698252	-2.40781705416503
			2.78025588698252	-2.40967924832912
			2.77839369281843	-2.41154144249321
			2.77653149865434	-2.4134036366573
			2.77653149865434	-2.41526583082138
			2.77466930449026	-2.41712802498547
			2.77466930449026	-2.41899021914956
			2.77280711032617	-2.42085241331365
			2.77280711032617	-2.42271460747773
			2.77094491616208	-2.42457680164182
			2.77094491616208	-2.42643899580591
			2.76908272199799	-2.42830118997
			2.76722052783391	-2.43016338413408
			2.76722052783391	-2.43202557829817
			2.76535833366982	-2.43388777246226
			2.76535833366982	-2.43574996662634
			2.76349613950573	-2.43761216079043
			2.76349613950573	-2.43947435495452
			2.76163394534164	-2.44133654911861
			2.76163394534164	-2.44319874328269
			2.75977175117756	-2.44506093744678
			2.75977175117756	-2.44692313161087
		</curvaI_espina_dorsal>
	</curves.scaled>
	<ruler.points type=matrix rownames=TRUE colnames=FALSE nrow=2 ncol=2 as.numeric=TRUE >
		Ruler point 1	1569	576
		Ruler point 2	2106	575
	</ruler.points>
</shapes>

