<shapes type=list>
	<ruler.pixel type=vector names=FALSE length=1 as.numeric=TRUE >536.008395456638</ruler.pixel>
	<ruler.interval type=vector names=FALSE length=1 as.numeric=TRUE >1</ruler.interval>
	<scaling.units type=vector names=FALSE length=1 as.numeric=FALSE >mm</scaling.units>
	<scaling type=vector names=FALSE length=1 as.numeric=TRUE >0.00186219416408742</scaling>
	<landmarks.pixel type=matrix rownames=TRUE colnames=FALSE nrow=3 ncol=2 as.numeric=TRUE >
		punta_espina_dorsal	1374	1124
		esq_izq_caparaza	1529	1309
		organo_dorsal	1697	1079
	</landmarks.pixel>
	<landmarks.scaled type=matrix rownames=TRUE colnames=FALSE nrow=3 ncol=2 as.numeric=TRUE >
		punta_espina_dorsal	2.55865478145611	-2.09310624043426
		esq_izq_caparaza	2.84729487688966	-2.43761216079043
		organo_dorsal	3.16014349645635	-2.00930750305033
	</landmarks.scaled>
	<curves.control type=list>
		<curvaD_espina_dorsal type=matrix rownames=FALSE colnames=FALSE nrow=7 ncol=2 as.numeric=TRUE >
			1374	1124
			1406	1110
			1448	1104
			1516	1102
			1585	1114
			1636	1142
			1697	1079
		</curvaD_espina_dorsal>
		<curvaI_espina_dorsal type=matrix rownames=FALSE colnames=FALSE nrow=9 ncol=2 as.numeric=TRUE >
			1374	1124
			1424	1122
			1471	1121
			1555	1129
			1567	1145
			1582	1185
			1529	1241
			1523	1278
			1529	1309
		</curvaI_espina_dorsal>
	</curves.control>
	<curves.pixel type=list>
		<curvaD_espina_dorsal type=matrix rownames=FALSE colnames=FALSE nrow=329 ncol=2 as.numeric=TRUE >
			1374	1124
			1375	1124
			1376	1123
			1377	1123
			1378	1122
			1379	1122
			1380	1121
			1381	1121
			1382	1121
			1383	1120
			1384	1120
			1385	1120
			1386	1119
			1387	1119
			1388	1118
			1389	1118
			1390	1118
			1391	1117
			1392	1117
			1393	1117
			1394	1116
			1395	1116
			1396	1116
			1397	1115
			1398	1115
			1399	1115
			1400	1114
			1401	1114
			1402	1114
			1403	1113
			1404	1113
			1405	1113
			1406	1113
			1407	1112
			1408	1112
			1409	1112
			1410	1112
			1411	1111
			1412	1111
			1413	1111
			1414	1111
			1415	1110
			1416	1110
			1417	1110
			1418	1110
			1419	1109
			1420	1109
			1421	1109
			1422	1109
			1423	1108
			1424	1108
			1425	1108
			1426	1108
			1427	1108
			1428	1107
			1429	1107
			1430	1107
			1431	1107
			1432	1107
			1433	1106
			1434	1106
			1435	1106
			1436	1106
			1437	1106
			1438	1106
			1439	1105
			1440	1105
			1441	1105
			1442	1105
			1443	1105
			1444	1105
			1445	1104
			1446	1104
			1447	1104
			1448	1104
			1449	1104
			1450	1104
			1451	1104
			1452	1104
			1453	1104
			1454	1104
			1455	1104
			1456	1104
			1457	1104
			1458	1104
			1459	1104
			1460	1104
			1461	1104
			1462	1104
			1463	1104
			1464	1104
			1465	1104
			1466	1104
			1467	1104
			1468	1104
			1469	1104
			1470	1104
			1471	1104
			1472	1104
			1473	1104
			1474	1104
			1475	1104
			1476	1104
			1477	1104
			1478	1104
			1479	1104
			1480	1104
			1481	1104
			1482	1104
			1483	1104
			1484	1104
			1485	1104
			1486	1104
			1487	1104
			1488	1104
			1489	1104
			1490	1104
			1491	1104
			1492	1104
			1493	1104
			1494	1104
			1495	1104
			1496	1104
			1497	1104
			1498	1104
			1499	1104
			1500	1104
			1500	1105
			1501	1105
			1502	1105
			1503	1105
			1504	1105
			1505	1105
			1506	1105
			1507	1105
			1508	1105
			1509	1105
			1510	1105
			1511	1105
			1512	1105
			1513	1105
			1514	1105
			1515	1105
			1516	1106
			1517	1106
			1518	1106
			1519	1106
			1520	1106
			1521	1106
			1522	1106
			1523	1106
			1524	1106
			1525	1106
			1526	1106
			1527	1106
			1528	1106
			1529	1107
			1530	1107
			1531	1107
			1532	1107
			1533	1107
			1534	1107
			1535	1107
			1536	1107
			1537	1107
			1538	1107
			1539	1108
			1540	1108
			1541	1108
			1542	1108
			1543	1108
			1544	1108
			1545	1108
			1546	1108
			1547	1108
			1548	1109
			1549	1109
			1550	1109
			1551	1109
			1552	1109
			1553	1109
			1554	1109
			1555	1109
			1556	1110
			1557	1110
			1558	1110
			1559	1110
			1560	1110
			1561	1110
			1562	1110
			1563	1111
			1564	1111
			1565	1111
			1566	1111
			1567	1111
			1568	1111
			1569	1111
			1570	1112
			1571	1112
			1572	1112
			1573	1112
			1574	1112
			1575	1112
			1576	1113
			1577	1113
			1578	1113
			1579	1113
			1580	1113
			1581	1113
			1582	1113
			1583	1114
			1584	1114
			1585	1114
			1586	1115
			1587	1115
			1588	1115
			1588	1116
			1589	1116
			1590	1116
			1591	1117
			1592	1117
			1593	1118
			1594	1118
			1595	1119
			1596	1119
			1597	1119
			1598	1120
			1599	1120
			1600	1120
			1601	1120
			1602	1121
			1603	1121
			1604	1121
			1605	1121
			1606	1122
			1607	1122
			1608	1122
			1609	1122
			1610	1122
			1611	1122
			1612	1122
			1613	1122
			1614	1123
			1615	1123
			1616	1123
			1617	1123
			1618	1123
			1619	1123
			1620	1123
			1621	1122
			1622	1122
			1623	1122
			1624	1122
			1625	1122
			1626	1122
			1627	1122
			1628	1122
			1629	1122
			1630	1121
			1631	1121
			1632	1121
			1633	1121
			1634	1121
			1634	1120
			1635	1120
			1636	1120
			1637	1120
			1638	1120
			1638	1119
			1639	1119
			1640	1119
			1641	1119
			1641	1118
			1642	1118
			1643	1118
			1644	1117
			1645	1117
			1646	1116
			1647	1116
			1648	1116
			1649	1115
			1650	1115
			1651	1114
			1652	1114
			1653	1113
			1654	1113
			1655	1112
			1656	1112
			1657	1111
			1658	1111
			1659	1110
			1660	1109
			1661	1109
			1662	1108
			1663	1108
			1664	1107
			1665	1106
			1666	1105
			1667	1105
			1668	1104
			1669	1103
			1670	1103
			1671	1102
			1672	1101
			1673	1100
			1674	1100
			1675	1099
			1676	1098
			1677	1097
			1678	1097
			1679	1096
			1680	1095
			1681	1094
			1682	1093
			1683	1092
			1684	1091
			1685	1090
			1686	1090
			1687	1089
			1688	1088
			1689	1087
			1690	1086
			1691	1085
			1692	1084
			1693	1083
			1694	1082
			1695	1081
			1696	1080
			1697	1079
		</curvaD_espina_dorsal>
		<curvaI_espina_dorsal type=matrix rownames=FALSE colnames=FALSE nrow=368 ncol=2 as.numeric=TRUE >
			1374	1124
			1375	1124
			1376	1124
			1377	1124
			1378	1124
			1379	1124
			1380	1124
			1381	1124
			1382	1124
			1383	1124
			1384	1124
			1385	1124
			1386	1124
			1387	1124
			1388	1123
			1389	1123
			1390	1123
			1391	1123
			1392	1123
			1393	1123
			1394	1123
			1395	1123
			1396	1123
			1397	1123
			1398	1123
			1399	1123
			1400	1123
			1401	1123
			1402	1123
			1403	1123
			1404	1123
			1405	1123
			1406	1123
			1407	1123
			1408	1123
			1409	1123
			1410	1123
			1411	1123
			1412	1123
			1413	1123
			1414	1123
			1415	1123
			1415	1122
			1416	1122
			1417	1122
			1418	1122
			1419	1122
			1420	1122
			1421	1122
			1422	1122
			1423	1122
			1424	1122
			1425	1122
			1426	1122
			1427	1122
			1428	1122
			1429	1122
			1430	1122
			1431	1122
			1432	1122
			1433	1122
			1434	1122
			1435	1122
			1436	1122
			1437	1122
			1438	1122
			1439	1122
			1440	1122
			1441	1122
			1442	1122
			1443	1122
			1444	1122
			1445	1122
			1446	1122
			1447	1122
			1448	1122
			1449	1122
			1450	1122
			1450	1121
			1451	1121
			1452	1121
			1453	1121
			1454	1121
			1455	1121
			1456	1121
			1457	1121
			1458	1121
			1459	1121
			1460	1121
			1461	1121
			1462	1121
			1463	1121
			1464	1121
			1465	1121
			1466	1121
			1467	1121
			1468	1121
			1469	1121
			1470	1121
			1471	1121
			1472	1121
			1473	1121
			1474	1121
			1475	1121
			1476	1121
			1477	1122
			1478	1122
			1479	1122
			1480	1122
			1481	1122
			1482	1122
			1483	1122
			1484	1122
			1485	1122
			1486	1123
			1487	1123
			1488	1123
			1489	1123
			1490	1123
			1491	1123
			1492	1123
			1493	1123
			1494	1124
			1495	1124
			1496	1124
			1497	1124
			1498	1124
			1499	1124
			1500	1124
			1501	1124
			1502	1124
			1502	1125
			1503	1125
			1504	1125
			1505	1125
			1506	1125
			1507	1125
			1508	1125
			1509	1126
			1510	1126
			1511	1126
			1512	1126
			1513	1126
			1514	1126
			1515	1127
			1516	1127
			1517	1127
			1518	1127
			1519	1127
			1520	1127
			1521	1128
			1522	1128
			1523	1128
			1524	1128
			1525	1128
			1526	1129
			1527	1129
			1528	1129
			1529	1129
			1530	1129
			1531	1130
			1532	1130
			1533	1130
			1534	1130
			1535	1131
			1536	1131
			1537	1131
			1538	1131
			1539	1131
			1539	1132
			1540	1132
			1541	1132
			1542	1132
			1543	1133
			1544	1133
			1545	1133
			1546	1134
			1547	1134
			1548	1134
			1549	1134
			1549	1135
			1550	1135
			1551	1135
			1552	1136
			1553	1136
			1554	1136
			1555	1137
			1556	1137
			1557	1138
			1558	1138
			1559	1139
			1560	1139
			1561	1140
			1562	1141
			1563	1142
			1564	1142
			1565	1143
			1566	1143
			1566	1144
			1567	1145
			1567	1146
			1568	1147
			1568	1148
			1568	1149
			1569	1150
			1569	1151
			1569	1152
			1569	1153
			1569	1154
			1570	1154
			1570	1155
			1570	1156
			1570	1157
			1570	1158
			1570	1159
			1570	1160
			1570	1161
			1570	1162
			1570	1163
			1570	1164
			1570	1165
			1570	1166
			1570	1167
			1570	1168
			1570	1169
			1570	1170
			1570	1171
			1570	1172
			1570	1173
			1569	1174
			1569	1175
			1569	1176
			1569	1177
			1568	1178
			1568	1179
			1568	1180
			1568	1181
			1567	1182
			1567	1183
			1567	1184
			1566	1185
			1566	1186
			1566	1187
			1565	1188
			1565	1189
			1565	1190
			1564	1191
			1564	1192
			1563	1193
			1563	1194
			1562	1195
			1562	1196
			1561	1197
			1561	1198
			1560	1199
			1560	1200
			1559	1201
			1559	1202
			1558	1203
			1558	1204
			1557	1205
			1556	1206
			1556	1207
			1555	1208
			1554	1209
			1554	1210
			1553	1211
			1552	1212
			1552	1213
			1551	1214
			1551	1215
			1550	1216
			1549	1217
			1548	1218
			1548	1219
			1547	1219
			1547	1220
			1546	1221
			1546	1222
			1545	1223
			1544	1223
			1544	1224
			1543	1225
			1542	1226
			1542	1227
			1541	1227
			1540	1228
			1540	1229
			1539	1230
			1538	1231
			1537	1232
			1536	1233
			1535	1234
			1534	1235
			1534	1236
			1533	1237
			1532	1238
			1531	1239
			1530	1240
			1529	1241
			1529	1242
			1529	1243
			1528	1244
			1528	1245
			1528	1246
			1528	1247
			1528	1248
			1528	1249
			1528	1250
			1528	1251
			1527	1252
			1527	1253
			1527	1254
			1527	1255
			1527	1256
			1527	1257
			1527	1258
			1527	1259
			1527	1260
			1527	1261
			1527	1262
			1526	1263
			1526	1264
			1526	1265
			1526	1266
			1526	1267
			1526	1268
			1526	1269
			1526	1270
			1526	1271
			1526	1272
			1526	1273
			1526	1274
			1526	1275
			1526	1276
			1526	1277
			1526	1278
			1526	1279
			1526	1280
			1526	1281
			1526	1282
			1526	1283
			1526	1284
			1526	1285
			1526	1286
			1526	1287
			1526	1288
			1526	1289
			1526	1290
			1527	1291
			1527	1292
			1527	1293
			1527	1294
			1527	1295
			1527	1296
			1527	1297
			1527	1298
			1527	1299
			1527	1300
			1528	1301
			1528	1302
			1528	1303
			1528	1304
			1528	1305
			1528	1306
			1529	1307
			1529	1308
			1529	1309
		</curvaI_espina_dorsal>
	</curves.pixel>
	<curves.scaled type=list>
		<curvaD_espina_dorsal type=matrix rownames=FALSE colnames=FALSE nrow=329 ncol=2 as.numeric=TRUE >
			2.55865478145611	-2.09310624043426
			2.5605169756202	-2.09310624043426
			2.56237916978429	-2.09124404627017
			2.56424136394838	-2.09124404627017
			2.56610355811246	-2.08938185210608
			2.56796575227655	-2.08938185210608
			2.56982794644064	-2.087519657942
			2.57169014060473	-2.087519657942
			2.57355233476881	-2.087519657942
			2.5754145289329	-2.08565746377791
			2.57727672309699	-2.08565746377791
			2.57913891726108	-2.08565746377791
			2.58100111142516	-2.08379526961382
			2.58286330558925	-2.08379526961382
			2.58472549975334	-2.08193307544974
			2.58658769391743	-2.08193307544974
			2.58844988808151	-2.08193307544974
			2.5903120822456	-2.08007088128565
			2.59217427640969	-2.08007088128565
			2.59403647057378	-2.08007088128565
			2.59589866473786	-2.07820868712156
			2.59776085890195	-2.07820868712156
			2.59962305306604	-2.07820868712156
			2.60148524723013	-2.07634649295747
			2.60334744139421	-2.07634649295747
			2.6052096355583	-2.07634649295747
			2.60707182972239	-2.07448429879339
			2.60893402388647	-2.07448429879339
			2.61079621805056	-2.07448429879339
			2.61265841221465	-2.0726221046293
			2.61452060637874	-2.0726221046293
			2.61638280054282	-2.0726221046293
			2.61824499470691	-2.0726221046293
			2.620107188871	-2.07075991046521
			2.62196938303509	-2.07075991046521
			2.62383157719917	-2.07075991046521
			2.62569377136326	-2.07075991046521
			2.62755596552735	-2.06889771630112
			2.62941815969144	-2.06889771630112
			2.63128035385552	-2.06889771630112
			2.63314254801961	-2.06889771630112
			2.6350047421837	-2.06703552213704
			2.63686693634779	-2.06703552213704
			2.63872913051187	-2.06703552213704
			2.64059132467596	-2.06703552213704
			2.64245351884005	-2.06517332797295
			2.64431571300414	-2.06517332797295
			2.64617790716822	-2.06517332797295
			2.64804010133231	-2.06517332797295
			2.6499022954964	-2.06331113380886
			2.65176448966049	-2.06331113380886
			2.65362668382457	-2.06331113380886
			2.65548887798866	-2.06331113380886
			2.65735107215275	-2.06331113380886
			2.65921326631684	-2.06144893964477
			2.66107546048092	-2.06144893964477
			2.66293765464501	-2.06144893964477
			2.6647998488091	-2.06144893964477
			2.66666204297319	-2.06144893964477
			2.66852423713727	-2.05958674548069
			2.67038643130136	-2.05958674548069
			2.67224862546545	-2.05958674548069
			2.67411081962953	-2.05958674548069
			2.67597301379362	-2.05958674548069
			2.67783520795771	-2.05958674548069
			2.6796974021218	-2.0577245513166
			2.68155959628588	-2.0577245513166
			2.68342179044997	-2.0577245513166
			2.68528398461406	-2.0577245513166
			2.68714617877815	-2.0577245513166
			2.68900837294223	-2.0577245513166
			2.69087056710632	-2.05586235715251
			2.69273276127041	-2.05586235715251
			2.6945949554345	-2.05586235715251
			2.69645714959858	-2.05586235715251
			2.69831934376267	-2.05586235715251
			2.70018153792676	-2.05586235715251
			2.70204373209085	-2.05586235715251
			2.70390592625493	-2.05586235715251
			2.70576812041902	-2.05586235715251
			2.70763031458311	-2.05586235715251
			2.7094925087472	-2.05586235715251
			2.71135470291128	-2.05586235715251
			2.71321689707537	-2.05586235715251
			2.71507909123946	-2.05586235715251
			2.71694128540355	-2.05586235715251
			2.71880347956763	-2.05586235715251
			2.72066567373172	-2.05586235715251
			2.72252786789581	-2.05586235715251
			2.7243900620599	-2.05586235715251
			2.72625225622398	-2.05586235715251
			2.72811445038807	-2.05586235715251
			2.72997664455216	-2.05586235715251
			2.73183883871624	-2.05586235715251
			2.73370103288033	-2.05586235715251
			2.73556322704442	-2.05586235715251
			2.73742542120851	-2.05586235715251
			2.73928761537259	-2.05586235715251
			2.74114980953668	-2.05586235715251
			2.74301200370077	-2.05586235715251
			2.74487419786486	-2.05586235715251
			2.74673639202894	-2.05586235715251
			2.74859858619303	-2.05586235715251
			2.75046078035712	-2.05586235715251
			2.75232297452121	-2.05586235715251
			2.75418516868529	-2.05586235715251
			2.75604736284938	-2.05586235715251
			2.75790955701347	-2.05586235715251
			2.75977175117756	-2.05586235715251
			2.76163394534164	-2.05586235715251
			2.76349613950573	-2.05586235715251
			2.76535833366982	-2.05586235715251
			2.76722052783391	-2.05586235715251
			2.76908272199799	-2.05586235715251
			2.77094491616208	-2.05586235715251
			2.77280711032617	-2.05586235715251
			2.77466930449026	-2.05586235715251
			2.77653149865434	-2.05586235715251
			2.77839369281843	-2.05586235715251
			2.78025588698252	-2.05586235715251
			2.78211808114661	-2.05586235715251
			2.78398027531069	-2.05586235715251
			2.78584246947478	-2.05586235715251
			2.78770466363887	-2.05586235715251
			2.78956685780295	-2.05586235715251
			2.79142905196704	-2.05586235715251
			2.79329124613113	-2.05586235715251
			2.79329124613113	-2.0577245513166
			2.79515344029522	-2.0577245513166
			2.7970156344593	-2.0577245513166
			2.79887782862339	-2.0577245513166
			2.80074002278748	-2.0577245513166
			2.80260221695157	-2.0577245513166
			2.80446441111565	-2.0577245513166
			2.80632660527974	-2.0577245513166
			2.80818879944383	-2.0577245513166
			2.81005099360792	-2.0577245513166
			2.811913187772	-2.0577245513166
			2.81377538193609	-2.0577245513166
			2.81563757610018	-2.0577245513166
			2.81749977026427	-2.0577245513166
			2.81936196442835	-2.0577245513166
			2.82122415859244	-2.0577245513166
			2.82308635275653	-2.05958674548069
			2.82494854692062	-2.05958674548069
			2.8268107410847	-2.05958674548069
			2.82867293524879	-2.05958674548069
			2.83053512941288	-2.05958674548069
			2.83239732357697	-2.05958674548069
			2.83425951774105	-2.05958674548069
			2.83612171190514	-2.05958674548069
			2.83798390606923	-2.05958674548069
			2.83984610023332	-2.05958674548069
			2.8417082943974	-2.05958674548069
			2.84357048856149	-2.05958674548069
			2.84543268272558	-2.05958674548069
			2.84729487688966	-2.06144893964477
			2.84915707105375	-2.06144893964477
			2.85101926521784	-2.06144893964477
			2.85288145938193	-2.06144893964477
			2.85474365354601	-2.06144893964477
			2.8566058477101	-2.06144893964477
			2.85846804187419	-2.06144893964477
			2.86033023603828	-2.06144893964477
			2.86219243020236	-2.06144893964477
			2.86405462436645	-2.06144893964477
			2.86591681853054	-2.06331113380886
			2.86777901269463	-2.06331113380886
			2.86964120685871	-2.06331113380886
			2.8715034010228	-2.06331113380886
			2.87336559518689	-2.06331113380886
			2.87522778935098	-2.06331113380886
			2.87708998351506	-2.06331113380886
			2.87895217767915	-2.06331113380886
			2.88081437184324	-2.06331113380886
			2.88267656600733	-2.06517332797295
			2.88453876017141	-2.06517332797295
			2.8864009543355	-2.06517332797295
			2.88826314849959	-2.06517332797295
			2.89012534266368	-2.06517332797295
			2.89198753682776	-2.06517332797295
			2.89384973099185	-2.06517332797295
			2.89571192515594	-2.06517332797295
			2.89757411932003	-2.06703552213704
			2.89943631348411	-2.06703552213704
			2.9012985076482	-2.06703552213704
			2.90316070181229	-2.06703552213704
			2.90502289597637	-2.06703552213704
			2.90688509014046	-2.06703552213704
			2.90874728430455	-2.06703552213704
			2.91060947846864	-2.06889771630112
			2.91247167263272	-2.06889771630112
			2.91433386679681	-2.06889771630112
			2.9161960609609	-2.06889771630112
			2.91805825512499	-2.06889771630112
			2.91992044928907	-2.06889771630112
			2.92178264345316	-2.06889771630112
			2.92364483761725	-2.07075991046521
			2.92550703178134	-2.07075991046521
			2.92736922594542	-2.07075991046521
			2.92923142010951	-2.07075991046521
			2.9310936142736	-2.07075991046521
			2.93295580843769	-2.07075991046521
			2.93481800260177	-2.0726221046293
			2.93668019676586	-2.0726221046293
			2.93854239092995	-2.0726221046293
			2.94040458509404	-2.0726221046293
			2.94226677925812	-2.0726221046293
			2.94412897342221	-2.0726221046293
			2.9459911675863	-2.0726221046293
			2.94785336175039	-2.07448429879339
			2.94971555591447	-2.07448429879339
			2.95157775007856	-2.07448429879339
			2.95343994424265	-2.07634649295747
			2.95530213840674	-2.07634649295747
			2.95716433257082	-2.07634649295747
			2.95716433257082	-2.07820868712156
			2.95902652673491	-2.07820868712156
			2.960888720899	-2.07820868712156
			2.96275091506308	-2.08007088128565
			2.96461310922717	-2.08007088128565
			2.96647530339126	-2.08193307544974
			2.96833749755535	-2.08193307544974
			2.97019969171943	-2.08379526961382
			2.97206188588352	-2.08379526961382
			2.97392408004761	-2.08379526961382
			2.9757862742117	-2.08565746377791
			2.97764846837578	-2.08565746377791
			2.97951066253987	-2.08565746377791
			2.98137285670396	-2.08565746377791
			2.98323505086805	-2.087519657942
			2.98509724503213	-2.087519657942
			2.98695943919622	-2.087519657942
			2.98882163336031	-2.087519657942
			2.9906838275244	-2.08938185210608
			2.99254602168848	-2.08938185210608
			2.99440821585257	-2.08938185210608
			2.99627041001666	-2.08938185210608
			2.99813260418075	-2.08938185210608
			2.99999479834483	-2.08938185210608
			3.00185699250892	-2.08938185210608
			3.00371918667301	-2.08938185210608
			3.0055813808371	-2.09124404627017
			3.00744357500118	-2.09124404627017
			3.00930576916527	-2.09124404627017
			3.01116796332936	-2.09124404627017
			3.01303015749345	-2.09124404627017
			3.01489235165753	-2.09124404627017
			3.01675454582162	-2.09124404627017
			3.01861673998571	-2.08938185210608
			3.02047893414979	-2.08938185210608
			3.02234112831388	-2.08938185210608
			3.02420332247797	-2.08938185210608
			3.02606551664206	-2.08938185210608
			3.02792771080614	-2.08938185210608
			3.02978990497023	-2.08938185210608
			3.03165209913432	-2.08938185210608
			3.03351429329841	-2.08938185210608
			3.03537648746249	-2.087519657942
			3.03723868162658	-2.087519657942
			3.03910087579067	-2.087519657942
			3.04096306995476	-2.087519657942
			3.04282526411884	-2.087519657942
			3.04282526411884	-2.08565746377791
			3.04468745828293	-2.08565746377791
			3.04654965244702	-2.08565746377791
			3.04841184661111	-2.08565746377791
			3.05027404077519	-2.08565746377791
			3.05027404077519	-2.08379526961382
			3.05213623493928	-2.08379526961382
			3.05399842910337	-2.08379526961382
			3.05586062326746	-2.08379526961382
			3.05586062326746	-2.08193307544974
			3.05772281743154	-2.08193307544974
			3.05958501159563	-2.08193307544974
			3.06144720575972	-2.08007088128565
			3.06330939992381	-2.08007088128565
			3.06517159408789	-2.07820868712156
			3.06703378825198	-2.07820868712156
			3.06889598241607	-2.07820868712156
			3.07075817658016	-2.07634649295747
			3.07262037074424	-2.07634649295747
			3.07448256490833	-2.07448429879339
			3.07634475907242	-2.07448429879339
			3.0782069532365	-2.0726221046293
			3.08006914740059	-2.0726221046293
			3.08193134156468	-2.07075991046521
			3.08379353572877	-2.07075991046521
			3.08565572989285	-2.06889771630112
			3.08751792405694	-2.06889771630112
			3.08938011822103	-2.06703552213704
			3.09124231238512	-2.06517332797295
			3.0931045065492	-2.06517332797295
			3.09496670071329	-2.06331113380886
			3.09682889487738	-2.06331113380886
			3.09869108904147	-2.06144893964477
			3.10055328320555	-2.05958674548069
			3.10241547736964	-2.0577245513166
			3.10427767153373	-2.0577245513166
			3.10613986569782	-2.05586235715251
			3.1080020598619	-2.05400016298842
			3.10986425402599	-2.05400016298842
			3.11172644819008	-2.05213796882434
			3.11358864235417	-2.05027577466025
			3.11545083651825	-2.04841358049616
			3.11731303068234	-2.04841358049616
			3.11917522484643	-2.04655138633207
			3.12103741901052	-2.04468919216799
			3.1228996131746	-2.0428269980039
			3.12476180733869	-2.0428269980039
			3.12662400150278	-2.04096480383981
			3.12848619566687	-2.03910260967572
			3.13034838983095	-2.03724041551164
			3.13221058399504	-2.03537822134755
			3.13407277815913	-2.03351602718346
			3.13593497232321	-2.03165383301937
			3.1377971664873	-2.02979163885529
			3.13965936065139	-2.02979163885529
			3.14152155481548	-2.0279294446912
			3.14338374897956	-2.02606725052711
			3.14524594314365	-2.02420505636303
			3.14710813730774	-2.02234286219894
			3.14897033147183	-2.02048066803485
			3.15083252563591	-2.01861847387076
			3.1526947198	-2.01675627970668
			3.15455691396409	-2.01489408554259
			3.15641910812818	-2.0130318913785
			3.15828130229226	-2.01116969721441
			3.16014349645635	-2.00930750305033
		</curvaD_espina_dorsal>
		<curvaI_espina_dorsal type=matrix rownames=FALSE colnames=FALSE nrow=368 ncol=2 as.numeric=TRUE >
			2.55865478145611	-2.09310624043426
			2.5605169756202	-2.09310624043426
			2.56237916978429	-2.09310624043426
			2.56424136394838	-2.09310624043426
			2.56610355811246	-2.09310624043426
			2.56796575227655	-2.09310624043426
			2.56982794644064	-2.09310624043426
			2.57169014060473	-2.09310624043426
			2.57355233476881	-2.09310624043426
			2.5754145289329	-2.09310624043426
			2.57727672309699	-2.09310624043426
			2.57913891726108	-2.09310624043426
			2.58100111142516	-2.09310624043426
			2.58286330558925	-2.09310624043426
			2.58472549975334	-2.09124404627017
			2.58658769391743	-2.09124404627017
			2.58844988808151	-2.09124404627017
			2.5903120822456	-2.09124404627017
			2.59217427640969	-2.09124404627017
			2.59403647057378	-2.09124404627017
			2.59589866473786	-2.09124404627017
			2.59776085890195	-2.09124404627017
			2.59962305306604	-2.09124404627017
			2.60148524723013	-2.09124404627017
			2.60334744139421	-2.09124404627017
			2.6052096355583	-2.09124404627017
			2.60707182972239	-2.09124404627017
			2.60893402388647	-2.09124404627017
			2.61079621805056	-2.09124404627017
			2.61265841221465	-2.09124404627017
			2.61452060637874	-2.09124404627017
			2.61638280054282	-2.09124404627017
			2.61824499470691	-2.09124404627017
			2.620107188871	-2.09124404627017
			2.62196938303509	-2.09124404627017
			2.62383157719917	-2.09124404627017
			2.62569377136326	-2.09124404627017
			2.62755596552735	-2.09124404627017
			2.62941815969144	-2.09124404627017
			2.63128035385552	-2.09124404627017
			2.63314254801961	-2.09124404627017
			2.6350047421837	-2.09124404627017
			2.6350047421837	-2.08938185210608
			2.63686693634779	-2.08938185210608
			2.63872913051187	-2.08938185210608
			2.64059132467596	-2.08938185210608
			2.64245351884005	-2.08938185210608
			2.64431571300414	-2.08938185210608
			2.64617790716822	-2.08938185210608
			2.64804010133231	-2.08938185210608
			2.6499022954964	-2.08938185210608
			2.65176448966049	-2.08938185210608
			2.65362668382457	-2.08938185210608
			2.65548887798866	-2.08938185210608
			2.65735107215275	-2.08938185210608
			2.65921326631684	-2.08938185210608
			2.66107546048092	-2.08938185210608
			2.66293765464501	-2.08938185210608
			2.6647998488091	-2.08938185210608
			2.66666204297319	-2.08938185210608
			2.66852423713727	-2.08938185210608
			2.67038643130136	-2.08938185210608
			2.67224862546545	-2.08938185210608
			2.67411081962953	-2.08938185210608
			2.67597301379362	-2.08938185210608
			2.67783520795771	-2.08938185210608
			2.6796974021218	-2.08938185210608
			2.68155959628588	-2.08938185210608
			2.68342179044997	-2.08938185210608
			2.68528398461406	-2.08938185210608
			2.68714617877815	-2.08938185210608
			2.68900837294223	-2.08938185210608
			2.69087056710632	-2.08938185210608
			2.69273276127041	-2.08938185210608
			2.6945949554345	-2.08938185210608
			2.69645714959858	-2.08938185210608
			2.69831934376267	-2.08938185210608
			2.70018153792676	-2.08938185210608
			2.70018153792676	-2.087519657942
			2.70204373209085	-2.087519657942
			2.70390592625493	-2.087519657942
			2.70576812041902	-2.087519657942
			2.70763031458311	-2.087519657942
			2.7094925087472	-2.087519657942
			2.71135470291128	-2.087519657942
			2.71321689707537	-2.087519657942
			2.71507909123946	-2.087519657942
			2.71694128540355	-2.087519657942
			2.71880347956763	-2.087519657942
			2.72066567373172	-2.087519657942
			2.72252786789581	-2.087519657942
			2.7243900620599	-2.087519657942
			2.72625225622398	-2.087519657942
			2.72811445038807	-2.087519657942
			2.72997664455216	-2.087519657942
			2.73183883871624	-2.087519657942
			2.73370103288033	-2.087519657942
			2.73556322704442	-2.087519657942
			2.73742542120851	-2.087519657942
			2.73928761537259	-2.087519657942
			2.74114980953668	-2.087519657942
			2.74301200370077	-2.087519657942
			2.74487419786486	-2.087519657942
			2.74673639202894	-2.087519657942
			2.74859858619303	-2.087519657942
			2.75046078035712	-2.08938185210608
			2.75232297452121	-2.08938185210608
			2.75418516868529	-2.08938185210608
			2.75604736284938	-2.08938185210608
			2.75790955701347	-2.08938185210608
			2.75977175117756	-2.08938185210608
			2.76163394534164	-2.08938185210608
			2.76349613950573	-2.08938185210608
			2.76535833366982	-2.08938185210608
			2.76722052783391	-2.09124404627017
			2.76908272199799	-2.09124404627017
			2.77094491616208	-2.09124404627017
			2.77280711032617	-2.09124404627017
			2.77466930449026	-2.09124404627017
			2.77653149865434	-2.09124404627017
			2.77839369281843	-2.09124404627017
			2.78025588698252	-2.09124404627017
			2.78211808114661	-2.09310624043426
			2.78398027531069	-2.09310624043426
			2.78584246947478	-2.09310624043426
			2.78770466363887	-2.09310624043426
			2.78956685780295	-2.09310624043426
			2.79142905196704	-2.09310624043426
			2.79329124613113	-2.09310624043426
			2.79515344029522	-2.09310624043426
			2.7970156344593	-2.09310624043426
			2.7970156344593	-2.09496843459835
			2.79887782862339	-2.09496843459835
			2.80074002278748	-2.09496843459835
			2.80260221695157	-2.09496843459835
			2.80446441111565	-2.09496843459835
			2.80632660527974	-2.09496843459835
			2.80818879944383	-2.09496843459835
			2.81005099360792	-2.09683062876243
			2.811913187772	-2.09683062876243
			2.81377538193609	-2.09683062876243
			2.81563757610018	-2.09683062876243
			2.81749977026427	-2.09683062876243
			2.81936196442835	-2.09683062876243
			2.82122415859244	-2.09869282292652
			2.82308635275653	-2.09869282292652
			2.82494854692062	-2.09869282292652
			2.8268107410847	-2.09869282292652
			2.82867293524879	-2.09869282292652
			2.83053512941288	-2.09869282292652
			2.83239732357697	-2.10055501709061
			2.83425951774105	-2.10055501709061
			2.83612171190514	-2.10055501709061
			2.83798390606923	-2.10055501709061
			2.83984610023332	-2.10055501709061
			2.8417082943974	-2.1024172112547
			2.84357048856149	-2.1024172112547
			2.84543268272558	-2.1024172112547
			2.84729487688966	-2.1024172112547
			2.84915707105375	-2.1024172112547
			2.85101926521784	-2.10427940541878
			2.85288145938193	-2.10427940541878
			2.85474365354601	-2.10427940541878
			2.8566058477101	-2.10427940541878
			2.85846804187419	-2.10614159958287
			2.86033023603828	-2.10614159958287
			2.86219243020236	-2.10614159958287
			2.86405462436645	-2.10614159958287
			2.86591681853054	-2.10614159958287
			2.86591681853054	-2.10800379374696
			2.86777901269463	-2.10800379374696
			2.86964120685871	-2.10800379374696
			2.8715034010228	-2.10800379374696
			2.87336559518689	-2.10986598791105
			2.87522778935098	-2.10986598791105
			2.87708998351506	-2.10986598791105
			2.87895217767915	-2.11172818207513
			2.88081437184324	-2.11172818207513
			2.88267656600733	-2.11172818207513
			2.88453876017141	-2.11172818207513
			2.88453876017141	-2.11359037623922
			2.8864009543355	-2.11359037623922
			2.88826314849959	-2.11359037623922
			2.89012534266368	-2.11545257040331
			2.89198753682776	-2.11545257040331
			2.89384973099185	-2.11545257040331
			2.89571192515594	-2.1173147645674
			2.89757411932003	-2.1173147645674
			2.89943631348411	-2.11917695873148
			2.9012985076482	-2.11917695873148
			2.90316070181229	-2.12103915289557
			2.90502289597637	-2.12103915289557
			2.90688509014046	-2.12290134705966
			2.90874728430455	-2.12476354122375
			2.91060947846864	-2.12662573538783
			2.91247167263272	-2.12662573538783
			2.91433386679681	-2.12848792955192
			2.9161960609609	-2.12848792955192
			2.9161960609609	-2.13035012371601
			2.91805825512499	-2.1322123178801
			2.91805825512499	-2.13407451204418
			2.91992044928907	-2.13593670620827
			2.91992044928907	-2.13779890037236
			2.91992044928907	-2.13966109453645
			2.92178264345316	-2.14152328870053
			2.92178264345316	-2.14338548286462
			2.92178264345316	-2.14524767702871
			2.92178264345316	-2.14710987119279
			2.92178264345316	-2.14897206535688
			2.92364483761725	-2.14897206535688
			2.92364483761725	-2.15083425952097
			2.92364483761725	-2.15269645368506
			2.92364483761725	-2.15455864784914
			2.92364483761725	-2.15642084201323
			2.92364483761725	-2.15828303617732
			2.92364483761725	-2.16014523034141
			2.92364483761725	-2.16200742450549
			2.92364483761725	-2.16386961866958
			2.92364483761725	-2.16573181283367
			2.92364483761725	-2.16759400699776
			2.92364483761725	-2.16945620116184
			2.92364483761725	-2.17131839532593
			2.92364483761725	-2.17318058949002
			2.92364483761725	-2.17504278365411
			2.92364483761725	-2.17690497781819
			2.92364483761725	-2.17876717198228
			2.92364483761725	-2.18062936614637
			2.92364483761725	-2.18249156031046
			2.92364483761725	-2.18435375447454
			2.92178264345316	-2.18621594863863
			2.92178264345316	-2.18807814280272
			2.92178264345316	-2.18994033696681
			2.92178264345316	-2.19180253113089
			2.91992044928907	-2.19366472529498
			2.91992044928907	-2.19552691945907
			2.91992044928907	-2.19738911362316
			2.91992044928907	-2.19925130778724
			2.91805825512499	-2.20111350195133
			2.91805825512499	-2.20297569611542
			2.91805825512499	-2.2048378902795
			2.9161960609609	-2.20670008444359
			2.9161960609609	-2.20856227860768
			2.9161960609609	-2.21042447277177
			2.91433386679681	-2.21228666693585
			2.91433386679681	-2.21414886109994
			2.91433386679681	-2.21601105526403
			2.91247167263272	-2.21787324942812
			2.91247167263272	-2.2197354435922
			2.91060947846864	-2.22159763775629
			2.91060947846864	-2.22345983192038
			2.90874728430455	-2.22532202608447
			2.90874728430455	-2.22718422024855
			2.90688509014046	-2.22904641441264
			2.90688509014046	-2.23090860857673
			2.90502289597637	-2.23277080274082
			2.90502289597637	-2.2346329969049
			2.90316070181229	-2.23649519106899
			2.90316070181229	-2.23835738523308
			2.9012985076482	-2.24021957939717
			2.9012985076482	-2.24208177356125
			2.89943631348411	-2.24394396772534
			2.89757411932003	-2.24580616188943
			2.89757411932003	-2.24766835605352
			2.89571192515594	-2.2495305502176
			2.89384973099185	-2.25139274438169
			2.89384973099185	-2.25325493854578
			2.89198753682776	-2.25511713270987
			2.89012534266368	-2.25697932687395
			2.89012534266368	-2.25884152103804
			2.88826314849959	-2.26070371520213
			2.88826314849959	-2.26256590936621
			2.8864009543355	-2.2644281035303
			2.88453876017141	-2.26629029769439
			2.88267656600733	-2.26815249185848
			2.88267656600733	-2.27001468602256
			2.88081437184324	-2.27001468602256
			2.88081437184324	-2.27187688018665
			2.87895217767915	-2.27373907435074
			2.87895217767915	-2.27560126851483
			2.87708998351506	-2.27746346267891
			2.87522778935098	-2.27746346267891
			2.87522778935098	-2.279325656843
			2.87336559518689	-2.28118785100709
			2.8715034010228	-2.28305004517118
			2.8715034010228	-2.28491223933526
			2.86964120685871	-2.28491223933526
			2.86777901269463	-2.28677443349935
			2.86777901269463	-2.28863662766344
			2.86591681853054	-2.29049882182753
			2.86405462436645	-2.29236101599161
			2.86219243020236	-2.2942232101557
			2.86033023603828	-2.29608540431979
			2.85846804187419	-2.29794759848388
			2.8566058477101	-2.29980979264796
			2.8566058477101	-2.30167198681205
			2.85474365354601	-2.30353418097614
			2.85288145938193	-2.30539637514023
			2.85101926521784	-2.30725856930431
			2.84915707105375	-2.3091207634684
			2.84729487688966	-2.31098295763249
			2.84729487688966	-2.31284515179658
			2.84729487688966	-2.31470734596066
			2.84543268272558	-2.31656954012475
			2.84543268272558	-2.31843173428884
			2.84543268272558	-2.32029392845292
			2.84543268272558	-2.32215612261701
			2.84543268272558	-2.3240183167811
			2.84543268272558	-2.32588051094519
			2.84543268272558	-2.32774270510927
			2.84543268272558	-2.32960489927336
			2.84357048856149	-2.33146709343745
			2.84357048856149	-2.33332928760154
			2.84357048856149	-2.33519148176562
			2.84357048856149	-2.33705367592971
			2.84357048856149	-2.3389158700938
			2.84357048856149	-2.34077806425789
			2.84357048856149	-2.34264025842197
			2.84357048856149	-2.34450245258606
			2.84357048856149	-2.34636464675015
			2.84357048856149	-2.34822684091424
			2.84357048856149	-2.35008903507832
			2.8417082943974	-2.35195122924241
			2.8417082943974	-2.3538134234065
			2.8417082943974	-2.35567561757059
			2.8417082943974	-2.35753781173467
			2.8417082943974	-2.35940000589876
			2.8417082943974	-2.36126220006285
			2.8417082943974	-2.36312439422694
			2.8417082943974	-2.36498658839102
			2.8417082943974	-2.36684878255511
			2.8417082943974	-2.3687109767192
			2.8417082943974	-2.37057317088329
			2.8417082943974	-2.37243536504737
			2.8417082943974	-2.37429755921146
			2.8417082943974	-2.37615975337555
			2.8417082943974	-2.37802194753963
			2.8417082943974	-2.37988414170372
			2.8417082943974	-2.38174633586781
			2.8417082943974	-2.3836085300319
			2.8417082943974	-2.38547072419598
			2.8417082943974	-2.38733291836007
			2.8417082943974	-2.38919511252416
			2.8417082943974	-2.39105730668825
			2.8417082943974	-2.39291950085233
			2.8417082943974	-2.39478169501642
			2.8417082943974	-2.39664388918051
			2.8417082943974	-2.3985060833446
			2.8417082943974	-2.40036827750868
			2.8417082943974	-2.40223047167277
			2.84357048856149	-2.40409266583686
			2.84357048856149	-2.40595486000095
			2.84357048856149	-2.40781705416503
			2.84357048856149	-2.40967924832912
			2.84357048856149	-2.41154144249321
			2.84357048856149	-2.4134036366573
			2.84357048856149	-2.41526583082138
			2.84357048856149	-2.41712802498547
			2.84357048856149	-2.41899021914956
			2.84357048856149	-2.42085241331365
			2.84543268272558	-2.42271460747773
			2.84543268272558	-2.42457680164182
			2.84543268272558	-2.42643899580591
			2.84543268272558	-2.42830118997
			2.84543268272558	-2.43016338413408
			2.84543268272558	-2.43202557829817
			2.84729487688966	-2.43388777246226
			2.84729487688966	-2.43574996662634
			2.84729487688966	-2.43761216079043
		</curvaI_espina_dorsal>
	</curves.scaled>
	<ruler.points type=matrix rownames=TRUE colnames=FALSE nrow=2 ncol=2 as.numeric=TRUE >
		Ruler point 1	1569	576
		Ruler point 2	2106	575
	</ruler.points>
</shapes>

