<shapes type=list>
	<ruler.pixel type=vector names=FALSE length=1 as.numeric=TRUE >536.008395456638</ruler.pixel>
	<ruler.interval type=vector names=FALSE length=1 as.numeric=TRUE >1</ruler.interval>
	<scaling.units type=vector names=FALSE length=1 as.numeric=FALSE >mm</scaling.units>
	<scaling type=vector names=FALSE length=1 as.numeric=TRUE >0.00186219416408742</scaling>
	<landmarks.pixel type=matrix rownames=TRUE colnames=FALSE nrow=3 ncol=2 as.numeric=TRUE >
		punta_espina_dorsal	1427	987
		esq_izq_caparaza	1242	1174
		organo_dorsal	1515	1325
	</landmarks.pixel>
	<landmarks.scaled type=matrix rownames=TRUE colnames=FALSE nrow=3 ncol=2 as.numeric=TRUE >
		punta_espina_dorsal	2.65735107215275	-1.83798563995428
		esq_izq_caparaza	2.31284515179658	-2.18621594863863
		organo_dorsal	2.82122415859244	-2.46740726741583
	</landmarks.scaled>
	<curves.control type=list>
		<curvaD_espina_dorsal type=matrix rownames=FALSE colnames=FALSE nrow=7 ncol=2 as.numeric=TRUE >
			1427	987
			1439	1014
			1444	1048
			1454	1119
			1458	1176
			1454	1213
			1515	1325
		</curvaD_espina_dorsal>
		<curvaI_espina_dorsal type=matrix rownames=FALSE colnames=FALSE nrow=9 ncol=2 as.numeric=TRUE >
			1427	987
			1439	1072
			1434	1129
			1434	1177
			1421	1177
			1380	1197
			1319	1154
			1278	1155
			1242	1174
		</curvaI_espina_dorsal>
	</curves.control>
	<curves.pixel type=list>
		<curvaD_espina_dorsal type=matrix rownames=FALSE colnames=FALSE nrow=347 ncol=2 as.numeric=TRUE >
			1427	987
			1427	988
			1428	989
			1428	990
			1429	991
			1429	992
			1429	993
			1430	994
			1431	995
			1431	996
			1431	997
			1432	998
			1432	999
			1432	1000
			1432	1001
			1433	1002
			1433	1003
			1434	1004
			1434	1005
			1434	1006
			1435	1007
			1435	1008
			1435	1009
			1436	1010
			1436	1011
			1436	1012
			1436	1013
			1437	1014
			1437	1015
			1437	1016
			1437	1017
			1438	1017
			1438	1018
			1438	1019
			1438	1020
			1439	1021
			1439	1022
			1439	1023
			1439	1024
			1440	1025
			1440	1026
			1440	1027
			1440	1028
			1441	1029
			1441	1030
			1441	1031
			1441	1032
			1441	1033
			1442	1034
			1442	1035
			1442	1036
			1442	1037
			1442	1038
			1442	1039
			1443	1040
			1443	1041
			1443	1042
			1443	1043
			1443	1044
			1444	1045
			1444	1046
			1444	1047
			1444	1048
			1444	1049
			1444	1050
			1444	1051
			1445	1052
			1445	1053
			1445	1054
			1445	1055
			1445	1056
			1445	1057
			1445	1058
			1446	1059
			1446	1060
			1446	1061
			1446	1062
			1446	1063
			1446	1064
			1446	1065
			1446	1066
			1447	1067
			1447	1068
			1447	1069
			1447	1070
			1447	1071
			1447	1072
			1447	1073
			1448	1074
			1448	1075
			1448	1076
			1448	1077
			1448	1078
			1448	1079
			1448	1080
			1448	1081
			1449	1082
			1449	1083
			1449	1084
			1449	1085
			1449	1086
			1449	1087
			1449	1088
			1449	1089
			1450	1090
			1450	1091
			1450	1092
			1450	1093
			1450	1094
			1450	1095
			1450	1096
			1450	1097
			1450	1098
			1451	1099
			1451	1100
			1451	1101
			1451	1102
			1451	1103
			1451	1104
			1451	1105
			1451	1106
			1452	1107
			1452	1108
			1452	1109
			1452	1110
			1452	1111
			1452	1112
			1452	1113
			1452	1114
			1452	1115
			1453	1116
			1453	1117
			1453	1118
			1453	1119
			1453	1120
			1453	1121
			1453	1122
			1453	1123
			1453	1124
			1453	1125
			1454	1125
			1454	1126
			1454	1127
			1454	1128
			1454	1129
			1454	1130
			1454	1131
			1454	1132
			1454	1133
			1454	1134
			1455	1135
			1455	1136
			1455	1137
			1455	1138
			1455	1139
			1455	1140
			1455	1141
			1455	1142
			1455	1143
			1455	1144
			1455	1145
			1456	1146
			1456	1147
			1456	1148
			1456	1149
			1456	1150
			1456	1151
			1456	1152
			1456	1153
			1456	1154
			1456	1155
			1456	1156
			1457	1157
			1457	1158
			1457	1159
			1457	1160
			1457	1161
			1457	1162
			1457	1163
			1457	1164
			1457	1165
			1457	1166
			1457	1167
			1457	1168
			1457	1169
			1458	1170
			1458	1171
			1458	1172
			1458	1173
			1458	1174
			1458	1175
			1458	1176
			1458	1177
			1458	1178
			1458	1179
			1458	1180
			1458	1181
			1458	1182
			1458	1183
			1458	1184
			1458	1185
			1458	1186
			1458	1187
			1458	1188
			1458	1189
			1458	1190
			1459	1191
			1459	1192
			1459	1193
			1459	1194
			1459	1195
			1459	1196
			1460	1197
			1460	1198
			1460	1199
			1460	1200
			1460	1201
			1461	1201
			1461	1202
			1461	1203
			1461	1204
			1461	1205
			1462	1206
			1462	1207
			1462	1208
			1463	1209
			1463	1210
			1463	1211
			1463	1212
			1464	1213
			1464	1214
			1464	1215
			1465	1216
			1465	1217
			1465	1218
			1466	1219
			1466	1220
			1466	1221
			1467	1222
			1467	1223
			1467	1224
			1468	1225
			1468	1226
			1468	1227
			1469	1228
			1469	1229
			1470	1230
			1470	1231
			1470	1232
			1471	1233
			1471	1234
			1472	1235
			1472	1236
			1472	1237
			1473	1238
			1473	1239
			1474	1240
			1474	1241
			1474	1242
			1475	1243
			1475	1244
			1476	1245
			1476	1246
			1477	1247
			1477	1248
			1477	1249
			1478	1250
			1478	1251
			1478	1252
			1479	1252
			1479	1253
			1479	1254
			1480	1254
			1480	1255
			1480	1256
			1481	1257
			1481	1258
			1482	1259
			1482	1260
			1482	1261
			1483	1261
			1483	1262
			1484	1263
			1484	1264
			1484	1265
			1485	1265
			1485	1266
			1485	1267
			1486	1268
			1486	1269
			1487	1270
			1487	1271
			1488	1272
			1488	1273
			1489	1274
			1489	1275
			1490	1276
			1490	1277
			1491	1278
			1491	1279
			1492	1280
			1492	1281
			1493	1282
			1493	1283
			1494	1284
			1494	1285
			1494	1286
			1495	1286
			1495	1287
			1496	1288
			1496	1289
			1497	1290
			1497	1291
			1498	1292
			1498	1293
			1499	1294
			1499	1295
			1500	1296
			1500	1297
			1501	1298
			1501	1299
			1502	1300
			1502	1301
			1503	1302
			1503	1303
			1504	1304
			1504	1305
			1505	1306
			1505	1307
			1506	1308
			1506	1309
			1507	1310
			1507	1311
			1508	1312
			1508	1313
			1509	1314
			1509	1315
			1510	1316
			1511	1317
			1511	1318
			1512	1319
			1512	1320
			1513	1321
			1513	1322
			1514	1323
			1515	1324
			1515	1325
		</curvaD_espina_dorsal>
		<curvaI_espina_dorsal type=matrix rownames=FALSE colnames=FALSE nrow=379 ncol=2 as.numeric=TRUE >
			1427	987
			1427	988
			1427	989
			1427	990
			1428	991
			1428	992
			1428	993
			1428	994
			1428	995
			1428	996
			1428	997
			1429	998
			1429	999
			1429	1000
			1429	1001
			1429	1002
			1429	1003
			1429	1004
			1429	1005
			1430	1006
			1430	1007
			1430	1008
			1430	1009
			1430	1010
			1430	1011
			1430	1012
			1430	1013
			1431	1014
			1431	1015
			1431	1016
			1431	1017
			1431	1018
			1431	1019
			1431	1020
			1431	1021
			1431	1022
			1431	1023
			1432	1024
			1432	1025
			1432	1026
			1432	1027
			1432	1028
			1432	1029
			1432	1030
			1432	1031
			1432	1032
			1432	1033
			1433	1034
			1433	1035
			1433	1036
			1433	1037
			1433	1038
			1433	1039
			1433	1040
			1433	1041
			1433	1042
			1433	1043
			1433	1044
			1433	1045
			1434	1046
			1434	1047
			1434	1048
			1434	1049
			1434	1050
			1434	1051
			1434	1052
			1434	1053
			1434	1054
			1434	1055
			1434	1056
			1434	1057
			1434	1058
			1434	1059
			1435	1060
			1435	1061
			1435	1062
			1435	1063
			1435	1064
			1435	1065
			1435	1066
			1435	1067
			1435	1068
			1435	1069
			1435	1070
			1435	1071
			1435	1072
			1435	1073
			1435	1074
			1435	1075
			1435	1076
			1435	1077
			1435	1078
			1435	1079
			1435	1080
			1435	1081
			1435	1082
			1435	1083
			1435	1084
			1435	1085
			1435	1086
			1435	1087
			1435	1088
			1435	1089
			1435	1090
			1435	1091
			1435	1092
			1435	1093
			1435	1094
			1435	1095
			1435	1096
			1435	1097
			1435	1098
			1435	1099
			1435	1100
			1435	1101
			1435	1102
			1435	1103
			1435	1104
			1435	1105
			1435	1106
			1435	1107
			1435	1108
			1435	1109
			1435	1110
			1435	1111
			1435	1112
			1435	1113
			1435	1114
			1435	1115
			1435	1116
			1435	1117
			1435	1118
			1435	1119
			1435	1120
			1435	1121
			1435	1122
			1434	1123
			1434	1124
			1434	1125
			1434	1126
			1434	1127
			1434	1128
			1434	1129
			1434	1130
			1434	1131
			1434	1132
			1434	1133
			1434	1134
			1434	1135
			1434	1136
			1434	1137
			1434	1138
			1434	1139
			1434	1140
			1434	1141
			1434	1142
			1434	1143
			1434	1144
			1434	1145
			1434	1146
			1433	1146
			1433	1147
			1433	1148
			1433	1149
			1433	1150
			1433	1151
			1433	1152
			1433	1153
			1433	1154
			1433	1155
			1433	1156
			1432	1156
			1432	1157
			1432	1158
			1432	1159
			1432	1160
			1432	1161
			1431	1162
			1431	1163
			1431	1164
			1431	1165
			1430	1166
			1430	1167
			1430	1168
			1429	1169
			1429	1170
			1428	1171
			1428	1172
			1427	1173
			1426	1174
			1426	1175
			1425	1176
			1424	1176
			1423	1177
			1422	1177
			1421	1177
			1420	1177
			1419	1178
			1418	1178
			1417	1179
			1416	1179
			1415	1179
			1414	1180
			1413	1180
			1412	1181
			1411	1181
			1410	1181
			1409	1181
			1408	1182
			1407	1182
			1406	1182
			1405	1182
			1404	1182
			1403	1183
			1402	1183
			1401	1183
			1400	1183
			1399	1183
			1398	1183
			1397	1183
			1396	1183
			1395	1183
			1394	1183
			1393	1183
			1392	1183
			1391	1183
			1390	1183
			1389	1183
			1388	1183
			1387	1183
			1386	1183
			1385	1183
			1384	1183
			1383	1183
			1382	1182
			1381	1182
			1380	1182
			1379	1182
			1378	1182
			1377	1182
			1376	1182
			1376	1181
			1375	1181
			1374	1181
			1373	1181
			1372	1180
			1371	1180
			1370	1180
			1369	1180
			1368	1179
			1367	1179
			1366	1179
			1365	1178
			1364	1178
			1363	1178
			1362	1177
			1361	1177
			1360	1177
			1359	1176
			1358	1176
			1357	1176
			1356	1175
			1355	1175
			1354	1174
			1353	1174
			1352	1173
			1351	1173
			1350	1173
			1349	1172
			1348	1172
			1347	1171
			1346	1171
			1345	1170
			1344	1170
			1343	1169
			1342	1169
			1341	1168
			1340	1167
			1339	1167
			1338	1166
			1337	1166
			1336	1165
			1335	1164
			1334	1164
			1333	1163
			1332	1163
			1331	1162
			1330	1161
			1329	1161
			1328	1160
			1327	1159
			1326	1158
			1325	1158
			1324	1158
			1324	1157
			1323	1157
			1322	1156
			1321	1155
			1320	1155
			1319	1154
			1318	1154
			1317	1154
			1316	1154
			1315	1154
			1314	1154
			1313	1154
			1312	1154
			1311	1154
			1310	1154
			1309	1155
			1308	1155
			1307	1155
			1306	1155
			1305	1155
			1304	1155
			1303	1155
			1302	1155
			1301	1155
			1300	1156
			1299	1156
			1298	1156
			1297	1156
			1296	1156
			1295	1156
			1294	1156
			1293	1156
			1292	1157
			1291	1157
			1290	1157
			1289	1157
			1288	1158
			1287	1158
			1286	1158
			1285	1158
			1284	1158
			1283	1159
			1282	1159
			1281	1159
			1280	1159
			1279	1160
			1278	1160
			1277	1160
			1276	1160
			1275	1161
			1274	1161
			1273	1161
			1272	1162
			1271	1162
			1270	1162
			1269	1162
			1269	1163
			1268	1163
			1267	1163
			1266	1163
			1265	1164
			1264	1164
			1263	1165
			1262	1165
			1261	1165
			1260	1166
			1259	1166
			1258	1166
			1257	1167
			1256	1167
			1256	1168
			1255	1168
			1254	1168
			1253	1169
			1252	1169
			1251	1170
			1250	1170
			1249	1170
			1248	1171
			1247	1172
			1246	1172
			1245	1173
			1244	1173
			1243	1174
			1242	1174
		</curvaI_espina_dorsal>
	</curves.pixel>
	<curves.scaled type=list>
		<curvaD_espina_dorsal type=matrix rownames=FALSE colnames=FALSE nrow=347 ncol=2 as.numeric=TRUE >
			2.65735107215275	-1.83798563995428
			2.65735107215275	-1.83984783411837
			2.65921326631684	-1.84171002828246
			2.65921326631684	-1.84357222244655
			2.66107546048092	-1.84543441661063
			2.66107546048092	-1.84729661077472
			2.66107546048092	-1.84915880493881
			2.66293765464501	-1.8510209991029
			2.6647998488091	-1.85288319326698
			2.6647998488091	-1.85474538743107
			2.6647998488091	-1.85660758159516
			2.66666204297319	-1.85846977575924
			2.66666204297319	-1.86033196992333
			2.66666204297319	-1.86219416408742
			2.66666204297319	-1.86405635825151
			2.66852423713727	-1.86591855241559
			2.66852423713727	-1.86778074657968
			2.67038643130136	-1.86964294074377
			2.67038643130136	-1.87150513490786
			2.67038643130136	-1.87336732907194
			2.67224862546545	-1.87522952323603
			2.67224862546545	-1.87709171740012
			2.67224862546545	-1.87895391156421
			2.67411081962953	-1.88081610572829
			2.67411081962953	-1.88267829989238
			2.67411081962953	-1.88454049405647
			2.67411081962953	-1.88640268822056
			2.67597301379362	-1.88826488238464
			2.67597301379362	-1.89012707654873
			2.67597301379362	-1.89198927071282
			2.67597301379362	-1.89385146487691
			2.67783520795771	-1.89385146487691
			2.67783520795771	-1.89571365904099
			2.67783520795771	-1.89757585320508
			2.67783520795771	-1.89943804736917
			2.6796974021218	-1.90130024153326
			2.6796974021218	-1.90316243569734
			2.6796974021218	-1.90502462986143
			2.6796974021218	-1.90688682402552
			2.68155959628588	-1.90874901818961
			2.68155959628588	-1.91061121235369
			2.68155959628588	-1.91247340651778
			2.68155959628588	-1.91433560068187
			2.68342179044997	-1.91619779484595
			2.68342179044997	-1.91805998901004
			2.68342179044997	-1.91992218317413
			2.68342179044997	-1.92178437733822
			2.68342179044997	-1.9236465715023
			2.68528398461406	-1.92550876566639
			2.68528398461406	-1.92737095983048
			2.68528398461406	-1.92923315399457
			2.68528398461406	-1.93109534815865
			2.68528398461406	-1.93295754232274
			2.68528398461406	-1.93481973648683
			2.68714617877815	-1.93668193065092
			2.68714617877815	-1.938544124815
			2.68714617877815	-1.94040631897909
			2.68714617877815	-1.94226851314318
			2.68714617877815	-1.94413070730727
			2.68900837294223	-1.94599290147135
			2.68900837294223	-1.94785509563544
			2.68900837294223	-1.94971728979953
			2.68900837294223	-1.95157948396362
			2.68900837294223	-1.9534416781277
			2.68900837294223	-1.95530387229179
			2.68900837294223	-1.95716606645588
			2.69087056710632	-1.95902826061997
			2.69087056710632	-1.96089045478405
			2.69087056710632	-1.96275264894814
			2.69087056710632	-1.96461484311223
			2.69087056710632	-1.96647703727632
			2.69087056710632	-1.9683392314404
			2.69087056710632	-1.97020142560449
			2.69273276127041	-1.97206361976858
			2.69273276127041	-1.97392581393266
			2.69273276127041	-1.97578800809675
			2.69273276127041	-1.97765020226084
			2.69273276127041	-1.97951239642493
			2.69273276127041	-1.98137459058901
			2.69273276127041	-1.9832367847531
			2.69273276127041	-1.98509897891719
			2.6945949554345	-1.98696117308128
			2.6945949554345	-1.98882336724536
			2.6945949554345	-1.99068556140945
			2.6945949554345	-1.99254775557354
			2.6945949554345	-1.99440994973763
			2.6945949554345	-1.99627214390171
			2.6945949554345	-1.9981343380658
			2.69645714959858	-1.99999653222989
			2.69645714959858	-2.00185872639398
			2.69645714959858	-2.00372092055806
			2.69645714959858	-2.00558311472215
			2.69645714959858	-2.00744530888624
			2.69645714959858	-2.00930750305033
			2.69645714959858	-2.01116969721441
			2.69645714959858	-2.0130318913785
			2.69831934376267	-2.01489408554259
			2.69831934376267	-2.01675627970668
			2.69831934376267	-2.01861847387076
			2.69831934376267	-2.02048066803485
			2.69831934376267	-2.02234286219894
			2.69831934376267	-2.02420505636303
			2.69831934376267	-2.02606725052711
			2.69831934376267	-2.0279294446912
			2.70018153792676	-2.02979163885529
			2.70018153792676	-2.03165383301937
			2.70018153792676	-2.03351602718346
			2.70018153792676	-2.03537822134755
			2.70018153792676	-2.03724041551164
			2.70018153792676	-2.03910260967572
			2.70018153792676	-2.04096480383981
			2.70018153792676	-2.0428269980039
			2.70018153792676	-2.04468919216799
			2.70204373209085	-2.04655138633207
			2.70204373209085	-2.04841358049616
			2.70204373209085	-2.05027577466025
			2.70204373209085	-2.05213796882434
			2.70204373209085	-2.05400016298842
			2.70204373209085	-2.05586235715251
			2.70204373209085	-2.0577245513166
			2.70204373209085	-2.05958674548069
			2.70390592625493	-2.06144893964477
			2.70390592625493	-2.06331113380886
			2.70390592625493	-2.06517332797295
			2.70390592625493	-2.06703552213704
			2.70390592625493	-2.06889771630112
			2.70390592625493	-2.07075991046521
			2.70390592625493	-2.0726221046293
			2.70390592625493	-2.07448429879339
			2.70390592625493	-2.07634649295747
			2.70576812041902	-2.07820868712156
			2.70576812041902	-2.08007088128565
			2.70576812041902	-2.08193307544974
			2.70576812041902	-2.08379526961382
			2.70576812041902	-2.08565746377791
			2.70576812041902	-2.087519657942
			2.70576812041902	-2.08938185210608
			2.70576812041902	-2.09124404627017
			2.70576812041902	-2.09310624043426
			2.70576812041902	-2.09496843459835
			2.70763031458311	-2.09496843459835
			2.70763031458311	-2.09683062876243
			2.70763031458311	-2.09869282292652
			2.70763031458311	-2.10055501709061
			2.70763031458311	-2.1024172112547
			2.70763031458311	-2.10427940541878
			2.70763031458311	-2.10614159958287
			2.70763031458311	-2.10800379374696
			2.70763031458311	-2.10986598791105
			2.70763031458311	-2.11172818207513
			2.7094925087472	-2.11359037623922
			2.7094925087472	-2.11545257040331
			2.7094925087472	-2.1173147645674
			2.7094925087472	-2.11917695873148
			2.7094925087472	-2.12103915289557
			2.7094925087472	-2.12290134705966
			2.7094925087472	-2.12476354122375
			2.7094925087472	-2.12662573538783
			2.7094925087472	-2.12848792955192
			2.7094925087472	-2.13035012371601
			2.7094925087472	-2.1322123178801
			2.71135470291128	-2.13407451204418
			2.71135470291128	-2.13593670620827
			2.71135470291128	-2.13779890037236
			2.71135470291128	-2.13966109453645
			2.71135470291128	-2.14152328870053
			2.71135470291128	-2.14338548286462
			2.71135470291128	-2.14524767702871
			2.71135470291128	-2.14710987119279
			2.71135470291128	-2.14897206535688
			2.71135470291128	-2.15083425952097
			2.71135470291128	-2.15269645368506
			2.71321689707537	-2.15455864784914
			2.71321689707537	-2.15642084201323
			2.71321689707537	-2.15828303617732
			2.71321689707537	-2.16014523034141
			2.71321689707537	-2.16200742450549
			2.71321689707537	-2.16386961866958
			2.71321689707537	-2.16573181283367
			2.71321689707537	-2.16759400699776
			2.71321689707537	-2.16945620116184
			2.71321689707537	-2.17131839532593
			2.71321689707537	-2.17318058949002
			2.71321689707537	-2.17504278365411
			2.71321689707537	-2.17690497781819
			2.71507909123946	-2.17876717198228
			2.71507909123946	-2.18062936614637
			2.71507909123946	-2.18249156031046
			2.71507909123946	-2.18435375447454
			2.71507909123946	-2.18621594863863
			2.71507909123946	-2.18807814280272
			2.71507909123946	-2.18994033696681
			2.71507909123946	-2.19180253113089
			2.71507909123946	-2.19366472529498
			2.71507909123946	-2.19552691945907
			2.71507909123946	-2.19738911362316
			2.71507909123946	-2.19925130778724
			2.71507909123946	-2.20111350195133
			2.71507909123946	-2.20297569611542
			2.71507909123946	-2.2048378902795
			2.71507909123946	-2.20670008444359
			2.71507909123946	-2.20856227860768
			2.71507909123946	-2.21042447277177
			2.71507909123946	-2.21228666693585
			2.71507909123946	-2.21414886109994
			2.71507909123946	-2.21601105526403
			2.71694128540355	-2.21787324942812
			2.71694128540355	-2.2197354435922
			2.71694128540355	-2.22159763775629
			2.71694128540355	-2.22345983192038
			2.71694128540355	-2.22532202608447
			2.71694128540355	-2.22718422024855
			2.71880347956763	-2.22904641441264
			2.71880347956763	-2.23090860857673
			2.71880347956763	-2.23277080274082
			2.71880347956763	-2.2346329969049
			2.71880347956763	-2.23649519106899
			2.72066567373172	-2.23649519106899
			2.72066567373172	-2.23835738523308
			2.72066567373172	-2.24021957939717
			2.72066567373172	-2.24208177356125
			2.72066567373172	-2.24394396772534
			2.72252786789581	-2.24580616188943
			2.72252786789581	-2.24766835605352
			2.72252786789581	-2.2495305502176
			2.7243900620599	-2.25139274438169
			2.7243900620599	-2.25325493854578
			2.7243900620599	-2.25511713270987
			2.7243900620599	-2.25697932687395
			2.72625225622398	-2.25884152103804
			2.72625225622398	-2.26070371520213
			2.72625225622398	-2.26256590936621
			2.72811445038807	-2.2644281035303
			2.72811445038807	-2.26629029769439
			2.72811445038807	-2.26815249185848
			2.72997664455216	-2.27001468602256
			2.72997664455216	-2.27187688018665
			2.72997664455216	-2.27373907435074
			2.73183883871624	-2.27560126851483
			2.73183883871624	-2.27746346267891
			2.73183883871624	-2.279325656843
			2.73370103288033	-2.28118785100709
			2.73370103288033	-2.28305004517118
			2.73370103288033	-2.28491223933526
			2.73556322704442	-2.28677443349935
			2.73556322704442	-2.28863662766344
			2.73742542120851	-2.29049882182753
			2.73742542120851	-2.29236101599161
			2.73742542120851	-2.2942232101557
			2.73928761537259	-2.29608540431979
			2.73928761537259	-2.29794759848388
			2.74114980953668	-2.29980979264796
			2.74114980953668	-2.30167198681205
			2.74114980953668	-2.30353418097614
			2.74301200370077	-2.30539637514023
			2.74301200370077	-2.30725856930431
			2.74487419786486	-2.3091207634684
			2.74487419786486	-2.31098295763249
			2.74487419786486	-2.31284515179658
			2.74673639202894	-2.31470734596066
			2.74673639202894	-2.31656954012475
			2.74859858619303	-2.31843173428884
			2.74859858619303	-2.32029392845292
			2.75046078035712	-2.32215612261701
			2.75046078035712	-2.3240183167811
			2.75046078035712	-2.32588051094519
			2.75232297452121	-2.32774270510927
			2.75232297452121	-2.32960489927336
			2.75232297452121	-2.33146709343745
			2.75418516868529	-2.33146709343745
			2.75418516868529	-2.33332928760154
			2.75418516868529	-2.33519148176562
			2.75604736284938	-2.33519148176562
			2.75604736284938	-2.33705367592971
			2.75604736284938	-2.3389158700938
			2.75790955701347	-2.34077806425789
			2.75790955701347	-2.34264025842197
			2.75977175117756	-2.34450245258606
			2.75977175117756	-2.34636464675015
			2.75977175117756	-2.34822684091424
			2.76163394534164	-2.34822684091424
			2.76163394534164	-2.35008903507832
			2.76349613950573	-2.35195122924241
			2.76349613950573	-2.3538134234065
			2.76349613950573	-2.35567561757059
			2.76535833366982	-2.35567561757059
			2.76535833366982	-2.35753781173467
			2.76535833366982	-2.35940000589876
			2.76722052783391	-2.36126220006285
			2.76722052783391	-2.36312439422694
			2.76908272199799	-2.36498658839102
			2.76908272199799	-2.36684878255511
			2.77094491616208	-2.3687109767192
			2.77094491616208	-2.37057317088329
			2.77280711032617	-2.37243536504737
			2.77280711032617	-2.37429755921146
			2.77466930449026	-2.37615975337555
			2.77466930449026	-2.37802194753963
			2.77653149865434	-2.37988414170372
			2.77653149865434	-2.38174633586781
			2.77839369281843	-2.3836085300319
			2.77839369281843	-2.38547072419598
			2.78025588698252	-2.38733291836007
			2.78025588698252	-2.38919511252416
			2.78211808114661	-2.39105730668825
			2.78211808114661	-2.39291950085233
			2.78211808114661	-2.39478169501642
			2.78398027531069	-2.39478169501642
			2.78398027531069	-2.39664388918051
			2.78584246947478	-2.3985060833446
			2.78584246947478	-2.40036827750868
			2.78770466363887	-2.40223047167277
			2.78770466363887	-2.40409266583686
			2.78956685780295	-2.40595486000095
			2.78956685780295	-2.40781705416503
			2.79142905196704	-2.40967924832912
			2.79142905196704	-2.41154144249321
			2.79329124613113	-2.4134036366573
			2.79329124613113	-2.41526583082138
			2.79515344029522	-2.41712802498547
			2.79515344029522	-2.41899021914956
			2.7970156344593	-2.42085241331365
			2.7970156344593	-2.42271460747773
			2.79887782862339	-2.42457680164182
			2.79887782862339	-2.42643899580591
			2.80074002278748	-2.42830118997
			2.80074002278748	-2.43016338413408
			2.80260221695157	-2.43202557829817
			2.80260221695157	-2.43388777246226
			2.80446441111565	-2.43574996662634
			2.80446441111565	-2.43761216079043
			2.80632660527974	-2.43947435495452
			2.80632660527974	-2.44133654911861
			2.80818879944383	-2.44319874328269
			2.80818879944383	-2.44506093744678
			2.81005099360792	-2.44692313161087
			2.81005099360792	-2.44878532577496
			2.811913187772	-2.45064751993904
			2.81377538193609	-2.45250971410313
			2.81377538193609	-2.45437190826722
			2.81563757610018	-2.45623410243131
			2.81563757610018	-2.45809629659539
			2.81749977026427	-2.45995849075948
			2.81749977026427	-2.46182068492357
			2.81936196442835	-2.46368287908766
			2.82122415859244	-2.46554507325174
			2.82122415859244	-2.46740726741583
		</curvaD_espina_dorsal>
		<curvaI_espina_dorsal type=matrix rownames=FALSE colnames=FALSE nrow=379 ncol=2 as.numeric=TRUE >
			2.65735107215275	-1.83798563995428
			2.65735107215275	-1.83984783411837
			2.65735107215275	-1.84171002828246
			2.65735107215275	-1.84357222244655
			2.65921326631684	-1.84543441661063
			2.65921326631684	-1.84729661077472
			2.65921326631684	-1.84915880493881
			2.65921326631684	-1.8510209991029
			2.65921326631684	-1.85288319326698
			2.65921326631684	-1.85474538743107
			2.65921326631684	-1.85660758159516
			2.66107546048092	-1.85846977575924
			2.66107546048092	-1.86033196992333
			2.66107546048092	-1.86219416408742
			2.66107546048092	-1.86405635825151
			2.66107546048092	-1.86591855241559
			2.66107546048092	-1.86778074657968
			2.66107546048092	-1.86964294074377
			2.66107546048092	-1.87150513490786
			2.66293765464501	-1.87336732907194
			2.66293765464501	-1.87522952323603
			2.66293765464501	-1.87709171740012
			2.66293765464501	-1.87895391156421
			2.66293765464501	-1.88081610572829
			2.66293765464501	-1.88267829989238
			2.66293765464501	-1.88454049405647
			2.66293765464501	-1.88640268822056
			2.6647998488091	-1.88826488238464
			2.6647998488091	-1.89012707654873
			2.6647998488091	-1.89198927071282
			2.6647998488091	-1.89385146487691
			2.6647998488091	-1.89571365904099
			2.6647998488091	-1.89757585320508
			2.6647998488091	-1.89943804736917
			2.6647998488091	-1.90130024153326
			2.6647998488091	-1.90316243569734
			2.6647998488091	-1.90502462986143
			2.66666204297319	-1.90688682402552
			2.66666204297319	-1.90874901818961
			2.66666204297319	-1.91061121235369
			2.66666204297319	-1.91247340651778
			2.66666204297319	-1.91433560068187
			2.66666204297319	-1.91619779484595
			2.66666204297319	-1.91805998901004
			2.66666204297319	-1.91992218317413
			2.66666204297319	-1.92178437733822
			2.66666204297319	-1.9236465715023
			2.66852423713727	-1.92550876566639
			2.66852423713727	-1.92737095983048
			2.66852423713727	-1.92923315399457
			2.66852423713727	-1.93109534815865
			2.66852423713727	-1.93295754232274
			2.66852423713727	-1.93481973648683
			2.66852423713727	-1.93668193065092
			2.66852423713727	-1.938544124815
			2.66852423713727	-1.94040631897909
			2.66852423713727	-1.94226851314318
			2.66852423713727	-1.94413070730727
			2.66852423713727	-1.94599290147135
			2.67038643130136	-1.94785509563544
			2.67038643130136	-1.94971728979953
			2.67038643130136	-1.95157948396362
			2.67038643130136	-1.9534416781277
			2.67038643130136	-1.95530387229179
			2.67038643130136	-1.95716606645588
			2.67038643130136	-1.95902826061997
			2.67038643130136	-1.96089045478405
			2.67038643130136	-1.96275264894814
			2.67038643130136	-1.96461484311223
			2.67038643130136	-1.96647703727632
			2.67038643130136	-1.9683392314404
			2.67038643130136	-1.97020142560449
			2.67038643130136	-1.97206361976858
			2.67224862546545	-1.97392581393266
			2.67224862546545	-1.97578800809675
			2.67224862546545	-1.97765020226084
			2.67224862546545	-1.97951239642493
			2.67224862546545	-1.98137459058901
			2.67224862546545	-1.9832367847531
			2.67224862546545	-1.98509897891719
			2.67224862546545	-1.98696117308128
			2.67224862546545	-1.98882336724536
			2.67224862546545	-1.99068556140945
			2.67224862546545	-1.99254775557354
			2.67224862546545	-1.99440994973763
			2.67224862546545	-1.99627214390171
			2.67224862546545	-1.9981343380658
			2.67224862546545	-1.99999653222989
			2.67224862546545	-2.00185872639398
			2.67224862546545	-2.00372092055806
			2.67224862546545	-2.00558311472215
			2.67224862546545	-2.00744530888624
			2.67224862546545	-2.00930750305033
			2.67224862546545	-2.01116969721441
			2.67224862546545	-2.0130318913785
			2.67224862546545	-2.01489408554259
			2.67224862546545	-2.01675627970668
			2.67224862546545	-2.01861847387076
			2.67224862546545	-2.02048066803485
			2.67224862546545	-2.02234286219894
			2.67224862546545	-2.02420505636303
			2.67224862546545	-2.02606725052711
			2.67224862546545	-2.0279294446912
			2.67224862546545	-2.02979163885529
			2.67224862546545	-2.03165383301937
			2.67224862546545	-2.03351602718346
			2.67224862546545	-2.03537822134755
			2.67224862546545	-2.03724041551164
			2.67224862546545	-2.03910260967572
			2.67224862546545	-2.04096480383981
			2.67224862546545	-2.0428269980039
			2.67224862546545	-2.04468919216799
			2.67224862546545	-2.04655138633207
			2.67224862546545	-2.04841358049616
			2.67224862546545	-2.05027577466025
			2.67224862546545	-2.05213796882434
			2.67224862546545	-2.05400016298842
			2.67224862546545	-2.05586235715251
			2.67224862546545	-2.0577245513166
			2.67224862546545	-2.05958674548069
			2.67224862546545	-2.06144893964477
			2.67224862546545	-2.06331113380886
			2.67224862546545	-2.06517332797295
			2.67224862546545	-2.06703552213704
			2.67224862546545	-2.06889771630112
			2.67224862546545	-2.07075991046521
			2.67224862546545	-2.0726221046293
			2.67224862546545	-2.07448429879339
			2.67224862546545	-2.07634649295747
			2.67224862546545	-2.07820868712156
			2.67224862546545	-2.08007088128565
			2.67224862546545	-2.08193307544974
			2.67224862546545	-2.08379526961382
			2.67224862546545	-2.08565746377791
			2.67224862546545	-2.087519657942
			2.67224862546545	-2.08938185210608
			2.67038643130136	-2.09124404627017
			2.67038643130136	-2.09310624043426
			2.67038643130136	-2.09496843459835
			2.67038643130136	-2.09683062876243
			2.67038643130136	-2.09869282292652
			2.67038643130136	-2.10055501709061
			2.67038643130136	-2.1024172112547
			2.67038643130136	-2.10427940541878
			2.67038643130136	-2.10614159958287
			2.67038643130136	-2.10800379374696
			2.67038643130136	-2.10986598791105
			2.67038643130136	-2.11172818207513
			2.67038643130136	-2.11359037623922
			2.67038643130136	-2.11545257040331
			2.67038643130136	-2.1173147645674
			2.67038643130136	-2.11917695873148
			2.67038643130136	-2.12103915289557
			2.67038643130136	-2.12290134705966
			2.67038643130136	-2.12476354122375
			2.67038643130136	-2.12662573538783
			2.67038643130136	-2.12848792955192
			2.67038643130136	-2.13035012371601
			2.67038643130136	-2.1322123178801
			2.67038643130136	-2.13407451204418
			2.66852423713727	-2.13407451204418
			2.66852423713727	-2.13593670620827
			2.66852423713727	-2.13779890037236
			2.66852423713727	-2.13966109453645
			2.66852423713727	-2.14152328870053
			2.66852423713727	-2.14338548286462
			2.66852423713727	-2.14524767702871
			2.66852423713727	-2.14710987119279
			2.66852423713727	-2.14897206535688
			2.66852423713727	-2.15083425952097
			2.66852423713727	-2.15269645368506
			2.66666204297319	-2.15269645368506
			2.66666204297319	-2.15455864784914
			2.66666204297319	-2.15642084201323
			2.66666204297319	-2.15828303617732
			2.66666204297319	-2.16014523034141
			2.66666204297319	-2.16200742450549
			2.6647998488091	-2.16386961866958
			2.6647998488091	-2.16573181283367
			2.6647998488091	-2.16759400699776
			2.6647998488091	-2.16945620116184
			2.66293765464501	-2.17131839532593
			2.66293765464501	-2.17318058949002
			2.66293765464501	-2.17504278365411
			2.66107546048092	-2.17690497781819
			2.66107546048092	-2.17876717198228
			2.65921326631684	-2.18062936614637
			2.65921326631684	-2.18249156031046
			2.65735107215275	-2.18435375447454
			2.65548887798866	-2.18621594863863
			2.65548887798866	-2.18807814280272
			2.65362668382457	-2.18994033696681
			2.65176448966049	-2.18994033696681
			2.6499022954964	-2.19180253113089
			2.64804010133231	-2.19180253113089
			2.64617790716822	-2.19180253113089
			2.64431571300414	-2.19180253113089
			2.64245351884005	-2.19366472529498
			2.64059132467596	-2.19366472529498
			2.63872913051187	-2.19552691945907
			2.63686693634779	-2.19552691945907
			2.6350047421837	-2.19552691945907
			2.63314254801961	-2.19738911362316
			2.63128035385552	-2.19738911362316
			2.62941815969144	-2.19925130778724
			2.62755596552735	-2.19925130778724
			2.62569377136326	-2.19925130778724
			2.62383157719917	-2.19925130778724
			2.62196938303509	-2.20111350195133
			2.620107188871	-2.20111350195133
			2.61824499470691	-2.20111350195133
			2.61638280054282	-2.20111350195133
			2.61452060637874	-2.20111350195133
			2.61265841221465	-2.20297569611542
			2.61079621805056	-2.20297569611542
			2.60893402388647	-2.20297569611542
			2.60707182972239	-2.20297569611542
			2.6052096355583	-2.20297569611542
			2.60334744139421	-2.20297569611542
			2.60148524723013	-2.20297569611542
			2.59962305306604	-2.20297569611542
			2.59776085890195	-2.20297569611542
			2.59589866473786	-2.20297569611542
			2.59403647057378	-2.20297569611542
			2.59217427640969	-2.20297569611542
			2.5903120822456	-2.20297569611542
			2.58844988808151	-2.20297569611542
			2.58658769391743	-2.20297569611542
			2.58472549975334	-2.20297569611542
			2.58286330558925	-2.20297569611542
			2.58100111142516	-2.20297569611542
			2.57913891726108	-2.20297569611542
			2.57727672309699	-2.20297569611542
			2.5754145289329	-2.20297569611542
			2.57355233476881	-2.20111350195133
			2.57169014060473	-2.20111350195133
			2.56982794644064	-2.20111350195133
			2.56796575227655	-2.20111350195133
			2.56610355811246	-2.20111350195133
			2.56424136394838	-2.20111350195133
			2.56237916978429	-2.20111350195133
			2.56237916978429	-2.19925130778724
			2.5605169756202	-2.19925130778724
			2.55865478145611	-2.19925130778724
			2.55679258729203	-2.19925130778724
			2.55493039312794	-2.19738911362316
			2.55306819896385	-2.19738911362316
			2.55120600479976	-2.19738911362316
			2.54934381063568	-2.19738911362316
			2.54748161647159	-2.19552691945907
			2.5456194223075	-2.19552691945907
			2.54375722814342	-2.19552691945907
			2.54189503397933	-2.19366472529498
			2.54003283981524	-2.19366472529498
			2.53817064565115	-2.19366472529498
			2.53630845148707	-2.19180253113089
			2.53444625732298	-2.19180253113089
			2.53258406315889	-2.19180253113089
			2.5307218689948	-2.18994033696681
			2.52885967483072	-2.18994033696681
			2.52699748066663	-2.18994033696681
			2.52513528650254	-2.18807814280272
			2.52327309233845	-2.18807814280272
			2.52141089817437	-2.18621594863863
			2.51954870401028	-2.18621594863863
			2.51768650984619	-2.18435375447454
			2.5158243156821	-2.18435375447454
			2.51396212151802	-2.18435375447454
			2.51209992735393	-2.18249156031046
			2.51023773318984	-2.18249156031046
			2.50837553902575	-2.18062936614637
			2.50651334486167	-2.18062936614637
			2.50465115069758	-2.17876717198228
			2.50278895653349	-2.17876717198228
			2.5009267623694	-2.17690497781819
			2.49906456820532	-2.17690497781819
			2.49720237404123	-2.17504278365411
			2.49534017987714	-2.17318058949002
			2.49347798571305	-2.17318058949002
			2.49161579154897	-2.17131839532593
			2.48975359738488	-2.17131839532593
			2.48789140322079	-2.16945620116184
			2.48602920905671	-2.16759400699776
			2.48416701489262	-2.16759400699776
			2.48230482072853	-2.16573181283367
			2.48044262656444	-2.16573181283367
			2.47858043240036	-2.16386961866958
			2.47671823823627	-2.16200742450549
			2.47485604407218	-2.16200742450549
			2.47299384990809	-2.16014523034141
			2.47113165574401	-2.15828303617732
			2.46926946157992	-2.15642084201323
			2.46740726741583	-2.15642084201323
			2.46554507325174	-2.15642084201323
			2.46554507325174	-2.15455864784914
			2.46368287908766	-2.15455864784914
			2.46182068492357	-2.15269645368506
			2.45995849075948	-2.15083425952097
			2.45809629659539	-2.15083425952097
			2.45623410243131	-2.14897206535688
			2.45437190826722	-2.14897206535688
			2.45250971410313	-2.14897206535688
			2.45064751993904	-2.14897206535688
			2.44878532577496	-2.14897206535688
			2.44692313161087	-2.14897206535688
			2.44506093744678	-2.14897206535688
			2.44319874328269	-2.14897206535688
			2.44133654911861	-2.14897206535688
			2.43947435495452	-2.14897206535688
			2.43761216079043	-2.15083425952097
			2.43574996662634	-2.15083425952097
			2.43388777246226	-2.15083425952097
			2.43202557829817	-2.15083425952097
			2.43016338413408	-2.15083425952097
			2.42830118997	-2.15083425952097
			2.42643899580591	-2.15083425952097
			2.42457680164182	-2.15083425952097
			2.42271460747773	-2.15083425952097
			2.42085241331365	-2.15269645368506
			2.41899021914956	-2.15269645368506
			2.41712802498547	-2.15269645368506
			2.41526583082138	-2.15269645368506
			2.4134036366573	-2.15269645368506
			2.41154144249321	-2.15269645368506
			2.40967924832912	-2.15269645368506
			2.40781705416503	-2.15269645368506
			2.40595486000095	-2.15455864784914
			2.40409266583686	-2.15455864784914
			2.40223047167277	-2.15455864784914
			2.40036827750868	-2.15455864784914
			2.3985060833446	-2.15642084201323
			2.39664388918051	-2.15642084201323
			2.39478169501642	-2.15642084201323
			2.39291950085233	-2.15642084201323
			2.39105730668825	-2.15642084201323
			2.38919511252416	-2.15828303617732
			2.38733291836007	-2.15828303617732
			2.38547072419598	-2.15828303617732
			2.3836085300319	-2.15828303617732
			2.38174633586781	-2.16014523034141
			2.37988414170372	-2.16014523034141
			2.37802194753963	-2.16014523034141
			2.37615975337555	-2.16014523034141
			2.37429755921146	-2.16200742450549
			2.37243536504737	-2.16200742450549
			2.37057317088329	-2.16200742450549
			2.3687109767192	-2.16386961866958
			2.36684878255511	-2.16386961866958
			2.36498658839102	-2.16386961866958
			2.36312439422694	-2.16386961866958
			2.36312439422694	-2.16573181283367
			2.36126220006285	-2.16573181283367
			2.35940000589876	-2.16573181283367
			2.35753781173467	-2.16573181283367
			2.35567561757059	-2.16759400699776
			2.3538134234065	-2.16759400699776
			2.35195122924241	-2.16945620116184
			2.35008903507832	-2.16945620116184
			2.34822684091424	-2.16945620116184
			2.34636464675015	-2.17131839532593
			2.34450245258606	-2.17131839532593
			2.34264025842197	-2.17131839532593
			2.34077806425789	-2.17318058949002
			2.3389158700938	-2.17318058949002
			2.3389158700938	-2.17504278365411
			2.33705367592971	-2.17504278365411
			2.33519148176562	-2.17504278365411
			2.33332928760154	-2.17690497781819
			2.33146709343745	-2.17690497781819
			2.32960489927336	-2.17876717198228
			2.32774270510927	-2.17876717198228
			2.32588051094519	-2.17876717198228
			2.3240183167811	-2.18062936614637
			2.32215612261701	-2.18249156031046
			2.32029392845292	-2.18249156031046
			2.31843173428884	-2.18435375447454
			2.31656954012475	-2.18435375447454
			2.31470734596066	-2.18621594863863
			2.31284515179658	-2.18621594863863
		</curvaI_espina_dorsal>
	</curves.scaled>
	<ruler.points type=matrix rownames=TRUE colnames=FALSE nrow=2 ncol=2 as.numeric=TRUE >
		Ruler point 1	1569	576
		Ruler point 2	2106	575
	</ruler.points>
</shapes>

