<shapes type=list>
	<ruler.pixel type=vector names=FALSE length=1 as.numeric=TRUE >536.008395456638</ruler.pixel>
	<ruler.interval type=vector names=FALSE length=1 as.numeric=TRUE >1</ruler.interval>
	<scaling.units type=vector names=FALSE length=1 as.numeric=FALSE >mm</scaling.units>
	<scaling type=vector names=FALSE length=1 as.numeric=TRUE >0.00186219416408742</scaling>
	<landmarks.pixel type=matrix rownames=TRUE colnames=FALSE nrow=3 ncol=2 as.numeric=TRUE >
		punta_espina_dorsal	1546	1048
		esq_izq_caparaza	1345	1176
		organo_dorsal	1571	1408
	</landmarks.pixel>
	<landmarks.scaled type=matrix rownames=TRUE colnames=FALSE nrow=3 ncol=2 as.numeric=TRUE >
		punta_espina_dorsal	2.87895217767915	-1.95157948396362
		esq_izq_caparaza	2.50465115069758	-2.18994033696681
		organo_dorsal	2.92550703178134	-2.62196938303509
	</landmarks.scaled>
	<curves.control type=list>
		<curvaD_espina_dorsal type=matrix rownames=FALSE colnames=FALSE nrow=7 ncol=2 as.numeric=TRUE >
			1546	1048
			1564	1061
			1572	1083
			1575	1109
			1559	1248
			1532	1306
			1571	1408
		</curvaD_espina_dorsal>
		<curvaI_espina_dorsal type=matrix rownames=FALSE colnames=FALSE nrow=9 ncol=2 as.numeric=TRUE >
			1546	1048
			1565	1072
			1563	1103
			1541	1216
			1526	1235
			1464	1245
			1423	1181
			1387	1172
			1345	1176
		</curvaI_espina_dorsal>
	</curves.control>
	<curves.pixel type=list>
		<curvaD_espina_dorsal type=matrix rownames=FALSE colnames=FALSE nrow=370 ncol=2 as.numeric=TRUE >
			1546	1048
			1547	1048
			1547	1049
			1548	1049
			1548	1050
			1549	1050
			1549	1051
			1550	1051
			1551	1052
			1552	1053
			1553	1054
			1554	1055
			1555	1056
			1556	1057
			1557	1058
			1558	1059
			1559	1060
			1560	1061
			1561	1062
			1561	1063
			1562	1064
			1563	1065
			1564	1066
			1564	1067
			1564	1068
			1565	1068
			1565	1069
			1566	1070
			1567	1071
			1567	1072
			1568	1073
			1568	1074
			1569	1075
			1569	1076
			1569	1077
			1570	1078
			1570	1079
			1571	1080
			1571	1081
			1571	1082
			1572	1083
			1572	1084
			1572	1085
			1572	1086
			1572	1087
			1572	1088
			1572	1089
			1572	1090
			1572	1091
			1572	1092
			1572	1093
			1572	1094
			1572	1095
			1572	1096
			1572	1097
			1572	1098
			1572	1099
			1572	1100
			1572	1101
			1572	1102
			1572	1103
			1572	1104
			1572	1105
			1572	1106
			1572	1107
			1572	1108
			1572	1109
			1572	1110
			1572	1111
			1572	1112
			1572	1113
			1572	1114
			1572	1115
			1572	1116
			1572	1117
			1572	1118
			1572	1119
			1572	1120
			1571	1120
			1571	1121
			1571	1122
			1571	1123
			1571	1124
			1571	1125
			1571	1126
			1571	1127
			1571	1128
			1571	1129
			1571	1130
			1571	1131
			1571	1132
			1571	1133
			1571	1134
			1570	1135
			1570	1136
			1570	1137
			1570	1138
			1570	1139
			1570	1140
			1570	1141
			1570	1142
			1570	1143
			1570	1144
			1570	1145
			1570	1146
			1569	1147
			1569	1148
			1569	1149
			1569	1150
			1569	1151
			1569	1152
			1569	1153
			1569	1154
			1569	1155
			1569	1156
			1569	1157
			1568	1158
			1568	1159
			1568	1160
			1568	1161
			1568	1162
			1568	1163
			1568	1164
			1568	1165
			1568	1166
			1568	1167
			1568	1168
			1567	1169
			1567	1170
			1567	1171
			1567	1172
			1567	1173
			1567	1174
			1567	1175
			1567	1176
			1567	1177
			1567	1178
			1566	1179
			1566	1180
			1566	1181
			1566	1182
			1566	1183
			1566	1184
			1566	1185
			1566	1186
			1566	1187
			1566	1188
			1565	1189
			1565	1190
			1565	1191
			1565	1192
			1565	1193
			1565	1194
			1565	1195
			1565	1196
			1565	1197
			1565	1198
			1564	1199
			1564	1200
			1564	1201
			1564	1202
			1564	1203
			1564	1204
			1564	1205
			1564	1206
			1564	1207
			1563	1208
			1563	1209
			1563	1210
			1563	1211
			1563	1212
			1563	1213
			1563	1214
			1563	1215
			1563	1216
			1562	1217
			1562	1218
			1562	1219
			1562	1220
			1562	1221
			1562	1222
			1562	1223
			1562	1224
			1562	1225
			1561	1226
			1561	1227
			1561	1228
			1561	1229
			1561	1230
			1561	1231
			1561	1232
			1561	1233
			1561	1234
			1560	1235
			1560	1236
			1560	1237
			1560	1238
			1560	1239
			1560	1240
			1560	1241
			1560	1242
			1560	1243
			1560	1244
			1559	1245
			1559	1246
			1559	1247
			1559	1248
			1559	1249
			1558	1249
			1558	1250
			1558	1251
			1557	1252
			1557	1253
			1557	1254
			1556	1255
			1556	1256
			1555	1257
			1555	1258
			1555	1259
			1554	1260
			1554	1261
			1554	1262
			1553	1263
			1553	1264
			1553	1265
			1552	1266
			1552	1267
			1552	1268
			1552	1269
			1551	1270
			1551	1271
			1551	1272
			1551	1273
			1551	1274
			1550	1275
			1550	1276
			1550	1277
			1550	1278
			1550	1279
			1550	1280
			1549	1281
			1549	1282
			1549	1283
			1549	1284
			1549	1285
			1549	1286
			1549	1287
			1549	1288
			1549	1289
			1548	1289
			1548	1290
			1548	1291
			1548	1292
			1548	1293
			1548	1294
			1548	1295
			1548	1296
			1548	1297
			1548	1298
			1548	1299
			1548	1300
			1548	1301
			1548	1302
			1548	1303
			1548	1304
			1548	1305
			1548	1306
			1548	1307
			1548	1308
			1548	1309
			1548	1310
			1548	1311
			1548	1312
			1548	1313
			1548	1314
			1548	1315
			1548	1316
			1549	1317
			1549	1318
			1549	1319
			1549	1320
			1549	1321
			1549	1322
			1549	1323
			1549	1324
			1549	1325
			1549	1326
			1550	1327
			1550	1328
			1550	1329
			1550	1330
			1550	1331
			1550	1332
			1550	1333
			1550	1334
			1551	1334
			1551	1335
			1551	1336
			1551	1337
			1551	1338
			1551	1339
			1551	1340
			1552	1341
			1552	1342
			1552	1343
			1552	1344
			1552	1345
			1553	1346
			1553	1347
			1553	1348
			1553	1349
			1553	1350
			1554	1351
			1554	1352
			1554	1353
			1554	1354
			1554	1355
			1555	1356
			1555	1357
			1555	1358
			1555	1359
			1556	1360
			1556	1361
			1556	1362
			1556	1363
			1557	1364
			1557	1365
			1557	1366
			1557	1367
			1558	1368
			1558	1369
			1558	1370
			1559	1371
			1559	1372
			1559	1373
			1560	1374
			1560	1375
			1560	1376
			1560	1377
			1561	1378
			1561	1379
			1561	1380
			1562	1381
			1562	1382
			1562	1383
			1563	1384
			1563	1385
			1563	1386
			1564	1387
			1564	1388
			1564	1389
			1565	1390
			1565	1391
			1565	1392
			1565	1393
			1566	1394
			1566	1395
			1566	1396
			1567	1397
			1567	1398
			1568	1399
			1568	1400
			1568	1401
			1569	1402
			1569	1403
			1570	1404
			1570	1405
			1570	1406
			1571	1407
			1571	1408
		</curvaD_espina_dorsal>
		<curvaI_espina_dorsal type=matrix rownames=FALSE colnames=FALSE nrow=384 ncol=2 as.numeric=TRUE >
			1546	1048
			1547	1049
			1547	1050
			1548	1051
			1549	1052
			1550	1053
			1550	1054
			1551	1055
			1552	1056
			1552	1057
			1553	1058
			1553	1059
			1554	1060
			1554	1061
			1555	1062
			1556	1063
			1556	1064
			1557	1065
			1557	1066
			1557	1067
			1558	1068
			1558	1069
			1559	1070
			1559	1071
			1559	1072
			1560	1073
			1560	1074
			1560	1075
			1560	1076
			1561	1077
			1561	1078
			1561	1079
			1561	1080
			1562	1081
			1562	1082
			1562	1083
			1562	1084
			1562	1085
			1562	1086
			1563	1087
			1563	1088
			1563	1089
			1563	1090
			1563	1091
			1563	1092
			1563	1093
			1563	1094
			1563	1095
			1563	1096
			1563	1097
			1563	1098
			1563	1099
			1563	1100
			1563	1101
			1563	1102
			1563	1103
			1563	1104
			1563	1105
			1562	1106
			1562	1107
			1562	1108
			1562	1109
			1562	1110
			1561	1111
			1561	1112
			1561	1113
			1561	1114
			1561	1115
			1560	1116
			1560	1117
			1560	1118
			1560	1119
			1560	1120
			1559	1121
			1559	1122
			1559	1123
			1559	1124
			1559	1125
			1558	1125
			1558	1126
			1558	1127
			1558	1128
			1558	1129
			1558	1130
			1557	1131
			1557	1132
			1557	1133
			1557	1134
			1557	1135
			1556	1135
			1556	1136
			1556	1137
			1556	1138
			1556	1139
			1555	1140
			1555	1141
			1555	1142
			1555	1143
			1555	1144
			1554	1145
			1554	1146
			1554	1147
			1554	1148
			1553	1149
			1553	1150
			1553	1151
			1553	1152
			1553	1153
			1552	1154
			1552	1155
			1552	1156
			1552	1157
			1551	1158
			1551	1159
			1551	1160
			1551	1161
			1551	1162
			1550	1163
			1550	1164
			1550	1165
			1549	1166
			1549	1167
			1549	1168
			1549	1169
			1549	1170
			1548	1171
			1548	1172
			1548	1173
			1548	1174
			1547	1175
			1547	1176
			1547	1177
			1546	1178
			1546	1179
			1546	1180
			1546	1181
			1546	1182
			1545	1183
			1545	1184
			1545	1185
			1544	1186
			1544	1187
			1544	1188
			1544	1189
			1543	1190
			1543	1191
			1543	1192
			1543	1193
			1542	1194
			1542	1195
			1542	1196
			1541	1197
			1541	1198
			1541	1199
			1540	1200
			1540	1201
			1540	1202
			1540	1203
			1539	1204
			1539	1205
			1539	1206
			1538	1207
			1538	1208
			1538	1209
			1537	1210
			1537	1211
			1537	1212
			1536	1213
			1536	1214
			1536	1215
			1535	1216
			1535	1217
			1535	1218
			1534	1219
			1534	1220
			1533	1221
			1533	1222
			1533	1223
			1532	1224
			1532	1225
			1531	1226
			1531	1227
			1530	1228
			1530	1229
			1529	1230
			1529	1231
			1528	1231
			1528	1232
			1528	1233
			1527	1233
			1527	1234
			1526	1235
			1525	1235
			1524	1235
			1523	1235
			1522	1236
			1521	1236
			1520	1236
			1519	1236
			1518	1236
			1517	1236
			1516	1236
			1515	1236
			1514	1236
			1513	1236
			1512	1236
			1511	1236
			1510	1236
			1509	1236
			1508	1236
			1507	1236
			1506	1236
			1505	1236
			1504	1236
			1503	1236
			1502	1236
			1501	1236
			1500	1236
			1499	1236
			1498	1236
			1497	1235
			1496	1235
			1495	1235
			1494	1235
			1493	1235
			1492	1235
			1491	1234
			1490	1234
			1489	1234
			1488	1234
			1487	1233
			1486	1233
			1485	1233
			1484	1233
			1483	1232
			1482	1232
			1481	1232
			1480	1231
			1479	1231
			1478	1230
			1477	1230
			1476	1230
			1475	1229
			1474	1229
			1473	1228
			1472	1228
			1471	1228
			1471	1227
			1470	1227
			1469	1226
			1468	1226
			1467	1226
			1467	1225
			1466	1225
			1465	1224
			1464	1224
			1464	1223
			1463	1223
			1462	1222
			1461	1222
			1461	1221
			1460	1221
			1459	1220
			1458	1220
			1458	1219
			1457	1219
			1456	1218
			1455	1217
			1454	1216
			1453	1216
			1452	1215
			1451	1214
			1450	1213
			1449	1212
			1448	1211
			1447	1210
			1446	1209
			1445	1208
			1444	1207
			1443	1206
			1442	1205
			1441	1204
			1440	1203
			1439	1202
			1438	1201
			1437	1200
			1436	1199
			1435	1198
			1434	1197
			1434	1196
			1433	1195
			1432	1194
			1431	1193
			1430	1192
			1430	1191
			1429	1190
			1428	1189
			1428	1188
			1427	1187
			1426	1186
			1426	1185
			1425	1184
			1424	1183
			1424	1182
			1423	1181
			1422	1181
			1421	1180
			1420	1180
			1419	1180
			1418	1180
			1417	1180
			1416	1179
			1415	1179
			1414	1179
			1413	1179
			1412	1179
			1412	1178
			1411	1178
			1410	1178
			1409	1178
			1408	1178
			1407	1178
			1406	1177
			1405	1177
			1404	1177
			1403	1177
			1402	1177
			1401	1177
			1400	1177
			1399	1176
			1398	1176
			1397	1176
			1396	1176
			1395	1176
			1394	1176
			1393	1176
			1392	1176
			1391	1176
			1390	1176
			1389	1176
			1388	1175
			1387	1175
			1386	1175
			1385	1175
			1384	1175
			1383	1175
			1382	1175
			1381	1175
			1380	1175
			1379	1175
			1378	1175
			1377	1175
			1376	1175
			1375	1175
			1374	1175
			1373	1175
			1372	1175
			1371	1175
			1370	1175
			1369	1175
			1368	1175
			1367	1175
			1366	1175
			1365	1175
			1364	1175
			1363	1175
			1362	1175
			1361	1175
			1360	1175
			1359	1175
			1358	1175
			1357	1175
			1356	1175
			1355	1175
			1354	1175
			1353	1175
			1352	1175
			1351	1175
			1350	1176
			1349	1176
			1348	1176
			1347	1176
			1346	1176
			1345	1176
		</curvaI_espina_dorsal>
	</curves.pixel>
	<curves.scaled type=list>
		<curvaD_espina_dorsal type=matrix rownames=FALSE colnames=FALSE nrow=370 ncol=2 as.numeric=TRUE >
			2.87895217767915	-1.95157948396362
			2.88081437184324	-1.95157948396362
			2.88081437184324	-1.9534416781277
			2.88267656600733	-1.9534416781277
			2.88267656600733	-1.95530387229179
			2.88453876017141	-1.95530387229179
			2.88453876017141	-1.95716606645588
			2.8864009543355	-1.95716606645588
			2.88826314849959	-1.95902826061997
			2.89012534266368	-1.96089045478405
			2.89198753682776	-1.96275264894814
			2.89384973099185	-1.96461484311223
			2.89571192515594	-1.96647703727632
			2.89757411932003	-1.9683392314404
			2.89943631348411	-1.97020142560449
			2.9012985076482	-1.97206361976858
			2.90316070181229	-1.97392581393266
			2.90502289597637	-1.97578800809675
			2.90688509014046	-1.97765020226084
			2.90688509014046	-1.97951239642493
			2.90874728430455	-1.98137459058901
			2.91060947846864	-1.9832367847531
			2.91247167263272	-1.98509897891719
			2.91247167263272	-1.98696117308128
			2.91247167263272	-1.98882336724536
			2.91433386679681	-1.98882336724536
			2.91433386679681	-1.99068556140945
			2.9161960609609	-1.99254775557354
			2.91805825512499	-1.99440994973763
			2.91805825512499	-1.99627214390171
			2.91992044928907	-1.9981343380658
			2.91992044928907	-1.99999653222989
			2.92178264345316	-2.00185872639398
			2.92178264345316	-2.00372092055806
			2.92178264345316	-2.00558311472215
			2.92364483761725	-2.00744530888624
			2.92364483761725	-2.00930750305033
			2.92550703178134	-2.01116969721441
			2.92550703178134	-2.0130318913785
			2.92550703178134	-2.01489408554259
			2.92736922594542	-2.01675627970668
			2.92736922594542	-2.01861847387076
			2.92736922594542	-2.02048066803485
			2.92736922594542	-2.02234286219894
			2.92736922594542	-2.02420505636303
			2.92736922594542	-2.02606725052711
			2.92736922594542	-2.0279294446912
			2.92736922594542	-2.02979163885529
			2.92736922594542	-2.03165383301937
			2.92736922594542	-2.03351602718346
			2.92736922594542	-2.03537822134755
			2.92736922594542	-2.03724041551164
			2.92736922594542	-2.03910260967572
			2.92736922594542	-2.04096480383981
			2.92736922594542	-2.0428269980039
			2.92736922594542	-2.04468919216799
			2.92736922594542	-2.04655138633207
			2.92736922594542	-2.04841358049616
			2.92736922594542	-2.05027577466025
			2.92736922594542	-2.05213796882434
			2.92736922594542	-2.05400016298842
			2.92736922594542	-2.05586235715251
			2.92736922594542	-2.0577245513166
			2.92736922594542	-2.05958674548069
			2.92736922594542	-2.06144893964477
			2.92736922594542	-2.06331113380886
			2.92736922594542	-2.06517332797295
			2.92736922594542	-2.06703552213704
			2.92736922594542	-2.06889771630112
			2.92736922594542	-2.07075991046521
			2.92736922594542	-2.0726221046293
			2.92736922594542	-2.07448429879339
			2.92736922594542	-2.07634649295747
			2.92736922594542	-2.07820868712156
			2.92736922594542	-2.08007088128565
			2.92736922594542	-2.08193307544974
			2.92736922594542	-2.08379526961382
			2.92736922594542	-2.08565746377791
			2.92550703178134	-2.08565746377791
			2.92550703178134	-2.087519657942
			2.92550703178134	-2.08938185210608
			2.92550703178134	-2.09124404627017
			2.92550703178134	-2.09310624043426
			2.92550703178134	-2.09496843459835
			2.92550703178134	-2.09683062876243
			2.92550703178134	-2.09869282292652
			2.92550703178134	-2.10055501709061
			2.92550703178134	-2.1024172112547
			2.92550703178134	-2.10427940541878
			2.92550703178134	-2.10614159958287
			2.92550703178134	-2.10800379374696
			2.92550703178134	-2.10986598791105
			2.92550703178134	-2.11172818207513
			2.92364483761725	-2.11359037623922
			2.92364483761725	-2.11545257040331
			2.92364483761725	-2.1173147645674
			2.92364483761725	-2.11917695873148
			2.92364483761725	-2.12103915289557
			2.92364483761725	-2.12290134705966
			2.92364483761725	-2.12476354122375
			2.92364483761725	-2.12662573538783
			2.92364483761725	-2.12848792955192
			2.92364483761725	-2.13035012371601
			2.92364483761725	-2.1322123178801
			2.92364483761725	-2.13407451204418
			2.92178264345316	-2.13593670620827
			2.92178264345316	-2.13779890037236
			2.92178264345316	-2.13966109453645
			2.92178264345316	-2.14152328870053
			2.92178264345316	-2.14338548286462
			2.92178264345316	-2.14524767702871
			2.92178264345316	-2.14710987119279
			2.92178264345316	-2.14897206535688
			2.92178264345316	-2.15083425952097
			2.92178264345316	-2.15269645368506
			2.92178264345316	-2.15455864784914
			2.91992044928907	-2.15642084201323
			2.91992044928907	-2.15828303617732
			2.91992044928907	-2.16014523034141
			2.91992044928907	-2.16200742450549
			2.91992044928907	-2.16386961866958
			2.91992044928907	-2.16573181283367
			2.91992044928907	-2.16759400699776
			2.91992044928907	-2.16945620116184
			2.91992044928907	-2.17131839532593
			2.91992044928907	-2.17318058949002
			2.91992044928907	-2.17504278365411
			2.91805825512499	-2.17690497781819
			2.91805825512499	-2.17876717198228
			2.91805825512499	-2.18062936614637
			2.91805825512499	-2.18249156031046
			2.91805825512499	-2.18435375447454
			2.91805825512499	-2.18621594863863
			2.91805825512499	-2.18807814280272
			2.91805825512499	-2.18994033696681
			2.91805825512499	-2.19180253113089
			2.91805825512499	-2.19366472529498
			2.9161960609609	-2.19552691945907
			2.9161960609609	-2.19738911362316
			2.9161960609609	-2.19925130778724
			2.9161960609609	-2.20111350195133
			2.9161960609609	-2.20297569611542
			2.9161960609609	-2.2048378902795
			2.9161960609609	-2.20670008444359
			2.9161960609609	-2.20856227860768
			2.9161960609609	-2.21042447277177
			2.9161960609609	-2.21228666693585
			2.91433386679681	-2.21414886109994
			2.91433386679681	-2.21601105526403
			2.91433386679681	-2.21787324942812
			2.91433386679681	-2.2197354435922
			2.91433386679681	-2.22159763775629
			2.91433386679681	-2.22345983192038
			2.91433386679681	-2.22532202608447
			2.91433386679681	-2.22718422024855
			2.91433386679681	-2.22904641441264
			2.91433386679681	-2.23090860857673
			2.91247167263272	-2.23277080274082
			2.91247167263272	-2.2346329969049
			2.91247167263272	-2.23649519106899
			2.91247167263272	-2.23835738523308
			2.91247167263272	-2.24021957939717
			2.91247167263272	-2.24208177356125
			2.91247167263272	-2.24394396772534
			2.91247167263272	-2.24580616188943
			2.91247167263272	-2.24766835605352
			2.91060947846864	-2.2495305502176
			2.91060947846864	-2.25139274438169
			2.91060947846864	-2.25325493854578
			2.91060947846864	-2.25511713270987
			2.91060947846864	-2.25697932687395
			2.91060947846864	-2.25884152103804
			2.91060947846864	-2.26070371520213
			2.91060947846864	-2.26256590936621
			2.91060947846864	-2.2644281035303
			2.90874728430455	-2.26629029769439
			2.90874728430455	-2.26815249185848
			2.90874728430455	-2.27001468602256
			2.90874728430455	-2.27187688018665
			2.90874728430455	-2.27373907435074
			2.90874728430455	-2.27560126851483
			2.90874728430455	-2.27746346267891
			2.90874728430455	-2.279325656843
			2.90874728430455	-2.28118785100709
			2.90688509014046	-2.28305004517118
			2.90688509014046	-2.28491223933526
			2.90688509014046	-2.28677443349935
			2.90688509014046	-2.28863662766344
			2.90688509014046	-2.29049882182753
			2.90688509014046	-2.29236101599161
			2.90688509014046	-2.2942232101557
			2.90688509014046	-2.29608540431979
			2.90688509014046	-2.29794759848388
			2.90502289597637	-2.29980979264796
			2.90502289597637	-2.30167198681205
			2.90502289597637	-2.30353418097614
			2.90502289597637	-2.30539637514023
			2.90502289597637	-2.30725856930431
			2.90502289597637	-2.3091207634684
			2.90502289597637	-2.31098295763249
			2.90502289597637	-2.31284515179658
			2.90502289597637	-2.31470734596066
			2.90502289597637	-2.31656954012475
			2.90316070181229	-2.31843173428884
			2.90316070181229	-2.32029392845292
			2.90316070181229	-2.32215612261701
			2.90316070181229	-2.3240183167811
			2.90316070181229	-2.32588051094519
			2.9012985076482	-2.32588051094519
			2.9012985076482	-2.32774270510927
			2.9012985076482	-2.32960489927336
			2.89943631348411	-2.33146709343745
			2.89943631348411	-2.33332928760154
			2.89943631348411	-2.33519148176562
			2.89757411932003	-2.33705367592971
			2.89757411932003	-2.3389158700938
			2.89571192515594	-2.34077806425789
			2.89571192515594	-2.34264025842197
			2.89571192515594	-2.34450245258606
			2.89384973099185	-2.34636464675015
			2.89384973099185	-2.34822684091424
			2.89384973099185	-2.35008903507832
			2.89198753682776	-2.35195122924241
			2.89198753682776	-2.3538134234065
			2.89198753682776	-2.35567561757059
			2.89012534266368	-2.35753781173467
			2.89012534266368	-2.35940000589876
			2.89012534266368	-2.36126220006285
			2.89012534266368	-2.36312439422694
			2.88826314849959	-2.36498658839102
			2.88826314849959	-2.36684878255511
			2.88826314849959	-2.3687109767192
			2.88826314849959	-2.37057317088329
			2.88826314849959	-2.37243536504737
			2.8864009543355	-2.37429755921146
			2.8864009543355	-2.37615975337555
			2.8864009543355	-2.37802194753963
			2.8864009543355	-2.37988414170372
			2.8864009543355	-2.38174633586781
			2.8864009543355	-2.3836085300319
			2.88453876017141	-2.38547072419598
			2.88453876017141	-2.38733291836007
			2.88453876017141	-2.38919511252416
			2.88453876017141	-2.39105730668825
			2.88453876017141	-2.39291950085233
			2.88453876017141	-2.39478169501642
			2.88453876017141	-2.39664388918051
			2.88453876017141	-2.3985060833446
			2.88453876017141	-2.40036827750868
			2.88267656600733	-2.40036827750868
			2.88267656600733	-2.40223047167277
			2.88267656600733	-2.40409266583686
			2.88267656600733	-2.40595486000095
			2.88267656600733	-2.40781705416503
			2.88267656600733	-2.40967924832912
			2.88267656600733	-2.41154144249321
			2.88267656600733	-2.4134036366573
			2.88267656600733	-2.41526583082138
			2.88267656600733	-2.41712802498547
			2.88267656600733	-2.41899021914956
			2.88267656600733	-2.42085241331365
			2.88267656600733	-2.42271460747773
			2.88267656600733	-2.42457680164182
			2.88267656600733	-2.42643899580591
			2.88267656600733	-2.42830118997
			2.88267656600733	-2.43016338413408
			2.88267656600733	-2.43202557829817
			2.88267656600733	-2.43388777246226
			2.88267656600733	-2.43574996662634
			2.88267656600733	-2.43761216079043
			2.88267656600733	-2.43947435495452
			2.88267656600733	-2.44133654911861
			2.88267656600733	-2.44319874328269
			2.88267656600733	-2.44506093744678
			2.88267656600733	-2.44692313161087
			2.88267656600733	-2.44878532577496
			2.88267656600733	-2.45064751993904
			2.88453876017141	-2.45250971410313
			2.88453876017141	-2.45437190826722
			2.88453876017141	-2.45623410243131
			2.88453876017141	-2.45809629659539
			2.88453876017141	-2.45995849075948
			2.88453876017141	-2.46182068492357
			2.88453876017141	-2.46368287908766
			2.88453876017141	-2.46554507325174
			2.88453876017141	-2.46740726741583
			2.88453876017141	-2.46926946157992
			2.8864009543355	-2.47113165574401
			2.8864009543355	-2.47299384990809
			2.8864009543355	-2.47485604407218
			2.8864009543355	-2.47671823823627
			2.8864009543355	-2.47858043240036
			2.8864009543355	-2.48044262656444
			2.8864009543355	-2.48230482072853
			2.8864009543355	-2.48416701489262
			2.88826314849959	-2.48416701489262
			2.88826314849959	-2.48602920905671
			2.88826314849959	-2.48789140322079
			2.88826314849959	-2.48975359738488
			2.88826314849959	-2.49161579154897
			2.88826314849959	-2.49347798571305
			2.88826314849959	-2.49534017987714
			2.89012534266368	-2.49720237404123
			2.89012534266368	-2.49906456820532
			2.89012534266368	-2.5009267623694
			2.89012534266368	-2.50278895653349
			2.89012534266368	-2.50465115069758
			2.89198753682776	-2.50651334486167
			2.89198753682776	-2.50837553902575
			2.89198753682776	-2.51023773318984
			2.89198753682776	-2.51209992735393
			2.89198753682776	-2.51396212151802
			2.89384973099185	-2.5158243156821
			2.89384973099185	-2.51768650984619
			2.89384973099185	-2.51954870401028
			2.89384973099185	-2.52141089817437
			2.89384973099185	-2.52327309233845
			2.89571192515594	-2.52513528650254
			2.89571192515594	-2.52699748066663
			2.89571192515594	-2.52885967483072
			2.89571192515594	-2.5307218689948
			2.89757411932003	-2.53258406315889
			2.89757411932003	-2.53444625732298
			2.89757411932003	-2.53630845148707
			2.89757411932003	-2.53817064565115
			2.89943631348411	-2.54003283981524
			2.89943631348411	-2.54189503397933
			2.89943631348411	-2.54375722814342
			2.89943631348411	-2.5456194223075
			2.9012985076482	-2.54748161647159
			2.9012985076482	-2.54934381063568
			2.9012985076482	-2.55120600479976
			2.90316070181229	-2.55306819896385
			2.90316070181229	-2.55493039312794
			2.90316070181229	-2.55679258729203
			2.90502289597637	-2.55865478145611
			2.90502289597637	-2.5605169756202
			2.90502289597637	-2.56237916978429
			2.90502289597637	-2.56424136394838
			2.90688509014046	-2.56610355811246
			2.90688509014046	-2.56796575227655
			2.90688509014046	-2.56982794644064
			2.90874728430455	-2.57169014060473
			2.90874728430455	-2.57355233476881
			2.90874728430455	-2.5754145289329
			2.91060947846864	-2.57727672309699
			2.91060947846864	-2.57913891726108
			2.91060947846864	-2.58100111142516
			2.91247167263272	-2.58286330558925
			2.91247167263272	-2.58472549975334
			2.91247167263272	-2.58658769391743
			2.91433386679681	-2.58844988808151
			2.91433386679681	-2.5903120822456
			2.91433386679681	-2.59217427640969
			2.91433386679681	-2.59403647057378
			2.9161960609609	-2.59589866473786
			2.9161960609609	-2.59776085890195
			2.9161960609609	-2.59962305306604
			2.91805825512499	-2.60148524723013
			2.91805825512499	-2.60334744139421
			2.91992044928907	-2.6052096355583
			2.91992044928907	-2.60707182972239
			2.91992044928907	-2.60893402388647
			2.92178264345316	-2.61079621805056
			2.92178264345316	-2.61265841221465
			2.92364483761725	-2.61452060637874
			2.92364483761725	-2.61638280054282
			2.92364483761725	-2.61824499470691
			2.92550703178134	-2.620107188871
			2.92550703178134	-2.62196938303509
		</curvaD_espina_dorsal>
		<curvaI_espina_dorsal type=matrix rownames=FALSE colnames=FALSE nrow=384 ncol=2 as.numeric=TRUE >
			2.87895217767915	-1.95157948396362
			2.88081437184324	-1.9534416781277
			2.88081437184324	-1.95530387229179
			2.88267656600733	-1.95716606645588
			2.88453876017141	-1.95902826061997
			2.8864009543355	-1.96089045478405
			2.8864009543355	-1.96275264894814
			2.88826314849959	-1.96461484311223
			2.89012534266368	-1.96647703727632
			2.89012534266368	-1.9683392314404
			2.89198753682776	-1.97020142560449
			2.89198753682776	-1.97206361976858
			2.89384973099185	-1.97392581393266
			2.89384973099185	-1.97578800809675
			2.89571192515594	-1.97765020226084
			2.89757411932003	-1.97951239642493
			2.89757411932003	-1.98137459058901
			2.89943631348411	-1.9832367847531
			2.89943631348411	-1.98509897891719
			2.89943631348411	-1.98696117308128
			2.9012985076482	-1.98882336724536
			2.9012985076482	-1.99068556140945
			2.90316070181229	-1.99254775557354
			2.90316070181229	-1.99440994973763
			2.90316070181229	-1.99627214390171
			2.90502289597637	-1.9981343380658
			2.90502289597637	-1.99999653222989
			2.90502289597637	-2.00185872639398
			2.90502289597637	-2.00372092055806
			2.90688509014046	-2.00558311472215
			2.90688509014046	-2.00744530888624
			2.90688509014046	-2.00930750305033
			2.90688509014046	-2.01116969721441
			2.90874728430455	-2.0130318913785
			2.90874728430455	-2.01489408554259
			2.90874728430455	-2.01675627970668
			2.90874728430455	-2.01861847387076
			2.90874728430455	-2.02048066803485
			2.90874728430455	-2.02234286219894
			2.91060947846864	-2.02420505636303
			2.91060947846864	-2.02606725052711
			2.91060947846864	-2.0279294446912
			2.91060947846864	-2.02979163885529
			2.91060947846864	-2.03165383301937
			2.91060947846864	-2.03351602718346
			2.91060947846864	-2.03537822134755
			2.91060947846864	-2.03724041551164
			2.91060947846864	-2.03910260967572
			2.91060947846864	-2.04096480383981
			2.91060947846864	-2.0428269980039
			2.91060947846864	-2.04468919216799
			2.91060947846864	-2.04655138633207
			2.91060947846864	-2.04841358049616
			2.91060947846864	-2.05027577466025
			2.91060947846864	-2.05213796882434
			2.91060947846864	-2.05400016298842
			2.91060947846864	-2.05586235715251
			2.91060947846864	-2.0577245513166
			2.90874728430455	-2.05958674548069
			2.90874728430455	-2.06144893964477
			2.90874728430455	-2.06331113380886
			2.90874728430455	-2.06517332797295
			2.90874728430455	-2.06703552213704
			2.90688509014046	-2.06889771630112
			2.90688509014046	-2.07075991046521
			2.90688509014046	-2.0726221046293
			2.90688509014046	-2.07448429879339
			2.90688509014046	-2.07634649295747
			2.90502289597637	-2.07820868712156
			2.90502289597637	-2.08007088128565
			2.90502289597637	-2.08193307544974
			2.90502289597637	-2.08379526961382
			2.90502289597637	-2.08565746377791
			2.90316070181229	-2.087519657942
			2.90316070181229	-2.08938185210608
			2.90316070181229	-2.09124404627017
			2.90316070181229	-2.09310624043426
			2.90316070181229	-2.09496843459835
			2.9012985076482	-2.09496843459835
			2.9012985076482	-2.09683062876243
			2.9012985076482	-2.09869282292652
			2.9012985076482	-2.10055501709061
			2.9012985076482	-2.1024172112547
			2.9012985076482	-2.10427940541878
			2.89943631348411	-2.10614159958287
			2.89943631348411	-2.10800379374696
			2.89943631348411	-2.10986598791105
			2.89943631348411	-2.11172818207513
			2.89943631348411	-2.11359037623922
			2.89757411932003	-2.11359037623922
			2.89757411932003	-2.11545257040331
			2.89757411932003	-2.1173147645674
			2.89757411932003	-2.11917695873148
			2.89757411932003	-2.12103915289557
			2.89571192515594	-2.12290134705966
			2.89571192515594	-2.12476354122375
			2.89571192515594	-2.12662573538783
			2.89571192515594	-2.12848792955192
			2.89571192515594	-2.13035012371601
			2.89384973099185	-2.1322123178801
			2.89384973099185	-2.13407451204418
			2.89384973099185	-2.13593670620827
			2.89384973099185	-2.13779890037236
			2.89198753682776	-2.13966109453645
			2.89198753682776	-2.14152328870053
			2.89198753682776	-2.14338548286462
			2.89198753682776	-2.14524767702871
			2.89198753682776	-2.14710987119279
			2.89012534266368	-2.14897206535688
			2.89012534266368	-2.15083425952097
			2.89012534266368	-2.15269645368506
			2.89012534266368	-2.15455864784914
			2.88826314849959	-2.15642084201323
			2.88826314849959	-2.15828303617732
			2.88826314849959	-2.16014523034141
			2.88826314849959	-2.16200742450549
			2.88826314849959	-2.16386961866958
			2.8864009543355	-2.16573181283367
			2.8864009543355	-2.16759400699776
			2.8864009543355	-2.16945620116184
			2.88453876017141	-2.17131839532593
			2.88453876017141	-2.17318058949002
			2.88453876017141	-2.17504278365411
			2.88453876017141	-2.17690497781819
			2.88453876017141	-2.17876717198228
			2.88267656600733	-2.18062936614637
			2.88267656600733	-2.18249156031046
			2.88267656600733	-2.18435375447454
			2.88267656600733	-2.18621594863863
			2.88081437184324	-2.18807814280272
			2.88081437184324	-2.18994033696681
			2.88081437184324	-2.19180253113089
			2.87895217767915	-2.19366472529498
			2.87895217767915	-2.19552691945907
			2.87895217767915	-2.19738911362316
			2.87895217767915	-2.19925130778724
			2.87895217767915	-2.20111350195133
			2.87708998351506	-2.20297569611542
			2.87708998351506	-2.2048378902795
			2.87708998351506	-2.20670008444359
			2.87522778935098	-2.20856227860768
			2.87522778935098	-2.21042447277177
			2.87522778935098	-2.21228666693585
			2.87522778935098	-2.21414886109994
			2.87336559518689	-2.21601105526403
			2.87336559518689	-2.21787324942812
			2.87336559518689	-2.2197354435922
			2.87336559518689	-2.22159763775629
			2.8715034010228	-2.22345983192038
			2.8715034010228	-2.22532202608447
			2.8715034010228	-2.22718422024855
			2.86964120685871	-2.22904641441264
			2.86964120685871	-2.23090860857673
			2.86964120685871	-2.23277080274082
			2.86777901269463	-2.2346329969049
			2.86777901269463	-2.23649519106899
			2.86777901269463	-2.23835738523308
			2.86777901269463	-2.24021957939717
			2.86591681853054	-2.24208177356125
			2.86591681853054	-2.24394396772534
			2.86591681853054	-2.24580616188943
			2.86405462436645	-2.24766835605352
			2.86405462436645	-2.2495305502176
			2.86405462436645	-2.25139274438169
			2.86219243020236	-2.25325493854578
			2.86219243020236	-2.25511713270987
			2.86219243020236	-2.25697932687395
			2.86033023603828	-2.25884152103804
			2.86033023603828	-2.26070371520213
			2.86033023603828	-2.26256590936621
			2.85846804187419	-2.2644281035303
			2.85846804187419	-2.26629029769439
			2.85846804187419	-2.26815249185848
			2.8566058477101	-2.27001468602256
			2.8566058477101	-2.27187688018665
			2.85474365354601	-2.27373907435074
			2.85474365354601	-2.27560126851483
			2.85474365354601	-2.27746346267891
			2.85288145938193	-2.279325656843
			2.85288145938193	-2.28118785100709
			2.85101926521784	-2.28305004517118
			2.85101926521784	-2.28491223933526
			2.84915707105375	-2.28677443349935
			2.84915707105375	-2.28863662766344
			2.84729487688966	-2.29049882182753
			2.84729487688966	-2.29236101599161
			2.84543268272558	-2.29236101599161
			2.84543268272558	-2.2942232101557
			2.84543268272558	-2.29608540431979
			2.84357048856149	-2.29608540431979
			2.84357048856149	-2.29794759848388
			2.8417082943974	-2.29980979264796
			2.83984610023332	-2.29980979264796
			2.83798390606923	-2.29980979264796
			2.83612171190514	-2.29980979264796
			2.83425951774105	-2.30167198681205
			2.83239732357697	-2.30167198681205
			2.83053512941288	-2.30167198681205
			2.82867293524879	-2.30167198681205
			2.8268107410847	-2.30167198681205
			2.82494854692062	-2.30167198681205
			2.82308635275653	-2.30167198681205
			2.82122415859244	-2.30167198681205
			2.81936196442835	-2.30167198681205
			2.81749977026427	-2.30167198681205
			2.81563757610018	-2.30167198681205
			2.81377538193609	-2.30167198681205
			2.811913187772	-2.30167198681205
			2.81005099360792	-2.30167198681205
			2.80818879944383	-2.30167198681205
			2.80632660527974	-2.30167198681205
			2.80446441111565	-2.30167198681205
			2.80260221695157	-2.30167198681205
			2.80074002278748	-2.30167198681205
			2.79887782862339	-2.30167198681205
			2.7970156344593	-2.30167198681205
			2.79515344029522	-2.30167198681205
			2.79329124613113	-2.30167198681205
			2.79142905196704	-2.30167198681205
			2.78956685780295	-2.30167198681205
			2.78770466363887	-2.29980979264796
			2.78584246947478	-2.29980979264796
			2.78398027531069	-2.29980979264796
			2.78211808114661	-2.29980979264796
			2.78025588698252	-2.29980979264796
			2.77839369281843	-2.29980979264796
			2.77653149865434	-2.29794759848388
			2.77466930449026	-2.29794759848388
			2.77280711032617	-2.29794759848388
			2.77094491616208	-2.29794759848388
			2.76908272199799	-2.29608540431979
			2.76722052783391	-2.29608540431979
			2.76535833366982	-2.29608540431979
			2.76349613950573	-2.29608540431979
			2.76163394534164	-2.2942232101557
			2.75977175117756	-2.2942232101557
			2.75790955701347	-2.2942232101557
			2.75604736284938	-2.29236101599161
			2.75418516868529	-2.29236101599161
			2.75232297452121	-2.29049882182753
			2.75046078035712	-2.29049882182753
			2.74859858619303	-2.29049882182753
			2.74673639202894	-2.28863662766344
			2.74487419786486	-2.28863662766344
			2.74301200370077	-2.28677443349935
			2.74114980953668	-2.28677443349935
			2.73928761537259	-2.28677443349935
			2.73928761537259	-2.28491223933526
			2.73742542120851	-2.28491223933526
			2.73556322704442	-2.28305004517118
			2.73370103288033	-2.28305004517118
			2.73183883871624	-2.28305004517118
			2.73183883871624	-2.28118785100709
			2.72997664455216	-2.28118785100709
			2.72811445038807	-2.279325656843
			2.72625225622398	-2.279325656843
			2.72625225622398	-2.27746346267891
			2.7243900620599	-2.27746346267891
			2.72252786789581	-2.27560126851483
			2.72066567373172	-2.27560126851483
			2.72066567373172	-2.27373907435074
			2.71880347956763	-2.27373907435074
			2.71694128540355	-2.27187688018665
			2.71507909123946	-2.27187688018665
			2.71507909123946	-2.27001468602256
			2.71321689707537	-2.27001468602256
			2.71135470291128	-2.26815249185848
			2.7094925087472	-2.26629029769439
			2.70763031458311	-2.2644281035303
			2.70576812041902	-2.2644281035303
			2.70390592625493	-2.26256590936621
			2.70204373209085	-2.26070371520213
			2.70018153792676	-2.25884152103804
			2.69831934376267	-2.25697932687395
			2.69645714959858	-2.25511713270987
			2.6945949554345	-2.25325493854578
			2.69273276127041	-2.25139274438169
			2.69087056710632	-2.2495305502176
			2.68900837294223	-2.24766835605352
			2.68714617877815	-2.24580616188943
			2.68528398461406	-2.24394396772534
			2.68342179044997	-2.24208177356125
			2.68155959628588	-2.24021957939717
			2.6796974021218	-2.23835738523308
			2.67783520795771	-2.23649519106899
			2.67597301379362	-2.2346329969049
			2.67411081962953	-2.23277080274082
			2.67224862546545	-2.23090860857673
			2.67038643130136	-2.22904641441264
			2.67038643130136	-2.22718422024855
			2.66852423713727	-2.22532202608447
			2.66666204297319	-2.22345983192038
			2.6647998488091	-2.22159763775629
			2.66293765464501	-2.2197354435922
			2.66293765464501	-2.21787324942812
			2.66107546048092	-2.21601105526403
			2.65921326631684	-2.21414886109994
			2.65921326631684	-2.21228666693585
			2.65735107215275	-2.21042447277177
			2.65548887798866	-2.20856227860768
			2.65548887798866	-2.20670008444359
			2.65362668382457	-2.2048378902795
			2.65176448966049	-2.20297569611542
			2.65176448966049	-2.20111350195133
			2.6499022954964	-2.19925130778724
			2.64804010133231	-2.19925130778724
			2.64617790716822	-2.19738911362316
			2.64431571300414	-2.19738911362316
			2.64245351884005	-2.19738911362316
			2.64059132467596	-2.19738911362316
			2.63872913051187	-2.19738911362316
			2.63686693634779	-2.19552691945907
			2.6350047421837	-2.19552691945907
			2.63314254801961	-2.19552691945907
			2.63128035385552	-2.19552691945907
			2.62941815969144	-2.19552691945907
			2.62941815969144	-2.19366472529498
			2.62755596552735	-2.19366472529498
			2.62569377136326	-2.19366472529498
			2.62383157719917	-2.19366472529498
			2.62196938303509	-2.19366472529498
			2.620107188871	-2.19366472529498
			2.61824499470691	-2.19180253113089
			2.61638280054282	-2.19180253113089
			2.61452060637874	-2.19180253113089
			2.61265841221465	-2.19180253113089
			2.61079621805056	-2.19180253113089
			2.60893402388647	-2.19180253113089
			2.60707182972239	-2.19180253113089
			2.6052096355583	-2.18994033696681
			2.60334744139421	-2.18994033696681
			2.60148524723013	-2.18994033696681
			2.59962305306604	-2.18994033696681
			2.59776085890195	-2.18994033696681
			2.59589866473786	-2.18994033696681
			2.59403647057378	-2.18994033696681
			2.59217427640969	-2.18994033696681
			2.5903120822456	-2.18994033696681
			2.58844988808151	-2.18994033696681
			2.58658769391743	-2.18994033696681
			2.58472549975334	-2.18807814280272
			2.58286330558925	-2.18807814280272
			2.58100111142516	-2.18807814280272
			2.57913891726108	-2.18807814280272
			2.57727672309699	-2.18807814280272
			2.5754145289329	-2.18807814280272
			2.57355233476881	-2.18807814280272
			2.57169014060473	-2.18807814280272
			2.56982794644064	-2.18807814280272
			2.56796575227655	-2.18807814280272
			2.56610355811246	-2.18807814280272
			2.56424136394838	-2.18807814280272
			2.56237916978429	-2.18807814280272
			2.5605169756202	-2.18807814280272
			2.55865478145611	-2.18807814280272
			2.55679258729203	-2.18807814280272
			2.55493039312794	-2.18807814280272
			2.55306819896385	-2.18807814280272
			2.55120600479976	-2.18807814280272
			2.54934381063568	-2.18807814280272
			2.54748161647159	-2.18807814280272
			2.5456194223075	-2.18807814280272
			2.54375722814342	-2.18807814280272
			2.54189503397933	-2.18807814280272
			2.54003283981524	-2.18807814280272
			2.53817064565115	-2.18807814280272
			2.53630845148707	-2.18807814280272
			2.53444625732298	-2.18807814280272
			2.53258406315889	-2.18807814280272
			2.5307218689948	-2.18807814280272
			2.52885967483072	-2.18807814280272
			2.52699748066663	-2.18807814280272
			2.52513528650254	-2.18807814280272
			2.52327309233845	-2.18807814280272
			2.52141089817437	-2.18807814280272
			2.51954870401028	-2.18807814280272
			2.51768650984619	-2.18807814280272
			2.5158243156821	-2.18807814280272
			2.51396212151802	-2.18994033696681
			2.51209992735393	-2.18994033696681
			2.51023773318984	-2.18994033696681
			2.50837553902575	-2.18994033696681
			2.50651334486167	-2.18994033696681
			2.50465115069758	-2.18994033696681
		</curvaI_espina_dorsal>
	</curves.scaled>
	<ruler.points type=matrix rownames=TRUE colnames=FALSE nrow=2 ncol=2 as.numeric=TRUE >
		Ruler point 1	1569	576
		Ruler point 2	2106	575
	</ruler.points>
</shapes>

