<shapes type=list>
	<ruler.pixel type=vector names=FALSE length=1 as.numeric=TRUE >536.008395456638</ruler.pixel>
	<ruler.interval type=vector names=FALSE length=1 as.numeric=TRUE >1</ruler.interval>
	<scaling.units type=vector names=FALSE length=1 as.numeric=FALSE >mm</scaling.units>
	<scaling type=vector names=FALSE length=1 as.numeric=TRUE >0.00186219416408742</scaling>
	<landmarks.pixel type=matrix rownames=TRUE colnames=FALSE nrow=3 ncol=2 as.numeric=TRUE >
		punta_espina_dorsal	1510	1067
		esq_izq_caparaza	1651	1284
		organo_dorsal	1872	1034
	</landmarks.pixel>
	<landmarks.scaled type=matrix rownames=TRUE colnames=FALSE nrow=3 ncol=2 as.numeric=TRUE >
		punta_espina_dorsal	2.811913187772	-1.98696117308128
		esq_izq_caparaza	3.07448256490833	-2.39105730668825
		organo_dorsal	3.48602747517165	-1.92550876566639
	</landmarks.scaled>
	<curves.control type=list>
		<curvaD_espina_dorsal type=matrix rownames=FALSE colnames=FALSE nrow=7 ncol=2 as.numeric=TRUE >
			1510	1067
			1515	1061
			1600	1061
			1637	1065
			1684	1066
			1730	1094
			1872	1034
		</curvaD_espina_dorsal>
		<curvaI_espina_dorsal type=matrix rownames=FALSE colnames=FALSE nrow=9 ncol=2 as.numeric=TRUE >
			1510	1067
			1538	1069
			1558	1071
			1673	1081
			1691	1105
			1697	1159
			1653	1201
			1639	1247
			1651	1284
		</curvaI_espina_dorsal>
	</curves.control>
	<curves.pixel type=list>
		<curvaD_espina_dorsal type=matrix rownames=FALSE colnames=FALSE nrow=363 ncol=2 as.numeric=TRUE >
			1510	1067
			1511	1066
			1512	1066
			1513	1065
			1514	1065
			1515	1065
			1516	1065
			1517	1064
			1518	1064
			1519	1064
			1520	1064
			1521	1064
			1522	1064
			1523	1064
			1524	1063
			1525	1063
			1526	1063
			1527	1063
			1528	1063
			1529	1063
			1530	1063
			1531	1063
			1532	1063
			1533	1063
			1534	1063
			1535	1062
			1536	1062
			1537	1062
			1538	1062
			1539	1062
			1540	1062
			1541	1062
			1542	1062
			1543	1062
			1544	1062
			1545	1062
			1546	1062
			1547	1062
			1548	1062
			1549	1062
			1550	1062
			1551	1062
			1552	1062
			1553	1062
			1554	1062
			1555	1062
			1556	1062
			1557	1062
			1558	1061
			1559	1061
			1560	1061
			1561	1061
			1562	1061
			1563	1061
			1564	1061
			1565	1061
			1566	1061
			1567	1061
			1568	1061
			1569	1061
			1570	1061
			1571	1061
			1572	1061
			1573	1061
			1574	1061
			1575	1061
			1576	1061
			1577	1061
			1578	1061
			1579	1061
			1580	1061
			1581	1061
			1582	1061
			1583	1061
			1584	1061
			1585	1061
			1586	1061
			1587	1061
			1588	1061
			1589	1061
			1590	1061
			1591	1061
			1592	1061
			1593	1061
			1594	1061
			1595	1061
			1596	1061
			1597	1061
			1598	1061
			1599	1061
			1600	1061
			1601	1061
			1602	1061
			1603	1061
			1604	1061
			1605	1062
			1606	1062
			1607	1062
			1608	1062
			1609	1062
			1610	1062
			1611	1062
			1612	1062
			1613	1062
			1614	1062
			1615	1062
			1616	1063
			1617	1063
			1618	1063
			1619	1063
			1620	1063
			1621	1063
			1622	1063
			1623	1063
			1624	1063
			1625	1063
			1626	1063
			1627	1063
			1628	1063
			1629	1064
			1630	1064
			1631	1064
			1632	1064
			1633	1064
			1634	1064
			1635	1064
			1636	1064
			1637	1064
			1638	1064
			1639	1064
			1640	1064
			1641	1064
			1642	1064
			1643	1064
			1644	1064
			1645	1065
			1646	1065
			1647	1065
			1648	1065
			1649	1065
			1650	1065
			1651	1065
			1652	1065
			1653	1065
			1654	1065
			1655	1065
			1656	1065
			1657	1065
			1658	1065
			1659	1065
			1660	1065
			1661	1065
			1662	1065
			1663	1065
			1664	1065
			1665	1065
			1666	1065
			1667	1066
			1668	1066
			1669	1066
			1670	1066
			1671	1066
			1672	1066
			1673	1066
			1674	1066
			1675	1066
			1676	1066
			1677	1066
			1678	1066
			1679	1066
			1680	1066
			1681	1066
			1682	1066
			1683	1066
			1684	1066
			1685	1066
			1686	1067
			1687	1067
			1688	1068
			1689	1068
			1690	1069
			1691	1069
			1692	1070
			1693	1070
			1694	1071
			1695	1071
			1696	1071
			1697	1072
			1698	1072
			1699	1072
			1700	1072
			1701	1073
			1702	1073
			1703	1073
			1704	1073
			1705	1073
			1706	1074
			1707	1074
			1708	1074
			1709	1074
			1710	1074
			1711	1074
			1712	1074
			1713	1074
			1714	1075
			1715	1075
			1716	1075
			1717	1075
			1718	1075
			1719	1075
			1720	1075
			1721	1075
			1722	1075
			1723	1075
			1724	1075
			1725	1075
			1726	1075
			1727	1075
			1728	1075
			1729	1075
			1730	1075
			1731	1075
			1732	1075
			1733	1075
			1734	1074
			1735	1074
			1736	1074
			1737	1074
			1738	1074
			1739	1074
			1740	1074
			1741	1074
			1742	1074
			1743	1074
			1744	1073
			1745	1073
			1746	1073
			1747	1073
			1748	1073
			1749	1073
			1750	1073
			1751	1072
			1752	1072
			1753	1072
			1754	1072
			1755	1072
			1756	1072
			1757	1071
			1758	1071
			1759	1071
			1760	1071
			1761	1071
			1762	1070
			1763	1070
			1764	1070
			1765	1070
			1766	1070
			1767	1069
			1768	1069
			1769	1069
			1770	1069
			1771	1069
			1772	1068
			1773	1068
			1774	1068
			1775	1068
			1776	1067
			1777	1067
			1778	1067
			1779	1067
			1780	1066
			1781	1066
			1782	1066
			1783	1066
			1784	1065
			1785	1065
			1786	1065
			1787	1064
			1788	1064
			1789	1064
			1790	1064
			1791	1063
			1792	1063
			1793	1063
			1794	1063
			1795	1062
			1796	1062
			1797	1062
			1798	1061
			1799	1061
			1800	1061
			1801	1060
			1802	1060
			1803	1060
			1804	1059
			1805	1059
			1806	1059
			1807	1059
			1808	1058
			1809	1058
			1810	1058
			1811	1057
			1812	1057
			1813	1057
			1814	1056
			1815	1056
			1816	1056
			1817	1055
			1818	1055
			1819	1054
			1820	1054
			1821	1054
			1822	1053
			1823	1053
			1824	1053
			1825	1052
			1826	1052
			1827	1052
			1828	1051
			1829	1051
			1830	1050
			1831	1050
			1832	1050
			1833	1049
			1834	1049
			1835	1049
			1836	1048
			1837	1048
			1838	1048
			1839	1047
			1840	1047
			1841	1046
			1842	1046
			1843	1046
			1844	1045
			1845	1045
			1846	1045
			1847	1044
			1848	1044
			1849	1043
			1850	1043
			1851	1043
			1852	1042
			1853	1042
			1854	1042
			1855	1041
			1856	1041
			1857	1040
			1858	1040
			1859	1040
			1860	1039
			1861	1039
			1862	1038
			1863	1038
			1864	1038
			1865	1037
			1866	1037
			1867	1036
			1868	1036
			1869	1035
			1870	1035
			1871	1035
			1872	1034
		</curvaD_espina_dorsal>
		<curvaI_espina_dorsal type=matrix rownames=FALSE colnames=FALSE nrow=365 ncol=2 as.numeric=TRUE >
			1510	1067
			1511	1067
			1512	1067
			1513	1067
			1514	1067
			1515	1067
			1516	1067
			1517	1068
			1518	1068
			1519	1068
			1520	1068
			1521	1068
			1522	1068
			1523	1068
			1524	1068
			1525	1068
			1526	1068
			1527	1068
			1528	1068
			1529	1068
			1530	1068
			1531	1069
			1532	1069
			1533	1069
			1534	1069
			1535	1069
			1536	1069
			1537	1069
			1538	1069
			1539	1069
			1540	1069
			1541	1069
			1542	1070
			1543	1070
			1544	1070
			1545	1070
			1546	1070
			1547	1070
			1548	1070
			1549	1070
			1550	1070
			1551	1070
			1552	1070
			1553	1071
			1554	1071
			1555	1071
			1556	1071
			1557	1071
			1558	1071
			1559	1071
			1560	1071
			1561	1071
			1562	1071
			1563	1071
			1564	1072
			1565	1072
			1566	1072
			1567	1072
			1568	1072
			1569	1072
			1570	1072
			1571	1072
			1572	1072
			1573	1072
			1574	1073
			1575	1073
			1576	1073
			1577	1073
			1578	1073
			1579	1073
			1580	1073
			1581	1073
			1582	1073
			1583	1074
			1584	1074
			1585	1074
			1586	1074
			1587	1074
			1588	1074
			1589	1074
			1590	1074
			1591	1074
			1592	1075
			1593	1075
			1594	1075
			1595	1075
			1596	1075
			1597	1075
			1598	1075
			1599	1075
			1600	1076
			1601	1076
			1602	1076
			1603	1076
			1604	1076
			1605	1076
			1606	1076
			1607	1077
			1608	1077
			1609	1077
			1610	1077
			1611	1077
			1612	1077
			1613	1077
			1614	1078
			1615	1078
			1616	1078
			1617	1078
			1618	1078
			1619	1078
			1620	1079
			1621	1079
			1622	1079
			1623	1079
			1624	1079
			1625	1079
			1626	1080
			1627	1080
			1628	1080
			1629	1080
			1630	1080
			1631	1080
			1632	1081
			1633	1081
			1634	1081
			1635	1081
			1636	1082
			1637	1082
			1638	1082
			1639	1082
			1640	1082
			1641	1083
			1642	1083
			1643	1083
			1644	1083
			1645	1084
			1646	1084
			1647	1084
			1648	1084
			1649	1085
			1650	1085
			1651	1085
			1652	1085
			1653	1086
			1654	1086
			1655	1086
			1656	1087
			1657	1087
			1658	1087
			1659	1087
			1660	1088
			1661	1088
			1662	1088
			1663	1089
			1664	1089
			1665	1089
			1666	1090
			1667	1090
			1668	1091
			1669	1091
			1670	1091
			1671	1092
			1672	1092
			1673	1092
			1674	1093
			1675	1094
			1676	1094
			1677	1094
			1678	1095
			1679	1095
			1680	1096
			1681	1096
			1681	1097
			1682	1097
			1683	1098
			1684	1098
			1684	1099
			1685	1099
			1686	1100
			1687	1101
			1688	1102
			1689	1103
			1690	1104
			1691	1105
			1691	1106
			1691	1107
			1691	1108
			1691	1109
			1691	1110
			1692	1111
			1692	1112
			1692	1113
			1692	1114
			1692	1115
			1692	1116
			1692	1117
			1692	1118
			1692	1119
			1692	1120
			1692	1121
			1692	1122
			1692	1123
			1692	1124
			1691	1125
			1691	1126
			1691	1127
			1691	1128
			1691	1129
			1691	1130
			1691	1131
			1691	1132
			1691	1133
			1691	1134
			1690	1134
			1690	1135
			1690	1136
			1690	1137
			1690	1138
			1690	1139
			1689	1140
			1689	1141
			1689	1142
			1689	1143
			1688	1144
			1688	1145
			1688	1146
			1688	1147
			1687	1148
			1687	1149
			1687	1150
			1686	1151
			1686	1152
			1686	1153
			1685	1154
			1685	1155
			1684	1156
			1684	1157
			1684	1158
			1683	1159
			1683	1160
			1682	1161
			1682	1162
			1681	1163
			1681	1164
			1680	1165
			1680	1166
			1679	1167
			1679	1168
			1678	1169
			1678	1170
			1677	1171
			1676	1172
			1676	1173
			1675	1174
			1675	1175
			1674	1176
			1673	1177
			1673	1178
			1672	1179
			1671	1180
			1671	1181
			1670	1182
			1669	1183
			1669	1184
			1668	1184
			1667	1185
			1667	1186
			1666	1187
			1665	1188
			1664	1189
			1663	1190
			1663	1191
			1662	1192
			1661	1193
			1660	1194
			1659	1195
			1658	1196
			1657	1197
			1656	1198
			1655	1199
			1654	1200
			1653	1201
			1653	1202
			1652	1203
			1652	1204
			1652	1205
			1651	1206
			1651	1207
			1651	1208
			1651	1209
			1650	1210
			1650	1211
			1650	1212
			1650	1213
			1649	1214
			1649	1215
			1649	1216
			1649	1217
			1649	1218
			1648	1219
			1648	1220
			1648	1221
			1648	1222
			1648	1223
			1648	1224
			1647	1225
			1647	1226
			1647	1227
			1647	1228
			1647	1229
			1647	1230
			1647	1231
			1646	1232
			1646	1233
			1646	1234
			1646	1235
			1646	1236
			1646	1237
			1646	1238
			1646	1239
			1646	1240
			1646	1241
			1646	1242
			1646	1243
			1646	1244
			1645	1245
			1645	1246
			1645	1247
			1645	1248
			1645	1249
			1645	1250
			1646	1251
			1646	1252
			1646	1253
			1646	1254
			1646	1255
			1646	1256
			1646	1257
			1646	1258
			1646	1259
			1646	1260
			1646	1261
			1646	1262
			1646	1263
			1646	1264
			1647	1265
			1647	1266
			1647	1267
			1647	1268
			1647	1269
			1648	1270
			1648	1271
			1648	1272
			1648	1273
			1648	1274
			1649	1275
			1649	1276
			1649	1277
			1649	1278
			1650	1279
			1650	1280
			1650	1281
			1650	1282
			1651	1283
			1651	1284
		</curvaI_espina_dorsal>
	</curves.pixel>
	<curves.scaled type=list>
		<curvaD_espina_dorsal type=matrix rownames=FALSE colnames=FALSE nrow=363 ncol=2 as.numeric=TRUE >
			2.811913187772	-1.98696117308128
			2.81377538193609	-1.98509897891719
			2.81563757610018	-1.98509897891719
			2.81749977026427	-1.9832367847531
			2.81936196442835	-1.9832367847531
			2.82122415859244	-1.9832367847531
			2.82308635275653	-1.9832367847531
			2.82494854692062	-1.98137459058901
			2.8268107410847	-1.98137459058901
			2.82867293524879	-1.98137459058901
			2.83053512941288	-1.98137459058901
			2.83239732357697	-1.98137459058901
			2.83425951774105	-1.98137459058901
			2.83612171190514	-1.98137459058901
			2.83798390606923	-1.97951239642493
			2.83984610023332	-1.97951239642493
			2.8417082943974	-1.97951239642493
			2.84357048856149	-1.97951239642493
			2.84543268272558	-1.97951239642493
			2.84729487688966	-1.97951239642493
			2.84915707105375	-1.97951239642493
			2.85101926521784	-1.97951239642493
			2.85288145938193	-1.97951239642493
			2.85474365354601	-1.97951239642493
			2.8566058477101	-1.97951239642493
			2.85846804187419	-1.97765020226084
			2.86033023603828	-1.97765020226084
			2.86219243020236	-1.97765020226084
			2.86405462436645	-1.97765020226084
			2.86591681853054	-1.97765020226084
			2.86777901269463	-1.97765020226084
			2.86964120685871	-1.97765020226084
			2.8715034010228	-1.97765020226084
			2.87336559518689	-1.97765020226084
			2.87522778935098	-1.97765020226084
			2.87708998351506	-1.97765020226084
			2.87895217767915	-1.97765020226084
			2.88081437184324	-1.97765020226084
			2.88267656600733	-1.97765020226084
			2.88453876017141	-1.97765020226084
			2.8864009543355	-1.97765020226084
			2.88826314849959	-1.97765020226084
			2.89012534266368	-1.97765020226084
			2.89198753682776	-1.97765020226084
			2.89384973099185	-1.97765020226084
			2.89571192515594	-1.97765020226084
			2.89757411932003	-1.97765020226084
			2.89943631348411	-1.97765020226084
			2.9012985076482	-1.97578800809675
			2.90316070181229	-1.97578800809675
			2.90502289597637	-1.97578800809675
			2.90688509014046	-1.97578800809675
			2.90874728430455	-1.97578800809675
			2.91060947846864	-1.97578800809675
			2.91247167263272	-1.97578800809675
			2.91433386679681	-1.97578800809675
			2.9161960609609	-1.97578800809675
			2.91805825512499	-1.97578800809675
			2.91992044928907	-1.97578800809675
			2.92178264345316	-1.97578800809675
			2.92364483761725	-1.97578800809675
			2.92550703178134	-1.97578800809675
			2.92736922594542	-1.97578800809675
			2.92923142010951	-1.97578800809675
			2.9310936142736	-1.97578800809675
			2.93295580843769	-1.97578800809675
			2.93481800260177	-1.97578800809675
			2.93668019676586	-1.97578800809675
			2.93854239092995	-1.97578800809675
			2.94040458509404	-1.97578800809675
			2.94226677925812	-1.97578800809675
			2.94412897342221	-1.97578800809675
			2.9459911675863	-1.97578800809675
			2.94785336175039	-1.97578800809675
			2.94971555591447	-1.97578800809675
			2.95157775007856	-1.97578800809675
			2.95343994424265	-1.97578800809675
			2.95530213840674	-1.97578800809675
			2.95716433257082	-1.97578800809675
			2.95902652673491	-1.97578800809675
			2.960888720899	-1.97578800809675
			2.96275091506308	-1.97578800809675
			2.96461310922717	-1.97578800809675
			2.96647530339126	-1.97578800809675
			2.96833749755535	-1.97578800809675
			2.97019969171943	-1.97578800809675
			2.97206188588352	-1.97578800809675
			2.97392408004761	-1.97578800809675
			2.9757862742117	-1.97578800809675
			2.97764846837578	-1.97578800809675
			2.97951066253987	-1.97578800809675
			2.98137285670396	-1.97578800809675
			2.98323505086805	-1.97578800809675
			2.98509724503213	-1.97578800809675
			2.98695943919622	-1.97578800809675
			2.98882163336031	-1.97765020226084
			2.9906838275244	-1.97765020226084
			2.99254602168848	-1.97765020226084
			2.99440821585257	-1.97765020226084
			2.99627041001666	-1.97765020226084
			2.99813260418075	-1.97765020226084
			2.99999479834483	-1.97765020226084
			3.00185699250892	-1.97765020226084
			3.00371918667301	-1.97765020226084
			3.0055813808371	-1.97765020226084
			3.00744357500118	-1.97765020226084
			3.00930576916527	-1.97951239642493
			3.01116796332936	-1.97951239642493
			3.01303015749345	-1.97951239642493
			3.01489235165753	-1.97951239642493
			3.01675454582162	-1.97951239642493
			3.01861673998571	-1.97951239642493
			3.02047893414979	-1.97951239642493
			3.02234112831388	-1.97951239642493
			3.02420332247797	-1.97951239642493
			3.02606551664206	-1.97951239642493
			3.02792771080614	-1.97951239642493
			3.02978990497023	-1.97951239642493
			3.03165209913432	-1.97951239642493
			3.03351429329841	-1.98137459058901
			3.03537648746249	-1.98137459058901
			3.03723868162658	-1.98137459058901
			3.03910087579067	-1.98137459058901
			3.04096306995476	-1.98137459058901
			3.04282526411884	-1.98137459058901
			3.04468745828293	-1.98137459058901
			3.04654965244702	-1.98137459058901
			3.04841184661111	-1.98137459058901
			3.05027404077519	-1.98137459058901
			3.05213623493928	-1.98137459058901
			3.05399842910337	-1.98137459058901
			3.05586062326746	-1.98137459058901
			3.05772281743154	-1.98137459058901
			3.05958501159563	-1.98137459058901
			3.06144720575972	-1.98137459058901
			3.06330939992381	-1.9832367847531
			3.06517159408789	-1.9832367847531
			3.06703378825198	-1.9832367847531
			3.06889598241607	-1.9832367847531
			3.07075817658016	-1.9832367847531
			3.07262037074424	-1.9832367847531
			3.07448256490833	-1.9832367847531
			3.07634475907242	-1.9832367847531
			3.0782069532365	-1.9832367847531
			3.08006914740059	-1.9832367847531
			3.08193134156468	-1.9832367847531
			3.08379353572877	-1.9832367847531
			3.08565572989285	-1.9832367847531
			3.08751792405694	-1.9832367847531
			3.08938011822103	-1.9832367847531
			3.09124231238512	-1.9832367847531
			3.0931045065492	-1.9832367847531
			3.09496670071329	-1.9832367847531
			3.09682889487738	-1.9832367847531
			3.09869108904147	-1.9832367847531
			3.10055328320555	-1.9832367847531
			3.10241547736964	-1.9832367847531
			3.10427767153373	-1.98509897891719
			3.10613986569782	-1.98509897891719
			3.1080020598619	-1.98509897891719
			3.10986425402599	-1.98509897891719
			3.11172644819008	-1.98509897891719
			3.11358864235417	-1.98509897891719
			3.11545083651825	-1.98509897891719
			3.11731303068234	-1.98509897891719
			3.11917522484643	-1.98509897891719
			3.12103741901052	-1.98509897891719
			3.1228996131746	-1.98509897891719
			3.12476180733869	-1.98509897891719
			3.12662400150278	-1.98509897891719
			3.12848619566687	-1.98509897891719
			3.13034838983095	-1.98509897891719
			3.13221058399504	-1.98509897891719
			3.13407277815913	-1.98509897891719
			3.13593497232321	-1.98509897891719
			3.1377971664873	-1.98509897891719
			3.13965936065139	-1.98696117308128
			3.14152155481548	-1.98696117308128
			3.14338374897956	-1.98882336724536
			3.14524594314365	-1.98882336724536
			3.14710813730774	-1.99068556140945
			3.14897033147183	-1.99068556140945
			3.15083252563591	-1.99254775557354
			3.1526947198	-1.99254775557354
			3.15455691396409	-1.99440994973763
			3.15641910812818	-1.99440994973763
			3.15828130229226	-1.99440994973763
			3.16014349645635	-1.99627214390171
			3.16200569062044	-1.99627214390171
			3.16386788478453	-1.99627214390171
			3.16573007894861	-1.99627214390171
			3.1675922731127	-1.9981343380658
			3.16945446727679	-1.9981343380658
			3.17131666144088	-1.9981343380658
			3.17317885560496	-1.9981343380658
			3.17504104976905	-1.9981343380658
			3.17690324393314	-1.99999653222989
			3.17876543809723	-1.99999653222989
			3.18062763226131	-1.99999653222989
			3.1824898264254	-1.99999653222989
			3.18435202058949	-1.99999653222989
			3.18621421475358	-1.99999653222989
			3.18807640891766	-1.99999653222989
			3.18993860308175	-1.99999653222989
			3.19180079724584	-2.00185872639398
			3.19366299140992	-2.00185872639398
			3.19552518557401	-2.00185872639398
			3.1973873797381	-2.00185872639398
			3.19924957390219	-2.00185872639398
			3.20111176806627	-2.00185872639398
			3.20297396223036	-2.00185872639398
			3.20483615639445	-2.00185872639398
			3.20669835055854	-2.00185872639398
			3.20856054472262	-2.00185872639398
			3.21042273888671	-2.00185872639398
			3.2122849330508	-2.00185872639398
			3.21414712721489	-2.00185872639398
			3.21600932137897	-2.00185872639398
			3.21787151554306	-2.00185872639398
			3.21973370970715	-2.00185872639398
			3.22159590387124	-2.00185872639398
			3.22345809803532	-2.00185872639398
			3.22532029219941	-2.00185872639398
			3.2271824863635	-2.00185872639398
			3.22904468052759	-1.99999653222989
			3.23090687469167	-1.99999653222989
			3.23276906885576	-1.99999653222989
			3.23463126301985	-1.99999653222989
			3.23649345718394	-1.99999653222989
			3.23835565134802	-1.99999653222989
			3.24021784551211	-1.99999653222989
			3.2420800396762	-1.99999653222989
			3.24394223384029	-1.99999653222989
			3.24580442800437	-1.99999653222989
			3.24766662216846	-1.9981343380658
			3.24952881633255	-1.9981343380658
			3.25139101049663	-1.9981343380658
			3.25325320466072	-1.9981343380658
			3.25511539882481	-1.9981343380658
			3.2569775929889	-1.9981343380658
			3.25883978715298	-1.9981343380658
			3.26070198131707	-1.99627214390171
			3.26256417548116	-1.99627214390171
			3.26442636964525	-1.99627214390171
			3.26628856380933	-1.99627214390171
			3.26815075797342	-1.99627214390171
			3.27001295213751	-1.99627214390171
			3.2718751463016	-1.99440994973763
			3.27373734046568	-1.99440994973763
			3.27559953462977	-1.99440994973763
			3.27746172879386	-1.99440994973763
			3.27932392295795	-1.99440994973763
			3.28118611712203	-1.99254775557354
			3.28304831128612	-1.99254775557354
			3.28491050545021	-1.99254775557354
			3.2867726996143	-1.99254775557354
			3.28863489377838	-1.99254775557354
			3.29049708794247	-1.99068556140945
			3.29235928210656	-1.99068556140945
			3.29422147627065	-1.99068556140945
			3.29608367043473	-1.99068556140945
			3.29794586459882	-1.99068556140945
			3.29980805876291	-1.98882336724536
			3.301670252927	-1.98882336724536
			3.30353244709108	-1.98882336724536
			3.30539464125517	-1.98882336724536
			3.30725683541926	-1.98696117308128
			3.30911902958334	-1.98696117308128
			3.31098122374743	-1.98696117308128
			3.31284341791152	-1.98696117308128
			3.31470561207561	-1.98509897891719
			3.31656780623969	-1.98509897891719
			3.31843000040378	-1.98509897891719
			3.32029219456787	-1.98509897891719
			3.32215438873196	-1.9832367847531
			3.32401658289604	-1.9832367847531
			3.32587877706013	-1.9832367847531
			3.32774097122422	-1.98137459058901
			3.32960316538831	-1.98137459058901
			3.33146535955239	-1.98137459058901
			3.33332755371648	-1.98137459058901
			3.33518974788057	-1.97951239642493
			3.33705194204466	-1.97951239642493
			3.33891413620874	-1.97951239642493
			3.34077633037283	-1.97951239642493
			3.34263852453692	-1.97765020226084
			3.34450071870101	-1.97765020226084
			3.34636291286509	-1.97765020226084
			3.34822510702918	-1.97578800809675
			3.35008730119327	-1.97578800809675
			3.35194949535736	-1.97578800809675
			3.35381168952144	-1.97392581393266
			3.35567388368553	-1.97392581393266
			3.35753607784962	-1.97392581393266
			3.35939827201371	-1.97206361976858
			3.36126046617779	-1.97206361976858
			3.36312266034188	-1.97206361976858
			3.36498485450597	-1.97206361976858
			3.36684704867005	-1.97020142560449
			3.36870924283414	-1.97020142560449
			3.37057143699823	-1.97020142560449
			3.37243363116232	-1.9683392314404
			3.3742958253264	-1.9683392314404
			3.37615801949049	-1.9683392314404
			3.37802021365458	-1.96647703727632
			3.37988240781867	-1.96647703727632
			3.38174460198275	-1.96647703727632
			3.38360679614684	-1.96461484311223
			3.38546899031093	-1.96461484311223
			3.38733118447502	-1.96275264894814
			3.3891933786391	-1.96275264894814
			3.39105557280319	-1.96275264894814
			3.39291776696728	-1.96089045478405
			3.39477996113137	-1.96089045478405
			3.39664215529545	-1.96089045478405
			3.39850434945954	-1.95902826061997
			3.40036654362363	-1.95902826061997
			3.40222873778772	-1.95902826061997
			3.4040909319518	-1.95716606645588
			3.40595312611589	-1.95716606645588
			3.40781532027998	-1.95530387229179
			3.40967751444407	-1.95530387229179
			3.41153970860815	-1.95530387229179
			3.41340190277224	-1.9534416781277
			3.41526409693633	-1.9534416781277
			3.41712629110041	-1.9534416781277
			3.4189884852645	-1.95157948396362
			3.42085067942859	-1.95157948396362
			3.42271287359268	-1.95157948396362
			3.42457506775676	-1.94971728979953
			3.42643726192085	-1.94971728979953
			3.42829945608494	-1.94785509563544
			3.43016165024903	-1.94785509563544
			3.43202384441311	-1.94785509563544
			3.4338860385772	-1.94599290147135
			3.43574823274129	-1.94599290147135
			3.43761042690538	-1.94599290147135
			3.43947262106946	-1.94413070730727
			3.44133481523355	-1.94413070730727
			3.44319700939764	-1.94226851314318
			3.44505920356173	-1.94226851314318
			3.44692139772581	-1.94226851314318
			3.4487835918899	-1.94040631897909
			3.45064578605399	-1.94040631897909
			3.45250798021808	-1.94040631897909
			3.45437017438216	-1.938544124815
			3.45623236854625	-1.938544124815
			3.45809456271034	-1.93668193065092
			3.45995675687443	-1.93668193065092
			3.46181895103851	-1.93668193065092
			3.4636811452026	-1.93481973648683
			3.46554333936669	-1.93481973648683
			3.46740553353078	-1.93295754232274
			3.46926772769486	-1.93295754232274
			3.47112992185895	-1.93295754232274
			3.47299211602304	-1.93109534815865
			3.47485431018712	-1.93109534815865
			3.47671650435121	-1.92923315399457
			3.4785786985153	-1.92923315399457
			3.48044089267939	-1.92737095983048
			3.48230308684347	-1.92737095983048
			3.48416528100756	-1.92737095983048
			3.48602747517165	-1.92550876566639
		</curvaD_espina_dorsal>
		<curvaI_espina_dorsal type=matrix rownames=FALSE colnames=FALSE nrow=365 ncol=2 as.numeric=TRUE >
			2.811913187772	-1.98696117308128
			2.81377538193609	-1.98696117308128
			2.81563757610018	-1.98696117308128
			2.81749977026427	-1.98696117308128
			2.81936196442835	-1.98696117308128
			2.82122415859244	-1.98696117308128
			2.82308635275653	-1.98696117308128
			2.82494854692062	-1.98882336724536
			2.8268107410847	-1.98882336724536
			2.82867293524879	-1.98882336724536
			2.83053512941288	-1.98882336724536
			2.83239732357697	-1.98882336724536
			2.83425951774105	-1.98882336724536
			2.83612171190514	-1.98882336724536
			2.83798390606923	-1.98882336724536
			2.83984610023332	-1.98882336724536
			2.8417082943974	-1.98882336724536
			2.84357048856149	-1.98882336724536
			2.84543268272558	-1.98882336724536
			2.84729487688966	-1.98882336724536
			2.84915707105375	-1.98882336724536
			2.85101926521784	-1.99068556140945
			2.85288145938193	-1.99068556140945
			2.85474365354601	-1.99068556140945
			2.8566058477101	-1.99068556140945
			2.85846804187419	-1.99068556140945
			2.86033023603828	-1.99068556140945
			2.86219243020236	-1.99068556140945
			2.86405462436645	-1.99068556140945
			2.86591681853054	-1.99068556140945
			2.86777901269463	-1.99068556140945
			2.86964120685871	-1.99068556140945
			2.8715034010228	-1.99254775557354
			2.87336559518689	-1.99254775557354
			2.87522778935098	-1.99254775557354
			2.87708998351506	-1.99254775557354
			2.87895217767915	-1.99254775557354
			2.88081437184324	-1.99254775557354
			2.88267656600733	-1.99254775557354
			2.88453876017141	-1.99254775557354
			2.8864009543355	-1.99254775557354
			2.88826314849959	-1.99254775557354
			2.89012534266368	-1.99254775557354
			2.89198753682776	-1.99440994973763
			2.89384973099185	-1.99440994973763
			2.89571192515594	-1.99440994973763
			2.89757411932003	-1.99440994973763
			2.89943631348411	-1.99440994973763
			2.9012985076482	-1.99440994973763
			2.90316070181229	-1.99440994973763
			2.90502289597637	-1.99440994973763
			2.90688509014046	-1.99440994973763
			2.90874728430455	-1.99440994973763
			2.91060947846864	-1.99440994973763
			2.91247167263272	-1.99627214390171
			2.91433386679681	-1.99627214390171
			2.9161960609609	-1.99627214390171
			2.91805825512499	-1.99627214390171
			2.91992044928907	-1.99627214390171
			2.92178264345316	-1.99627214390171
			2.92364483761725	-1.99627214390171
			2.92550703178134	-1.99627214390171
			2.92736922594542	-1.99627214390171
			2.92923142010951	-1.99627214390171
			2.9310936142736	-1.9981343380658
			2.93295580843769	-1.9981343380658
			2.93481800260177	-1.9981343380658
			2.93668019676586	-1.9981343380658
			2.93854239092995	-1.9981343380658
			2.94040458509404	-1.9981343380658
			2.94226677925812	-1.9981343380658
			2.94412897342221	-1.9981343380658
			2.9459911675863	-1.9981343380658
			2.94785336175039	-1.99999653222989
			2.94971555591447	-1.99999653222989
			2.95157775007856	-1.99999653222989
			2.95343994424265	-1.99999653222989
			2.95530213840674	-1.99999653222989
			2.95716433257082	-1.99999653222989
			2.95902652673491	-1.99999653222989
			2.960888720899	-1.99999653222989
			2.96275091506308	-1.99999653222989
			2.96461310922717	-2.00185872639398
			2.96647530339126	-2.00185872639398
			2.96833749755535	-2.00185872639398
			2.97019969171943	-2.00185872639398
			2.97206188588352	-2.00185872639398
			2.97392408004761	-2.00185872639398
			2.9757862742117	-2.00185872639398
			2.97764846837578	-2.00185872639398
			2.97951066253987	-2.00372092055806
			2.98137285670396	-2.00372092055806
			2.98323505086805	-2.00372092055806
			2.98509724503213	-2.00372092055806
			2.98695943919622	-2.00372092055806
			2.98882163336031	-2.00372092055806
			2.9906838275244	-2.00372092055806
			2.99254602168848	-2.00558311472215
			2.99440821585257	-2.00558311472215
			2.99627041001666	-2.00558311472215
			2.99813260418075	-2.00558311472215
			2.99999479834483	-2.00558311472215
			3.00185699250892	-2.00558311472215
			3.00371918667301	-2.00558311472215
			3.0055813808371	-2.00744530888624
			3.00744357500118	-2.00744530888624
			3.00930576916527	-2.00744530888624
			3.01116796332936	-2.00744530888624
			3.01303015749345	-2.00744530888624
			3.01489235165753	-2.00744530888624
			3.01675454582162	-2.00930750305033
			3.01861673998571	-2.00930750305033
			3.02047893414979	-2.00930750305033
			3.02234112831388	-2.00930750305033
			3.02420332247797	-2.00930750305033
			3.02606551664206	-2.00930750305033
			3.02792771080614	-2.01116969721441
			3.02978990497023	-2.01116969721441
			3.03165209913432	-2.01116969721441
			3.03351429329841	-2.01116969721441
			3.03537648746249	-2.01116969721441
			3.03723868162658	-2.01116969721441
			3.03910087579067	-2.0130318913785
			3.04096306995476	-2.0130318913785
			3.04282526411884	-2.0130318913785
			3.04468745828293	-2.0130318913785
			3.04654965244702	-2.01489408554259
			3.04841184661111	-2.01489408554259
			3.05027404077519	-2.01489408554259
			3.05213623493928	-2.01489408554259
			3.05399842910337	-2.01489408554259
			3.05586062326746	-2.01675627970668
			3.05772281743154	-2.01675627970668
			3.05958501159563	-2.01675627970668
			3.06144720575972	-2.01675627970668
			3.06330939992381	-2.01861847387076
			3.06517159408789	-2.01861847387076
			3.06703378825198	-2.01861847387076
			3.06889598241607	-2.01861847387076
			3.07075817658016	-2.02048066803485
			3.07262037074424	-2.02048066803485
			3.07448256490833	-2.02048066803485
			3.07634475907242	-2.02048066803485
			3.0782069532365	-2.02234286219894
			3.08006914740059	-2.02234286219894
			3.08193134156468	-2.02234286219894
			3.08379353572877	-2.02420505636303
			3.08565572989285	-2.02420505636303
			3.08751792405694	-2.02420505636303
			3.08938011822103	-2.02420505636303
			3.09124231238512	-2.02606725052711
			3.0931045065492	-2.02606725052711
			3.09496670071329	-2.02606725052711
			3.09682889487738	-2.0279294446912
			3.09869108904147	-2.0279294446912
			3.10055328320555	-2.0279294446912
			3.10241547736964	-2.02979163885529
			3.10427767153373	-2.02979163885529
			3.10613986569782	-2.03165383301937
			3.1080020598619	-2.03165383301937
			3.10986425402599	-2.03165383301937
			3.11172644819008	-2.03351602718346
			3.11358864235417	-2.03351602718346
			3.11545083651825	-2.03351602718346
			3.11731303068234	-2.03537822134755
			3.11917522484643	-2.03724041551164
			3.12103741901052	-2.03724041551164
			3.1228996131746	-2.03724041551164
			3.12476180733869	-2.03910260967572
			3.12662400150278	-2.03910260967572
			3.12848619566687	-2.04096480383981
			3.13034838983095	-2.04096480383981
			3.13034838983095	-2.0428269980039
			3.13221058399504	-2.0428269980039
			3.13407277815913	-2.04468919216799
			3.13593497232321	-2.04468919216799
			3.13593497232321	-2.04655138633207
			3.1377971664873	-2.04655138633207
			3.13965936065139	-2.04841358049616
			3.14152155481548	-2.05027577466025
			3.14338374897956	-2.05213796882434
			3.14524594314365	-2.05400016298842
			3.14710813730774	-2.05586235715251
			3.14897033147183	-2.0577245513166
			3.14897033147183	-2.05958674548069
			3.14897033147183	-2.06144893964477
			3.14897033147183	-2.06331113380886
			3.14897033147183	-2.06517332797295
			3.14897033147183	-2.06703552213704
			3.15083252563591	-2.06889771630112
			3.15083252563591	-2.07075991046521
			3.15083252563591	-2.0726221046293
			3.15083252563591	-2.07448429879339
			3.15083252563591	-2.07634649295747
			3.15083252563591	-2.07820868712156
			3.15083252563591	-2.08007088128565
			3.15083252563591	-2.08193307544974
			3.15083252563591	-2.08379526961382
			3.15083252563591	-2.08565746377791
			3.15083252563591	-2.087519657942
			3.15083252563591	-2.08938185210608
			3.15083252563591	-2.09124404627017
			3.15083252563591	-2.09310624043426
			3.14897033147183	-2.09496843459835
			3.14897033147183	-2.09683062876243
			3.14897033147183	-2.09869282292652
			3.14897033147183	-2.10055501709061
			3.14897033147183	-2.1024172112547
			3.14897033147183	-2.10427940541878
			3.14897033147183	-2.10614159958287
			3.14897033147183	-2.10800379374696
			3.14897033147183	-2.10986598791105
			3.14897033147183	-2.11172818207513
			3.14710813730774	-2.11172818207513
			3.14710813730774	-2.11359037623922
			3.14710813730774	-2.11545257040331
			3.14710813730774	-2.1173147645674
			3.14710813730774	-2.11917695873148
			3.14710813730774	-2.12103915289557
			3.14524594314365	-2.12290134705966
			3.14524594314365	-2.12476354122375
			3.14524594314365	-2.12662573538783
			3.14524594314365	-2.12848792955192
			3.14338374897956	-2.13035012371601
			3.14338374897956	-2.1322123178801
			3.14338374897956	-2.13407451204418
			3.14338374897956	-2.13593670620827
			3.14152155481548	-2.13779890037236
			3.14152155481548	-2.13966109453645
			3.14152155481548	-2.14152328870053
			3.13965936065139	-2.14338548286462
			3.13965936065139	-2.14524767702871
			3.13965936065139	-2.14710987119279
			3.1377971664873	-2.14897206535688
			3.1377971664873	-2.15083425952097
			3.13593497232321	-2.15269645368506
			3.13593497232321	-2.15455864784914
			3.13593497232321	-2.15642084201323
			3.13407277815913	-2.15828303617732
			3.13407277815913	-2.16014523034141
			3.13221058399504	-2.16200742450549
			3.13221058399504	-2.16386961866958
			3.13034838983095	-2.16573181283367
			3.13034838983095	-2.16759400699776
			3.12848619566687	-2.16945620116184
			3.12848619566687	-2.17131839532593
			3.12662400150278	-2.17318058949002
			3.12662400150278	-2.17504278365411
			3.12476180733869	-2.17690497781819
			3.12476180733869	-2.17876717198228
			3.1228996131746	-2.18062936614637
			3.12103741901052	-2.18249156031046
			3.12103741901052	-2.18435375447454
			3.11917522484643	-2.18621594863863
			3.11917522484643	-2.18807814280272
			3.11731303068234	-2.18994033696681
			3.11545083651825	-2.19180253113089
			3.11545083651825	-2.19366472529498
			3.11358864235417	-2.19552691945907
			3.11172644819008	-2.19738911362316
			3.11172644819008	-2.19925130778724
			3.10986425402599	-2.20111350195133
			3.1080020598619	-2.20297569611542
			3.1080020598619	-2.2048378902795
			3.10613986569782	-2.2048378902795
			3.10427767153373	-2.20670008444359
			3.10427767153373	-2.20856227860768
			3.10241547736964	-2.21042447277177
			3.10055328320555	-2.21228666693585
			3.09869108904147	-2.21414886109994
			3.09682889487738	-2.21601105526403
			3.09682889487738	-2.21787324942812
			3.09496670071329	-2.2197354435922
			3.0931045065492	-2.22159763775629
			3.09124231238512	-2.22345983192038
			3.08938011822103	-2.22532202608447
			3.08751792405694	-2.22718422024855
			3.08565572989285	-2.22904641441264
			3.08379353572877	-2.23090860857673
			3.08193134156468	-2.23277080274082
			3.08006914740059	-2.2346329969049
			3.0782069532365	-2.23649519106899
			3.0782069532365	-2.23835738523308
			3.07634475907242	-2.24021957939717
			3.07634475907242	-2.24208177356125
			3.07634475907242	-2.24394396772534
			3.07448256490833	-2.24580616188943
			3.07448256490833	-2.24766835605352
			3.07448256490833	-2.2495305502176
			3.07448256490833	-2.25139274438169
			3.07262037074424	-2.25325493854578
			3.07262037074424	-2.25511713270987
			3.07262037074424	-2.25697932687395
			3.07262037074424	-2.25884152103804
			3.07075817658016	-2.26070371520213
			3.07075817658016	-2.26256590936621
			3.07075817658016	-2.2644281035303
			3.07075817658016	-2.26629029769439
			3.07075817658016	-2.26815249185848
			3.06889598241607	-2.27001468602256
			3.06889598241607	-2.27187688018665
			3.06889598241607	-2.27373907435074
			3.06889598241607	-2.27560126851483
			3.06889598241607	-2.27746346267891
			3.06889598241607	-2.279325656843
			3.06703378825198	-2.28118785100709
			3.06703378825198	-2.28305004517118
			3.06703378825198	-2.28491223933526
			3.06703378825198	-2.28677443349935
			3.06703378825198	-2.28863662766344
			3.06703378825198	-2.29049882182753
			3.06703378825198	-2.29236101599161
			3.06517159408789	-2.2942232101557
			3.06517159408789	-2.29608540431979
			3.06517159408789	-2.29794759848388
			3.06517159408789	-2.29980979264796
			3.06517159408789	-2.30167198681205
			3.06517159408789	-2.30353418097614
			3.06517159408789	-2.30539637514023
			3.06517159408789	-2.30725856930431
			3.06517159408789	-2.3091207634684
			3.06517159408789	-2.31098295763249
			3.06517159408789	-2.31284515179658
			3.06517159408789	-2.31470734596066
			3.06517159408789	-2.31656954012475
			3.06330939992381	-2.31843173428884
			3.06330939992381	-2.32029392845292
			3.06330939992381	-2.32215612261701
			3.06330939992381	-2.3240183167811
			3.06330939992381	-2.32588051094519
			3.06330939992381	-2.32774270510927
			3.06517159408789	-2.32960489927336
			3.06517159408789	-2.33146709343745
			3.06517159408789	-2.33332928760154
			3.06517159408789	-2.33519148176562
			3.06517159408789	-2.33705367592971
			3.06517159408789	-2.3389158700938
			3.06517159408789	-2.34077806425789
			3.06517159408789	-2.34264025842197
			3.06517159408789	-2.34450245258606
			3.06517159408789	-2.34636464675015
			3.06517159408789	-2.34822684091424
			3.06517159408789	-2.35008903507832
			3.06517159408789	-2.35195122924241
			3.06517159408789	-2.3538134234065
			3.06703378825198	-2.35567561757059
			3.06703378825198	-2.35753781173467
			3.06703378825198	-2.35940000589876
			3.06703378825198	-2.36126220006285
			3.06703378825198	-2.36312439422694
			3.06889598241607	-2.36498658839102
			3.06889598241607	-2.36684878255511
			3.06889598241607	-2.3687109767192
			3.06889598241607	-2.37057317088329
			3.06889598241607	-2.37243536504737
			3.07075817658016	-2.37429755921146
			3.07075817658016	-2.37615975337555
			3.07075817658016	-2.37802194753963
			3.07075817658016	-2.37988414170372
			3.07262037074424	-2.38174633586781
			3.07262037074424	-2.3836085300319
			3.07262037074424	-2.38547072419598
			3.07262037074424	-2.38733291836007
			3.07448256490833	-2.38919511252416
			3.07448256490833	-2.39105730668825
		</curvaI_espina_dorsal>
	</curves.scaled>
	<ruler.points type=matrix rownames=TRUE colnames=FALSE nrow=2 ncol=2 as.numeric=TRUE >
		Ruler point 1	1569	576
		Ruler point 2	2106	575
	</ruler.points>
</shapes>

