<shapes type=list>
	<ruler.pixel type=vector names=FALSE length=1 as.numeric=TRUE >536.008395456638</ruler.pixel>
	<ruler.interval type=vector names=FALSE length=1 as.numeric=TRUE >1</ruler.interval>
	<scaling.units type=vector names=FALSE length=1 as.numeric=FALSE >mm</scaling.units>
	<scaling type=vector names=FALSE length=1 as.numeric=TRUE >0.00186219416408742</scaling>
	<landmarks.pixel type=matrix rownames=TRUE colnames=FALSE nrow=3 ncol=2 as.numeric=TRUE >
		punta_espina_dorsal	1378	1097
		esq_izq_caparaza	1332	1356
		organo_dorsal	1622	1316
	</landmarks.pixel>
	<landmarks.scaled type=matrix rownames=TRUE colnames=FALSE nrow=3 ncol=2 as.numeric=TRUE >
		punta_espina_dorsal	2.56610355811246	-2.0428269980039
		esq_izq_caparaza	2.48044262656444	-2.52513528650254
		organo_dorsal	3.02047893414979	-2.45064751993904
	</landmarks.scaled>
	<curves.control type=list>
		<curvaD_espina_dorsal type=matrix rownames=FALSE colnames=FALSE nrow=7 ncol=2 as.numeric=TRUE >
			1378	1097
			1397	1098
			1436	1143
			1469	1182
			1524	1240
			1514	1274
			1622	1316
		</curvaD_espina_dorsal>
		<curvaI_espina_dorsal type=matrix rownames=FALSE colnames=FALSE nrow=9 ncol=2 as.numeric=TRUE >
			1378	1097
			1418	1142
			1459	1203
			1491	1242
			1483	1267
			1432	1306
			1385	1301
			1356	1315
			1332	1356
		</curvaI_espina_dorsal>
	</curves.control>
	<curves.pixel type=list>
		<curvaD_espina_dorsal type=matrix rownames=FALSE colnames=FALSE nrow=298 ncol=2 as.numeric=TRUE >
			1378	1097
			1379	1097
			1380	1097
			1381	1097
			1382	1098
			1383	1098
			1384	1098
			1385	1098
			1386	1099
			1387	1099
			1387	1100
			1388	1100
			1389	1100
			1389	1101
			1390	1101
			1391	1101
			1391	1102
			1392	1102
			1393	1102
			1393	1103
			1394	1103
			1394	1104
			1395	1104
			1396	1104
			1397	1105
			1398	1106
			1399	1107
			1400	1108
			1401	1108
			1402	1109
			1403	1110
			1404	1110
			1405	1111
			1406	1112
			1407	1113
			1407	1114
			1408	1114
			1409	1115
			1410	1116
			1411	1117
			1412	1118
			1413	1119
			1414	1120
			1415	1121
			1416	1122
			1417	1123
			1418	1124
			1419	1125
			1420	1126
			1421	1126
			1421	1127
			1422	1128
			1423	1128
			1423	1129
			1424	1130
			1425	1130
			1425	1131
			1426	1132
			1427	1133
			1428	1134
			1429	1135
			1430	1136
			1430	1137
			1431	1138
			1432	1139
			1433	1140
			1434	1141
			1435	1142
			1436	1142
			1436	1143
			1437	1144
			1438	1145
			1439	1146
			1439	1147
			1440	1148
			1441	1149
			1442	1150
			1443	1151
			1444	1152
			1445	1153
			1445	1154
			1446	1154
			1446	1155
			1447	1156
			1448	1156
			1448	1157
			1449	1158
			1450	1159
			1451	1160
			1452	1161
			1453	1162
			1453	1163
			1454	1164
			1455	1165
			1456	1166
			1457	1167
			1458	1168
			1459	1169
			1460	1170
			1461	1171
			1461	1172
			1462	1173
			1463	1174
			1464	1175
			1465	1176
			1465	1177
			1466	1178
			1467	1178
			1468	1179
			1468	1180
			1469	1181
			1470	1181
			1470	1182
			1471	1183
			1472	1184
			1473	1185
			1474	1186
			1475	1187
			1476	1188
			1477	1189
			1477	1190
			1478	1191
			1479	1192
			1480	1193
			1481	1194
			1482	1195
			1483	1196
			1484	1197
			1485	1198
			1486	1199
			1487	1200
			1487	1201
			1488	1202
			1489	1203
			1490	1204
			1491	1205
			1492	1206
			1493	1207
			1494	1208
			1495	1209
			1496	1210
			1497	1211
			1498	1212
			1499	1213
			1500	1214
			1501	1215
			1502	1216
			1502	1217
			1503	1217
			1503	1218
			1504	1219
			1505	1219
			1505	1220
			1506	1221
			1507	1222
			1508	1223
			1509	1224
			1510	1225
			1510	1226
			1511	1226
			1512	1227
			1513	1228
			1513	1229
			1514	1230
			1515	1230
			1516	1231
			1516	1232
			1517	1233
			1518	1234
			1519	1234
			1519	1235
			1520	1236
			1521	1237
			1522	1238
			1523	1238
			1523	1239
			1524	1240
			1524	1241
			1524	1242
			1523	1243
			1523	1244
			1523	1245
			1523	1246
			1523	1247
			1523	1248
			1523	1249
			1524	1250
			1524	1251
			1524	1252
			1524	1253
			1525	1254
			1525	1255
			1525	1256
			1526	1256
			1526	1257
			1527	1258
			1527	1259
			1528	1260
			1528	1261
			1529	1262
			1530	1263
			1530	1264
			1531	1264
			1532	1265
			1533	1266
			1534	1267
			1535	1268
			1535	1269
			1536	1270
			1537	1271
			1538	1272
			1539	1273
			1540	1273
			1541	1274
			1542	1275
			1543	1276
			1544	1276
			1545	1277
			1546	1278
			1547	1278
			1548	1279
			1549	1280
			1550	1281
			1551	1282
			1552	1282
			1553	1283
			1554	1284
			1555	1284
			1556	1285
			1557	1285
			1558	1286
			1559	1286
			1560	1287
			1561	1288
			1562	1288
			1563	1289
			1564	1290
			1565	1290
			1566	1291
			1567	1291
			1568	1292
			1569	1292
			1570	1293
			1571	1293
			1572	1294
			1573	1294
			1573	1295
			1574	1295
			1575	1295
			1576	1296
			1577	1296
			1578	1297
			1579	1297
			1580	1298
			1581	1298
			1581	1299
			1582	1299
			1583	1299
			1584	1300
			1585	1300
			1586	1301
			1587	1301
			1588	1302
			1589	1302
			1590	1303
			1591	1303
			1592	1303
			1593	1304
			1594	1304
			1595	1305
			1596	1305
			1597	1306
			1598	1306
			1599	1307
			1600	1307
			1601	1307
			1602	1308
			1603	1308
			1604	1309
			1605	1309
			1606	1310
			1607	1310
			1608	1310
			1608	1311
			1609	1311
			1610	1311
			1611	1312
			1612	1312
			1613	1313
			1614	1313
			1615	1313
			1616	1314
			1617	1314
			1618	1315
			1619	1315
			1620	1315
			1621	1316
			1622	1316
		</curvaD_espina_dorsal>
		<curvaI_espina_dorsal type=matrix rownames=FALSE colnames=FALSE nrow=351 ncol=2 as.numeric=TRUE >
			1378	1097
			1379	1098
			1380	1099
			1380	1100
			1381	1101
			1382	1102
			1383	1103
			1384	1104
			1385	1105
			1386	1106
			1387	1107
			1387	1108
			1388	1109
			1389	1109
			1389	1110
			1390	1111
			1391	1112
			1392	1113
			1393	1114
			1394	1115
			1394	1116
			1395	1117
			1396	1118
			1396	1119
			1397	1119
			1398	1120
			1399	1121
			1399	1122
			1400	1123
			1401	1124
			1402	1125
			1402	1126
			1403	1127
			1404	1127
			1404	1128
			1405	1129
			1406	1130
			1407	1131
			1407	1132
			1408	1133
			1409	1134
			1409	1135
			1410	1136
			1411	1136
			1412	1137
			1412	1138
			1413	1139
			1414	1140
			1414	1141
			1415	1142
			1416	1143
			1417	1144
			1417	1145
			1418	1146
			1419	1147
			1419	1148
			1420	1149
			1421	1150
			1422	1150
			1422	1151
			1423	1152
			1424	1153
			1425	1154
			1425	1155
			1426	1156
			1427	1157
			1427	1158
			1428	1159
			1429	1160
			1430	1161
			1430	1162
			1431	1163
			1432	1164
			1432	1165
			1433	1166
			1434	1167
			1435	1168
			1435	1169
			1436	1170
			1437	1171
			1438	1172
			1438	1173
			1439	1174
			1440	1175
			1440	1176
			1441	1177
			1442	1178
			1443	1179
			1443	1180
			1444	1181
			1445	1182
			1446	1183
			1446	1184
			1447	1185
			1447	1186
			1448	1187
			1449	1188
			1450	1189
			1450	1190
			1451	1191
			1451	1192
			1452	1192
			1452	1193
			1453	1194
			1453	1195
			1454	1195
			1454	1196
			1455	1197
			1455	1198
			1456	1198
			1456	1199
			1457	1200
			1457	1201
			1458	1202
			1459	1202
			1459	1203
			1459	1204
			1460	1204
			1460	1205
			1461	1205
			1461	1206
			1462	1207
			1463	1208
			1464	1209
			1465	1210
			1465	1211
			1466	1212
			1467	1213
			1468	1214
			1468	1215
			1469	1216
			1469	1217
			1470	1218
			1471	1219
			1472	1220
			1472	1221
			1473	1222
			1473	1223
			1474	1224
			1474	1225
			1475	1226
			1475	1227
			1476	1228
			1477	1229
			1477	1230
			1478	1231
			1478	1232
			1479	1233
			1479	1234
			1480	1235
			1480	1236
			1480	1237
			1481	1237
			1481	1238
			1481	1239
			1482	1240
			1482	1241
			1482	1242
			1482	1243
			1483	1244
			1483	1245
			1483	1246
			1484	1247
			1484	1248
			1484	1249
			1484	1250
			1484	1251
			1484	1252
			1484	1253
			1485	1254
			1485	1255
			1485	1256
			1485	1257
			1485	1258
			1485	1259
			1484	1260
			1484	1261
			1484	1262
			1484	1263
			1484	1264
			1483	1265
			1483	1266
			1483	1267
			1482	1268
			1481	1269
			1480	1269
			1479	1270
			1478	1271
			1477	1272
			1476	1272
			1475	1273
			1474	1274
			1473	1274
			1472	1275
			1471	1275
			1470	1276
			1470	1277
			1469	1277
			1468	1278
			1467	1278
			1466	1279
			1465	1279
			1464	1280
			1463	1281
			1462	1281
			1461	1282
			1460	1283
			1459	1283
			1458	1284
			1457	1284
			1456	1285
			1455	1285
			1454	1286
			1453	1286
			1452	1287
			1451	1288
			1450	1288
			1449	1288
			1448	1289
			1447	1289
			1446	1290
			1445	1290
			1444	1291
			1443	1291
			1442	1292
			1441	1292
			1440	1293
			1439	1293
			1438	1293
			1437	1293
			1437	1294
			1436	1294
			1435	1294
			1434	1295
			1433	1295
			1432	1295
			1431	1296
			1430	1296
			1429	1296
			1428	1297
			1427	1297
			1426	1297
			1425	1297
			1424	1298
			1423	1298
			1422	1298
			1421	1299
			1420	1299
			1419	1299
			1418	1299
			1417	1299
			1416	1300
			1415	1300
			1414	1300
			1413	1300
			1412	1300
			1411	1300
			1410	1301
			1409	1301
			1408	1301
			1407	1301
			1406	1301
			1405	1301
			1404	1301
			1403	1301
			1402	1301
			1401	1301
			1400	1301
			1399	1302
			1398	1302
			1397	1302
			1396	1302
			1395	1302
			1394	1302
			1393	1302
			1392	1301
			1391	1301
			1390	1301
			1389	1301
			1388	1301
			1387	1301
			1386	1301
			1385	1301
			1384	1301
			1383	1302
			1382	1303
			1381	1303
			1380	1304
			1379	1304
			1378	1305
			1377	1306
			1376	1306
			1375	1307
			1374	1307
			1373	1308
			1372	1309
			1371	1310
			1370	1310
			1369	1311
			1368	1312
			1367	1313
			1366	1314
			1365	1314
			1364	1315
			1363	1316
			1362	1317
			1361	1318
			1360	1319
			1359	1320
			1358	1321
			1357	1322
			1356	1323
			1356	1324
			1355	1324
			1354	1325
			1354	1326
			1353	1326
			1352	1327
			1352	1328
			1351	1329
			1350	1329
			1350	1330
			1349	1331
			1349	1332
			1348	1332
			1347	1333
			1347	1334
			1346	1335
			1345	1336
			1345	1337
			1344	1337
			1344	1338
			1343	1339
			1342	1340
			1342	1341
			1341	1342
			1340	1343
			1340	1344
			1339	1344
			1339	1345
			1338	1346
			1337	1347
			1337	1348
			1336	1349
			1336	1350
			1335	1351
			1334	1352
			1334	1353
			1333	1354
			1333	1355
			1332	1356
		</curvaI_espina_dorsal>
	</curves.pixel>
	<curves.scaled type=list>
		<curvaD_espina_dorsal type=matrix rownames=FALSE colnames=FALSE nrow=298 ncol=2 as.numeric=TRUE >
			2.56610355811246	-2.0428269980039
			2.56796575227655	-2.0428269980039
			2.56982794644064	-2.0428269980039
			2.57169014060473	-2.0428269980039
			2.57355233476881	-2.04468919216799
			2.5754145289329	-2.04468919216799
			2.57727672309699	-2.04468919216799
			2.57913891726108	-2.04468919216799
			2.58100111142516	-2.04655138633207
			2.58286330558925	-2.04655138633207
			2.58286330558925	-2.04841358049616
			2.58472549975334	-2.04841358049616
			2.58658769391743	-2.04841358049616
			2.58658769391743	-2.05027577466025
			2.58844988808151	-2.05027577466025
			2.5903120822456	-2.05027577466025
			2.5903120822456	-2.05213796882434
			2.59217427640969	-2.05213796882434
			2.59403647057378	-2.05213796882434
			2.59403647057378	-2.05400016298842
			2.59589866473786	-2.05400016298842
			2.59589866473786	-2.05586235715251
			2.59776085890195	-2.05586235715251
			2.59962305306604	-2.05586235715251
			2.60148524723013	-2.0577245513166
			2.60334744139421	-2.05958674548069
			2.6052096355583	-2.06144893964477
			2.60707182972239	-2.06331113380886
			2.60893402388647	-2.06331113380886
			2.61079621805056	-2.06517332797295
			2.61265841221465	-2.06703552213704
			2.61452060637874	-2.06703552213704
			2.61638280054282	-2.06889771630112
			2.61824499470691	-2.07075991046521
			2.620107188871	-2.0726221046293
			2.620107188871	-2.07448429879339
			2.62196938303509	-2.07448429879339
			2.62383157719917	-2.07634649295747
			2.62569377136326	-2.07820868712156
			2.62755596552735	-2.08007088128565
			2.62941815969144	-2.08193307544974
			2.63128035385552	-2.08379526961382
			2.63314254801961	-2.08565746377791
			2.6350047421837	-2.087519657942
			2.63686693634779	-2.08938185210608
			2.63872913051187	-2.09124404627017
			2.64059132467596	-2.09310624043426
			2.64245351884005	-2.09496843459835
			2.64431571300414	-2.09683062876243
			2.64617790716822	-2.09683062876243
			2.64617790716822	-2.09869282292652
			2.64804010133231	-2.10055501709061
			2.6499022954964	-2.10055501709061
			2.6499022954964	-2.1024172112547
			2.65176448966049	-2.10427940541878
			2.65362668382457	-2.10427940541878
			2.65362668382457	-2.10614159958287
			2.65548887798866	-2.10800379374696
			2.65735107215275	-2.10986598791105
			2.65921326631684	-2.11172818207513
			2.66107546048092	-2.11359037623922
			2.66293765464501	-2.11545257040331
			2.66293765464501	-2.1173147645674
			2.6647998488091	-2.11917695873148
			2.66666204297319	-2.12103915289557
			2.66852423713727	-2.12290134705966
			2.67038643130136	-2.12476354122375
			2.67224862546545	-2.12662573538783
			2.67411081962953	-2.12662573538783
			2.67411081962953	-2.12848792955192
			2.67597301379362	-2.13035012371601
			2.67783520795771	-2.1322123178801
			2.6796974021218	-2.13407451204418
			2.6796974021218	-2.13593670620827
			2.68155959628588	-2.13779890037236
			2.68342179044997	-2.13966109453645
			2.68528398461406	-2.14152328870053
			2.68714617877815	-2.14338548286462
			2.68900837294223	-2.14524767702871
			2.69087056710632	-2.14710987119279
			2.69087056710632	-2.14897206535688
			2.69273276127041	-2.14897206535688
			2.69273276127041	-2.15083425952097
			2.6945949554345	-2.15269645368506
			2.69645714959858	-2.15269645368506
			2.69645714959858	-2.15455864784914
			2.69831934376267	-2.15642084201323
			2.70018153792676	-2.15828303617732
			2.70204373209085	-2.16014523034141
			2.70390592625493	-2.16200742450549
			2.70576812041902	-2.16386961866958
			2.70576812041902	-2.16573181283367
			2.70763031458311	-2.16759400699776
			2.7094925087472	-2.16945620116184
			2.71135470291128	-2.17131839532593
			2.71321689707537	-2.17318058949002
			2.71507909123946	-2.17504278365411
			2.71694128540355	-2.17690497781819
			2.71880347956763	-2.17876717198228
			2.72066567373172	-2.18062936614637
			2.72066567373172	-2.18249156031046
			2.72252786789581	-2.18435375447454
			2.7243900620599	-2.18621594863863
			2.72625225622398	-2.18807814280272
			2.72811445038807	-2.18994033696681
			2.72811445038807	-2.19180253113089
			2.72997664455216	-2.19366472529498
			2.73183883871624	-2.19366472529498
			2.73370103288033	-2.19552691945907
			2.73370103288033	-2.19738911362316
			2.73556322704442	-2.19925130778724
			2.73742542120851	-2.19925130778724
			2.73742542120851	-2.20111350195133
			2.73928761537259	-2.20297569611542
			2.74114980953668	-2.2048378902795
			2.74301200370077	-2.20670008444359
			2.74487419786486	-2.20856227860768
			2.74673639202894	-2.21042447277177
			2.74859858619303	-2.21228666693585
			2.75046078035712	-2.21414886109994
			2.75046078035712	-2.21601105526403
			2.75232297452121	-2.21787324942812
			2.75418516868529	-2.2197354435922
			2.75604736284938	-2.22159763775629
			2.75790955701347	-2.22345983192038
			2.75977175117756	-2.22532202608447
			2.76163394534164	-2.22718422024855
			2.76349613950573	-2.22904641441264
			2.76535833366982	-2.23090860857673
			2.76722052783391	-2.23277080274082
			2.76908272199799	-2.2346329969049
			2.76908272199799	-2.23649519106899
			2.77094491616208	-2.23835738523308
			2.77280711032617	-2.24021957939717
			2.77466930449026	-2.24208177356125
			2.77653149865434	-2.24394396772534
			2.77839369281843	-2.24580616188943
			2.78025588698252	-2.24766835605352
			2.78211808114661	-2.2495305502176
			2.78398027531069	-2.25139274438169
			2.78584246947478	-2.25325493854578
			2.78770466363887	-2.25511713270987
			2.78956685780295	-2.25697932687395
			2.79142905196704	-2.25884152103804
			2.79329124613113	-2.26070371520213
			2.79515344029522	-2.26256590936621
			2.7970156344593	-2.2644281035303
			2.7970156344593	-2.26629029769439
			2.79887782862339	-2.26629029769439
			2.79887782862339	-2.26815249185848
			2.80074002278748	-2.27001468602256
			2.80260221695157	-2.27001468602256
			2.80260221695157	-2.27187688018665
			2.80446441111565	-2.27373907435074
			2.80632660527974	-2.27560126851483
			2.80818879944383	-2.27746346267891
			2.81005099360792	-2.279325656843
			2.811913187772	-2.28118785100709
			2.811913187772	-2.28305004517118
			2.81377538193609	-2.28305004517118
			2.81563757610018	-2.28491223933526
			2.81749977026427	-2.28677443349935
			2.81749977026427	-2.28863662766344
			2.81936196442835	-2.29049882182753
			2.82122415859244	-2.29049882182753
			2.82308635275653	-2.29236101599161
			2.82308635275653	-2.2942232101557
			2.82494854692062	-2.29608540431979
			2.8268107410847	-2.29794759848388
			2.82867293524879	-2.29794759848388
			2.82867293524879	-2.29980979264796
			2.83053512941288	-2.30167198681205
			2.83239732357697	-2.30353418097614
			2.83425951774105	-2.30539637514023
			2.83612171190514	-2.30539637514023
			2.83612171190514	-2.30725856930431
			2.83798390606923	-2.3091207634684
			2.83798390606923	-2.31098295763249
			2.83798390606923	-2.31284515179658
			2.83612171190514	-2.31470734596066
			2.83612171190514	-2.31656954012475
			2.83612171190514	-2.31843173428884
			2.83612171190514	-2.32029392845292
			2.83612171190514	-2.32215612261701
			2.83612171190514	-2.3240183167811
			2.83612171190514	-2.32588051094519
			2.83798390606923	-2.32774270510927
			2.83798390606923	-2.32960489927336
			2.83798390606923	-2.33146709343745
			2.83798390606923	-2.33332928760154
			2.83984610023332	-2.33519148176562
			2.83984610023332	-2.33705367592971
			2.83984610023332	-2.3389158700938
			2.8417082943974	-2.3389158700938
			2.8417082943974	-2.34077806425789
			2.84357048856149	-2.34264025842197
			2.84357048856149	-2.34450245258606
			2.84543268272558	-2.34636464675015
			2.84543268272558	-2.34822684091424
			2.84729487688966	-2.35008903507832
			2.84915707105375	-2.35195122924241
			2.84915707105375	-2.3538134234065
			2.85101926521784	-2.3538134234065
			2.85288145938193	-2.35567561757059
			2.85474365354601	-2.35753781173467
			2.8566058477101	-2.35940000589876
			2.85846804187419	-2.36126220006285
			2.85846804187419	-2.36312439422694
			2.86033023603828	-2.36498658839102
			2.86219243020236	-2.36684878255511
			2.86405462436645	-2.3687109767192
			2.86591681853054	-2.37057317088329
			2.86777901269463	-2.37057317088329
			2.86964120685871	-2.37243536504737
			2.8715034010228	-2.37429755921146
			2.87336559518689	-2.37615975337555
			2.87522778935098	-2.37615975337555
			2.87708998351506	-2.37802194753963
			2.87895217767915	-2.37988414170372
			2.88081437184324	-2.37988414170372
			2.88267656600733	-2.38174633586781
			2.88453876017141	-2.3836085300319
			2.8864009543355	-2.38547072419598
			2.88826314849959	-2.38733291836007
			2.89012534266368	-2.38733291836007
			2.89198753682776	-2.38919511252416
			2.89384973099185	-2.39105730668825
			2.89571192515594	-2.39105730668825
			2.89757411932003	-2.39291950085233
			2.89943631348411	-2.39291950085233
			2.9012985076482	-2.39478169501642
			2.90316070181229	-2.39478169501642
			2.90502289597637	-2.39664388918051
			2.90688509014046	-2.3985060833446
			2.90874728430455	-2.3985060833446
			2.91060947846864	-2.40036827750868
			2.91247167263272	-2.40223047167277
			2.91433386679681	-2.40223047167277
			2.9161960609609	-2.40409266583686
			2.91805825512499	-2.40409266583686
			2.91992044928907	-2.40595486000095
			2.92178264345316	-2.40595486000095
			2.92364483761725	-2.40781705416503
			2.92550703178134	-2.40781705416503
			2.92736922594542	-2.40967924832912
			2.92923142010951	-2.40967924832912
			2.92923142010951	-2.41154144249321
			2.9310936142736	-2.41154144249321
			2.93295580843769	-2.41154144249321
			2.93481800260177	-2.4134036366573
			2.93668019676586	-2.4134036366573
			2.93854239092995	-2.41526583082138
			2.94040458509404	-2.41526583082138
			2.94226677925812	-2.41712802498547
			2.94412897342221	-2.41712802498547
			2.94412897342221	-2.41899021914956
			2.9459911675863	-2.41899021914956
			2.94785336175039	-2.41899021914956
			2.94971555591447	-2.42085241331365
			2.95157775007856	-2.42085241331365
			2.95343994424265	-2.42271460747773
			2.95530213840674	-2.42271460747773
			2.95716433257082	-2.42457680164182
			2.95902652673491	-2.42457680164182
			2.960888720899	-2.42643899580591
			2.96275091506308	-2.42643899580591
			2.96461310922717	-2.42643899580591
			2.96647530339126	-2.42830118997
			2.96833749755535	-2.42830118997
			2.97019969171943	-2.43016338413408
			2.97206188588352	-2.43016338413408
			2.97392408004761	-2.43202557829817
			2.9757862742117	-2.43202557829817
			2.97764846837578	-2.43388777246226
			2.97951066253987	-2.43388777246226
			2.98137285670396	-2.43388777246226
			2.98323505086805	-2.43574996662634
			2.98509724503213	-2.43574996662634
			2.98695943919622	-2.43761216079043
			2.98882163336031	-2.43761216079043
			2.9906838275244	-2.43947435495452
			2.99254602168848	-2.43947435495452
			2.99440821585257	-2.43947435495452
			2.99440821585257	-2.44133654911861
			2.99627041001666	-2.44133654911861
			2.99813260418075	-2.44133654911861
			2.99999479834483	-2.44319874328269
			3.00185699250892	-2.44319874328269
			3.00371918667301	-2.44506093744678
			3.0055813808371	-2.44506093744678
			3.00744357500118	-2.44506093744678
			3.00930576916527	-2.44692313161087
			3.01116796332936	-2.44692313161087
			3.01303015749345	-2.44878532577496
			3.01489235165753	-2.44878532577496
			3.01675454582162	-2.44878532577496
			3.01861673998571	-2.45064751993904
			3.02047893414979	-2.45064751993904
		</curvaD_espina_dorsal>
		<curvaI_espina_dorsal type=matrix rownames=FALSE colnames=FALSE nrow=351 ncol=2 as.numeric=TRUE >
			2.56610355811246	-2.0428269980039
			2.56796575227655	-2.04468919216799
			2.56982794644064	-2.04655138633207
			2.56982794644064	-2.04841358049616
			2.57169014060473	-2.05027577466025
			2.57355233476881	-2.05213796882434
			2.5754145289329	-2.05400016298842
			2.57727672309699	-2.05586235715251
			2.57913891726108	-2.0577245513166
			2.58100111142516	-2.05958674548069
			2.58286330558925	-2.06144893964477
			2.58286330558925	-2.06331113380886
			2.58472549975334	-2.06517332797295
			2.58658769391743	-2.06517332797295
			2.58658769391743	-2.06703552213704
			2.58844988808151	-2.06889771630112
			2.5903120822456	-2.07075991046521
			2.59217427640969	-2.0726221046293
			2.59403647057378	-2.07448429879339
			2.59589866473786	-2.07634649295747
			2.59589866473786	-2.07820868712156
			2.59776085890195	-2.08007088128565
			2.59962305306604	-2.08193307544974
			2.59962305306604	-2.08379526961382
			2.60148524723013	-2.08379526961382
			2.60334744139421	-2.08565746377791
			2.6052096355583	-2.087519657942
			2.6052096355583	-2.08938185210608
			2.60707182972239	-2.09124404627017
			2.60893402388647	-2.09310624043426
			2.61079621805056	-2.09496843459835
			2.61079621805056	-2.09683062876243
			2.61265841221465	-2.09869282292652
			2.61452060637874	-2.09869282292652
			2.61452060637874	-2.10055501709061
			2.61638280054282	-2.1024172112547
			2.61824499470691	-2.10427940541878
			2.620107188871	-2.10614159958287
			2.620107188871	-2.10800379374696
			2.62196938303509	-2.10986598791105
			2.62383157719917	-2.11172818207513
			2.62383157719917	-2.11359037623922
			2.62569377136326	-2.11545257040331
			2.62755596552735	-2.11545257040331
			2.62941815969144	-2.1173147645674
			2.62941815969144	-2.11917695873148
			2.63128035385552	-2.12103915289557
			2.63314254801961	-2.12290134705966
			2.63314254801961	-2.12476354122375
			2.6350047421837	-2.12662573538783
			2.63686693634779	-2.12848792955192
			2.63872913051187	-2.13035012371601
			2.63872913051187	-2.1322123178801
			2.64059132467596	-2.13407451204418
			2.64245351884005	-2.13593670620827
			2.64245351884005	-2.13779890037236
			2.64431571300414	-2.13966109453645
			2.64617790716822	-2.14152328870053
			2.64804010133231	-2.14152328870053
			2.64804010133231	-2.14338548286462
			2.6499022954964	-2.14524767702871
			2.65176448966049	-2.14710987119279
			2.65362668382457	-2.14897206535688
			2.65362668382457	-2.15083425952097
			2.65548887798866	-2.15269645368506
			2.65735107215275	-2.15455864784914
			2.65735107215275	-2.15642084201323
			2.65921326631684	-2.15828303617732
			2.66107546048092	-2.16014523034141
			2.66293765464501	-2.16200742450549
			2.66293765464501	-2.16386961866958
			2.6647998488091	-2.16573181283367
			2.66666204297319	-2.16759400699776
			2.66666204297319	-2.16945620116184
			2.66852423713727	-2.17131839532593
			2.67038643130136	-2.17318058949002
			2.67224862546545	-2.17504278365411
			2.67224862546545	-2.17690497781819
			2.67411081962953	-2.17876717198228
			2.67597301379362	-2.18062936614637
			2.67783520795771	-2.18249156031046
			2.67783520795771	-2.18435375447454
			2.6796974021218	-2.18621594863863
			2.68155959628588	-2.18807814280272
			2.68155959628588	-2.18994033696681
			2.68342179044997	-2.19180253113089
			2.68528398461406	-2.19366472529498
			2.68714617877815	-2.19552691945907
			2.68714617877815	-2.19738911362316
			2.68900837294223	-2.19925130778724
			2.69087056710632	-2.20111350195133
			2.69273276127041	-2.20297569611542
			2.69273276127041	-2.2048378902795
			2.6945949554345	-2.20670008444359
			2.6945949554345	-2.20856227860768
			2.69645714959858	-2.21042447277177
			2.69831934376267	-2.21228666693585
			2.70018153792676	-2.21414886109994
			2.70018153792676	-2.21601105526403
			2.70204373209085	-2.21787324942812
			2.70204373209085	-2.2197354435922
			2.70390592625493	-2.2197354435922
			2.70390592625493	-2.22159763775629
			2.70576812041902	-2.22345983192038
			2.70576812041902	-2.22532202608447
			2.70763031458311	-2.22532202608447
			2.70763031458311	-2.22718422024855
			2.7094925087472	-2.22904641441264
			2.7094925087472	-2.23090860857673
			2.71135470291128	-2.23090860857673
			2.71135470291128	-2.23277080274082
			2.71321689707537	-2.2346329969049
			2.71321689707537	-2.23649519106899
			2.71507909123946	-2.23835738523308
			2.71694128540355	-2.23835738523308
			2.71694128540355	-2.24021957939717
			2.71694128540355	-2.24208177356125
			2.71880347956763	-2.24208177356125
			2.71880347956763	-2.24394396772534
			2.72066567373172	-2.24394396772534
			2.72066567373172	-2.24580616188943
			2.72252786789581	-2.24766835605352
			2.7243900620599	-2.2495305502176
			2.72625225622398	-2.25139274438169
			2.72811445038807	-2.25325493854578
			2.72811445038807	-2.25511713270987
			2.72997664455216	-2.25697932687395
			2.73183883871624	-2.25884152103804
			2.73370103288033	-2.26070371520213
			2.73370103288033	-2.26256590936621
			2.73556322704442	-2.2644281035303
			2.73556322704442	-2.26629029769439
			2.73742542120851	-2.26815249185848
			2.73928761537259	-2.27001468602256
			2.74114980953668	-2.27187688018665
			2.74114980953668	-2.27373907435074
			2.74301200370077	-2.27560126851483
			2.74301200370077	-2.27746346267891
			2.74487419786486	-2.279325656843
			2.74487419786486	-2.28118785100709
			2.74673639202894	-2.28305004517118
			2.74673639202894	-2.28491223933526
			2.74859858619303	-2.28677443349935
			2.75046078035712	-2.28863662766344
			2.75046078035712	-2.29049882182753
			2.75232297452121	-2.29236101599161
			2.75232297452121	-2.2942232101557
			2.75418516868529	-2.29608540431979
			2.75418516868529	-2.29794759848388
			2.75604736284938	-2.29980979264796
			2.75604736284938	-2.30167198681205
			2.75604736284938	-2.30353418097614
			2.75790955701347	-2.30353418097614
			2.75790955701347	-2.30539637514023
			2.75790955701347	-2.30725856930431
			2.75977175117756	-2.3091207634684
			2.75977175117756	-2.31098295763249
			2.75977175117756	-2.31284515179658
			2.75977175117756	-2.31470734596066
			2.76163394534164	-2.31656954012475
			2.76163394534164	-2.31843173428884
			2.76163394534164	-2.32029392845292
			2.76349613950573	-2.32215612261701
			2.76349613950573	-2.3240183167811
			2.76349613950573	-2.32588051094519
			2.76349613950573	-2.32774270510927
			2.76349613950573	-2.32960489927336
			2.76349613950573	-2.33146709343745
			2.76349613950573	-2.33332928760154
			2.76535833366982	-2.33519148176562
			2.76535833366982	-2.33705367592971
			2.76535833366982	-2.3389158700938
			2.76535833366982	-2.34077806425789
			2.76535833366982	-2.34264025842197
			2.76535833366982	-2.34450245258606
			2.76349613950573	-2.34636464675015
			2.76349613950573	-2.34822684091424
			2.76349613950573	-2.35008903507832
			2.76349613950573	-2.35195122924241
			2.76349613950573	-2.3538134234065
			2.76163394534164	-2.35567561757059
			2.76163394534164	-2.35753781173467
			2.76163394534164	-2.35940000589876
			2.75977175117756	-2.36126220006285
			2.75790955701347	-2.36312439422694
			2.75604736284938	-2.36312439422694
			2.75418516868529	-2.36498658839102
			2.75232297452121	-2.36684878255511
			2.75046078035712	-2.3687109767192
			2.74859858619303	-2.3687109767192
			2.74673639202894	-2.37057317088329
			2.74487419786486	-2.37243536504737
			2.74301200370077	-2.37243536504737
			2.74114980953668	-2.37429755921146
			2.73928761537259	-2.37429755921146
			2.73742542120851	-2.37615975337555
			2.73742542120851	-2.37802194753963
			2.73556322704442	-2.37802194753963
			2.73370103288033	-2.37988414170372
			2.73183883871624	-2.37988414170372
			2.72997664455216	-2.38174633586781
			2.72811445038807	-2.38174633586781
			2.72625225622398	-2.3836085300319
			2.7243900620599	-2.38547072419598
			2.72252786789581	-2.38547072419598
			2.72066567373172	-2.38733291836007
			2.71880347956763	-2.38919511252416
			2.71694128540355	-2.38919511252416
			2.71507909123946	-2.39105730668825
			2.71321689707537	-2.39105730668825
			2.71135470291128	-2.39291950085233
			2.7094925087472	-2.39291950085233
			2.70763031458311	-2.39478169501642
			2.70576812041902	-2.39478169501642
			2.70390592625493	-2.39664388918051
			2.70204373209085	-2.3985060833446
			2.70018153792676	-2.3985060833446
			2.69831934376267	-2.3985060833446
			2.69645714959858	-2.40036827750868
			2.6945949554345	-2.40036827750868
			2.69273276127041	-2.40223047167277
			2.69087056710632	-2.40223047167277
			2.68900837294223	-2.40409266583686
			2.68714617877815	-2.40409266583686
			2.68528398461406	-2.40595486000095
			2.68342179044997	-2.40595486000095
			2.68155959628588	-2.40781705416503
			2.6796974021218	-2.40781705416503
			2.67783520795771	-2.40781705416503
			2.67597301379362	-2.40781705416503
			2.67597301379362	-2.40967924832912
			2.67411081962953	-2.40967924832912
			2.67224862546545	-2.40967924832912
			2.67038643130136	-2.41154144249321
			2.66852423713727	-2.41154144249321
			2.66666204297319	-2.41154144249321
			2.6647998488091	-2.4134036366573
			2.66293765464501	-2.4134036366573
			2.66107546048092	-2.4134036366573
			2.65921326631684	-2.41526583082138
			2.65735107215275	-2.41526583082138
			2.65548887798866	-2.41526583082138
			2.65362668382457	-2.41526583082138
			2.65176448966049	-2.41712802498547
			2.6499022954964	-2.41712802498547
			2.64804010133231	-2.41712802498547
			2.64617790716822	-2.41899021914956
			2.64431571300414	-2.41899021914956
			2.64245351884005	-2.41899021914956
			2.64059132467596	-2.41899021914956
			2.63872913051187	-2.41899021914956
			2.63686693634779	-2.42085241331365
			2.6350047421837	-2.42085241331365
			2.63314254801961	-2.42085241331365
			2.63128035385552	-2.42085241331365
			2.62941815969144	-2.42085241331365
			2.62755596552735	-2.42085241331365
			2.62569377136326	-2.42271460747773
			2.62383157719917	-2.42271460747773
			2.62196938303509	-2.42271460747773
			2.620107188871	-2.42271460747773
			2.61824499470691	-2.42271460747773
			2.61638280054282	-2.42271460747773
			2.61452060637874	-2.42271460747773
			2.61265841221465	-2.42271460747773
			2.61079621805056	-2.42271460747773
			2.60893402388647	-2.42271460747773
			2.60707182972239	-2.42271460747773
			2.6052096355583	-2.42457680164182
			2.60334744139421	-2.42457680164182
			2.60148524723013	-2.42457680164182
			2.59962305306604	-2.42457680164182
			2.59776085890195	-2.42457680164182
			2.59589866473786	-2.42457680164182
			2.59403647057378	-2.42457680164182
			2.59217427640969	-2.42271460747773
			2.5903120822456	-2.42271460747773
			2.58844988808151	-2.42271460747773
			2.58658769391743	-2.42271460747773
			2.58472549975334	-2.42271460747773
			2.58286330558925	-2.42271460747773
			2.58100111142516	-2.42271460747773
			2.57913891726108	-2.42271460747773
			2.57727672309699	-2.42271460747773
			2.5754145289329	-2.42457680164182
			2.57355233476881	-2.42643899580591
			2.57169014060473	-2.42643899580591
			2.56982794644064	-2.42830118997
			2.56796575227655	-2.42830118997
			2.56610355811246	-2.43016338413408
			2.56424136394838	-2.43202557829817
			2.56237916978429	-2.43202557829817
			2.5605169756202	-2.43388777246226
			2.55865478145611	-2.43388777246226
			2.55679258729203	-2.43574996662634
			2.55493039312794	-2.43761216079043
			2.55306819896385	-2.43947435495452
			2.55120600479976	-2.43947435495452
			2.54934381063568	-2.44133654911861
			2.54748161647159	-2.44319874328269
			2.5456194223075	-2.44506093744678
			2.54375722814342	-2.44692313161087
			2.54189503397933	-2.44692313161087
			2.54003283981524	-2.44878532577496
			2.53817064565115	-2.45064751993904
			2.53630845148707	-2.45250971410313
			2.53444625732298	-2.45437190826722
			2.53258406315889	-2.45623410243131
			2.5307218689948	-2.45809629659539
			2.52885967483072	-2.45995849075948
			2.52699748066663	-2.46182068492357
			2.52513528650254	-2.46368287908766
			2.52513528650254	-2.46554507325174
			2.52327309233845	-2.46554507325174
			2.52141089817437	-2.46740726741583
			2.52141089817437	-2.46926946157992
			2.51954870401028	-2.46926946157992
			2.51768650984619	-2.47113165574401
			2.51768650984619	-2.47299384990809
			2.5158243156821	-2.47485604407218
			2.51396212151802	-2.47485604407218
			2.51396212151802	-2.47671823823627
			2.51209992735393	-2.47858043240036
			2.51209992735393	-2.48044262656444
			2.51023773318984	-2.48044262656444
			2.50837553902575	-2.48230482072853
			2.50837553902575	-2.48416701489262
			2.50651334486167	-2.48602920905671
			2.50465115069758	-2.48789140322079
			2.50465115069758	-2.48975359738488
			2.50278895653349	-2.48975359738488
			2.50278895653349	-2.49161579154897
			2.5009267623694	-2.49347798571305
			2.49906456820532	-2.49534017987714
			2.49906456820532	-2.49720237404123
			2.49720237404123	-2.49906456820532
			2.49534017987714	-2.5009267623694
			2.49534017987714	-2.50278895653349
			2.49347798571305	-2.50278895653349
			2.49347798571305	-2.50465115069758
			2.49161579154897	-2.50651334486167
			2.48975359738488	-2.50837553902575
			2.48975359738488	-2.51023773318984
			2.48789140322079	-2.51209992735393
			2.48789140322079	-2.51396212151802
			2.48602920905671	-2.5158243156821
			2.48416701489262	-2.51768650984619
			2.48416701489262	-2.51954870401028
			2.48230482072853	-2.52141089817437
			2.48230482072853	-2.52327309233845
			2.48044262656444	-2.52513528650254
		</curvaI_espina_dorsal>
	</curves.scaled>
	<ruler.points type=matrix rownames=TRUE colnames=FALSE nrow=2 ncol=2 as.numeric=TRUE >
		Ruler point 1	1569	576
		Ruler point 2	2106	575
	</ruler.points>
</shapes>

