time 	frame	x	y	
2:40.77	-4823	35,26	-18,28	1
2:40.80	-4824	35,42	-17,84	1
2:40.90	-4827	35,7	-17,11	1
2:40.97	-4829	35,7	-17,07	1
2:41.00	-4830	35,7	-17,11	1
2:41.03	-4831	35,94	-16,27	1
2:41.17	-4835	36,61	-14,59	1
2:41.30	-4839	36,81	-14,43	1
2:41.40	-4842	36,65	-14,59	1
2:41.53	-4846	36,65	-14,67	1
2:41.63	-4849	36,69	-14,67	1
2:41.67	-4850	36,73	-14,59	1
2:41.70	-4851	36,73	-14,63	1
2:41.80	-4854	36,8	-14,39	1
2:41.83	-4855	36,81	-14,39	1
2:41.93	-4858	36,92	-14,19	1
2:42.03	-4861	36,96	-14,03	1
2:42.17	-4865	37	-13,95	1
2:42.30	-4869	36,96	-13,91	1
2:42.40	-4872	36,96	-13,87	1
2:42.43	-4873	36,88	-13,83	1
2:42.53	-4876	37,71	-11,06	1
2:42.67	-4880	37,83	-10,34	1
2:42.80	-4884	37,91	-9,82	1
2:42.93	-4888	37,99	-9,54	1
2:43.03	-4891	38,06	-9,3	1
2:43.17	-4895	38,1	-8,86	1
2:43.30	-4899	38,06	-8,18	1
2:43.43	-4903	37,98	-7,58	1
2:43.53	-4906	37,77	-7,1	1
2:43.60	-4908	37,78	-7,1	1
2:43.67	-4910	37,57	-6,62	1
2:43.77	-4913	37,57	-6,58	1
2:43.80	-4914	37,29	-6,1	1
2:43.93	-4918	36,89	-5,55	1
2:44.03	-4921	36,25	-4,83	1
2:44.17	-4925	35,04	-3,67	1
2:44.23	-4927	35,04	-3,71	1
2:44.30	-4929	33,72	-2,52	1
2:44.43	-4933	31,94	0,7	1
2:44.53	-4936	30,77	2,81	1
2:44.67	-4940	30,29	4,29	1
2:44.80	-4944	30,21	5,05	1
2:44.93	-4948	29,88	5,65	1
2:45.03	-4951	29,36	6,29	1
2:45.17	-4955	28,88	6,88	1
2:45.23	-4957	28,84	6,88	1
2:45.30	-4959	28,32	7,56	1
2:45.43	-4963	27,87	8,36	1
2:45.53	-4966	27,55	9,36	1
2:45.67	-4970	27,42	10,36	1
2:45.80	-4974	27,46	11,32	1
2:45.93	-4978	27,58	12,24	1
2:46.03	-4981	27,78	12,68	1
2:46.17	-4985	27,89	12,84	1
2:46.27	-4988	27,93	12,84	1
2:46.30	-4989	28,05	12,76	1
2:46.40	-4992	28,01	12,76	1
2:46.43	-4993	28,06	12,48	1
2:46.53	-4996	27,82	12,24	1
2:46.67	-5000	27,58	12,16	1
2:46.80	-5004	27,38	12,16	1
2:46.93	-5008	27,26	12,32	1
2:47.07	-5012	27,26	12,52	1
2:47.17	-5015	27,26	12,68	1
2:47.30	-5019	27,14	12,88	1
2:47.43	-5023	26,89	13	1
2:47.57	-5027	26,85	13,04	1
2:47.67	-5030	26,97	13,04	1
2:47.70	-5031	26,97	13,08	1
2:47.80	-5034	27,01	13,12	1
2:47.83	-5035	26,97	13,12	1
2:47.93	-5038	26,77	13,24	1
2:48.07	-5042	26,57	13,44	1
2:48.17	-5045	26,77	13,64	1
2:48.30	-5049	27,21	14	1
2:48.33	-5050	27,25	14	1
2:48.43	-5053	27,57	14,6	1
2:48.57	-5057	27,48	15,28	1
2:48.67	-5060	27,2	16	1
2:48.80	-5064	26,72	16,96	1
2:48.93	-5068	26,19	17,84	1
2:49.07	-5072	25,83	18,39	1
2:49.17	-5075	25,59	18,75	1
2:49.30	-5079	25,67	19,11	1
2:49.43	-5083	25,67	19,35	1
2:49.57	-5087	25,7	19,6	1
2:49.67	-5090	25,74	19,68	1
2:49.93	-5098	25,62	19,68	1
2:50.07	-5102	25,54	19,64	1
2:50.17	-5105	25,46	19,52	1
2:50.30	-5109	25,46	19,44	1
2:50.43	-5113	25,42	19,36	1
2:50.57	-5117	25,34	19,32	1
2:50.80	-5124	25,14	19,36	1
2:50.93	-5128	25,06	19,32	1
2:51.07	-5132	25,02	19,36	1
2:53.27	-5198	26,86	19,72	2
2:53.30	-5199	27,22	19,24	2
2:53.43	-5203	27,26	19,12	2
2:53.57	-5207	27,3	19,08	2
2:53.70	-5211	27,38	19	2
2:53.80	-5214	27,62	18,64	2
2:53.93	-5218	27,94	18,21	2
2:54.13	-5224	27,94	18,2	2
2:54.20	-5226	28,02	18,09	2
2:54.30	-5229	28,1	18,01	2
2:54.43	-5233	28,51	17,45	2
2:54.57	-5237	28,55	17,37	2
2:54.70	-5241	28,55	17,33	2
2:54.80	-5244	28,71	16,85	2
2:54.93	-5248	28,67	16,73	2
2:55.07	-5252	28,63	16,69	2
2:55.10	-5253	28,67	16,69	2
2:55.13	-5254	28,63	16,69	2
2:55.17	-5255	28,67	16,69	2
2:55.20	-5256	28,59	16,49	2
2:55.30	-5259	28,39	15,69	2
2:55.43	-5263	28,08	14,81	2
2:55.57	-5267	28,08	14,77	2
2:55.63	-5269	28,08	14,76	2
2:55.70	-5271	28,08	14,8	2
2:55.80	-5274	27,92	14,6	2
2:55.93	-5278	25,72	12,95	2
2:56.07	-5282	23,85	12,23	2
2:56.10	-5283	23,84	12,23	2
2:56.13	-5284	23,85	12,23	2
2:56.17	-5285	23,84	12,23	2
2:56.20	-5286	23,76	12,19	2
2:56.30	-5289	23,84	12,19	2
2:56.43	-5293	23,96	12,27	2
2:56.57	-5297	24,44	12,87	2
2:56.70	-5301	24,88	13,63	2
2:56.83	-5305	24,96	13,91	2
2:56.93	-5308	25	13,95	2
2:57.07	-5312	25,04	13,99	2
2:57.20	-5316	25,08	13,99	2
2:57.33	-5320	25,16	13,99	2
2:57.43	-5323	25,24	13,91	2
2:57.57	-5327	25,36	13,79	2
2:57.70	-5331	25,48	13,67	2
2:57.83	-5335	25,76	13,35	2
2:57.93	-5338	25,96	13,07	2
2:58.07	-5342	26	13,11	2
2:58.20	-5346	25,84	12,99	2
2:58.33	-5350	25,76	12,99	2
2:58.43	-5353	25,4	12,95	2
2:58.57	-5357	25,24	12,99	2
2:58.70	-5361	24,88	13,23	2
2:58.83	-5365	24,76	13,35	2
2:59.07	-5372	23,8	14,3	2
2:59.20	-5376	23,76	14,38	2
2:59.33	-5380	23,76	14,42	2
2:59.43	-5383	23,87	15,06	2
2:59.57	-5387	23,95	15,54	2
2:59.83	-5395	24,03	15,86	2
2:59.93	-5398	24,15	16,06	2
3:00.07	-5402	24,11	16,06	2
3:00.20	-5406	24,03	16,62	2
3:00.33	-5410	24,06	17,1	2
3:00.57	-5417	24,14	17,42	2
3:00.70	-5421	24,26	17,34	2
3:00.83	-5425	24,1	18,14	2
3:00.93	-5428	23,78	19,02	2
3:01.07	-5432	23,78	19,46	2
3:01.20	-5436	23,77	19,58	2
3:01.27	-5438	23,78	19,58	2
3:01.33	-5440	23,81	19,62	2
3:01.47	-5444	23,85	19,66	2
3:01.57	-5447	23,89	19,86	2
3:01.70	-5451	23,93	19,9	2
3:01.83	-5455	23,97	19,98	2
3:01.97	-5459	25,33	20,43	2
3:02.07	-5462	25,49	20,43	2
3:02.20	-5466	25,65	20,43	2
3:02.33	-5470	25,73	20,43	2
3:02.70	-5481	26,05	20,43	2
3:02.83	-5485	26,41	20,43	2
3:02.97	-5489	27,6	21,01	2
3:03.07	-5492	27,56	21,05	2
3:03.20	-5496	27,48	21,05	2
3:03.47	-5504	27,97	22,2	2
4:13.03	-7591	31,81	21,68	3
4:13.07	-7592	31,73	21,6	3
4:13.20	-7596	30,88	21	3
4:13.33	-7600	28,98	20,29	3
4:13.43	-7603	28,46	20,33	3
4:13.57	-7607	28,18	20,33	3
4:13.70	-7611	27,9	20,37	3
4:13.73	-7612	27,9	20,36	3
4:13.83	-7615	27	20,04	3
4:13.93	-7618	26,84	20,04	3
4:14.07	-7622	26,96	20,04	3
4:14.20	-7626	27	20,05	3
4:14.43	-7633	27,04	20,05	3
4:14.57	-7637	26,96	20,05	3
4:14.70	-7641	26,92	20,05	3
4:14.83	-7645	26,96	20,05	3
4:14.97	-7649	26,8	20,09	3
4:15.07	-7652	26,72	20,09	3
4:15.47	-7664	26,84	20,05	3
4:15.57	-7667	26,6	20,09	3
4:15.70	-7671	26,2	20,13	3
4:15.83	-7675	26,12	20,17	3
4:15.97	-7679	26	20,17	3
4:16.07	-7682	25,04	19,28	3
4:16.20	-7686	23,92	18,03	3
4:16.33	-7690	23,61	17,59	3
4:16.47	-7694	22,93	16,27	3
4:16.57	-7697	22,5	14,3	3
4:16.70	-7701	22,79	11,08	3
4:16.73	-7702	22,75	10,76	3
4:16.83	-7705	20,55	8,17	3
4:16.97	-7709	16,92	7,32	3
4:17.07	-7712	13,16	5,94	3
4:17.20	-7716	9,97	4,05	3
4:17.33	-7720	8,57	3,22	3
4:17.47	-7724	8,41	3,22	3
4:17.57	-7727	8,37	3,22	3
4:17.83	-7735	8,25	3,26	3
4:17.97	-7739	6,65	4,53	3
4:18.07	-7742	6,28	5,49	3
4:18.20	-7746	6,72	6,93	3
4:18.33	-7750	7,31	7,58	3
4:18.47	-7754	7,75	8,02	3
4:18.57	-7757	7,71	8,22	3
4:18.70	-7761	7,35	7,5	3
4:18.83	-7765	7,24	6,54	3
4:18.93	-7768	7,24	6,53	3
4:18.97	-7769	7,12	5,89	3
